0 0.812126575 0.12857978125 0.7781046234375 0.1671616890625 0.7877526171875 0.1800223453125 0.8202512421874999 0.1448247953125 0.812126575 0.12857978125
0 0.569910375 0.1529473015625 0.6125648 0.19355983593749998 0.6227206468750001 0.18069921093750002 0.5831129671874999 0.1421172734375 0.569910375 0.1529473015625
0 0.558231203125 0.4827113234375 0.62068946875 0.48948006875 0.62068946875 0.4657894140625 0.5607701421875 0.4590206671875 0.558231203125 0.4827113234375
0 0.40487840625000004 0.39607123906249997 0.457180825 0.42179252187499994 0.46530544531249995 0.404193746875 0.4094485234375 0.3845643453125 0.40487840625000004 0.39607123906249997
0 0.6054557453125 0.7529730703124999 0.641508875 0.788170590625 0.6526802875 0.77463306875 0.6161193515625001 0.7401124140625 0.6054557453125 0.7529730703124999
0 0.5475675984375 0.8890250609375 0.5820973546875 0.9208381921875001 0.5920995671875 0.9112744578124999 0.5521377140625 0.8809025546875 0.5475675984375 0.8890250609375
0 0.13735039375 0.9094144156249999 0.16118985624999999 0.8964144703124999 0.1601063078125 0.8805256578125 0.1324741265625 0.8949700203125 0.13735039375 0.9094144156249999
0 0.2050763109375 0.8234703203124999 0.23379208906249999 0.879081209375 0.2440864484375 0.8660812640625 0.22078871093750002 0.8148036890625001 0.2050763109375 0.8234703203124999
0 0.24246102500000002 0.8617479484375 0.30151805625 0.8660812640625 0.3063943234375 0.8494702109375 0.24363983125000002 0.8392068421875001 0.24246102500000002 0.8617479484375
0 0.248962715625 0.7635261484375 0.3047689015625 0.79097045625 0.3091033453125 0.7765260953124999 0.256548003125 0.7461928890625 0.248962715625 0.7635261484375
0 0.27713672031250003 0.7902482484375 0.248962715625 0.8184147968750001 0.2657587625 0.8357480578125 0.2890564515625 0.8010815359375 0.27713672031250003 0.7902482484375
0 0.23541751249999998 0.8176925890625 0.27117680625 0.79097045625 0.2679259609375 0.7736371953125001 0.22575384999999998 0.7882588953125 0.23541751249999998 0.8176925890625
0 0.3047689015625 0.7599150421875 0.327524815625 0.690582 0.30964516875000003 0.6819153703125 0.287972853125 0.7461928890625 0.3047689015625 0.7599150421875
0 0.15848088437500002 0.5814599078125 0.1638989265625 0.6652373125000001 0.182664896875 0.660347034375 0.1758186578125 0.5807376671875 0.15848088437500002 0.5814599078125
0 0.28526383125 0.4622267375 0.32481574375 0.47233778437499996 0.32737874218749996 0.4554712546875 0.2885146765625 0.43983792031249996 0.28526383125 0.4622267375
0 0.1530627453125 0.355338275 0.13735039375 0.42683797500000004 0.155230040625 0.4290046328125 0.167691546875 0.3668938046875 0.1530627453125 0.355338275
0 0.16064396875 0.35776016093749996 0.217341390625 0.365683503125 0.2196275828125 0.35288424375 0.160186759375 0.3455703796875 0.16064396875 0.35776016093749996
0 0.1693314875 0.309610546875 0.155157121875 0.3455703796875 0.1622443265625 0.3519700109375 0.1819055171875 0.32240980625 0.1693314875 0.309610546875
0 0.151270634375 0.2989162328125 0.19219335312500002 0.31750564375 0.19585125781249998 0.3056206171875 0.15461203437499998 0.286304865625 0.151270634375 0.2989162328125
0 0.1359531609375 0.2626516734375 0.146240996875 0.3269527109375 0.160186759375 0.3217720546875 0.1492130671875 0.2605184546875 0.1359531609375 0.2626516734375
0 0.164759103125 0.273898934375 0.2141407375 0.288526659375 0.2161983046875 0.2723752078125 0.16818840156249998 0.25530953749999996 0.164759103125 0.273898934375
0 0.22694337031249998 0.24860515468750002 0.2155124484375 0.31199197343749996 0.224885803125 0.31686787656250004 0.23768845781249998 0.2547000453125 0.22694337031249998 0.24860515468750002
0 0.275867753125 0.2583569765625 0.23563089062499998 0.2543953046875 0.2326588421875 0.27207046875 0.2786111765625 0.2726799609375 0.275867753125 0.2583569765625
0 0.2664943984375 0.1495067078125 0.28089736875 0.21380776093749998 0.29080262968750004 0.21495059843750003 0.277468090625 0.1412786140625 0.2664943984375 0.1495067078125
0 0.2152838234375 0.1577348046875 0.1720749125 0.1766289671875 0.1771045265625 0.1933898984375 0.22077066875 0.169924584375 0.2152838234375 0.1577348046875
