0 0.28125 0.73046875 0.06875 0.053125
0 0.37265625 0.45 0.084375 0.0703125
0 0.5984375 0.1203125 0.08125 0.0609375
0 0.52421875 0.10234375 0.08125 0.0390625
0 0.2625 0.60234375 0.05625 0.08125
0 0.56484375 0.5328125 0.0703125 0.0875
0 0.5015625 0.6921875 0.071875 0.0578125
0 0.3421875 0.13203125 0.0640625 0.0875
0 0.325 0.796875 0.0765625 0.025
0 0.76171875 0.6390625 0.0203125 0.1125
0 0.7828125 0.70234375 0.05625 0.071875
0 0.740625 0.61875 0.0234375 0.075
0 0.3078125 0.6578125 0.034375 0.071875
0 0.26015625 0.8109375 0.075 0.028125
0 0.21875 0.69921875 0.034375 0.1171875
0 0.2765625 0.54296875 0.03125 0.0875
0 0.2453125 0.4734375 0.0375 0.1015625
0 0.44140625 0.14921875 0.078125 0.034375
0 0.20703125 0.103125 0.0328125 0.0265625
0 0.1796875 0.1140625 0.040625 0.01875
0 0.17421875 0.1484375 0.0125 0.046875
0 0.1890625 0.159375 0.0171875 0.0609375
0 0.7828125 0.0984375 0.0703125 0.028125
0 0.8203125 0.39921875 0.065625 0.021875
0 0.77265625 0.3546875 0.0296875 0.090625
0 0.8234375 0.5984375 0.0234375 0.059375
0 0.81953125 0.653125 0.0609375 0.034375
0 0.82578125 0.7015625 0.025 0.071875
0 0.81015625 0.75703125 0.0328125 0.0609375
