0 0.747021565625 0.14854142343750001 0.8024197453124999 0.11551930156250001 0.796663159375 0.0985609203125 0.7380437921875 0.12953475625 0.747021565625 0.14854142343750001
0 0.6788963546875 0.1471335109375 0.7274817609374999 0.1182715421875 0.72114453125 0.1034885796875 0.6788963546875 0.1267189484375 0.6788963546875 0.1471335109375
0 0.5611295046875 0.1344624 0.59545614375 0.09081746874999999 0.5833098046875 0.080258209375 0.554792275 0.1260149921875 0.5611295046875 0.1344624
0 0.7160444125 0.2032153578125 0.7686737484374999 0.204153509375 0.7697299375 0.185850815625 0.7169197296875 0.1809231390625 0.7160444125 0.2032153578125
0 0.673087196875 0.5146610328125 0.715251978125 0.489548265625 0.7116386875 0.473831909375 0.66780620625 0.4963583390625 0.673087196875 0.5146610328125
0 0.762005596875 0.5814706375 0.7232569578125 0.538660684375 0.7089981937500001 0.5548515265625 0.753886865625 0.5893451265625 0.762005596875 0.5814706375
0 0.7992500078125 0.831879859375 0.78346063125 0.766871296875 0.7718423624999999 0.7739107921875 0.786101128125 0.8337465828124999 0.7992500078125 0.831879859375
0 0.5764444578125001 0.7950293109375 0.5694440765625 0.7431272234375 0.5500393531250001 0.74645671875 0.55426415625 0.7992530140625 0.5764444578125001 0.7950293109375
0 0.4000582875 0.7936213984375 0.4333287390625 0.7978451015625 0.435969234375 0.7809502875 0.40481120937500004 0.7710950015625 0.4000582875 0.7936213984375
0 0.30918981093750003 0.5916836484375 0.3325565578125 0.530769596875 0.3186595671875 0.5263732125 0.2993083109375 0.585097721875 0.30918981093750003 0.5916836484375
0 0.2976613828125 0.6427245796875 0.32071820156249997 0.5949766109375 0.30877806875 0.5834512390625 0.2820156875 0.6279062453125 0.2976613828125 0.6427245796875
0 0.182377209375 0.6377851359375 0.1654962875 0.5779629765625 0.15108581875 0.587293034375 0.1696136296875 0.6465663875 0.182377209375 0.6377851359375
0 0.1696136296875 0.6169297046875 0.2190211265625 0.6399804609374999 0.2227266890625 0.6262597640625 0.1733191921875 0.59881840625 0.1696136296875 0.6169297046875
0 0.1914352234375 0.6668729875 0.251959446875 0.6487616890625 0.2499008125 0.632296871875 0.1877296625 0.6487616890625 0.1914352234375 0.6668729875
0 0.1729074125 0.6915702125000001 0.23301989218750002 0.6827889859375 0.2334316359375 0.66851946875 0.17126052187500002 0.6723612515624999 0.1729074125 0.6915702125000001
0 0.18567106718749998 0.8095680749999999 0.1543796015625 0.7519412156249999 0.1416160234375 0.7684060328125 0.1753777875 0.8178004828125 0.18567106718749998 0.8095680749999999
0 0.256900196875 0.7826755234375 0.2235501359375 0.7091326921875 0.21078651874999998 0.7244998453125 0.2400193140625 0.7903591140625 0.256900196875 0.7826755234375
0 0.2328547640625 0.7884744765625 0.20129616718749999 0.7481037125000001 0.19137048125 0.7698157265625001 0.22547413437500002 0.8034014828125 0.2328547640625 0.7884744765625
0 0.1916249953125 0.8023837328125 0.2257286234375 0.8264704765625 0.2326002515625 0.8118827296875001 0.20536824999999997 0.7840642296875 0.1916249953125 0.8023837328125
0 0.21962050937500002 0.8461469921875 0.2751025609375 0.8444507515625 0.2756115625 0.8247742375 0.220129534375 0.8251134828125 0.21962050937500002 0.8461469921875
0 0.1610844 0.3682310984375 0.1222840265625 0.3306339328125 0.11425554062500001 0.34753685 0.1544673078125 0.3818011109375 0.1610844 0.3682310984375
0 0.1501621703125 0.2552738375 0.20307770781249998 0.227040134375 0.19671508124999998 0.2138093828125 0.1447961109375 0.2368783765625 0.1501621703125 0.2552738375
0 0.23412727968749997 0.1910166703125 0.24983608125 0.10964554374999999 0.23667233593749998 0.10790041406249999 0.2224200765625 0.18762417343749999 0.23412727968749997 0.1910166703125
0 0.1389424875 0.12180965625 0.18526236875 0.10077616250000002 0.181953821875 0.0855099015625 0.1343614015625 0.10382941406249999 0.1389424875 0.12180965625
0 0.20765879375 0.1231666671875 0.24354396406249998 0.104507903125 0.24099890937500001 0.088563153125 0.20256870624999998 0.10823965937499999 0.20765879375 0.1231666671875
