0 0.77578125 0.4375 0.07265625 0.05625
0 0.61015625 0.49453125 0.08828125 0.0421875
0 0.79453125 0.553125 0.03203125 0.090625
0 0.57109375 0.69765625 0.06796875 0.08203125
0 0.66484375 0.47265625 0.08515625 0.025
0 0.24609375 0.20546875 0.0828125 0.06015625
0 0.68984375 0.26328125 0.0859375 0.0359375
0 0.61171875 0.2453125 0.07734375 0.0546875
0 0.7046875 0.8984375 0.0828125 0.03671875
0 0.365625 0.7125 0.071875 0.0875
0 0.6875 0.2078125 0.071875 0.025
0 0.21875 0.23203125 0.059375 0.084375
0 0.8 0.48671875 0.05546875 0.0515625
0 0.5921875 0.58046875 0.08125 0.0453125
0 0.7921875 0.18203125 0.02734375 0.05078125
0 0.8328125 0.56484375 0.0359375 0.08984375
0 0.6984375 0.55234375 0.07734375 0.046875
0 0.83203125 0.38046875 0.05390625 0.0359375
0 0.3890625 0.5578125 0.02421875 0.0921875
0 0.4125 0.5109375 0.01953125 0.096875
0 0.1703125 0.81796875 0.04765625 0.0265625
0 0.1734375 0.87109375 0.021875 0.071875
0 0.20546875 0.9 0.03203125 0.0265625
0 0.2171875 0.875 0.06015625 0.0203125
0 0.2421875 0.85703125 0.06328125 0.021875
0 0.6453125 0.85390625 0.02578125 0.12421875
0 0.7671875 0.88359375 0.07109375 0.0359375
0 0.80703125 0.8625 0.01328125 0.1125
0 0.82890625 0.8828125 0.02734375 0.08203125
0 0.675 0.61171875 0.01875 0.09609375
0 0.834375 0.65234375 0.03359375 0.0890625
0 0.82421875 0.43515625 0.0234375 0.08359375
0 0.81796875 0.22578125 0.03046875 0.0859375
0 0.75078125 0.2078125 0.04921875 0.0296875
