0 0.309375 0.76640625 0.040625 0.0375
0 0.3546875 0.346875 0.0546875 0.0546875
0 0.6078125 0.72734375 0.0515625 0.0453125
0 0.11796875 0.70703125 0.046875 0.0640625
0 0.44921875 0.20859375 0.0375 0.04375
0 0.55546875 0.74921875 0.05 0.0515625
0 0.1859375 0.771875 0.08125 0.04375
0 0.83984375 0.8515625 0.05 0.05625
0 0.8484375 0.5203125 0.0421875 0.0234375
0 0.8546875 0.1984375 0.0359375 0.0484375
0 0.3015625 0.8375 0.05625 0.0453125
0 0.3671875 0.8109375 0.0296875 0.053125
0 0.759375 0.5171875 0.04375 0.05625
0 0.7984375 0.825 0.06875 0.034375
0 0.121875 0.6421875 0.034375 0.065625
0 0.75078125 0.77734375 0.078125 0.0296875
0 0.303125 0.71484375 0.053125 0.0171875
0 0.63984375 0.365625 0.0375 0.021875
0 0.0953125 0.65390625 0.0359375 0.06875
0 0.2609375 0.70546875 0.0765625 0.01875
0 0.41875 0.27734375 0.028125 0.040625
0 0.7984375 0.84296875 0.08125 0.01875
0 0.26640625 0.73984375 0.078125 0.028125
0 0.234375 0.2015625 0.065625 0.0171875
0 0.25703125 0.79609375 0.071875 0.0265625
0 0.39375 0.83203125 0.0375 0.0234375
0 0.8578125 0.24453125 0.0265625 0.05625
0 0.8296875 0.78046875 0.0203125 0.0578125
0 0.8265625 0.44296875 0.0234375 0.059375
0 0.1484375 0.39140625 0.071875 0.025
0 0.39453125 0.84296875 0.046875 0.01875
0 0.60703125 0.3 0.021875 0.021875
0 0.2875 0.85234375 0.0296875 0.0375
0 0.45625 0.815625 0.05 0.046875
0 0.6140625 0.69375 0.071875 0.021875
0 0.4421875 0.8375 0.059375 0.025
0 0.0875 0.821875 0.040625 0.0171875
0 0.1140625 0.84140625 0.0453125 0.0171875
0 0.1375 0.81328125 0.04375 0.0265625
0 0.45546875 0.78203125 0.01875 0.03125
0 0.60234375 0.80625 0.0125 0.0234375
0 0.60703125 0.83203125 0.0203125 0.025
0 0.5890625 0.83828125 0.01875 0.034375
0 0.8093866390625 0.769556121875 0.83341644375 0.7224082953125001 0.8194210640625 0.713691896875 0.7967115812500001 0.7628207125 0.8093866390625 0.769556121875
0 0.8368492671875 0.73330380625 0.8194210640625 0.7529157140625 0.8278711062499999 0.757472009375 0.8495243374999999 0.741425903125 0.8368492671875 0.73330380625
