0 0.18984375 0.159375 0.025 0.10859375
0 0.22265625 0.14765625 0.02890625 0.07890625
0 0.27578125 0.1484375 0.075 0.0515625
0 0.2515625 0.10703125 0.040625 0.034375
0 0.315625 0.1140625 0.09140625 0.034375
0 0.478125 0.14921875 0.09453125 0.0390625
0 0.38125 0.21484375 0.10390625 0.034375
0 0.26171875 0.29609375 0.05 0.0890625
0 0.38203125 0.2890625 0.0703125 0.08203125
0 0.26875 0.39453125 0.05234375 0.0875
0 0.19453125 0.45234375 0.03515625 0.0671875
0 0.18359375 0.54296875 0.0328125 0.09140625
0 0.21875 0.52265625 0.0390625 0.1078125
0 0.1796875 0.62890625 0.05 0.11875
0 0.3171875 0.63984375 0.04296875 0.1203125
0 0.378125 0.5046875 0.06171875 0.10546875
0 0.61796875 0.52421875 0.08515625 0.05234375
0 0.59375 0.5921875 0.07890625 0.08125
0 0.43359375 0.6625 0.09765625 0.0625
0 0.51484375 0.78984375 0.08203125 0.071875
0 0.5109375 0.728125 0.07578125 0.08671875
0 0.35234375 0.75234375 0.08515625 0.07265625
0 0.3625 0.81171875 0.065625 0.0359375
0 0.2828125 0.8203125 0.09296875 0.05390625
0 0.54765625 0.84453125 0.084375 0.040625
0 0.6484375 0.69140625 0.034375 0.14296875
0 0.69375 0.7453125 0.0640625 0.09609375
0 0.734375 0.81875 0.0703125 0.08125
0 0.83671875 0.47890625 0.05078125 0.10625
0 0.59453125 0.26640625 0.10234375 0.06015625
0 0.71953125 0.26015625 0.03359375 0.115625
0 0.6359375 0.21171875 0.10390625 0.0484375
0 0.7453125 0.175 0.1 0.04609375
0 0.82578125 0.1625 0.071875 0.0453125
0 0.6578125 0.16640625 0.0625 0.05078125
