0 0.13359375 0.3421875 0.021875 0.046875
0 0.121875 0.4671875 0.0265625 0.053125
0 0.38046875 0.33046875 0.034375 0.0375
0 0.2765625 0.45234375 0.028125 0.01875
0 0.4125 0.4140625 0.040625 0.028125
0 0.4484375 0.20859375 0.0421875 0.0359375
0 0.63203125 0.353125 0.06875 0.0234375
0 0.66015625 0.346875 0.0203125 0.0578125
0 0.6515625 0.2875 0.028125 0.028125
0 0.81015625 0.2828125 0.0375 0.05
0 0.8515625 0.23046875 0.0421875 0.0359375
0 0.84375 0.51484375 0.034375 0.0515625
0 0.84453125 0.54375 0.04375 0.015625
0 0.85390625 0.721875 0.028125 0.0375
0 0.83125 0.725 0.01875 0.040625
0 0.790625 0.69921875 0.0375 0.040625
0 0.74453125 0.6984375 0.05625 0.0328125
0 0.628125 0.69765625 0.0625 0.028125
0 0.70859375 0.74609375 0.0671875 0.0234375
0 0.56953125 0.76640625 0.078125 0.01875
0 0.55546875 0.828125 0.0484375 0.0421875
0 0.46328125 0.84609375 0.0546875 0.025
0 0.3859375 0.8234375 0.028125 0.040625
0 0.34453125 0.75546875 0.0421875 0.015625
0 0.35078125 0.78125 0.025 0.034375
0 0.35859375 0.70234375 0.05625 0.025
0 0.275 0.66640625 0.0625 0.021875
0 0.190625 0.7140625 0.0359375 0.05
0 0.22421875 0.74375 0.0265625 0.046875
0 0.27265625 0.79375 0.0375 0.0375
0 0.21484375 0.809375 0.0640625 0.03125
0 0.1140625 0.70625 0.0234375 0.053125
0 0.11171875 0.76953125 0.05625 0.0234375
0 0.13671875 0.80078125 0.0234375 0.053125
0 0.16640625 0.85078125 0.0734375 0.015625
0 0.11328125 0.85390625 0.0421875 0.0234375
0 0.1078125 0.82109375 0.03125 0.0453125
0 0.63125 0.79921875 0.06875 0.021875
0 0.6296875 0.81875 0.06875 0.01875
0 0.6390625 0.83984375 0.025 0.028125
0 0.68984375 0.79765625 0.0484375 0.034375
0 0.74375 0.82265625 0.03125 0.040625
0 0.765625 0.78046875 0.075 0.0296875
0 0.82265625 0.7578125 0.053125 0.053125
0 0.82890625 0.82265625 0.034375 0.059375
