0 0.334375 0.65703125 0.053125 0.075
0 0.2703125 0.721875 0.0875 0.059375
0 0.5359375 0.76015625 0.0703125 0.0640625
0 0.7203125 0.734375 0.053125 0.0796875
0 0.775 0.67265625 0.0421875 0.078125
0 0.41953125 0.2546875 0.0765625 0.08125
0 0.29140625 0.32421875 0.040625 0.0796875
0 0.21171875 0.390625 0.0640625 0.0625
0 0.91015625 0.78359375 0.040625 0.059375
0 0.1953125 0.728125 0.0296875 0.071875
0 0.51015625 0.17734375 0.040625 0.0328125
0 0.75625 0.790625 0.059375 0.04375
0 0.68359375 0.62734375 0.028125 0.078125
0 0.19921875 0.46171875 0.021875 0.078125
0 0.58984375 0.70703125 0.078125 0.0453125
0 0.453125 0.64765625 0.090625 0.0515625
0 0.7140625 0.4640625 0.034375 0.0921875
0 0.2296875 0.69375 0.028125 0.0609375
0 0.88984375 0.24921875 0.0578125 0.053125
0 0.5390625 0.23359375 0.09375 0.046875
0 0.37421875 0.471875 0.05 0.0859375
0 0.8484375 0.22421875 0.059375 0.05625
0 0.78671875 0.83046875 0.078125 0.0375
0 0.2171875 0.54609375 0.0625 0.034375
0 0.1984375 0.53359375 0.05 0.0765625
0 0.89296875 0.18046875 0.040625 0.01875
0 0.209375 0.30234375 0.05 0.06875
0 0.25 0.29296875 0.025 0.071875
0 0.3421875 0.171875 0.1 0.021875
0 0.45625 0.1890625 0.0609375 0.021875
0 0.38984375 0.19453125 0.0828125 0.01875
0 0.70234375 0.35703125 0.0265625 0.071875
0 0.6796875 0.3546875 0.021875 0.0625
0 0.84296875 0.18515625 0.0609375 0.0203125
0 0.8390625 0.8125 0.096875 0.021875
0 0.7296875 0.83359375 0.034375 0.0359375
0 0.6578125 0.8125 0.096875 0.0265625
0 0.646875 0.77265625 0.1046875 0.021875
0 0.52734375 0.625 0.1125 0.0453125
0 0.44375 0.753125 0.0984375 0.0390625
0 0.36328125 0.775 0.08125 0.0234375
0 0.3484375 0.7953125 0.075 0.0171875
0 0.3609375 0.8140625 0.075 0.021875
0 0.41796875 0.79453125 0.0296875 0.03125
0 0.3921875 0.83515625 0.0609375 0.0265625
0 0.44609375 0.809375 0.04375 0.0234375
0 0.459375 0.83671875 0.0421875 0.025
0 0.5046875 0.8375 0.04375 0.021875
0 0.51328125 0.8125 0.0875 0.0234375
0 0.28046875 0.52578125 0.0609375 0.028125
