0 0.8296875 0.70234375 0.04609375 0.0625
0 0.52421875 0.5390625 0.05234375 0.05859375
0 0.84375 0.55625 0.05703125 0.06328125
0 0.71875 0.47578125 0.0546875 0.0546875
0 0.75546875 0.34296875 0.0375 0.06640625
0 0.44140625 0.82421875 0.06171875 0.046875
0 0.6640625 0.24375 0.0578125 0.04921875
0 0.66640625 0.5359375 0.05078125 0.03515625
0 0.7578125 0.5359375 0.0484375 0.0671875
0 0.18984375 0.803125 0.0359375 0.04453125
0 0.8140625 0.36328125 0.028125 0.0671875
0 0.59921875 0.1171875 0.059375 0.040625
0 0.84921875 0.40859375 0.04765625 0.03515625
0 0.74375 0.253125 0.034375 0.08046875
0 0.703125 0.19375 0.0640625 0.0328125
0 0.71875 0.8296875 0.05234375 0.03125
0 0.29140625 0.5796875 0.05625 0.046875
0 0.2140625 0.34140625 0.01796875 0.0578125
0 0.8453125 0.14296875 0.03125 0.06171875
0 0.8359375 0.2625 0.02578125 0.04140625
0 0.8546875 0.33203125 0.03046875 0.08203125
0 0.859375 0.1203125 0.02265625 0.06484375
0 0.8078125 0.4671875 0.03203125 0.08125
0 0.2625 0.140625 0.05703125 0.03671875
0 0.7296875 0.3890625 0.01953125 0.06953125
0 0.625 0.46171875 0.0546875 0.034375
0 0.78984375 0.690625 0.021875 0.08359375
0 0.34375 0.65703125 0.05390625 0.02265625
0 0.8453125 0.6390625 0.02890625 0.0703125
0 0.70703125 0.5640625 0.03046875 0.053125
0 0.7515625 0.16328125 0.02109375 0.0765625
0 0.24375 0.1171875 0.0171875 0.046875
0 0.77734375 0.6015625 0.025 0.08125
0 0.76015625 0.82890625 0.03203125 0.0140625
0 0.7875 0.83671875 0.05078125 0.01328125
0 0.765625 0.803125 0.01875 0.0328125
0 0.7808574390625 0.7823751734375 0.8243913546874999 0.8416212828124999 0.8311691078125 0.83328165625 0.793500515625 0.7712556734375 0.7808574390625 0.7823751734375
0 0.79453125 0.80703125 0.02109375 0.025
0 0.665625 0.50234375 0.04296875 0.01640625
0 0.67890625 0.4765625 0.02109375 0.03359375
0 0.70859375 0.5078125 0.0265625 0.03203125
0 0.66875 0.2875 0.03828125 0.05078125
0 0.76015625 0.11640625 0.03671875 0.02578125
0 0.79296875 0.12734375 0.03125 0.0390625
0 0.36484375 0.52109375 0.0140625 0.0234375
