0 0.8109375 0.63125 0.065625 0.053125
0 0.49609375 0.26015625 0.065625 0.040625
0 0.515625 0.16015625 0.05 0.053125
0 0.2328125 0.25546875 0.046875 0.0546875
0 0.60234375 0.17578125 0.0625 0.046875
0 0.25625 0.3515625 0.065625 0.040625
0 0.1234375 0.75078125 0.040625 0.0546875
0 0.66953125 0.55546875 0.065625 0.0375
0 0.77734375 0.178125 0.0328125 0.05
0 0.57890625 0.2 0.0671875 0.0359375
0 0.68984375 0.7015625 0.0625 0.040625
0 0.79921875 0.21796875 0.0421875 0.0640625
0 0.63125 0.3015625 0.034375 0.05625
0 0.33046875 0.39375 0.0515625 0.04375
0 0.53515625 0.57890625 0.0390625 0.059375
0 0.42109375 0.15 0.0625 0.040625
0 0.834375 0.35546875 0.040625 0.04375
0 0.58828125 0.2984375 0.0375 0.053125
0 0.74296875 0.76640625 0.06875 0.0375
0 0.33515625 0.371875 0.059375 0.03125
0 0.7125 0.34453125 0.065625 0.040625
0 0.121875 0.24921875 0.0375 0.0625
0 0.68828125 0.46640625 0.071875 0.0375
0 0.30390625 0.184375 0.0234375 0.053125
0 0.24765625 0.1734375 0.075 0.03125
0 0.75390625 0.6578125 0.034375 0.059375
0 0.5109375 0.33125 0.03125 0.05
0 0.45234375 0.66328125 0.03125 0.053125
0 0.72109375 0.41875 0.021875 0.0515625
0 0.46796875 0.19921875 0.065625 0.0171875
0 0.57265625 0.37109375 0.059375 0.025
0 0.41484375 0.66328125 0.059375 0.025
0 0.33515625 0.45234375 0.08125 0.01875
0 0.45234375 0.36328125 0.0625 0.021875
0 0.27890625 0.246875 0.059375 0.028125
0 0.66875 0.32421875 0.034375 0.015625
0 0.315625 0.23671875 0.028125 0.0484375
0 0.74921875 0.50546875 0.0671875 0.021875
0 0.81875 0.2765625 0.075 0.0203125
0 0.390625 0.15390625 0.059375 0.01875
0 0.4359375 0.18046875 0.08125 0.01875
0 0.84609375 0.76640625 0.01875 0.053125
0 0.81816976875 0.136395834375 0.8376501718749999 0.1852488890625 0.8541621453125 0.183300325 0.8348672578125 0.13235953281249999 0.81816976875 0.136395834375
0 0.8127894734375 0.15448955 0.8246235453124999 0.192316328125 0.8396909796875001 0.1877541734375 0.8252198234374999 0.152958546875 0.8127894734375 0.15448955
0 0.746096809375 0.1551414375 0.8214920546875 0.158665025 0.8220486375 0.1465561484375 0.7498783859375 0.144746784375 0.746096809375 0.1551414375
0 0.31875 0.16015625 0.0234375 0.046875
0 0.1140625 0.1671875 0.034375 0.05
0 0.14375 0.15234375 0.028125 0.0265625
0 0.85 0.803125 0.0375 0.01875
0 0.83515625 0.821875 0.0375 0.01875
