0 0.153125 0.79375 0.096875 0.05625
0 0.14453125 0.7078125 0.0609375 0.078125
0 0.14140625 0.6484375 0.1015625 0.0421875
0 0.1375 0.58984375 0.040625 0.096875
0 0.19609375 0.51484375 0.04375 0.1125
0 0.265625 0.4828125 0.0625 0.0796875
0 0.36484375 0.590625 0.078125 0.0421875
0 0.3 0.7578125 0.040625 0.0953125
0 0.25859375 0.7296875 0.05 0.034375
0 0.278125 0.6921875 0.146875 0.0421875
0 0.609375 0.61328125 0.0734375 0.0953125
0 0.58203125 0.809375 0.140625 0.0375
0 0.78984375 0.64453125 0.059375 0.084375
0 0.83203125 0.51875 0.04375 0.1140625
0 0.77109375 0.50390625 0.053125 0.096875
0 0.77578125 0.4140625 0.05625 0.08125
0 0.853125 0.39453125 0.0453125 0.0796875
0 0.84453125 0.33359375 0.040625 0.046875
0 0.81796875 0.3234375 0.04375 0.065625
0 0.8234375 0.2578125 0.0375 0.06875
0 0.759375 0.171875 0.128125 0.0375
0 0.6515625 0.24375 0.1125 0.0578125
0 0.6515625 0.1765625 0.08125 0.0578125
0 0.6052471796875001 0.2036600328125 0.5163275078125 0.1252017703125 0.49257033906250003 0.1343722765625 0.5865047062500001 0.2206065234375 0.6052471796875001 0.2036600328125
0 0.5998169421874999 0.1501658140625 0.5197213890625 0.1944895796875 0.5450452015625 0.20800059375000002 0.6127137375 0.167487753125 0.5998169421874999 0.1501658140625
0 0.45234375 0.23828125 0.125 0.025
0 0.3375 0.33203125 0.090625 0.040625
0 0.33359375 0.27734375 0.0375 0.071875
0 0.31796875 0.2328125 0.0546875 0.0671875
0 0.35703125 0.1703125 0.11875 0.03125
0 0.2515625 0.159375 0.11875 0.025
0 0.234375 0.1296875 0.071875 0.034375
0 0.16796875 0.16171875 0.0875 0.028125
0 0.15078125 0.22109375 0.0421875 0.0921875
0 0.2109375 0.2453125 0.075 0.05
