0 0.1806347203125 0.8139336187499999 0.1594306234375 0.8621520921875 0.171371659375 0.8761936484374999 0.1868101125 0.828855440625 0.1806347203125 0.8139336187499999
0 0.182950484375 0.7758572359375 0.1875820140625 0.8530390859375 0.20880988281250001 0.8448063671874999 0.1929854765625 0.7727699609375 0.182950484375 0.7758572359375
0 0.6190514859375 0.7975713140625 0.6143012718749999 0.8269114765625 0.6244419109375 0.8315064828125 0.629532896875 0.8003659656250001 0.6190514859375 0.7975713140625
0 0.7041004375 0.8486736968749999 0.6606775578125 0.878217259375 0.6657685421874999 0.89458598125 0.7067956484375 0.86184853125 0.7041004375 0.8486736968749999
0 0.7038009546875 0.7600430078125 0.709191378125 0.8191301187500001 0.7232664046874999 0.8147385125 0.7160791718749999 0.7572483265625001 0.7038009546875 0.7600430078125
0 0.7805280031249999 0.8400267734375 0.73706751875 0.873178996875 0.7449704421875001 0.8916166453125 0.78900093125 0.8509785421875 0.7805280031249999 0.8400267734375
0 0.6141924296875 0.51389941875 0.6576228828125 0.5528006796875 0.6630517078125 0.5419445125 0.621317740625 0.4985198421875 0.6141924296875 0.51389941875
0 0.768913475 0.4614279296875 0.747726809375 0.5226363984375 0.7638239671875 0.532445365625 0.779092490625 0.4677607046875 0.768913475 0.4614279296875
0 0.6135138453125 0.3374492046875 0.577547996875 0.3768028109375 0.5850126 0.38992067656249996 0.6226749593750001 0.35282876406249997 0.6135138453125 0.3374492046875
0 0.66474819375 0.3537334546875 0.7030891875 0.340615575 0.699696165625 0.3256883453125 0.6627123890625 0.3410679203125 0.66474819375 0.3537334546875
0 0.792664528125 0.2315828234375 0.7543235359375 0.257366221875 0.7600916765625 0.2713887609375 0.7967361359375 0.248319421875 0.792664528125 0.2315828234375
0 0.8566704171874999 0.3298112921875 0.833403828125 0.3809328953125 0.8468779359375 0.3922301140625 0.8667689265625 0.34123435 0.8566704171874999 0.3298112921875
0 0.8110740828124999 0.187805259375 0.8548343234375 0.23268153125 0.8624847250000001 0.2159549234375 0.8193365437500001 0.1767901734375 0.8110740828124999 0.187805259375
0 0.68836189375 0.1392572765625 0.68392454375 0.22129244531249997 0.6984604046875 0.2224823875 0.703968684375 0.14088916093749998 0.68836189375 0.1392572765625
0 0.2078125 0.2359375 0.0578125 0.0265625
