0 0.68828125 0.22578125 0.0828125 0.0484375
0 0.49609375 0.33671875 0.07734375 0.06015625
0 0.60703125 0.2 0.084375 0.05234375
0 0.5859375 0.390625 0.06640625 0.08515625
0 0.690625 0.55390625 0.05703125 0.08203125
0 0.2375 0.39375 0.07265625 0.05546875
0 0.61484375 0.71875 0.05078125 0.07890625
0 0.64765625 0.89921875 0.0875 0.03359375
0 0.5953125 0.6328125 0.0796875 0.0359375
0 0.73515625 0.6390625 0.05859375 0.08359375
0 0.23984375 0.30390625 0.0671875 0.08984375
0 0.64765625 0.57890625 0.04921875 0.0953125
0 0.784375 0.63359375 0.059375 0.0453125
0 0.7734375 0.6875 0.0875 0.0671875
0 0.48984375 0.40234375 0.0328125 0.11015625
0 0.81875 0.6046875 0.04765625 0.075
0 0.78359375 0.284375 0.046875 0.05703125
0 0.428125 0.3453125 0.059375 0.084375
0 0.42734375 0.69140625 0.065625 0.08515625
0 0.75859375 0.4484375 0.075 0.071875
0 0.40234375 0.31796875 0.0859375 0.06796875
0 0.165625 0.28046875 0.028125 0.12109375
0 0.19296875 0.271875 0.0234375 0.096875
0 0.19140625 0.365625 0.02734375 0.09453125
0 0.346875 0.28203125 0.02734375 0.11328125
0 0.30859375 0.2078125 0.0734375 0.03984375
0 0.25859375 0.2546875 0.02734375 0.0671875
0 0.2296875 0.253125 0.0359375 0.07578125
0 0.37578125 0.6171875 0.021875 0.09375
0 0.3078125 0.69921875 0.02578125 0.103125
0 0.171875 0.87578125 0.040625 0.06328125
0 0.81640625 0.36328125 0.03203125 0.06015625
0 0.81796875 0.43671875 0.040625 0.0890625
0 0.75703125 0.3484375 0.03203125 0.0859375
0 0.75703125 0.24609375 0.0484375 0.03046875
0 0.753125 0.21796875 0.059375 0.021875
0 0.79375 0.17890625 0.03671875 0.02265625
0 0.7640625 0.190625 0.034375 0.02734375
0 0.825 0.19140625 0.04296875 0.02578125
