0 0.8296875 0.29765625 0.046875 0.0625
0 0.52421875 0.4609375 0.053125 0.059375
0 0.84375 0.44375 0.05625 0.0640625
0 0.71875 0.52421875 0.0546875 0.0546875
0 0.75546875 0.65703125 0.0375 0.065625
0 0.44140625 0.17578125 0.0625 0.046875
0 0.6640625 0.75625 0.0578125 0.05
0 0.66640625 0.4640625 0.05 0.034375
0 0.7578125 0.4640625 0.0484375 0.0671875
0 0.18984375 0.196875 0.0359375 0.04375
0 0.8140625 0.63671875 0.028125 0.0671875
0 0.59921875 0.8828125 0.059375 0.040625
0 0.84921875 0.59140625 0.046875 0.0359375
0 0.74375 0.746875 0.034375 0.08125
0 0.703125 0.80625 0.0640625 0.0328125
0 0.71875 0.1703125 0.053125 0.03125
0 0.29140625 0.4203125 0.05625 0.046875
0 0.2140625 0.65859375 0.01875 0.0578125
0 0.8453125 0.85703125 0.03125 0.0625
0 0.8359375 0.7375 0.025 0.040625
0 0.8546875 0.66796875 0.03125 0.0828125
0 0.859375 0.8796875 0.021875 0.065625
0 0.8078125 0.5328125 0.03125 0.08125
0 0.2625 0.859375 0.05625 0.0375
0 0.7296875 0.6109375 0.01875 0.06875
0 0.625 0.53828125 0.0546875 0.034375
0 0.78984375 0.309375 0.021875 0.084375
0 0.34375 0.34296875 0.053125 0.021875
0 0.8453125 0.3609375 0.028125 0.0703125
0 0.70703125 0.4359375 0.03125 0.053125
0 0.7515625 0.83671875 0.021875 0.0765625
0 0.24375 0.8828125 0.0171875 0.046875
0 0.77734375 0.3984375 0.025 0.08125
0 0.76015625 0.17109375 0.03125 0.0140625
0 0.7875 0.16328125 0.05 0.0125
0 0.765625 0.196875 0.01875 0.0328125
0 0.8243913546874999 0.15837871718750002 0.7808574390625 0.21762482656249998 0.793500515625 0.2287443265625 0.8311691078125 0.16671834375 0.8243913546874999 0.15837871718750002
0 0.79453125 0.19296875 0.021875 0.025
0 0.665625 0.49765625 0.04375 0.015625
0 0.67890625 0.5234375 0.021875 0.034375
0 0.70859375 0.4921875 0.0265625 0.03125
0 0.66875 0.7125 0.0375 0.05
0 0.76015625 0.88359375 0.0375 0.025
0 0.79296875 0.87265625 0.03125 0.0390625
0 0.36484375 0.47890625 0.0140625 0.0234375
