0 0.1703125 0.4875 0.071875 0.0875
0 0.78515625 0.4953125 0.0734375 0.059375
0 0.225 0.46171875 0.040625 0.090625
0 0.3609375 0.5296875 0.0796875 0.0875
0 0.84140625 0.4421875 0.059375 0.0625
0 0.8828125 0.42421875 0.04375 0.0765625
0 0.696875 0.61015625 0.09375 0.071875
0 0.57109375 0.58828125 0.1265625 0.0390625
0 0.56953125 0.75625 0.125 0.0328125
0 0.459375 0.78984375 0.1125 0.040625
0 0.325 0.81875 0.134375 0.0328125
0 0.33203125 0.7875 0.1328125 0.03125
0 0.1890625 0.59453125 0.075 0.053125
0 0.35546875 0.39921875 0.0828125 0.065625
0 0.40703125 0.1921875 0.15 0.028125
