0 0.2125 0.646875 0.059375 0.078125
0 0.14921875 0.65078125 0.053125 0.0890625
0 0.171875 0.8203125 0.096875 0.021875
0 0.14609375 0.7828125 0.1328125 0.0546875
0 0.2828125 0.78828125 0.10625 0.0421875
0 0.33046875 0.653125 0.125 0.059375
0 0.4 0.7546875 0.0453125 0.084375
0 0.4328125 0.68203125 0.04375 0.065625
0 0.52890625 0.7890625 0.13125 0.040625
0 0.46640625 0.59375 0.078125 0.053125
0 0.56953125 0.6546875 0.090625 0.05
0 0.6484375 0.73125 0.103125 0.0546875
0 0.8328125 0.67421875 0.05 0.090625
0 0.78203125 0.69609375 0.0484375 0.08125
0 0.85078125 0.56953125 0.040625 0.0984375
0 0.80078125 0.575 0.053125 0.0875
0 0.84453125 0.4875 0.05 0.065625
0 0.80625 0.42578125 0.075 0.075
0 0.81796875 0.33359375 0.04375 0.1078125
0 0.7609375 0.33046875 0.05 0.115625
0 0.69921875 0.41796875 0.0515625 0.10625
0 0.6296875 0.3828125 0.06875 0.084375
0 0.84765625 0.2390625 0.0390625 0.096875
0 0.8765625 0.26796875 0.03125 0.103125
0 0.54140625 0.29921875 0.0375 0.075
0 0.6546875 0.22890625 0.0765625 0.078125
0 0.60859375 0.20234375 0.08125 0.065625
0 0.5609375 0.2421875 0.1 0.040625
0 0.54296875 0.178125 0.065625 0.08125
0 0.4546875 0.1859375 0.1015625 0.071875
0 0.465625 0.2953125 0.059375 0.084375
0 0.3921875 0.378125 0.1046875 0.053125
0 0.27890625 0.3875 0.053125 0.0953125
0 0.22734375 0.25 0.059375 0.075
0 0.28984375 0.26328125 0.05625 0.08125
0 0.3609375 0.17109375 0.09375 0.03125
0 0.31171875 0.13828125 0.11875 0.046875
0 0.2671875 0.19765625 0.0921875 0.04375
0 0.203125 0.15390625 0.121875 0.040625
0 0.275 0.334375 0.125 0.04375
0 0.21484375 0.3859375 0.05 0.053125
0 0.15546875 0.23046875 0.04375 0.071875
0 0.15546875 0.290625 0.065625 0.04375
0 0.16171875 0.32890625 0.034375 0.0609375
0 0.14609375 0.36953125 0.046875 0.0640625
