0 0.25078125 0.11171875 0.08828125 0.04765625
0 0.35234375 0.17109375 0.08359375 0.0671875
0 0.3453125 0.125 0.06796875 0.06484375
0 0.3359375 0.2796875 0.05234375 0.1171875
0 0.29609375 0.2140625 0.0375 0.08125
0 0.25625 0.23671875 0.0578125 0.09375
0 0.546875 0.26015625 0.1140625 0.04375
0 0.60234375 0.41953125 0.09296875 0.05859375
0 0.18203125 0.37890625 0.03046875 0.12734375
0 0.25859375 0.39375 0.034375 0.09765625
0 0.31328125 0.48515625 0.09296875 0.05703125
0 0.390625 0.471875 0.08359375 0.075
0 0.50234375 0.56875 0.05546875 0.1140625
0 0.3125 0.63515625 0.03125 0.11640625
0 0.3640625 0.7171875 0.1140625 0.0453125
0 0.309375 0.77265625 0.0703125 0.06796875
0 0.26953125 0.83203125 0.09375 0.03671875
0 0.3421875 0.82421875 0.075 0.0703125
0 0.47109375 0.821875 0.1125 0.03984375
0 0.48046875 0.7796875 0.0875 0.0359375
0 0.60859375 0.64375 0.07265625 0.09296875
0 0.55703125 0.6875 0.08828125 0.05078125
0 0.5890625 0.76640625 0.05546875 0.10390625
0 0.6234375 0.7515625 0.0765625 0.0671875
0 0.64765625 0.72265625 0.05390625 0.04140625
0 0.6984375 0.7078125 0.03984375 0.1109375
0 0.61953125 0.846875 0.0875 0.03046875
0 0.7078125 0.83359375 0.06796875 0.08828125
0 0.77109375 0.72734375 0.05546875 0.1140625
0 0.825 0.8515625 0.0953125 0.04296875
0 0.79921875 0.809375 0.0625 0.05390625
0 0.84140625 0.67265625 0.0375 0.1296875
0 0.78125 0.640625 0.0609375 0.0734375
0 0.71484375 0.61484375 0.075 0.0640625
0 0.75859375 0.52109375 0.0453125 0.109375
0 0.81484375 0.52734375 0.0328125 0.1234375
0 0.8390625 0.54765625 0.0234375 0.1
0 0.8546875 0.42109375 0.02734375 0.07265625
0 0.8125 0.43828125 0.04140625 0.096875
0 0.78046875 0.38515625 0.06640625 0.0453125
0 0.8265625 0.346875 0.02265625 0.0609375
0 0.85703125 0.32890625 0.0359375 0.11171875
0 0.80390625 0.32578125 0.0546875 0.071875
0 0.7296875 0.36015625 0.04375 0.06171875
0 0.725 0.2984375 0.07421875 0.05546875
0 0.71171875 0.25 0.08984375 0.03125
0 0.85 0.1984375 0.05625 0.12265625
0 0.7421875 0.18984375 0.04453125 0.075
0 0.7125 0.146875 0.05859375 0.05625
