0 0.8578125 0.16875 0.053125 0.021875
0 0.87265625 0.24765625 0.0546875 0.021875
0 0.81484375 0.615625 0.0390625 0.0109375
0 0.45390625 0.3015625 0.0671875 0.0234375
0 0.15 0.7328125 0.0296875 0.0515625
0 0.49296875 0.7640625 0.06875 0.025
0 0.33984375 0.63125 0.0375 0.0296875
0 0.35703125 0.84765625 0.0625 0.021875
0 0.557545559375 0.65393134375 0.515368553125 0.6090509578125001 0.49477048593750006 0.623765790625 0.5418517828125 0.662760265625 0.557545559375 0.65393134375
0 0.3888375703125 0.74001333125 0.34371801875 0.703226084375 0.3231199515625 0.7164694671875 0.37216295625 0.7547281640625 0.3888375703125 0.74001333125
0 0.2407276828125 0.849639071875 0.1867803171875 0.8054944640624999 0.1730483203125 0.8121161546875 0.2220913609375 0.8621467812500001 0.2407276828125 0.849639071875
0 0.5182369359375001 0.7975240765625 0.460521640625 0.7679715453125 0.4477704796875 0.7790076984375001 0.5056412640625 0.8121161546875 0.5182369359375001 0.7975240765625
0 0.8107294609375 0.8577323218749999 0.7440309703125 0.8349242390624999 0.7302989015625 0.8511106296875001 0.7999399734375 0.8695041453125001 0.8107294609375 0.8577323218749999
0 0.8726215609375 0.7198184765625 0.8293657828125 0.7635570859375 0.8489830140624999 0.773857565625 0.8941025640625 0.7297128500000001 0.8726215609375 0.7198184765625
0 0.8833131140624999 0.6664389468749999 0.8430978515625001 0.70469764375 0.8636959187500001 0.71058355625 0.8970451453124999 0.6752678703125 0.8833131140624999 0.6664389468749999
