0 0.8652028250000001 0.7393859421875 0.8835684046875001 0.7882282093749999 0.8985947890625001 0.7836362218749999 0.8802292078124999 0.7352114000000001 0.8652028250000001 0.7393859421875
0 0.7538962828125 0.8596130625 0.8323673796875 0.8629526859375 0.8328670593749999 0.8488142390625001 0.754452803125 0.8483417718749999 0.7538962828125 0.8596130625
0 0.8006450140625001 0.7602587171875 0.8217932703124999 0.70056263125 0.805478084375 0.6960038 0.7833925125000001 0.7590063515625001 0.8006450140625001 0.7602587171875
0 0.72773923125 0.647963265625 0.7806098546875 0.6855342421875 0.79563621875 0.6755153140625 0.73942641875 0.6366919734375001 0.72773923125 0.647963265625
0 0.7555658828125 0.6976404234375 0.742765615625 0.7489874234375 0.7639138734375 0.7514921546875 0.7694791859375 0.6980578984375 0.7555658828125 0.6976404234375
0 0.6998895390625 0.6454585328125 0.7316119046875 0.6888738640625001 0.7520361828125 0.6809732640624999 0.716585521875 0.633769765625 0.6998895390625 0.6454585328125
0 0.7048983343749999 0.77528710625 0.7828129109375 0.7786267578125 0.7861053953125 0.7656452781249999 0.7043417953125 0.7602587171875 0.7048983343749999 0.77528710625
0 0.7054548734375 0.8366530015625001 0.7110201875 0.7723649296875 0.6904284890625 0.7711125640625001 0.6820804984375 0.8358181124999999 0.7054548734375 0.8366530015625001
0 0.6046993796875 0.728532125 0.6820574171875 0.721435375 0.6798896140624999 0.7085292453125 0.6024732421875 0.7155910203125 0.6046993796875 0.728532125
0 0.6013601828125 0.73980341875 0.6636918359374999 0.7711125640625001 0.67721751875 0.7616371359375 0.6174996265625 0.728532125 0.6013601828125 0.73980341875
0 0.6653614343750001 0.7802965703125 0.6091516343750001 0.74230815 0.5918991328125001 0.7531619671875001 0.6531686624999999 0.7937022781249999 0.6653614343750001 0.7802965703125
0 0.5585308906249999 0.79075063125 0.58296916875 0.7492940109374999 0.5653191140625 0.74537109375 0.5476276609374999 0.786802396875 0.5585308906249999 0.79075063125
0 0.5803373625 0.7684712296875 0.524317290625 0.7571905234375 0.5209335281249999 0.7743936046875 0.58021178125 0.7744794875000001 0.5803373625 0.7684712296875
0 0.5235294328125 0.7604818421874999 0.48369501875000004 0.7594515000000001 0.483145571875 0.7755247765625 0.524903040625 0.77614298125 0.5235294328125 0.7604818421874999
0 0.46913484062500005 0.724007865625 0.45045386093750006 0.7749065734375 0.4740798046875 0.7779975890624999 0.48452974062500004 0.7269076109375 0.46913484062500005 0.724007865625
0 0.5454799546875 0.8802963109374999 0.5534083015625 0.8701013578125 0.4911141265625 0.843424553125 0.48114705156250004 0.8575275890625 0.5454799546875 0.8802963109374999
0 0.4637046921875 0.8315304578125 0.47389828593749994 0.8665331234375 0.4931528453125 0.8619453953124999 0.47412480468749996 0.8277922999999999 0.4637046921875 0.8315304578125
0 0.3882533328125 0.8629648890625001 0.4516801265625 0.8617754953125001 0.45342079375 0.8483778624999999 0.3891594234375 0.8471627125 0.3882533328125 0.8629648890625001
0 0.422902153125 0.8449537953125 0.3852991359375 0.7943188765625 0.3710338109375 0.80269795 0.4090841765625 0.8492017015625001 0.422902153125 0.8449537953125
0 0.309177571875 0.8405359906250001 0.3775879109375 0.855998346875 0.3843571171875 0.8422600156250001 0.3161998359375 0.8254134843750001 0.309177571875 0.8405359906250001
0 0.32138173124999997 0.8580373359375001 0.2525183453125 0.835098690625 0.24617567187499997 0.8471627125 0.3150215375 0.8714217453125 0.32138173124999997 0.8580373359375001
0 0.2774360234375 0.8412156640624999 0.26429761093750004 0.792449796875 0.24731738281250001 0.794132965625 0.25818145625 0.8427449062499999 0.2774360234375 0.8412156640624999
0 0.3202584921875 0.7569373828125 0.33928653125 0.701374878125 0.3239943765625 0.6984906515625 0.3046283234375 0.75438864375 0.3202584921875 0.7569373828125
0 0.264288225 0.7078316796874999 0.2294034828125 0.752349653125 0.2436745125 0.759486121875 0.2807616046875 0.7119499109375 0.264288225 0.7078316796874999
0 0.2642788390625 0.7768175296875001 0.2058355734375 0.7418148625 0.196095025 0.7530293125 0.255474509375 0.7878111921875 0.2642788390625 0.7768175296875001
0 0.1680060203125 0.7650933453125 0.2346041515625 0.74334410625 0.23698502187499998 0.7370330765625 0.16007766406249999 0.7501407390625 0.1680060203125 0.7650933453125
0 0.18249418125 0.7934692921875001 0.16391919531250002 0.7572772062500001 0.1467033546875 0.76407385 0.1679966328125 0.797887109375 0.18249418125 0.7934692921875001
0 0.23776610625 0.8036642468749999 0.1741127890625 0.7916002140625 0.16663748750000001 0.8028146625 0.23368867343750002 0.816747775 0.23776610625 0.8036642468749999
0 0.15893565781250002 0.8651738046874999 0.2416170203125 0.8604161515625 0.24106358593750002 0.8453189390625001 0.1580295578125 0.8485220312499999 0.15893565781250002 0.8651738046874999
0 0.2296206234375 0.684213375 0.18295662343750002 0.7037536984375 0.1908849703125 0.7147982359375 0.2395876890625 0.694408328125 0.2296206234375 0.684213375
0 0.1676925953125 0.473575546875 0.21463970937500002 0.4373145328125 0.19930055156249998 0.428249240625 0.153283078125 0.4648589375 0.1676925953125 0.473575546875
0 0.173270471875 0.3055196296875 0.23834568125 0.2825078203125 0.233282109375 0.2712348328125 0.1686222359375 0.2943623796875 0.173270471875 0.3055196296875
0 0.22672510156249998 0.2452007890625 0.23044369531250003 0.21207772187499999 0.2154279765625 0.2109771328125 0.21045630312500002 0.24380614218750002 0.22672510156249998 0.2452007890625
0 0.170481534375 0.2023151453125 0.149099671875 0.1653567953125 0.13329570156249998 0.1719813984375 0.1500293296875 0.20928842812499998 0.170481534375 0.2023151453125
0 0.1834965828125 0.2678639421875 0.1407328578125 0.222537634375 0.1207454828125 0.2361355484375 0.1653684859375 0.27762651875 0.1834965828125 0.2678639421875
0 0.69820969375 0.37804168437499996 0.6986745046875 0.3142362140625 0.6796167859375 0.3159795421875 0.677757471875 0.377693028125 0.69820969375 0.37804168437499996
0 0.6921670062499999 0.3909422359375 0.7544532609375 0.3574705125 0.7423678703125 0.3452672984375 0.6814760671875 0.37839033906249997 0.6921670062499999 0.3909422359375
0 0.8432729812499999 0.26367997656250003 0.8442026203124999 0.31737418906250003 0.8697678890624999 0.31737418906250003 0.8687776453125 0.2637026203125 0.8432729812499999 0.26367997656250003
0 0.8265393546875 0.4219732921875 0.8851070296874999 0.3749037109375 0.8737991203125001 0.36622439687499997 0.8158484140625 0.41116475 0.8265393546875 0.4219732921875
0 0.9143908765625 0.48821942656250006 0.8902200953125 0.4345251890625 0.8720919984375 0.44289311875 0.8961167859374999 0.49385354843749996 0.9143908765625 0.48821942656250006
