0 0.21796875 0.15234375 0.075 0.059375
0 0.26484375 0.19453125 0.046875 0.0484375
0 0.30546875 0.16640625 0.028125 0.084375
0 0.346875 0.153125 0.059375 0.06875
0 0.30625 0.103125 0.096875 0.0375
0 0.2 0.23828125 0.0296875 0.10625
0 0.19765625 0.33359375 0.028125 0.115625
0 0.26796875 0.34609375 0.0359375 0.090625
0 0.359375 0.34375 0.05 0.08125
0 0.4265625 0.34296875 0.05625 0.075
0 0.45703125 0.28828125 0.090625 0.04375
0 0.52421875 0.24140625 0.084375 0.05
0 0.42421875 0.1921875 0.0765625 0.04375
0 0.46328125 0.13359375 0.059375 0.03125
0 0.534375 0.13984375 0.0734375 0.04375
0 0.33046875 0.44453125 0.08125 0.0765625
0 0.40546875 0.4625 0.071875 0.084375
0 0.39609375 0.53203125 0.0625 0.0671875
0 0.3375 0.59296875 0.06875 0.0875
0 0.22265625 0.73203125 0.090625 0.053125
0 0.2921875 0.7609375 0.053125 0.1171875
0 0.58046875 0.853125 0.1 0.0296875
0 0.53046875 0.84921875 0.103125 0.0375
0 0.5828125 0.51328125 0.0640625 0.08125
0 0.69453125 0.5484375 0.0296875 0.090625
0 0.7296875 0.575 0.0578125 0.1328125
0 0.6359375 0.18125 0.096875 0.040625
0 0.64296875 0.2375 0.04375 0.09375
0 0.69140625 0.22734375 0.0640625 0.0359375
0 0.71640625 0.30078125 0.03125 0.1171875
0 0.77109375 0.2578125 0.078125 0.04375
0 0.7265625 0.14375 0.071875 0.034375
0 0.8234375 0.2328125 0.021875 0.090625
0 0.8390625 0.334375 0.028125 0.121875
0 0.71953125 0.3890625 0.096875 0.05625
0 0.79140625 0.434375 0.0375 0.08125
0 0.81328125 0.5015625 0.1 0.028125
0 0.7875 0.56015625 0.025 0.090625
0 0.784375 0.66171875 0.0375 0.1234375
0 0.84375 0.68203125 0.034375 0.115625
0 0.77421875 0.76796875 0.084375 0.046875
0 0.79140625 0.81875 0.03125 0.084375
0 0.83125 0.809375 0.046875 0.084375
0 0.7578125 0.1484375 0.0359375 0.021875
0 0.8046875 0.15859375 0.065625 0.0484375
