0 0.4328125 0.63359375 0.0671875 0.0625
0 0.44921875 0.21953125 0.0890625 0.034375
0 0.28125 0.37890625 0.096875 0.09375
0 0.4625 0.73125 0.0609375 0.0875
0 0.38125 0.76640625 0.065625 0.046875
0 0.71171875 0.72421875 0.028125 0.046875
0 0.7421875 0.6109375 0.046875 0.090625
0 0.49921875 0.7765625 0.0796875 0.040625
0 0.6859375 0.690625 0.040625 0.053125
0 0.41640625 0.78984375 0.0796875 0.03125
0 0.25859375 0.78828125 0.0421875 0.03125
0 0.17734375 0.5328125 0.04375 0.0984375
0 0.196875 0.38203125 0.0234375 0.09375
0 0.3046875 0.796875 0.04375 0.04375
0 0.18984375 0.671875 0.03125 0.1046875
0 0.1703125 0.3703125 0.03125 0.0875
0 0.32578125 0.2765625 0.028125 0.1015625
0 0.43515625 0.4625 0.021875 0.1
0 0.1765625 0.11640625 0.040625 0.028125
0 0.20625 0.10703125 0.0265625 0.0625
