0 0.72265625 0.315625 0.0875 0.05078125
0 0.315625 0.20546875 0.0796875 0.03984375
0 0.36171875 0.39609375 0.0484375 0.0890625
0 0.81171875 0.24375 0.0703125 0.04609375
0 0.80625 0.63125 0.05625 0.0703125
0 0.62890625 0.23046875 0.07421875 0.0828125
0 0.41484375 0.48828125 0.02265625 0.084375
0 0.8285995515625 0.393167746875 0.842453303125 0.3887708796875 0.818044325 0.3373276796875 0.807159234375 0.3162227765625 0.8032010203125 0.2955575734375 0.8064419296875001 0.2727735953125 0.7900069609375 0.2704955015625 0.790666684375 0.29907504375 0.8285995515625 0.393167746875
0 0.8236517843750001 0.2819273109375 0.8193637390624999 0.271374859375 0.8074890953124999 0.274012971875 0.802541328125 0.2937988171875 0.8055099890624999 0.3109465515625 0.8309085203125001 0.3672262984375 0.8420784812500001 0.365164653125 0.8292592750000001 0.340405490625 0.821012984375 0.3135846640625 0.8236517843750001 0.2819273109375
0 0.6914219984375001 0.2056027078125 0.7328875874999999 0.2078735953125 0.7340809875 0.1654528375 0.6911186093749999 0.1649225609375 0.6914219984375001 0.2056027078125
