0 0.59296875 0.28125 0.07109375 0.08203125
0 0.525 0.22421875 0.05625 0.0765625
0 0.73203125 0.31875 0.06328125 0.090625
0 0.803125 0.38359375 0.06484375 0.09296875
0 0.66953125 0.23046875 0.08203125 0.03125
0 0.49609375 0.7296875 0.09296875 0.0703125
0 0.4984375 0.18125 0.0828125 0.03046875
0 0.19140625 0.29765625 0.05 0.09140625
0 0.659375 0.5140625 0.05859375 0.08671875
0 0.403125 0.23515625 0.0921875 0.08359375
0 0.8125 0.66484375 0.03828125 0.08984375
0 0.45390625 0.89296875 0.078125 0.03984375
0 0.81953125 0.2359375 0.0234375 0.10546875
0 0.7578125 0.48828125 0.034375 0.0890625
0 0.82578125 0.56171875 0.02421875 0.109375
0 0.8078125 0.7578125 0.02578125 0.10625
0 0.25859375 0.83671875 0.0640625 0.06328125
0 0.18984375 0.44453125 0.03125 0.0484375
0 0.18203125 0.37734375 0.04765625 0.0734375
