0 0.2171875 0.8078125 0.0421875 0.134375
0 0.3953125 0.8609375 0.1 0.046875
0 0.5328125 0.878125 0.046875 0.09375
0 0.2546875 0.71484375 0.1140625 0.0484375
0 0.20703125 0.475 0.04375 0.1234375
0 0.403125 0.52109375 0.065625 0.0859375
0 0.53203125 0.63046875 0.04375 0.14375
0 0.703125 0.21796875 0.071875 0.0828125
0 0.71484375 0.30625 0.040625 0.090625
0 0.7140625 0.378125 0.059375 0.0375
0 0.70546875 0.4234375 0.05625 0.0546875
0 0.69453125 0.50703125 0.05 0.0875
0 0.6875 0.60078125 0.046875 0.084375
0 0.66875 0.6796875 0.0390625 0.071875
0 0.69609375 0.74140625 0.084375 0.053125
0 0.7546875 0.49765625 0.04375 0.103125
0 0.82265625 0.42890625 0.065625 0.084375
0 0.77578125 0.33203125 0.0578125 0.05
0 0.61796875 0.16875 0.071875 0.0765625
0 0.24140625 0.22421875 0.1171875 0.0625
0 0.6953125 0.8265625 0.053125 0.05
0 0.75390625 0.86484375 0.0578125 0.053125
0 0.79453125 0.83359375 0.053125 0.04375
0 0.8421875 0.809375 0.0484375 0.1171875
0 0.81875 0.29765625 0.03125 0.10625
0 0.8375 0.34296875 0.03125 0.075
0 0.8484375 0.25078125 0.0328125 0.10625
0 0.796875 0.24296875 0.05625 0.09375
0 0.8078125 0.1546875 0.0328125 0.084375
0 0.84140625 0.16015625 0.03125 0.08125
