0 0.78984375 0.159375 0.07109375 0.07421875
0 0.284375 0.11015625 0.11953125 0.05234375
0 0.29140625 0.82109375 0.1 0.0515625
0 0.325 0.69140625 0.09296875 0.0375
0 0.38125 0.82109375 0.09140625 0.04140625
0 0.825 0.20390625 0.065625 0.09375
0 0.48203125 0.834375 0.0703125 0.0375
0 0.70625 0.578125 0.096875 0.04765625
0 0.7515625 0.47109375 0.04296875 0.0859375
0 0.46015625 0.79921875 0.06953125 0.04921875
0 0.5375 0.8125 0.0515625 0.0640625
0 0.5765625 0.84921875 0.09375 0.0453125
0 0.8328125 0.79609375 0.04296875 0.12265625
0 0.83046875 0.66796875 0.0484375 0.11640625
0 0.83984375 0.540625 0.03828125 0.12578125
0 0.7734375 0.559375 0.02734375 0.128125
0 0.79453125 0.45234375 0.04375 0.09375
0 0.19765625 0.16015625 0.0484375 0.109375
0 0.246875 0.18984375 0.05 0.13203125
0 0.19453125 0.34375 0.04609375 0.12421875
