0 0.240625 0.5796875 0.05 0.096875
0 0.68359375 0.8140625 0.1328125 0.034375
0 0.70625 0.7515625 0.075 0.0765625
0 0.81015625 0.49921875 0.06875 0.0625
0 0.8109375 0.58125 0.05 0.115625
0 0.7328125 0.64375 0.034375 0.0890625
0 0.13046875 0.5625 0.040625 0.0765625
0 0.27890625 0.721875 0.109375 0.05
0 0.8359375 0.24453125 0.03125 0.09375
0 0.1875 0.7109375 0.071875 0.06875
0 0.6625 0.3578125 0.096875 0.08125
0 0.68359375 0.23828125 0.071875 0.090625
0 0.84453125 0.33671875 0.053125 0.0796875
0 0.384375 0.74296875 0.09375 0.065625
0 0.61640625 0.78828125 0.1046875 0.03125
