0 0.828125 0.6171875 0.0484375 0.05234375
0 0.209375 0.44765625 0.0390625 0.03515625
0 0.8390625 0.7421875 0.0515625 0.04453125
0 0.196875 0.3796875 0.0375 0.06015625
0 0.48515625 0.125 0.05390625 0.03828125
0 0.7109375 0.56328125 0.04375 0.0421875
0 0.84609375 0.26796875 0.021875 0.078125
0 0.75703125 0.57734375 0.04453125 0.0578125
0 0.803125 0.1984375 0.03515625 0.05625
0 0.82734375 0.82734375 0.05 0.03515625
0 0.8453125 0.45 0.034375 0.06171875
0 0.82421875 0.271875 0.02265625 0.08125
0 0.209375 0.68203125 0.0296875 0.07109375
0 0.24375 0.43984375 0.02734375 0.06328125
0 0.709375 0.15390625 0.05078125 0.03203125
0 0.7671875 0.61484375 0.06171875 0.02890625
0 0.70703125 0.2609375 0.01875 0.07734375
0 0.77578125 0.765625 0.02421875 0.07890625
0 0.65078125 0.73984375 0.05078125 0.0234375
0 0.7984375 0.77578125 0.01953125 0.07890625
0 0.22421875 0.84765625 0.046875 0.03828125
0 0.81953125 0.715625 0.0390625 0.04609375
0 0.759375 0.32734375 0.02734375 0.0453125
0 0.8109375 0.36484375 0.04140625 0.021875
0 0.85390625 0.3828125 0.02265625 0.071875
0 0.36484375 0.603125 0.04453125 0.03515625
0 0.7359375 0.67265625 0.0203125 0.06484375
0 0.75625 0.67265625 0.01796875 0.07421875
0 0.609375 0.64375 0.01796875 0.065625
0 0.8078125 0.80703125 0.0203125 0.08046875
0 0.75625 0.196875 0.01640625 0.05
0 0.35234375 0.646875 0.0171875 0.0453125
0 0.834375 0.39453125 0.040625 0.0171875
0 0.798225253125 0.1331749203125 0.8432537874999999 0.0976701359375 0.8363488484375001 0.0851460703125 0.7933539 0.12328663124999999 0.798225253125 0.1331749203125
0 0.8168634578124999 0.0970120203125 0.7580786828125 0.1125329078125 0.7603134500000001 0.1238516671875 0.8183460406249999 0.1133983359375 0.8168634578124999 0.0970120203125
0 0.778951653125 0.1569068125 0.78297581875 0.0913615734375 0.76899715625 0.089948953125 0.768361778125 0.154081596875 0.778951653125 0.1569068125
0 0.667969625 0.1314797796875 0.73549870625 0.1350176109375 0.7365921171875 0.1198963609375 0.667969625 0.1156585265625 0.667969625 0.1314797796875
0 0.6369585843750001 0.224473809375 0.6867461015625 0.20633175937499998 0.6816459218750001 0.185597984375 0.633315603125 0.19790866875 0.6369585843750001 0.224473809375
0 0.679703003125 0.261729809375 0.6695026421875 0.2047119453125 0.656145003125 0.2098953828125 0.6651310421875001 0.261729809375 0.679703003125 0.261729809375
0 0.38739200937499996 0.32133362656250003 0.34093946875 0.357638684375 0.34892029375 0.36992234218750003 0.39189400937499996 0.33170650468749996 0.38739200937499996 0.32133362656250003
0 0.3235453484375 0.3876654421875 0.36795151875 0.33197946875 0.36140315156249997 0.3216066015625 0.31413206875 0.37401689843749997 0.3235453484375 0.3876654421875
0 0.2801827 0.6234955046875 0.2924759078125 0.64624995 0.30203160156250003 0.6409141734375 0.29092033125 0.6139388359375 0.2801827 0.6234955046875
0 0.687474546875 0.8233127984375 0.7092624359374999 0.8456757765624999 0.7163123734375 0.8342565078125 0.6986875296874999 0.81477658125 0.687474546875 0.8233127984375
0 0.49172133125000006 0.8604536546875 0.5463583984375 0.8355999468749999 0.5443441140624999 0.8245165453125001 0.4871892203125 0.8450040578125 0.49172133125000006 0.8604536546875
0 0.5491280140625 0.8738881078125 0.5410277531250001 0.8196884390625 0.529237109375 0.8231730921875 0.533769209375 0.876910865625 0.5491280140625 0.8738881078125
