0 0.26015625 0.80859375 0.10078125 0.0375
0 0.70625 0.625 0.0609375 0.0890625
0 0.48203125 0.8375 0.1046875 0.0328125
0 0.50234375 0.70390625 0.075 0.0671875
0 0.5625 0.7046875 0.05390625 0.08359375
0 0.6234375 0.84765625 0.09453125 0.02421875
0 0.81171875 0.53359375 0.0296875 0.159375
0 0.8484375 0.5234375 0.05078125 0.1359375
0 0.4546875 0.784375 0.084375 0.07265625
0 0.60546875 0.7546875 0.03515625 0.12421875
0 0.72265625 0.77734375 0.06015625 0.11875
0 0.66796875 0.55390625 0.03125 0.14609375
0 0.62109375 0.46640625 0.04140625 0.11328125
0 0.65625 0.19296875 0.07578125 0.12734375
0 0.83984375 0.234375 0.040625 0.11953125
