0 0.18929268593749998 0.207431721875 0.1299715453125 0.17941524375 0.12045089375 0.1931487984375 0.18123671875 0.21951724687500002 0.18929268593749998 0.207431721875
0 0.14185692968750002 0.5308592296875 0.14461874531250002 0.5760406265625 0.16073062656249998 0.5754913390625 0.1592659453125 0.528797184375 0.14185692968750002 0.5308592296875
0 0.17025133125 0.6090011890625 0.1462522984375 0.651512096875 0.1629277578125 0.6595407671875 0.18782795000000002 0.6155933 0.17025133125 0.6090011890625
0 0.5374401046874999 0.664038896875 0.4625233140625 0.68316245 0.4713116234375 0.7007414671875 0.5460122265625 0.6776690765625 0.5374401046874999 0.664038896875
0 0.4932823703125 0.6502018890625 0.43469365 0.624382809375 0.415652321875 0.6397644312499999 0.4815646421875 0.6633861125 0.4932823703125 0.6502018890625
0 0.4742410421875 0.6117479546875 0.4508055609375 0.6655835109375 0.4676498109375 0.6683301968750001 0.4947471078125 0.6150440109375 0.4742410421875 0.6117479546875
0 0.6580935203125 0.5749419687499999 0.6200108640625001 0.5436294375 0.6017018765625 0.5507708375 0.6397845609374999 0.5881261921875 0.6580935203125 0.5749419687499999
0 0.7005703578125 0.48594845624999994 0.6736965328125 0.4563577296875 0.653699365625 0.46891880625000004 0.685923184375 0.49968197031250006 0.7005703578125 0.48594845624999994
0 0.8609392359375001 0.44251231874999997 0.8375518703125 0.48430042812499996 0.8478048875 0.49528725468749996 0.8770992609375 0.45188915781250005 0.8609392359375001 0.44251231874999997
0 0.920079278125 0.7680730078125 0.8698251125 0.7475551625 0.8583747953125 0.7599613062499999 0.9105373468750001 0.784296478125 0.920079278125 0.7680730078125
0 0.8749141343750001 0.8243779390625001 0.8672805890624999 0.8849773140625 0.8889089734375 0.8849773140625 0.892725746875 0.829149565625 0.8749141343750001 0.8243779390625001
0 0.4838222140625 0.8240035656250001 0.5108450796875 0.8654442046874999 0.5288603234375 0.8595884453125 0.5048399906250001 0.81949913125 0.4838222140625 0.8240035656250001
0 0.34868299999999997 0.7294109078125001 0.367298759375 0.7852656421875001 0.3823114484375 0.7821125328125 0.36669824375000004 0.721753428125 0.34868299999999997 0.7294109078125001
0 0.3546880890625 0.767247971875 0.361226346875 0.8201973875 0.3835124796875 0.8149947640624999 0.3648967203125 0.767698434375 0.3546880890625 0.767247971875
0 0.292810859375 0.772202803125 0.2555793625 0.805085034375 0.264586984375 0.8082381453125 0.30542152968749997 0.7807612078124999 0.292810859375 0.772202803125
0 0.3309523765625 0.7834361375000001 0.2910093359375 0.805085034375 0.3006174734375 0.811841653125 0.33484643593749996 0.7920222609375001 0.3309523765625 0.7834361375000001
0 0.3138286359375 0.75148255 0.3168311921875 0.8131929765624999 0.33184388125000003 0.811841653125 0.3270398234375 0.7532842703125 0.3138286359375 0.75148255
0 0.24897375781250003 0.8366159421875 0.1799153609375 0.855534475 0.1841189015625 0.8663450640624999 0.2591824109375 0.84652560625 0.24897375781250003 0.8366159421875
0 0.2820017140625 0.8595884453125 0.2350848015625 0.8461465046875001 0.22915701249999998 0.8568857984375 0.2765971390625 0.872200821875 0.2820017140625 0.8595884453125
0 0.1961611234375 0.8229004203124999 0.15229195625 0.8010310625000001 0.13547774375 0.8163460875 0.1793148234375 0.8397689875 0.1961611234375 0.8229004203124999
