0 0.4828125 0.2578125 0.0765625 0.090625
0 0.16015625 0.6234375 0.0375 0.109375
0 0.12109375 0.56875 0.0578125 0.0984375
0 0.7828125 0.575 0.0859375 0.071875
0 0.3375 0.6359375 0.05 0.090625
0 0.271875 0.5296875 0.1046875 0.0625
0 0.29609375 0.803125 0.1046875 0.028125
0 0.2890625 0.84765625 0.14375 0.03125
0 0.2296875 0.40078125 0.0984375 0.05
0 0.82890625 0.71484375 0.06875 0.065625
0 0.6671875 0.73671875 0.04375 0.1125
0 0.3 0.5640625 0.065625 0.084375
0 0.15703125 0.44921875 0.071875 0.08125
0 0.68515625 0.8390625 0.134375 0.0421875
0 0.81953125 0.37421875 0.04375 0.08125
0 0.215625 0.63515625 0.028125 0.096875
0 0.453125 0.340625 0.090625 0.071875
0 0.43125 0.18984375 0.1203125 0.0453125
0 0.6375 0.1953125 0.115625 0.040625
0 0.7 0.37578125 0.128125 0.0625
0 0.79609375 0.303125 0.09375 0.05
0 0.7734375 0.26171875 0.134375 0.046875
0 0.6796875 0.65390625 0.065625 0.0625
0 0.6171875 0.7171875 0.053125 0.084375
0 0.56953125 0.66015625 0.125 0.046875
0 0.5046875 0.753125 0.115625 0.078125
0 0.7828125 0.76015625 0.140625 0.028125
0 0.8203125 0.79375 0.1484375 0.0375
0 0.2375 0.75703125 0.059375 0.0875
0 0.21171875 0.82734375 0.1265625 0.03125
