0 0.1375701953125 0.2326500796875 0.166993321875 0.1969619796875 0.1559946296875 0.19002669218749998 0.12379769062499998 0.21997140937499998 0.1375701953125 0.2326500796875
0 0.47382276093750003 0.18569205 0.5201484796875 0.21339730625 0.5369726328125 0.2001710765625 0.48696923437499995 0.17536129218750002 0.47382276093750003 0.18569205
0 0.7330743734375 0.2241976328125 0.77564395 0.2519028890625 0.7919205796875 0.234528425 0.748098940625 0.21057982343749998 0.7330743734375 0.2241976328125
0 0.856401 0.289469334375 0.9114910890625 0.271625265625 0.8991647374999999 0.25709234531249997 0.8476366765625001 0.27397318125000003 0.856401 0.289469334375
0 0.8657913546874999 0.35051477656249996 0.8858241046875 0.3993511515625 0.9021007328125 0.394655325 0.879627403125 0.341628884375 0.8657913546874999 0.35051477656249996
0 0.826351865625 0.5214420390625001 0.845132575 0.5590084484375 0.8582790703125 0.5533734828125 0.8394983609375 0.51439833125 0.826351865625 0.5214420390625001
0 0.64605705625 0.5078242281249999 0.709285459375 0.4801189375 0.6985313515625 0.465615809375 0.6360406921874999 0.497963040625 0.64605705625 0.5078242281249999
0 0.6523172765624999 0.5421035546875 0.688000625 0.5078242281249999 0.6754801828125 0.49937178125 0.6385447734375 0.5369381921875 0.6523172765624999 0.5421035546875
0 0.6610816234375 0.659968284375 0.7105374765625 0.6280368390625 0.6992827875 0.6149636953125001 0.6491871890625001 0.6468200109375 0.6610816234375 0.659968284375
0 0.6040875453125001 0.6510462328125 0.6554214703125 0.692369334375 0.669193996875 0.6829777484374999 0.620990184375 0.6435329921874999 0.6040875453125001 0.6510462328125
0 0.8536290515625 0.71991675625 0.8942861109375 0.77164181875 0.9128310546874999 0.7618772671875 0.865587009375 0.710648109375 0.8536290515625 0.71991675625
0 0.8950833171875001 0.804829628125 0.8994678984375 0.84668805625 0.91501324375 0.84668805625 0.9182020281250001 0.80572659375 0.8950833171875001 0.804829628125
0 0.874356184375 0.85745165625 0.903852478125 0.832336590625 0.89548190625 0.8245628953124999 0.8596080296874999 0.8502759234375 0.874356184375 0.85745165625
0 0.6483012125000001 0.870009190625 0.6865666796875 0.8493789578125 0.6750073249999999 0.837718390625 0.6315600703124999 0.8601425562499999 0.6483012125000001 0.870009190625
0 0.6076276359375 0.8284497203125 0.584110321875 0.8658233609374999 0.5996556671875 0.8697101859374999 0.6214547078125 0.834003678125 0.6076276359375 0.8284497203125
0 0.6092220359375 0.77164181875 0.6654244406250001 0.7429388859375 0.65590314375 0.7335290765625 0.600054271875 0.7620741890625 0.6092220359375 0.77164181875
0 0.6044388515625 0.7650640921874999 0.57573975 0.76356911875 0.5661733828125 0.7818074546875 0.610450346875 0.780895675 0.6044388515625 0.7650640921874999
0 0.4804581671875 0.835625453125 0.5310801828125 0.8649263921875001 0.5390521640625 0.854461753125 0.48803153125 0.824861853125 0.4804581671875 0.835625453125
0 0.48522481875 0.7725387859375 0.4353999953125 0.7537024859375 0.43141401874999996 0.7680539515625 0.4740640671875 0.789282190625 0.48522481875 0.7725387859375
0 0.3604469265625 0.7495166546875 0.42183113437499997 0.730979359375 0.41619944999999997 0.7191755609375 0.3544679484375 0.7348661859375001 0.3604469265625 0.7495166546875
0 0.3484889671875 0.8640294265625 0.4098731765625 0.8667203265625 0.41045804375 0.8508690578125 0.3496847640625 0.8499769203125 0.3484889671875 0.8640294265625
0 0.29824902343750004 0.8691122234374999 0.33053552656249996 0.8191810953124999 0.31379440000000003 0.8126033234375001 0.2795149078125 0.8634314203125 0.29824902343750004 0.8691122234374999
0 0.3034143078125 0.807520528125 0.3093932734375 0.755795421875 0.2906591421875 0.7566923890624999 0.2874703578125 0.8072215249999999 0.3034143078125 0.807520528125
0 0.197769165625 0.824861853125 0.2519785546875 0.8290477265625 0.25591853593749997 0.815702946875 0.19856634374999999 0.8126033234375001 0.197769165625 0.824861853125
0 0.1543218953125 0.8137992953125 0.2109229046875 0.8158921875 0.2157060890625 0.8093144609375 0.158706490625 0.7985508171875 0.1543218953125 0.8137992953125
0 0.1897971828125 0.7979528546875 0.18501399999999998 0.7267934859375 0.17465042656250002 0.7255975593749999 0.1690700359375 0.7946639906249999 0.1897971828125 0.7979528546875
0 0.18102799375 0.6341069625 0.1491401234375 0.60151718125 0.13598636875 0.60749694375 0.1721897015625 0.6413077453125 0.18102799375 0.6341069625
0 0.25119787968749996 0.6113838140625 0.282288571875 0.6409837140625 0.2956299265625 0.6305426093750001 0.26235866093750004 0.6006202140625 0.25119787968749996 0.6113838140625
0 0.24601610625 0.5240790468750001 0.2882675515625 0.5408224296874999 0.29743532968749997 0.528862871875 0.2531908828125 0.51451140625 0.24601610625 0.5240790468750001
0 0.2986667515625 0.468340975 0.299075684375 0.41987476875 0.28520431875 0.41938929375 0.2827179796875 0.46742073125 0.2986667515625 0.468340975
