0 0.2685676859375 0.2817756765625 0.3134950203125 0.277985446875 0.309034471875 0.25785856093750004 0.266487871875 0.2665497234375 0.2685676859375 0.2817756765625
0 0.3406013203125 0.33699383125 0.3134950203125 0.37587533125 0.3207004953125 0.382736771875 0.35089485468750004 0.3493444234375 0.3406013203125 0.33699383125
0 0.4363311890625 0.319611521875 0.4009900375 0.36260987031249997 0.406823025 0.3717584671875 0.4449091015625 0.33745126718749996 0.4363311890625 0.319611521875
0 0.5176501109375 0.6984388390625 0.552648128125 0.7501283671875 0.56225544375 0.74235205625 0.5289729984375 0.6870031171875 0.5176501109375 0.6984388390625
0 0.1866194578125 0.7847209140625 0.1940900109375 0.8604067375 0.2112458953125 0.8604067375 0.2009523609375 0.7867606015625 0.1866194578125 0.7847209140625
0 0.6234021015625 0.8552378203125001 0.6749419921875 0.8326978171875 0.670033428125 0.81088489375 0.6209478203125001 0.8388781265624999 0.6234021015625 0.8552378203125001
0 0.65495456875 0.7305813765625 0.7063022703125 0.7352667546875 0.7076657453124999 0.7203612484375 0.655307740625 0.7127267265625 0.65495456875 0.7305813765625
0 0.7384806 0.7080006015625 0.719937153125 0.7676225875 0.732481271875 0.7748935578125 0.7463888671875 0.7127267265625 0.7384806 0.7080006015625
0 0.705622559375 0.6169398296875 0.7020048890624999 0.6729852640625 0.71243413125 0.6745301296874999 0.7132066484374999 0.618399975 0.705622559375 0.6169398296875
0 0.69611900625 0.5971600765625 0.695631465625 0.6513571328125 0.7052881609375 0.652644528125 0.7058675625 0.6081008703124999 0.69611900625 0.5971600765625
0 0.7261466421875 0.70287401875 0.7230564875 0.6284629609375 0.7114684421875 0.62794799375 0.7168762046875 0.7049338374999999 0.7261466421875 0.70287401875
0 0.6909392875 0.5359034203124999 0.6652214843750001 0.5854859859375 0.674717284375 0.5960354609375 0.7000394265625001 0.545925425 0.6909392875 0.5359034203124999
0 0.7123864921874999 0.4610536859375 0.66241501875 0.45362752031250003 0.6639360937500001 0.4648704859375 0.71106511875 0.4766144625 0.7123864921874999 0.4610536859375
0 0.6394906609375 0.4405017203125 0.66569793125 0.4783760609375 0.6740666265625 0.47074247343750003 0.6502818984375 0.4302257265625 0.6394906609375 0.4405017203125
0 0.75775368125 0.38821665 0.722957490625 0.4216870078125 0.7280227499999999 0.43313739218749997 0.7659021687500001 0.40025423125000004 0.75775368125 0.38821665
0 0.6875247234375 0.3281671109375 0.6791319015624999 0.3896846453125 0.6908040515625 0.39262064531249996 0.7013750484375 0.3321391265625 0.6875247234375 0.3281671109375
0 0.7196540546875 0.3421215046875 0.76524148125 0.37852786250000003 0.7676639921875 0.3676646734375 0.7253800015625 0.3312583265625 0.7196540546875 0.3421215046875
0 0.6645967796875001 0.3010053953125 0.705999859375 0.32889735625 0.7119460453124999 0.316566171875 0.671203653125 0.2857382109375 0.6645967796875001 0.3010053953125
0 0.738593746875 0.27691805625 0.7740506578125 0.233171715625 0.7643605546875001 0.2202533296875 0.7291239171874999 0.264880475 0.738593746875 0.27691805625
0 0.7935140984375 0.12587982343749998 0.7588548484375 0.196447434375 0.7678842312499999 0.2040810203125 0.8024602140624999 0.1362595078125 0.7935140984375 0.12587982343749998
0 0.8051029640625 0.1770698578125 0.8282270203125 0.23872576875 0.83681595625 0.23109218281250002 0.8174357828125001 0.163564271875 0.8051029640625 0.1770698578125
0 0.7343080625 0.0849994640625 0.729344125 0.16824969218750002 0.741016290625 0.170011290625 0.75114680625 0.0880970015625 0.7343080625 0.0849994640625
0 0.8737755734375 0.2122216328125 0.8605552296875001 0.140434171875 0.8454736828125 0.145257934375 0.855417590625 0.215620809375 0.8737755734375 0.2122216328125
0 0.7891248890625 0.323402746875 0.818956609375 0.3832281796875 0.8324701125 0.3737105046875 0.7972839984375 0.3087863015625 0.7891248890625 0.323402746875
0 0.8240560374999999 0.37065125 0.8125822984375001 0.43489559843750003 0.8232911218750001 0.438634696875 0.8345099140625001 0.3733705828125 0.8240560374999999 0.37065125
0 0.8500631796875 0.391726115625 0.8281356015625001 0.32884142656250004 0.8227811890625001 0.33597968906250003 0.839099409375 0.3978446265625 0.8500631796875 0.391726115625
0 0.854907659375 0.4097417265625 0.87097089375 0.3645327390625 0.8582223078125001 0.358414228125 0.8454736828125 0.40566271875000004 0.854907659375 0.4097417265625
0 0.8324701125 0.29653519375 0.856692475 0.3611194765625 0.8681662140625 0.3563606265625 0.8419040890625 0.28939693125 0.8324701125 0.29653519375
0 0.848023415625 0.289736853125 0.83043035 0.352621540625 0.8429239890625 0.3628190578125 0.8538877593749999 0.29415578125 0.848023415625 0.289736853125
0 0.8391345265625001 0.540287296875 0.8421590734375 0.5906199671875 0.853377828125 0.59163971875 0.8528678953125001 0.5392924578125 0.8391345265625001 0.540287296875
0 0.8513380640625 0.685839059375 0.803658290625 0.7364867265624999 0.81717179375 0.7477039953125 0.8582223078125001 0.7007954140625 0.8513380640625 0.685839059375
0 0.8597521406249999 0.7337673796875 0.8008536124999999 0.7487237484375 0.8023834453124999 0.760620859375 0.860262071875 0.7538225062499999 0.8597521406249999 0.7337673796875
0 0.8397465468749999 0.812024215625 0.8714808250000001 0.8609105265625001 0.8821896859375 0.853092421875 0.8452187375 0.8024447671875 0.8397465468749999 0.812024215625
0 0.8579673234375 0.841875153125 0.8021284609375 0.8286183796875 0.8005986281249999 0.8422150859374999 0.85516264375 0.8585311140625 0.8579673234375 0.841875153125
0 0.7618428984375 0.7834093921874999 0.7228321859375 0.8275986281250001 0.7360907234375 0.8408554015625 0.77076690625 0.7942867546875 0.7618428984375 0.7834093921874999
