0 0.18639601562500002 0.13669042343749999 0.157073290625 0.176879596875 0.16671105 0.18972655 0.20012197031249998 0.1469033609375 0.18639601562500002 0.13669042343749999
0 0.333765534375 0.27280350000000003 0.2830067046875 0.25738715624999997 0.2746539609375 0.27194704999999997 0.329267953125 0.2916457234375 0.333765534375 0.27280350000000003
0 0.46226903906250005 0.1443339703125 0.46098396406250003 0.19657827187500002 0.48025948281249997 0.192295940625 0.47833193124999995 0.1400516578125 0.46226903906250005 0.1443339703125
0 0.49587770937500003 0.14697434375 0.5490088765625 0.1443339703125 0.5483663390625 0.11949653281249999 0.49118231718749994 0.12463531406249999 0.49587770937500003 0.14697434375
0 0.6016952578125 0.104936659375 0.655024234375 0.130630565625 0.6614493671874999 0.110075440625 0.613903165625 0.089520315625 0.6016952578125 0.104936659375
0 0.6563093078125 0.5425895140625 0.645386475 0.4792112390625 0.627396028125 0.48863231249999994 0.6376762671875 0.5537235671875 0.6563093078125 0.5425895140625
0 0.6601644109375 0.5228908796875 0.7000004078125001 0.5614317390625 0.7051405859375001 0.5460153953125 0.6665895453124999 0.506618046875 0.6601644109375 0.5228908796875
0 0.8241882359374999 0.1172472359375 0.8578771390625001 0.1405080140625 0.8708673984375 0.1189289015625 0.83491176875 0.0937035421875 0.8241882359374999 0.1172472359375
0 0.8248189984375 0.174424690625 0.785709325 0.2400106234375 0.79264816875 0.2559867109375 0.8412198500000001 0.1870373703125 0.8248189984375 0.174424690625
0 0.8096038015625 0.2275893296875 0.8632977921875 0.2332838875 0.858251465625 0.20637682499999999 0.81409535 0.20637682499999999 0.8096038015625 0.2275893296875
0 0.7573233015625 0.37714644218750004 0.80589498125 0.341830940625 0.7995870140625 0.32333231875 0.74912293125 0.362011228125 0.7573233015625 0.37714644218750004
0 0.853835784375 0.35696615625 0.8468970546874999 0.42171121874999995 0.86266703125 0.4267562890625 0.8721290375 0.3578069890625 0.853835784375 0.35696615625
0 0.8285345218750001 0.47495074531250003 0.8513126203124999 0.5436338125 0.8632977921875 0.528498596875 0.8468970546874999 0.46627603281249996 0.8285345218750001 0.47495074531250003
0 0.76489290625 0.5378258796875001 0.739030103125 0.5840723953125 0.74975369375 0.5966850765625 0.7825553421875 0.5521202625 0.76489290625 0.5378258796875001
0 0.7518651046875 0.4875712265625 0.7888633656249999 0.536907075 0.8040025796875 0.5226126546875001 0.7611081046875 0.476366175 0.7518651046875 0.4875712265625
0 0.7548001375 0.5975259078125 0.7667853078125 0.6177061953125 0.7989561375 0.5748230859375 0.788232603125 0.5538019656250001 0.7548001375 0.5975259078125
0 0.681627234375 0.638805325 0.737768521875 0.6312377171875 0.7352453 0.6169433734374999 0.6809964734375 0.6161025015625 0.681627234375 0.638805325
0 0.5264503015625001 0.7043912578125 0.5568786796875 0.6730922890625 0.5510515234375 0.65562224375 0.5125727265625 0.6858926734375 0.5264503015625001 0.7043912578125
0 0.6685699328125 0.7702699890625 0.6854120375 0.849016675 0.704966875 0.8414490671875001 0.6847812765625 0.765772990625 0.6685699328125 0.7702699890625
0 0.8084181453125 0.8061335640625 0.76236974375 0.8288363875 0.7705701125 0.8532208765625 0.8159877515625 0.8263138515625 0.8084181453125 0.8061335640625
0 0.8191417921875 0.8221096515624999 0.8635563562499999 0.779104325 0.853835784375 0.7531603109375 0.809679784375 0.8019293640624999 0.8191417921875 0.8221096515624999
0 0.3466721453125 0.809496971875 0.391459021875 0.7876349421875 0.3813661953125 0.7666138234375001 0.3422565796875 0.7926800140625 0.3466721453125 0.809496971875
0 0.286169375 0.81570371875 0.2514212734375 0.8481758046874999 0.26277568281249997 0.858265946875 0.2981005234375 0.8355631234375 0.286169375 0.81570371875
0 0.2835921 0.5142822234375 0.2413284734375 0.5697780140625001 0.253313675 0.5899582999999999 0.2962081203125 0.5294174390624999 0.2835921 0.5142822234375
0 0.3562130421875 0.5203844765625 0.41606024374999995 0.5218498312500001 0.41606024374999995 0.49998784062499996 0.3567649734375 0.4974653046875 0.3562130421875 0.5203844765625
