0 0.5885246734375 0.119944765625 0.6423906703125 0.1445605328125 0.647339484375 0.13136545625 0.5935623734375 0.10013710468749999 0.5885246734375 0.119944765625
0 0.61071825625 0.3680153984375 0.6118864109375 0.2989194421875 0.5968615749999999 0.2963221390625 0.5955419 0.3671357140625 0.61071825625 0.3680153984375
0 0.5048136234375 0.32227246875 0.48963726718749995 0.2655336359375 0.47743019843749995 0.2765295234375 0.4949159953125 0.328430165625 0.5048136234375 0.32227246875
0 0.466568478125 0.34749074062499996 0.4378396828125 0.2826872359375 0.424642828125 0.2963221390625 0.4520263 0.36141785937500004 0.466568478125 0.34749074062499996
0 0.37482474374999997 0.403220490625 0.33985315312500003 0.341203628125 0.327975996875 0.35527838749999996 0.3629475890625 0.4155359015625 0.37482474374999997 0.403220490625
0 0.371537675 0.4208756375 0.32665629687500003 0.42389277343750004 0.3273161234375 0.44896342031250003 0.37416491875 0.4436853890625 0.371537675 0.4208756375
0 0.7077091359375001 0.49426053437500006 0.6509686234375 0.5035213046875 0.6516284734375 0.5202350625000001 0.7080449468750001 0.5092391765625 0.7077091359375001 0.49426053437500006
0 0.8127470406249999 0.5161912125 0.8314299125 0.45283648593750003 0.8184337625 0.44559040625 0.80350609375 0.5105052421875 0.8127470406249999 0.5161912125
0 0.7473496203125001 0.5422519046875001 0.775549809375 0.49264928125 0.7608556156249999 0.480653890625 0.7366870015625 0.532301453125 0.7473496203125001 0.5422519046875001
0 0.75054840625 0.656938640625 0.73801203125 0.57341238125 0.7238918562500001 0.5763873671875 0.734199065625 0.6597816265625001 0.75054840625 0.656938640625
0 0.678753440625 0.6996030609375 0.681278796875 0.6638443015625 0.6663137359375 0.6621704109375 0.6673799984375 0.70007688125 0.678753440625 0.6996030609375
0 0.83193975625 0.8289981828125 0.811325365625 0.7835104109375 0.8024398328125001 0.79109169375 0.820921725 0.8370533015625 0.83193975625 0.8289981828125
0 0.7949759984375 0.8697476546875 0.8141687140625 0.8072019515625 0.8067048796874999 0.7986729953125 0.7839579671875 0.8650093234374999 0.7949759984375 0.8697476546875
0 0.7509038453125 0.8550588734375 0.7416628984375 0.7735599609375 0.7310002796874999 0.774981453125 0.7384641125 0.8569541859375001 0.7509038453125 0.8550588734375
0 0.6776871796874999 0.8204692250000001 0.728201021875 0.8191142046875 0.72815690625 0.8010421437499999 0.6783980296875 0.8024636359375 0.6776871796874999 0.8204692250000001
0 0.6105126750000001 0.856006546875 0.6446330578125 0.8133617609374999 0.6343258765625001 0.80151598125 0.6016271921875 0.844634603125 0.6105126750000001 0.856006546875
0 0.5404948218750001 0.7745076171874999 0.498910603125 0.8038851296875 0.5038864750000001 0.8176262390625 0.5451153078125001 0.7868272328125 0.5404948218750001 0.7745076171874999
0 0.3172244859375 0.7910896203125 0.3008674546875 0.8405794343749999 0.31963867343749996 0.8467450109374999 0.33405715156250004 0.7995965515625 0.3172244859375 0.7910896203125
0 0.19504134687500002 0.8416674765625001 0.25094446718749996 0.80632640625 0.24482586093749997 0.7887161375 0.1896003875 0.8264348984375 0.19504134687500002 0.8416674765625001
0 0.1702850890625 0.839128721875 0.1908679953125 0.7645340796875 0.175181928125 0.7597017078125 0.15831504999999998 0.8340511859375 0.1702850890625 0.839128721875
0 0.18368494062500001 0.6940095265624999 0.17681420781249998 0.762603146875 0.189328365625 0.76622995625 0.1955854265625 0.6962326296875 0.18368494062500001 0.6940095265624999
0 0.2453939234375 0.7018455890624999 0.2899855953125 0.7386512109375001 0.2970588140625 0.7252320296875 0.25189907968749997 0.6886013109375 0.2453939234375 0.7018455890624999
0 0.15314615 0.6359976296875 0.1556057203125 0.5647145140625 0.142808353125 0.5638242203125 0.1379115125 0.6370856703125 0.15314615 0.6359976296875
0 0.17082916875 0.5895745265625 0.21829421093749998 0.5607964828124999 0.21054800468749998 0.5446021546875001 0.165116190625 0.5703524671875 0.17082916875 0.5895745265625
0 0.1822551265625 0.5696271187499999 0.1849756078125 0.639261753125 0.19585748593750002 0.6363603015625 0.193953146875 0.5678137015625 0.1822551265625 0.5696271187499999
0 0.256523859375 0.5699747546875 0.2581275234375 0.49331928906250005 0.2418333421875 0.4934491859375 0.2418333421875 0.5699747546875 0.256523859375 0.5699747546875
0 0.2891694546875 0.5743269203125 0.3387736546875 0.5729859125 0.338953990625 0.5551048609375 0.2891694546875 0.5554675453125 0.2891694546875 0.5743269203125
0 0.1866234625 0.414958675 0.1615796109375 0.4680315015625 0.1711012296875 0.47564779062499996 0.1988499859375 0.42378449375000005 0.1866234625 0.414958675
0 0.18660788749999999 0.3704404140625 0.15831504999999998 0.30370721093749997 0.1482493125 0.31603835 0.17708626875 0.3766059765625 0.18660788749999999 0.3704404140625
0 0.2600604796875 0.2761284640625 0.20809958437499998 0.2677868203125 0.2061952453125 0.2877342484375 0.2581561390625 0.2957132078125 0.2600604796875 0.2761284640625
0 0.2056511640625 0.2597928171875 0.2450674203125 0.21078574218749999 0.23176764218749998 0.1963237578125 0.192320865625 0.246736321875 0.2056511640625 0.2597928171875
0 0.165116190625 0.2340425109375 0.147116653125 0.1938076109375 0.134646953125 0.2032146703125 0.15369022968749999 0.24347219843749998 0.165116190625 0.2340425109375
0 0.334873290625 0.1556885109375 0.28699309687499996 0.1926819140625 0.295154475 0.2071891359375 0.342490590625 0.1712837734375 0.334873290625 0.1556885109375
0 0.2894414953125 0.1397305828125 0.33922603125 0.11796974375 0.334873290625 0.10056108281250001 0.28454467656250004 0.12449799218749999 0.2894414953125 0.1397305828125
0 0.3044040734375 0.1734598546875 0.273146640625 0.1163176703125 0.2627809390625 0.1299381984375 0.2965147140625 0.1818015015625 0.3044040734375 0.1734598546875
0 0.2415613015625 0.0998357265625 0.2402010609375 0.14009324843749998 0.25271521875 0.14009324843749998 0.2540754390625 0.0998357265625 0.2415613015625 0.0998357265625
0 0.1300975546875 0.12735902968749999 0.160249265625 0.10741254375 0.15402304375 0.09516456718750001 0.1251782890625 0.112454178125 0.1300975546875 0.12735902968749999
0 0.198967146875 0.09039501250000001 0.1356876265625 0.082346396875 0.1350168203125 0.0972512375 0.196507496875 0.1103675078125 0.198967146875 0.09039501250000001
0 0.1517870078125 0.1705830671875 0.1703460046875 0.1005303109375 0.1576006625 0.096655046875 0.1426192828125 0.166409715625 0.1517870078125 0.1705830671875
0 0.12316586562500001 0.1783335828125 0.1739356921875 0.1689567359375 0.1698988109375 0.14584103125 0.1207062484375 0.153889646875 0.12316586562500001 0.1783335828125
