0 0.69765625 0.57578125 0.053125 0.0890625
0 0.3828125 0.79609375 0.0828125 0.04375
0 0.7515625 0.10546875 0.078125 0.046875
0 0.2859375 0.77421875 0.071875 0.025
0 0.82109375 0.77890625 0.05625 0.084375
0 0.809375 0.10546875 0.0328125 0.071875
0 0.81875 0.17265625 0.025 0.0640625
0 0.3484375 0.121875 0.0875 0.06875
0 0.75625 0.51484375 0.046875 0.0921875
0 0.54765625 0.81171875 0.0625 0.05
0 0.74375 0.35859375 0.025 0.13125
0 0.77265625 0.2859375 0.0359375 0.103125
0 0.19296875 0.74921875 0.0328125 0.11875
0 0.18125 0.61796875 0.0296875 0.10625
0 0.47890625 0.72890625 0.04375 0.109375
0 0.1671875 0.48515625 0.03125 0.1109375
0 0.20234375 0.471875 0.03125 0.11875
0 0.8078125 0.45703125 0.028125 0.1203125
0 0.81640625 0.71328125 0.046875 0.05
