0 0.74921875 0.371875 0.08671875 0.053125
0 0.3328125 0.8546875 0.06953125 0.059375
0 0.30390625 0.86484375 0.0453125 0.05625
0 0.76015625 0.425 0.07109375 0.04921875
0 0.68046875 0.40703125 0.04140625 0.08671875
0 0.6390625 0.48671875 0.04296875 0.07890625
0 0.5671875 0.2390625 0.059375 0.02578125
0 0.7828125 0.34609375 0.05703125 0.07265625
0 0.7828125 0.68125 0.05390625 0.09921875
0 0.61796875 0.25625 0.040625 0.0953125
0 0.78203125 0.2203125 0.05703125 0.08359375
0 0.25234375 0.8578125 0.06015625 0.03984375
0 0.18203125 0.76171875 0.02109375 0.1015625
0 0.46953125 0.68515625 0.021875 0.1140625
0 0.5890625 0.6796875 0.03125 0.0890625
0 0.58359375 0.465625 0.0609375 0.0359375
0 0.8015625 0.7734375 0.03203125 0.06484375
0 0.8140625 0.84921875 0.021875 0.10859375
0 0.815625 0.4890625 0.02578125 0.109375
0 0.81875 0.37265625 0.028125 0.1171875
0 0.68125 0.20703125 0.084375 0.03515625
0 0.5484375 0.2140625 0.09609375 0.0328125
0 0.4796875 0.19765625 0.07734375 0.0234375
