0 0.19002669218749998 0.8440053703125001 0.21997140937499998 0.8762023093750001 0.2326500796875 0.8624298046875 0.1969619796875 0.8330066781250001 0.19002669218749998 0.8440053703125001
0 0.2001710765625 0.4630273671875 0.17536129218750002 0.513030765625 0.18569205 0.5261772390624999 0.21339730625 0.47985152031249995 0.2001710765625 0.4630273671875
0 0.234528425 0.20807942031249999 0.21057982343749998 0.251901059375 0.2241976328125 0.2669256265625 0.2519028890625 0.22435605 0.234528425 0.20807942031249999
0 0.25709234531249997 0.1008352625 0.27397318125000003 0.1523633234375 0.289469334375 0.143599 0.271625265625 0.08850891093749999 0.25709234531249997 0.1008352625
0 0.394655325 0.0978992671875 0.341628884375 0.12037259687499999 0.35051477656249996 0.1342086453125 0.3993511515625 0.11417589531250001 0.394655325 0.0978992671875
0 0.5533734828125 0.1417209296875 0.51439833125 0.16050163906249998 0.5214420390625001 0.17364813437499999 0.5590084484375 0.154867425 0.5533734828125 0.1417209296875
0 0.465615809375 0.3014686484375 0.497963040625 0.36395930781249997 0.5078242281249999 0.35394294375 0.4801189375 0.290714540625 0.465615809375 0.3014686484375
0 0.49937178125 0.3245198171875 0.5369381921875 0.3614552265625 0.5421035546875 0.3476827234375 0.5078242281249999 0.31199937499999997 0.49937178125 0.3245198171875
0 0.6149636953125001 0.3007172125 0.6468200109375 0.3508128109375 0.659968284375 0.3389183765625 0.6280368390625 0.2894625234375 0.6149636953125001 0.3007172125
0 0.6829777484374999 0.330806003125 0.6435329921874999 0.379009815625 0.6510462328125 0.3959124546875 0.692369334375 0.3445785296875 0.6829777484374999 0.330806003125
0 0.7618772671875 0.0871689453125 0.710648109375 0.134412990625 0.71991675625 0.1463709484375 0.77164181875 0.10571388906250001 0.7618772671875 0.0871689453125
0 0.84668805625 0.08498675624999999 0.80572659375 0.081797971875 0.804829628125 0.1049166828125 0.84668805625 0.1005321015625 0.84668805625 0.08498675624999999
0 0.8245628953124999 0.10451809375000001 0.8502759234375 0.1403919703125 0.85745165625 0.125643815625 0.832336590625 0.096147521875 0.8245628953124999 0.10451809375000001
0 0.837718390625 0.324992675 0.8601425562499999 0.3684399296875 0.870009190625 0.3516987875 0.8493789578125 0.31343332031250004 0.837718390625 0.324992675
0 0.8697101859374999 0.4003443328125 0.834003678125 0.3785452921875 0.8284497203125 0.3923723640625 0.8658233609374999 0.415889678125 0.8697101859374999 0.4003443328125
0 0.7335290765625 0.34409685625 0.7620741890625 0.399945728125 0.77164181875 0.3907779640625 0.7429388859375 0.334575559375 0.7335290765625 0.34409685625
0 0.7818074546875 0.43382661718750004 0.780895675 0.389549653125 0.7650640921874999 0.3955611484375 0.76356911875 0.42426025 0.7818074546875 0.43382661718750004
0 0.854461753125 0.4609478359375 0.824861853125 0.51196846875 0.835625453125 0.5195418328125 0.8649263921875001 0.4689198171875 0.854461753125 0.4609478359375
0 0.7680539515625 0.56858598125 0.789282190625 0.5259359328125 0.7725387859375 0.51477518125 0.7537024859375 0.5646000046874999 0.7680539515625 0.56858598125
0 0.7191755609375 0.5838005500000001 0.7348661859375001 0.6455320515625 0.7495166546875 0.6395530734375 0.730979359375 0.578168865625 0.7191755609375 0.5838005500000001
0 0.8508690578125 0.5895419562499999 0.8499769203125 0.6503152359375 0.8640294265625 0.6515110328125 0.8667203265625 0.5901268234375 0.8508690578125 0.5895419562499999
0 0.8126033234375001 0.6862056 0.8634314203125 0.7204850921875 0.8691122234374999 0.7017509765625001 0.8191810953124999 0.6694644734375 0.8126033234375001 0.6862056
0 0.7566923890624999 0.7093408578125 0.8072215249999999 0.7125296421875 0.807520528125 0.6965856921875 0.755795421875 0.6906067265625 0.7566923890624999 0.7093408578125
0 0.815702946875 0.7440814640625 0.8126033234375001 0.8014336562500001 0.824861853125 0.802230834375 0.8290477265625 0.7480214453125 0.815702946875 0.7440814640625
0 0.8093144609375 0.7842939109375 0.7985508171875 0.841293509375 0.8137992953125 0.8456781046874999 0.8158921875 0.7890770953125 0.8093144609375 0.7842939109375
0 0.7255975593749999 0.8253495734375 0.7946639906249999 0.8309299640625 0.7979528546875 0.8102028171875 0.7267934859375 0.814986 0.7255975593749999 0.8253495734375
0 0.60749694375 0.86401363125 0.6413077453125 0.8278102984375 0.6341069625 0.8189720062499999 0.60151718125 0.8508598765625001 0.60749694375 0.86401363125
0 0.6305426093750001 0.7043700734375 0.6006202140625 0.7376413390625001 0.6113838140625 0.7488021203125 0.6409837140625 0.717711428125 0.6305426093750001 0.7043700734375
0 0.528862871875 0.7025646703125 0.51451140625 0.7468091171875 0.5240790468750001 0.75398389375 0.5408224296874999 0.7117324484374999 0.528862871875 0.7025646703125
0 0.41938929375 0.71479568125 0.46742073125 0.7172820203125 0.468340975 0.7013332484375 0.41987476875 0.700924315625 0.41938929375 0.71479568125
