0 0.5578125 0.37890625 0.0484375 0.05625
0 0.78984375 0.78515625 0.0578125 0.05703125
0 0.70078125 0.63046875 0.05859375 0.04375
0 0.8328125 0.12578125 0.0578125 0.07109375
0 0.36484375 0.81171875 0.05546875 0.06328125
0 0.58125 0.284375 0.046875 0.05625
0 0.66484375 0.2109375 0.03046875 0.0671875
0 0.22890625 0.7390625 0.046875 0.065625
0 0.8 0.3078125 0.05 0.04765625
0 0.83046875 0.81328125 0.06328125 0.03046875
0 0.78125 0.29140625 0.034375 0.059375
0 0.825 0.55390625 0.053125 0.040625
0 0.365625 0.57578125 0.04140625 0.06640625
0 0.85625 0.40390625 0.05 0.04453125
0 0.76953125 0.71328125 0.06640625 0.0390625
0 0.83125 0.3421875 0.05234375 0.034375
0 0.80859375 0.60859375 0.040625 0.04609375
0 0.83125 0.76875 0.03671875 0.04765625
0 0.31328125 0.584375 0.02578125 0.0578125
0 0.6015625 0.6359375 0.03828125 0.05859375
0 0.62109375 0.61015625 0.034375 0.0265625
0 0.39140625 0.40625 0.05390625 0.040625
0 0.72109375 0.2109375 0.05 0.0671875
0 0.690625 0.3265625 0.06171875 0.04453125
0 0.76015625 0.4390625 0.0359375 0.078125
0 0.68359375 0.8265625 0.05 0.021875
0 0.45703125 0.54375 0.02734375 0.06484375
0 0.4609375 0.74140625 0.053125 0.02890625
0 0.72421875 0.5 0.05546875 0.0328125
0 0.19765625 0.7484375 0.025 0.05859375
0 0.846875 0.1921875 0.01953125 0.07109375
0 0.48671875 0.81953125 0.02421875 0.0828125
0 0.55078125 0.4765625 0.025 0.0703125
0 0.7546875 0.63515625 0.0609375 0.01875
0 0.8421875 0.49765625 0.021875 0.06953125
0 0.32734375 0.47421875 0.01796875 0.071875
0 0.28984375 0.746875 0.05234375 0.0203125
0 0.48203125 0.75234375 0.0546875 0.02890625
0 0.65859375 0.6703125 0.0171875 0.034375
0 0.30859375 0.15546875 0.0203125 0.06328125
0 0.7703125 0.12578125 0.06015625 0.0203125
0 0.83125 0.20859375 0.02578125 0.05546875
0 0.846875 0.26875 0.02109375 0.0765625
0 0.6046875 0.528125 0.015625 0.0453125
0 0.803125 0.58125 0.01640625 0.03203125
0 0.6109375 0.484375 0.01484375 0.053125
0 0.7859375 0.834375 0.04296875 0.01171875
0 0.775 0.821875 0.04609375 0.015625
0 0.1806962140625 0.8285451125 0.2243732234375 0.873502921875 0.22983466875 0.8640658640625001 0.1845249109375 0.8171502859374999 0.1806962140625 0.8285451125
0 0.21226240624999998 0.8099291515625 0.17825435781250001 0.8354851140624999 0.1867499375 0.8573251234375 0.2213390875 0.8303621531250001 0.21226240624999998 0.8099291515625
