0 0.2125 0.12734375 0.04609375 0.090625
0 0.29296875 0.11328125 0.08984375 0.0375
0 0.29375 0.15703125 0.07890625 0.04609375
0 0.2515625 0.2484375 0.05234375 0.0875
0 0.1890625 0.3328125 0.02734375 0.10703125
0 0.31015625 0.33984375 0.03203125 0.078125
0 0.328125 0.2796875 0.0390625 0.08515625
0 0.3875 0.2859375 0.0703125 0.03046875
0 0.47421875 0.30390625 0.1015625 0.034375
0 0.38125 0.40859375 0.0390625 0.11015625
0 0.43671875 0.40703125 0.0828125 0.05546875
0 0.54140625 0.3953125 0.09921875 0.03984375
0 0.52734375 0.48828125 0.07421875 0.11953125
0 0.3671875 0.50859375 0.1015625 0.03671875
0 0.27890625 0.49140625 0.0890625 0.04765625
0 0.184375 0.609375 0.03203125 0.14375
0 0.22578125 0.7140625 0.04921875 0.08984375
0 0.25 0.81171875 0.10703125 0.03671875
0 0.38671875 0.74453125 0.1 0.03125
0 0.37109375 0.8046875 0.0828125 0.04140625
0 0.45 0.81875 0.07578125 0.040625
0 0.5109375 0.8328125 0.0859375 0.04140625
0 0.50703125 0.78671875 0.0578125 0.04921875
0 0.5609375 0.75078125 0.07265625 0.065625
0 0.82265625 0.8625 0.0546875 0.1015625
0 0.84375 0.7984375 0.04140625 0.1296875
0 0.74609375 0.696875 0.0734375 0.07265625
0 0.67109375 0.62265625 0.0359375 0.14296875
0 0.63515625 0.60625 0.0578125 0.13046875
0 0.76015625 0.51484375 0.08125 0.07890625
0 0.8171875 0.64140625 0.04453125 0.09921875
0 0.84375 0.60703125 0.03125 0.0984375
0 0.83671875 0.51171875 0.02578125 0.109375
0 0.8125 0.4765625 0.03125 0.11484375
0 0.8359375 0.296875 0.0375 0.12265625
0 0.7421875 0.28671875 0.09609375 0.0375
0 0.7890625 0.2203125 0.0484375 0.06953125
0 0.8703125 0.20078125 0.02578125 0.0890625
0 0.834375 0.15546875 0.04765625 0.08203125
0 0.715625 0.22734375 0.05625 0.0671875
0 0.778125 0.16953125 0.04921875 0.02578125
0 0.72734375 0.1578125 0.05703125 0.03203125
0 0.7859375 0.13984375 0.05546875 0.0359375
0 0.67578125 0.1609375 0.0390625 0.07890625
0 0.6484375 0.25625 0.0359375 0.10625
0 0.61171875 0.2140625 0.04296875 0.0578125
0 0.5734375 0.2546875 0.05859375 0.0890625
0 0.61015625 0.1578125 0.08203125 0.04921875
0 0.5453125 0.1375 0.03359375 0.06953125
0 0.4953125 0.1203125 0.07109375 0.07578125
