0 0.6984375 0.103125 0.015625 0.0421875
0 0.77890625 0.13125 0.01328125 0.078125
0 0.81328125 0.12109375 0.059375 0.02265625
0 0.78046875 0.328125 0.034375 0.0203125
0 0.853125 0.3234375 0.015625 0.05234375
0 0.8640625 0.7140625 0.03828125 0.01953125
0 0.721875 0.7 0.02109375 0.06875
0 0.8515625 0.78515625 0.01796875 0.071875
0 0.8578125 0.84765625 0.0140625 0.04375
0 0.5926603921875 0.793050928125 0.5456700296875 0.8381029265625 0.5555838359374999 0.8539905734375 0.603834175 0.809978615625 0.5926603921875 0.793050928125
