0 0.409375 0.6515625 0.06953125 0.075
0 0.434375 0.3859375 0.08203125 0.05078125
0 0.55625 0.3515625 0.0734375 0.06328125
0 0.6625 0.73671875 0.084375 0.053125
0 0.64765625 0.31484375 0.08203125 0.04921875
0 0.73203125 0.64375 0.0546875 0.07109375
0 0.72890625 0.565625 0.0609375 0.08046875
0 0.37890625 0.26484375 0.07109375 0.05546875
0 0.5296875 0.5484375 0.0671875 0.090625
0 0.7 0.57421875 0.08671875 0.0765625
0 0.79140625 0.7625 0.08046875 0.0640625
0 0.79921875 0.20078125 0.078125 0.02421875
0 0.24453125 0.2015625 0.05 0.05390625
0 0.3921875 0.884375 0.08359375 0.034375
0 0.40859375 0.19921875 0.05703125 0.0359375
0 0.7484375 0.9015625 0.078125 0.03515625
0 0.71484375 0.33671875 0.04609375 0.096875
0 0.596875 0.609375 0.05078125 0.08671875
0 0.49375 0.23125 0.065625 0.03984375
0 0.275 0.225 0.08203125 0.0421875
0 0.4515625 0.203125 0.04296875 0.04765625
0 0.50859375 0.325 0.03359375 0.03984375
0 0.62734375 0.565625 0.090625 0.07578125
0 0.19609375 0.25546875 0.046875 0.0890625
0 0.3234375 0.3796875 0.03203125 0.071875
0 0.35234375 0.31171875 0.05078125 0.075
0 0.6125 0.18984375 0.0640625 0.03671875
0 0.5546875 0.19765625 0.046875 0.065625
0 0.5703125 0.24375 0.06640625 0.03671875
0 0.5390625 0.28203125 0.03046875 0.046875
0 0.49921875 0.39765625 0.02890625 0.0921875
0 0.76484375 0.55078125 0.03359375 0.1203125
0 0.65 0.20703125 0.0484375 0.03125
0 0.7015625 0.16796875 0.02890625 0.03203125
0 0.703125 0.24453125 0.03984375 0.078125
0 0.69140625 0.203125 0.03125 0.0484375
0 0.734375 0.19765625 0.05234375 0.02734375
0 0.20234375 0.875 0.03125 0.05234375
0 0.24765625 0.8484375 0.0765625 0.03515625
