0 0.49765625 0.41015625 0.01796875 0.07109375
0 0.696875 0.1015625 0.01328125 0.0390625
0 0.7109375 0.140625 0.059375 0.0359375
0 0.790625 0.33046875 0.025 0.0171875
0 0.8609375 0.30859375 0.01484375 0.04765625
0 0.81889095625 0.3573210390625 0.8551033453124999 0.4029982296875 0.8646697984375 0.3924134515625 0.826902265625 0.3474036078125 0.81889095625 0.3573210390625
0 0.8512222828124999 0.5679387640625 0.8306217671875 0.626696215625 0.8440693250000001 0.6331648734375 0.86152251875 0.5755675453125 0.8512222828124999 0.5679387640625
0 0.76796875 0.64453125 0.0421875 0.01875
0 0.78984375 0.7296875 0.01328125 0.05
0 0.85859375 0.84453125 0.01328125 0.040625
