0 0.3296875 0.83125 0.046875 0.021875
0 0.4671875 0.67421875 0.053125 0.0171875
0 0.6390625 0.671875 0.05 0.021875
0 0.378125 0.1578125 0.0421875 0.025
0 0.6625 0.25390625 0.046875 0.021875
0 0.86875 0.53359375 0.0171875 0.071875
0 0.8015625 0.31953125 0.015625 0.065625
0 0.83515625 0.37578125 0.0453125 0.01875
0 0.80078125 0.16875 0.053125 0.021875
0 0.8052357875 0.2181653484375 0.8479764796874999 0.2489204359375 0.8517588890625 0.23631589687500001 0.8124222890624999 0.203039890625 0.8052357875 0.2181653484375
0 0.828125 0.2609375 0.015625 0.04375
0 0.8609375 0.87578125 0.0296875 0.01875
0 0.7480198109375 0.8634021828125 0.768296 0.9192289265625 0.7852855828124999 0.910748228125 0.7579185625 0.854088203125 0.7480198109375 0.8634021828125
0 0.7229819171874999 0.7376634703125 0.744526146875 0.776471690625 0.7602476375 0.758619921875 0.72647558125 0.7275733015625 0.7229819171874999 0.7376634703125
0 0.497640553125 0.515608278125 0.533159440625 0.5474310515624999 0.5448050234374999 0.5326839296875 0.5075392515625 0.497756509375 0.497640553125 0.515608278125
0 0.7211148203125 0.362374496875 0.7748045890624999 0.3866209 0.77888055 0.3656644484375 0.7258932859375 0.3392748546875 0.7211148203125 0.362374496875
0 0.6350580078125 0.1420569515625 0.6478681296875 0.17465587656249998 0.6630073234375 0.1684465453125 0.6443744640625 0.13351912500000002 0.6350580078125 0.1420569515625
0 0.8487329750000001 0.25547479375000004 0.8733183578125001 0.1879144328125 0.855919440625 0.18186425 0.841924721875 0.247912065625 0.8487329750000001 0.25547479375000004
0 0.8071269578125 0.2494246109375 0.7720646125 0.28916830625 0.7795157296874999 0.30790972031249997 0.8116657937499999 0.2625333484375 0.8071269578125 0.2494246109375
0 0.182227621875 0.1308566265625 0.20661641875 0.189501809375 0.2228756296875 0.179302634375 0.1932264765625 0.1219323859375 0.182227621875 0.1308566265625
