0 0.2203125 0.853125 0.1 0.046875
0 0.28359375 0.88515625 0.0515625 0.040625
0 0.3203125 0.8515625 0.0359375 0.128125
0 0.36953125 0.84765625 0.0671875 0.0703125
0 0.546875 0.87109375 0.115625 0.04375
0 0.4046875 0.66015625 0.065625 0.06875
0 0.409375 0.72265625 0.0828125 0.0390625
0 0.29296875 0.69609375 0.1125 0.03125
0 0.2453125 0.6078125 0.0375 0.115625
0 0.33984375 0.5984375 0.103125 0.0375
0 0.5171875 0.6359375 0.046875 0.10625
0 0.5609375 0.6328125 0.0390625 0.1171875
0 0.60234375 0.5984375 0.040625 0.096875
0 0.59140625 0.49296875 0.034375 0.1140625
0 0.6328125 0.56171875 0.0328125 0.125
0 0.43671875 0.54296875 0.06875 0.0890625
0 0.378125 0.490625 0.059375 0.0640625
0 0.22578125 0.32578125 0.0390625 0.109375
0 0.17734375 0.2203125 0.040625 0.1390625
0 0.51796875 0.13515625 0.0859375 0.0453125
0 0.5078125 0.1859375 0.096875 0.028125
0 0.50234375 0.2140625 0.096875 0.053125
0 0.58125 0.16953125 0.071875 0.034375
0 0.6171875 0.2234375 0.09375 0.04375
0 0.6515625 0.28203125 0.06875 0.059375
0 0.74296875 0.2859375 0.075 0.053125
0 0.8 0.2390625 0.0359375 0.128125
0 0.8359375 0.20703125 0.034375 0.140625
0 0.72578125 0.3515625 0.03125 0.115625
0 0.7625 0.37109375 0.040625 0.084375
0 0.81875 0.39765625 0.0671875 0.08125
0 0.83984375 0.5046875 0.0390625 0.1296875
0 0.78984375 0.5703125 0.0625 0.1109375
0 0.7421875 0.7015625 0.0875 0.08125
0 0.834375 0.7359375 0.040625 0.121875
0 0.69140625 0.74921875 0.0734375 0.078125
0 0.7046875 0.81484375 0.06875 0.053125
0 0.65390625 0.85 0.075 0.0375
0 0.73671875 0.86171875 0.096875 0.05
0 0.64921875 0.39609375 0.11875 0.046875
