0 0.37631442187499997 0.1354421484375 0.3971662671875 0.1162818578125 0.386026815625 0.10345270312499999 0.3660307265625 0.12173238593749999 0.37631442187499997 0.1354421484375
0 0.29500031875 0.13639506562499998 0.271763525 0.1042143515625 0.260337225 0.120209075 0.28318990781250003 0.150675209375 0.29500031875 0.13639506562499998
0 0.191207915625 0.12173238593749999 0.138075490625 0.0821264109375 0.13064835 0.10345270312499999 0.17635371718749998 0.14001207031250001 0.191207915625 0.12173238593749999
0 0.2443403375 0.3319487484375 0.2140605984375 0.3090991421875 0.20434824687500003 0.32814048906250004 0.2346279875 0.34337355 0.2443403375 0.3319487484375
0 0.18720875625 0.6039221640625 0.168355315625 0.6793258578125 0.18263817031250001 0.6838957796875 0.19863505625 0.6183935609375 0.18720875625 0.6039221640625
0 0.15521498281249999 0.6191552234375 0.1272204515625 0.6618078109375001 0.14721658124999998 0.667139365625 0.168355315625 0.6328649859375 0.15521498281249999 0.6191552234375
0 0.1449312875 0.7067769453125 0.116365496875 0.6945904796875 0.1072244078125 0.7182017484375 0.1455026328125 0.723533303125 0.1449312875 0.7067769453125
0 0.26825889687500004 0.746190925 0.2351993328125 0.6770724593749999 0.2197737890625 0.6930671828125 0.2551953765625 0.756284384375 0.26825889687500004 0.746190925
0 0.346605984375 0.763139265625 0.314612253125 0.7585693453125 0.3094704046875 0.7776107203125 0.34432073281250003 0.782180640625 0.346605984375 0.763139265625
0 0.152929690625 0.8712940984375 0.17500675625 0.8330434078125 0.160928175 0.8217866031250001 0.14150338906249998 0.86215425625 0.152929690625 0.8712940984375
