0 0.47109375 0.82421875 0.028125 0.0703125
0 0.821875 0.61171875 0.021875 0.071875
0 0.8578125 0.71328125 0.03125 0.0203125
0 0.85859375 0.84921875 0.0203125 0.03125
0 0.732925365625 0.8124906390625 0.7698541421875 0.8531603265625 0.77908630625 0.8365713828124999 0.7453687640625 0.79697194375 0.732925365625 0.8124906390625
0 0.7951422984375001 0.3147110859375 0.7698541421875 0.3403972109375 0.774670934375 0.349494375 0.8023674859375 0.32915953125 0.7951422984375001 0.3147110859375
0 0.7790729484375001 0.25898132500000004 0.7939381 0.3109651859375 0.8051773000000001 0.3072192859375 0.7927339015625 0.2515660171875 0.7790729484375001 0.25898132500000004
0 0.840099040625 0.212501684375 0.8161757390625001 0.2663360734375 0.8340780515624999 0.27725213437499996 0.8543087140625 0.2256663765625 0.840099040625 0.212501684375
0 0.8430695140625 0.2572389 0.8715685499999999 0.28338988593750003 0.8828080453125 0.267406321875 0.853104515625 0.23636892187499997 0.8430695140625 0.2572389
0 0.6984375 0.10234375 0.01875 0.040625
