0 0.6171875 0.171875 0.053125 0.0484375
0 0.44765625 0.790625 0.034375 0.0390625
0 0.7421875 0.1609375 0.04375 0.0515625
0 0.3796875 0.803125 0.059375 0.0375
0 0.125 0.51484375 0.0375 0.053125
0 0.56328125 0.2890625 0.0421875 0.04375
0 0.26796875 0.15390625 0.078125 0.021875
0 0.57734375 0.24296875 0.0578125 0.04375
0 0.1984375 0.196875 0.05625 0.034375
0 0.82734375 0.17265625 0.034375 0.05
0 0.45 0.1546875 0.0625 0.034375
0 0.271875 0.17578125 0.08125 0.021875
0 0.68203125 0.790625 0.071875 0.0296875
0 0.43984375 0.75625 0.0625 0.028125
0 0.15390625 0.290625 0.03125 0.05
0 0.61484375 0.2328125 0.028125 0.0625
0 0.2609375 0.29296875 0.078125 0.01875
0 0.765625 0.22421875 0.078125 0.025
0 0.73984375 0.34921875 0.0234375 0.05
0 0.77578125 0.2015625 0.078125 0.01875
0 0.84765625 0.77578125 0.0375 0.046875
0 0.715625 0.18046875 0.046875 0.0390625
0 0.32734375 0.240625 0.0453125 0.028125
0 0.36484375 0.1890625 0.021875 0.040625
0 0.3828125 0.14609375 0.071875 0.021875
0 0.603125 0.63515625 0.034375 0.04375
0 0.67265625 0.2640625 0.065625 0.0203125
0 0.67265625 0.24375 0.075 0.01875
0 0.64375 0.390625 0.065625 0.01875
0 0.80703125 0.1921875 0.08125 0.0203125
0 0.196875 0.24375 0.05 0.015625
0 0.646875 0.64765625 0.0453125 0.0171875
0 0.39453125 0.165625 0.0171875 0.040625
0 0.0851460703125 0.1636511515625 0.12328663124999999 0.2066461 0.1331749203125 0.20177474687500002 0.0976701359375 0.1567462125 0.0851460703125 0.1636511515625
0 0.1238516671875 0.23968655 0.1133983359375 0.181653959375 0.0970120203125 0.1831365421875 0.1125329078125 0.2419213171875 0.1238516671875 0.23968655
0 0.089948953125 0.23100284375000002 0.154081596875 0.231638221875 0.1569068125 0.22104834687500002 0.0913615734375 0.21702418125 0.089948953125 0.23100284375000002
0 0.1198963609375 0.2634078828125 0.1156585265625 0.332030375 0.1314797796875 0.332030375 0.1350176109375 0.26450129375000003 0.1198963609375 0.2634078828125
0 0.185597984375 0.318354078125 0.19790866875 0.366684396875 0.224473809375 0.36304141562500003 0.20633175937499998 0.3132538984375 0.185597984375 0.318354078125
0 0.2098953828125 0.343854996875 0.261729809375 0.33486895781250003 0.261729809375 0.320296996875 0.2047119453125 0.3304973578125 0.2098953828125 0.343854996875
0 0.36992234218750003 0.65107970625 0.33170650468749996 0.608105990625 0.32133362656250003 0.612607990625 0.357638684375 0.65906053125 0.36992234218750003 0.65107970625
0 0.3216066015625 0.6385968484375 0.37401689843749997 0.68586793125 0.3876654421875 0.6764546515625 0.33197946875 0.63204848125 0.3216066015625 0.6385968484375
0 0.6409141734375 0.6979683984375 0.6139388359375 0.7090796687500001 0.6234955046875 0.7198173 0.64624995 0.7075240921875 0.6409141734375 0.6979683984375
0 0.8342565078125 0.2836876265625 0.81477658125 0.30131247031249997 0.8233127984375 0.312525453125 0.8456757765624999 0.2907375640625 0.8342565078125 0.2836876265625
0 0.8245165453125001 0.45565588593750006 0.8450040578125 0.5128107796875 0.8604536546875 0.5082786687499999 0.8355999468749999 0.4536416015625 0.8245165453125001 0.45565588593750006
0 0.8231730921875 0.470762890625 0.876910865625 0.46623079062499995 0.8738881078125 0.4508719859375 0.8196884390625 0.458972246875 0.8231730921875 0.470762890625
