0 0.2640625 0.16484375 0.08046875 0.0421875
0 0.25625 0.11796875 0.0703125 0.02734375
0 0.23828125 0.21484375 0.03515625 0.0671875
0 0.20859375 0.178125 0.01796875 0.10546875
0 0.18828125 0.190625 0.02578125 0.13046875
0 0.2203125 0.40078125 0.10625 0.025
0 0.23671875 0.44375 0.046875 0.06171875
0 0.196875 0.5046875 0.021875 0.1234375
0 0.22421875 0.5203125 0.02890625 0.109375
0 0.28203125 0.55546875 0.0546875 0.06953125
0 0.3484375 0.509375 0.05 0.1125
0 0.3546875 0.6375 0.04921875 0.12734375
0 0.190625 0.77109375 0.03203125 0.13203125
0 0.58984375 0.74609375 0.025 0.1515625
0 0.66171875 0.825 0.0921875 0.06640625
0 0.8 0.84296875 0.1015625 0.07109375
0 0.80078125 0.7328125 0.03515625 0.06875
0 0.7625 0.74921875 0.05703125 0.05
0 0.734375 0.69375 0.0984375 0.06015625
0 0.8328125 0.6890625 0.04296875 0.07421875
0 0.80390625 0.6375 0.03828125 0.0625
0 0.79609375 0.5609375 0.06484375 0.08984375
0 0.62265625 0.57421875 0.034375 0.11796875
0 0.5671875 0.53125 0.06796875 0.05078125
0 0.65390625 0.4921875 0.1125 0.0421875
0 0.6078125 0.46015625 0.06640625 0.06015625
0 0.54375 0.446875 0.04375 0.096875
0 0.665625 0.3046875 0.0828125 0.0625
0 0.828125 0.2515625 0.05078125 0.12578125
0 0.73828125 0.2375 0.07734375 0.06015625
0 0.64375 0.234375 0.0875 0.05625
0 0.55390625 0.253125 0.096875 0.06640625
0 0.69375 0.178125 0.09140625 0.03828125
0 0.7453125 0.17890625 0.03671875 0.04609375
0 0.78984375 0.18125 0.06484375 0.0265625
0 0.8390625 0.15703125 0.08046875 0.03671875
0 0.60390625 0.11640625 0.05859375 0.06875
0 0.53828125 0.11484375 0.07890625 0.03515625
0 0.4875 0.17265625 0.1015625 0.0359375
0 0.49609375 0.13046875 0.07890625 0.034375
