0 0.39375 0.2984375 0.0859375 0.0765625
0 0.74609375 0.79375 0.08125 0.07578125
0 0.2828125 0.33828125 0.05859375 0.078125
0 0.35234375 0.2359375 0.06484375 0.05625
0 0.36953125 0.55859375 0.0875 0.0421875
0 0.76796875 0.24296875 0.05703125 0.06875
0 0.19453125 0.6796875 0.0828125 0.03359375
0 0.2328125 0.19140625 0.08046875 0.03671875
0 0.66953125 0.19609375 0.06015625 0.046875
0 0.1796875 0.85859375 0.053125 0.0875
0 0.82265625 0.44453125 0.04296875 0.0953125
0 0.5859375 0.28203125 0.08125 0.034375
0 0.29453125 0.22265625 0.05078125 0.0484375
0 0.7359375 0.19453125 0.08515625 0.03515625
0 0.284375 0.7984375 0.04375 0.07890625
0 0.17265625 0.3890625 0.0625 0.02109375
0 0.16953125 0.3328125 0.02734375 0.09765625
0 0.1796875 0.45 0.02109375 0.0921875
0 0.1875 0.60703125 0.0328125 0.0828125
0 0.47109375 0.5296875 0.06171875 0.0296875
0 0.5296875 0.5203125 0.06953125 0.0515625
0 0.803125 0.89453125 0.046875 0.05625
0 0.759375 0.58359375 0.0296875 0.10234375
0 0.803125 0.553125 0.0359375 0.0984375
0 0.67890625 0.30078125 0.0375 0.125
0 0.784375 0.33828125 0.0421875 0.0375
0 0.82421875 0.31484375 0.028125 0.0875
0 0.82890625 0.27734375 0.025 0.109375
0 0.8265625 0.203125 0.0421875 0.03359375
