0 0.646875 0.31953125 0.06640625 0.090625
0 0.6625 0.35078125 0.0578125 0.0890625
0 0.51953125 0.28203125 0.08515625 0.0484375
0 0.7828125 0.8109375 0.0515625 0.09453125
0 0.63984375 0.60390625 0.075 0.0609375
0 0.5296875 0.7265625 0.06953125 0.04609375
0 0.6171875 0.421875 0.07265625 0.0796875
0 0.753125 0.3328125 0.071875 0.04609375
0 0.80625 0.18984375 0.08515625 0.04296875
0 0.8296875 0.61796875 0.04921875 0.06484375
0 0.6625 0.23984375 0.06015625 0.04921875
0 0.1640625 0.24375 0.05625 0.08359375
0 0.734375 0.19609375 0.0859375 0.03125
0 0.7125 0.59921875 0.03046875 0.0875
0 0.73828125 0.53359375 0.07265625 0.05
0 0.803125 0.2203125 0.03984375 0.06171875
0 0.790625 0.728125 0.03359375 0.07421875
0 0.41875 0.53828125 0.08828125 0.06015625
0 0.35625 0.31796875 0.04921875 0.096875
0 0.64296875 0.7515625 0.08515625 0.03359375
0 0.69453125 0.65703125 0.03359375 0.08828125
0 0.68359375 0.21796875 0.059375 0.02734375
0 0.72578125 0.22890625 0.04609375 0.0578125
0 0.17421875 0.46328125 0.05234375 0.08671875
0 0.2484375 0.3734375 0.07734375 0.021875
0 0.83203125 0.57734375 0.0484375 0.0375
0 0.28828125 0.2171875 0.078125 0.021875
0 0.184375 0.340625 0.03984375 0.06640625
0 0.490625 0.65703125 0.084375 0.03359375
0 0.165625 0.753125 0.01796875 0.0578125
0 0.1828125 0.74296875 0.02265625 0.0625
0 0.16328125 0.8328125 0.02421875 0.08125
0 0.1859375 0.85703125 0.021875 0.071875
0 0.21328125 0.840625 0.0390625 0.0375
0 0.23125 0.86171875 0.04921875 0.0375
0 0.28046875 0.88828125 0.0515625 0.0703125
0 0.73203125 0.9046875 0.04609375 0.0625
0 0.83046875 0.740625 0.025 0.08125
0 0.81484375 0.67890625 0.08046875 0.03125
0 0.75 0.62421875 0.02265625 0.10390625
0 0.7890625 0.490625 0.03125 0.08046875
0 0.8140625 0.45546875 0.015625 0.103125
0 0.82734375 0.4796875 0.015625 0.084375
0 0.8390625 0.475 0.02265625 0.0375
0 0.79921875 0.40234375 0.02578125 0.0578125
0 0.78125 0.36015625 0.02265625 0.07890625
0 0.821875 0.35078125 0.03046875 0.04296875
0 0.8109375 0.2984375 0.02265625 0.07578125
0 0.8421875 0.28046875 0.0265625 0.04921875
0 0.828125 0.2359375 0.0265625 0.0484375
