0 0.19765625 0.14375 0.0265625 0.11015625
0 0.228125 0.134375 0.0265625 0.10234375
0 0.18671875 0.2375 0.03125 0.0828125
0 0.23984375 0.24140625 0.084375 0.0421875
0 0.29453125 0.18671875 0.0953125 0.0375
0 0.30078125 0.3140625 0.034375 0.1015625
0 0.19140625 0.37109375 0.03125 0.08984375
0 0.19140625 0.43203125 0.0421875 0.04375
0 0.24453125 0.4078125 0.03828125 0.09375
0 0.35078125 0.4234375 0.0515625 0.1328125
0 0.35 0.63671875 0.0453125 0.1390625
0 0.19140625 0.76796875 0.03671875 0.125
0 0.46484375 0.8265625 0.09296875 0.05234375
0 0.58828125 0.7390625 0.02578125 0.14921875
0 0.81484375 0.8421875 0.084375 0.075
0 0.7359375 0.7875 0.0875 0.046875
0 0.79609375 0.746875 0.096875 0.07109375
0 0.771875 0.64765625 0.0453125 0.12734375
0 0.8296875 0.57890625 0.03671875 0.1375
0 0.8234375 0.4609375 0.04609375 0.10859375
0 0.7796875 0.47578125 0.0453125 0.0796875
0 0.84765625 0.34453125 0.04375 0.134375
0 0.78515625 0.275 0.07734375 0.11171875
0 0.6640625 0.4546875 0.09765625 0.0796875
0 0.59921875 0.53125 0.11484375 0.05390625
0 0.5796875 0.4625 0.06875 0.0546875
0 0.52265625 0.35859375 0.09765625 0.05859375
0 0.496875 0.30625 0.0984375 0.04609375
0 0.48671875 0.2578125 0.09765625 0.04921875
0 0.67890625 0.21953125 0.0640625 0.05078125
0 0.75625 0.14375 0.096875 0.04453125
0 0.6296875 0.16484375 0.04296875 0.053125
0 0.66328125 0.1453125 0.0546875 0.059375
0 0.57265625 0.13359375 0.0734375 0.07890625
0 0.49765625 0.16796875 0.0671875 0.03984375
0 0.4921875 0.11875 0.06875 0.0578125
0 0.40703125 0.17421875 0.071875 0.03515625
0 0.41171875 0.1375 0.08984375 0.021875
0 0.43046875 0.11015625 0.0484375 0.028125
0 0.37109375 0.09921875 0.07421875 0.04296875
