0 0.696875 0.446875 0.0609375 0.0796875
0 0.7609375 0.35390625 0.0453125 0.03984375
0 0.6765625 0.4859375 0.0671875 0.0625
0 0.48984375 0.38203125 0.06640625 0.08046875
0 0.7484375 0.32421875 0.053125 0.0453125
0 0.35546875 0.32109375 0.0609375 0.0953125
0 0.75078125 0.20234375 0.0453125 0.04453125
0 0.60234375 0.34609375 0.0875 0.05625
0 0.4171875 0.20625 0.09375 0.0390625
0 0.63359375 0.60078125 0.071875 0.06953125
0 0.475 0.79296875 0.0703125 0.040625
0 0.3640625 0.56640625 0.06015625 0.08984375
0 0.82265625 0.42421875 0.03515625 0.05
0 0.61171875 0.4171875 0.08125 0.0390625
0 0.69375 0.2984375 0.05390625 0.08046875
0 0.784375 0.9 0.04609375 0.03125
0 0.73359375 0.89453125 0.0390625 0.09453125
0 0.2515625 0.37265625 0.065625 0.02421875
0 0.30703125 0.5765625 0.05390625 0.096875
0 0.82421875 0.31875 0.03203125 0.09921875
0 0.69453125 0.2484375 0.075 0.04140625
0 0.73046875 0.5140625 0.0359375 0.059375
0 0.15859375 0.22421875 0.01484375 0.071875
0 0.18984375 0.20703125 0.0515625 0.06328125
0 0.17109375 0.36796875 0.034375 0.09375
0 0.45703125 0.55703125 0.03203125 0.09140625
0 0.2 0.62734375 0.03359375 0.06875
0 0.16484375 0.65390625 0.01484375 0.05390625
0 0.17421875 0.69375 0.021875 0.0625
0 0.20546875 0.721875 0.02109375 0.09765625
0 0.17421875 0.86953125 0.025 0.09375
0 0.209375 0.87421875 0.03984375 0.04609375
0 0.67578125 0.659375 0.04375 0.05390625
0 0.8234375 0.88984375 0.0203125 0.08203125
0 0.7859375 0.859375 0.05 0.040625
0 0.81953125 0.72734375 0.0171875 0.109375
0 0.775 0.6765625 0.04453125 0.1046875
0 0.78203125 0.565625 0.03359375 0.1
0 0.8203125 0.48046875 0.0203125 0.08828125
0 0.80546875 0.39453125 0.06953125 0.028125
0 0.79296875 0.34609375 0.0140625 0.06328125
0 0.82734375 0.26171875 0.02578125 0.0328125
0 0.81328125 0.2203125 0.01640625 0.03671875
0 0.82890625 0.18984375 0.06484375 0.02109375
0 0.7828125 0.23203125 0.01953125 0.09296875
0 0.76484375 0.24765625 0.02265625 0.04453125
0 0.7375 0.26796875 0.03046875 0.0546875
