0 0.161891678125 0.7598715781250001 0.18246051875 0.8168344890625001 0.1944531890625 0.8082899375 0.17733751250000002 0.7531931859375 0.161891678125 0.7598715781250001
0 0.22409252500000001 0.7415059984375 0.259617265625 0.7967937765625 0.27043003125 0.7882547390625 0.23202416406249998 0.735940684375 0.22409252500000001 0.7415059984375
0 0.28963299375 0.609607759375 0.32720396875 0.60125976875 0.327621384375 0.5834507078125 0.2875457078125 0.5906856609375 0.28963299375 0.609607759375
0 0.30771497812500004 0.5122156453125 0.33179595625 0.5105218828125 0.3305435921875 0.4971650578125 0.3025740984375 0.5027304109374999 0.30771497812500004 0.5122156453125
0 0.483332225 0.4927128234375 0.4336550671875 0.5400180921875 0.4378295796875 0.5517052796875 0.4920987859375 0.511078403125 0.483332225 0.4927128234375
0 0.3777160171875 0.3128835484375 0.4119266875 0.3545620328125 0.4202964578125 0.3384840609375 0.3860651640625 0.300083303125 0.3777160171875 0.3128835484375
0 0.402763334375 0.24109082656249997 0.4357423234375 0.302309440625 0.4503532984375 0.28783957656250003 0.4131997375 0.232186315625 0.402763334375 0.24109082656249997
0 0.2453827140625 0.1303177625 0.20572448125 0.157587853125 0.2103165015625 0.17428383593750002 0.255819115625 0.1525790578125 0.2453827140625 0.1303177625
0 0.30006936562500003 0.11640441718750001 0.3097190484375 0.1628392078125 0.32302939531249997 0.1559182546875 0.3176024875 0.1152913796875 0.30006936562500003 0.11640441718750001
0 0.710327671875 0.8789554953125001 0.740592346875 0.9401032046875001 0.7536914984374999 0.9213987765624999 0.72240369375 0.8679787828125001 0.710327671875 0.8789554953125001
0 0.8448104015625001 0.8321215140625 0.8250496 0.9082267234374999 0.8470059828125001 0.91773986875 0.8590820046875001 0.8416346734375001 0.8448104015625001 0.8321215140625
0 0.8788427249999999 0.6872289140625 0.8539033109374999 0.755643496875 0.8711580281250001 0.752357396875 0.893663265625 0.6923513890625 0.8788427249999999 0.6872289140625
0 0.7668653125 0.7216226031249999 0.762991025 0.8021976140625 0.7767456734375 0.8006549296875001 0.78058798125 0.7223543921875 0.7668653125 0.7216226031249999
0 0.7888216156250001 0.7179637078125001 0.7656261640625 0.6625352640625 0.74655565625 0.6850335703125 0.7783923984375 0.7304039734375001 0.7888216156250001 0.7179637078125001
0 0.7320281468750001 0.7266569703125 0.7317351171875 0.6455174078125 0.7136211234375 0.6491763296874999 0.7130721875 0.7223543921875 0.7320281468750001 0.7266569703125
0 0.6488498890625001 0.7172319453125 0.690018015625 0.7377217890625001 0.6955071312500001 0.7121094703125 0.6554367953125 0.6901560453125 0.6488498890625001 0.7172319453125
0 0.65921968125 0.5990118468750001 0.6568721046875 0.670948215625 0.6723320078125 0.6704772234374999 0.67426026875 0.6015825375 0.65921968125 0.5990118468750001
0 0.6958569921875 0.5964411546874999 0.7189963578125 0.5403999640625 0.7035701515625 0.5326878703125 0.6842873078125 0.5871866453125001 0.6958569921875 0.5964411546874999
0 0.7510058515625 0.6180349953125 0.7903427734374999 0.666878259375 0.7995985203125 0.65299649375 0.7614185671875 0.604667375 0.7510058515625 0.6180349953125
0 0.78648619375 0.595927009375 0.7510058515625 0.5702200421875 0.745992303125 0.589243190625 0.776459153125 0.6134077390625 0.78648619375 0.595927009375
0 0.82042395 0.5054384656249999 0.760551259375 0.5277722390624999 0.7656607656250001 0.5481120374999999 0.8238948546874999 0.5270323234375 0.82042395 0.5054384656249999
0 0.8697879109375 0.46891324375 0.8517333734375001 0.49012683125 0.861303515625 0.5054171609375 0.8802006265625 0.479196046875 0.8697879109375 0.46891324375
0 0.8795045765625 0.4271787734375 0.8474198953125001 0.3969124171875 0.8400924109375 0.415935584375 0.8667026828125 0.4472980796875 0.8795045765625 0.4271787734375
0 0.6719463328125 0.3177136234375 0.6402093828125001 0.36423071406249996 0.6561344499999999 0.3758113796875 0.6835160140625 0.33262368124999997 0.6719463328125 0.3177136234375
0 0.715911128125 0.2709269421875 0.6746459437500001 0.3089732765625 0.6839016906250001 0.3249115890625 0.72439558125 0.29200667343750003 0.715911128125 0.2709269421875
0 0.713597190625 0.2436775359375 0.7290234546875001 0.317199496875 0.7402074625 0.31308636875 0.7255525484375001 0.23956440781250002 0.713597190625 0.2436775359375
0 0.858218228125 0.2781248703125 0.8211952421875001 0.3136005328125 0.828522728125 0.3295388453125 0.86708835625 0.2935490921875 0.858218228125 0.2781248703125
0 0.8758419359375 0.28691032656250004 0.8640662390625 0.23779318906250002 0.8545946015625001 0.24794980312499998 0.8671548140625 0.2904978171875 0.8758419359375 0.28691032656250004
0 0.8552123171874999 0.22489153750000002 0.8202084859375001 0.2764981515625 0.8354454421874999 0.28528225156250003 0.8622130953125 0.23367563906250002 0.8552123171874999 0.22489153750000002
0 0.8428580203125 0.2166564390625 0.7959116921875 0.2553613921875 0.8086777890624999 0.269635565625 0.8469761390625001 0.229832596875 0.8428580203125 0.2166564390625
0 0.8764205359374999 0.2520673515625 0.8640662390625 0.1765789546875 0.8492410843749999 0.18453955625000001 0.8683902421875 0.25234185781249996 0.8764205359374999 0.2520673515625
0 0.86035995 0.1562657046875 0.8368867874999999 0.1859120578125 0.8403871593750001 0.19606869375 0.8669488984375 0.1686183515625 0.86035995 0.1562657046875
0 0.8006474953125 0.1373136046875 0.7757330171875 0.1861752015625 0.7814983359375 0.19276326875 0.8097073343750001 0.14801923125 0.8006474953125 0.1373136046875
0 0.7849987406250001 0.1779401015625 0.7831455953125 0.13401956406249999 0.772026728125 0.13786261718749998 0.7740857578125 0.1809596359375 0.7849987406250001 0.1779401015625
0 0.7747034734375 0.17272453593749998 0.7401114578125 0.19742983125 0.7442295609375 0.21499803437499998 0.77717433125 0.1869987109375 0.7747034734375 0.17272453593749998
