0 0.31953125 0.38203125 0.01796875 0.0609375
0 0.3296875 0.32734375 0.04296875 0.025
0 0.2484375 0.8 0.02109375 0.06484375
0 0.63828125 0.2015625 0.01328125 0.03671875
0 0.8734375 0.65390625 0.0328125 0.01484375
0 0.7734375 0.6109375 0.02265625 0.06328125
0 0.40853076875000005 0.49807166875000003 0.3622162078125 0.525793696875 0.369305175 0.5459551703125001 0.4142019421875 0.5144528640625 0.40853076875000005 0.49807166875000003
0 0.6875 0.79609375 0.01796875 0.053125
0 0.7929997984375 0.8582386671875 0.759427365625 0.8053789859375 0.748306053125 0.81371886875 0.7781946078125 0.870244734375 0.7929997984375 0.8582386671875
0 0.8421844390625 0.7640232015625 0.79341650625 0.813655190625 0.7990164125 0.8218673015625001 0.84913571875 0.7770739328125 0.8421844390625 0.7640232015625
0 0.8485756999999999 0.7998438953125 0.8362558906249999 0.7830463796875 0.8258960265624999 0.7942447234375 0.8376558562499999 0.8095491234375001 0.8485756999999999 0.7998438953125
0 0.8532738625 0.5328255359375 0.8320559515625 0.5937015640625 0.841575828125 0.5996740046875 0.8681754312500001 0.5421891828125001 0.8532738625 0.5328255359375
0 0.7464121515625 0.48264309843750003 0.7712968109375 0.5481616234375 0.7830566421875 0.5354701765625001 0.7595369796875 0.47275945156250004 0.7464121515625 0.48264309843750003
0 0.656778465625 0.4466299859375 0.6119791171875 0.4850776296875 0.6214989734375 0.5056079312499999 0.662938390625 0.461187825 0.656778465625 0.4466299859375
0 0.8204295203124999 0.2191159453125 0.8588548062499999 0.2605114140625 0.8646768203124999 0.24602299843750003 0.8305209906250001 0.20617987968749998 0.8204295203124999 0.2191159453125
