0 0.19140625 0.26015625 0.0375 0.1
0 0.375 0.70625 0.0890625 0.0609375
0 0.1625 0.48203125 0.0328125 0.1046875
0 0.29609375 0.50234375 0.0671875 0.075
0 0.2953125 0.5625 0.084375 0.053125
0 0.15234375 0.6234375 0.025 0.09375
0 0.46640625 0.81171875 0.159375 0.0296875
0 0.4765625 0.8484375 0.1359375 0.05
0 0.215625 0.4546875 0.071875 0.084375
0 0.2453125 0.60546875 0.125 0.034375
0 0.22265625 0.72265625 0.11875 0.059375
0 0.44609375 0.66796875 0.146875 0.03125
0 0.53359375 0.62109375 0.1125 0.040625
0 0.80703125 0.65625 0.128125 0.0765625
0 0.765625 0.83984375 0.11875 0.040625
