0 0.50234375 0.44140625 0.0859375 0.040625
0 0.2 0.765625 0.03125 0.0828125
0 0.76953125 0.275 0.028125 0.0765625
0 0.76015625 0.18515625 0.059375 0.01875
0 0.235828234375 0.2805961375 0.185601196875 0.2286640421875 0.1692005375 0.23481895156250002 0.22557781718749997 0.2975221296875 0.235828234375 0.2805961375
0 0.1579250796875 0.1878877203125 0.22147766875000002 0.2709790609375 0.2383908515625 0.26520884375 0.17432575781249998 0.18096338437499998 0.1579250796875 0.1878877203125
0 0.20341140000000002 0.37533690937499997 0.3002914046875 0.42946816875 0.3161795390625 0.406771884375 0.21931311562500003 0.35676321875 0.20341140000000002 0.37533690937499997
0 0.44553270468750006 0.3131873734375 0.5537989062500001 0.2792001625 0.5357794765625 0.2531909078125 0.4339005421875 0.2911644140625 0.44553270468750006 0.3131873734375
0 0.68984375 0.17890625 0.0765625 0.021875
0 0.4234375 0.81875 0.109375 0.03125
