0 0.1265625 0.54765625 0.0484375 0.0875
0 0.19140625 0.47109375 0.078125 0.0671875
0 0.27734375 0.76796875 0.0421875 0.1109375
0 0.459375 0.77265625 0.1328125 0.03125
0 0.46953125 0.6625 0.078125 0.065625
0 0.615625 0.71328125 0.078125 0.040625
0 0.55 0.69375 0.0375 0.059375
0 0.53984375 0.80859375 0.140625 0.025
0 0.58203125 0.75859375 0.06875 0.0625
0 0.67578125 0.68125 0.1 0.040625
0 0.64375 0.52578125 0.065625 0.0421875
0 0.66953125 0.48125 0.040625 0.0796875
0 0.74375 0.6421875 0.0421875 0.0796875
0 0.7703125 0.75078125 0.065625 0.0703125
0 0.8265625 0.734375 0.0375 0.0890625
0 0.83671875 0.66171875 0.0375 0.05625
0 0.79921875 0.64765625 0.0515625 0.05
0 0.809375 0.60234375 0.084375 0.0265625
0 0.77734375 0.51484375 0.0390625 0.109375
0 0.8375 0.51875 0.0484375 0.1
0 0.83984375 0.41796875 0.05 0.0875
0 0.840625 0.296875 0.04375 0.0890625
0 0.7078125 0.33203125 0.05 0.0796875
0 0.66640625 0.25 0.05625 0.0875
0 0.67890625 0.184375 0.1125 0.040625
0 0.5125 0.31328125 0.078125 0.071875
0 0.50625 0.18828125 0.1 0.05625
0 0.46875 0.14296875 0.109375 0.04375
0 0.38671875 0.29140625 0.11875 0.04375
0 0.33984375 0.1453125 0.13125 0.046875
0 0.22890625 0.1890625 0.121875 0.028125
0 0.2328125 0.1625 0.1 0.021875
0 0.15703125 0.1703125 0.0328125 0.071875
0 0.1890625 0.24296875 0.1203125 0.0421875
0 0.15859375 0.32421875 0.053125 0.1046875
