0 0.453125 0.790625 0.040625 0.04375
0 0.353125 0.65390625 0.053125 0.05
0 0.3109375 0.2515625 0.05625 0.059375
0 0.53359375 0.36953125 0.04375 0.0546875
0 0.14765625 0.26015625 0.053125 0.05
0 0.28046875 0.196875 0.046875 0.053125
0 0.41875 0.34296875 0.0625 0.046875
0 0.459375 0.1890625 0.0546875 0.046875
0 0.421875 0.7203125 0.03125 0.0375
0 0.82578125 0.5625 0.05 0.05625
0 0.55859375 0.19375 0.071875 0.0328125
0 0.83828125 0.28671875 0.0515625 0.053125
0 0.26484375 0.30859375 0.06875 0.040625
0 0.58046875 0.1578125 0.03125 0.04375
0 0.66953125 0.1578125 0.0703125 0.0421875
0 0.0984375 0.225 0.040625 0.0671875
0 0.2140625 0.14609375 0.03125 0.065625
0 0.128125 0.1703125 0.03125 0.0671875
0 0.5375 0.25390625 0.08125 0.034375
0 0.125 0.3015625 0.0453125 0.0625
0 0.78671875 0.48515625 0.0375 0.053125
0 0.1265625 0.46796875 0.040625 0.053125
0 0.46640625 0.30234375 0.08125 0.034375
0 0.4453125 0.1609375 0.065625 0.0296875
0 0.84609375 0.48203125 0.0375 0.0234375
0 0.5984375 0.69921875 0.025 0.025
0 0.590625 0.18515625 0.021875 0.028125
0 0.746875 0.225 0.06875 0.0296875
0 0.3046875 0.23203125 0.0390625 0.025
0 0.6359375 0.63203125 0.034375 0.028125
0 0.284375 0.79453125 0.04375 0.0328125
0 0.840625 0.80625 0.015625 0.0375
0 0.77578125 0.1703125 0.021875 0.071875
0 0.28046875 0.1484375 0.021875 0.0375
0 0.11796875 0.40546875 0.025 0.059375
0 0.6890625 0.34453125 0.03125 0.0625
0 0.1578125 0.28515625 0.075 0.021875
0 0.228125 0.14296875 0.059375 0.040625
0 0.39453125 0.15390625 0.0453125 0.0125
0 0.8359375 0.36640625 0.0203125 0.059375
0 0.78984375 0.22578125 0.025 0.0375
0 0.81328125 0.18203125 0.0296875 0.040625
0 0.3984375 0.16640625 0.0296875 0.0125
0 0.371875 0.18046875 0.0203125 0.034375
0 0.36875 0.20390625 0.06875 0.0140625
