0 0.68046875 0.353125 0.090625 0.065625
0 0.64921875 0.3375 0.0890625 0.0578125
0 0.71796875 0.48046875 0.0484375 0.084375
0 0.1890625 0.2171875 0.09375 0.0515625
0 0.39609375 0.36015625 0.0609375 0.075
0 0.2734375 0.4703125 0.046875 0.06875
0 0.578125 0.3828125 0.0796875 0.071875
0 0.6671875 0.246875 0.046875 0.071875
0 0.81015625 0.19375 0.04375 0.084375
0 0.38203125 0.1703125 0.065625 0.05
0 0.76015625 0.3375 0.05 0.059375
0 0.75625 0.8359375 0.084375 0.05625
0 0.80390625 0.265625 0.03125 0.0859375
0 0.40078125 0.2875 0.0875 0.03125
0 0.46640625 0.26171875 0.05 0.071875
0 0.7796875 0.196875 0.0625 0.040625
0 0.271875 0.209375 0.075 0.034375
0 0.46171875 0.58125 0.059375 0.0875
0 0.68203125 0.64375 0.096875 0.05
0 0.2484375 0.35703125 0.034375 0.084375
0 0.34296875 0.30546875 0.0875 0.034375
0 0.78203125 0.31640625 0.028125 0.059375
0 0.77109375 0.27421875 0.0578125 0.046875
0 0.53671875 0.82578125 0.0875 0.053125
0 0.6265625 0.7515625 0.021875 0.078125
0 0.42265625 0.16796875 0.0375 0.0484375
0 0.7828125 0.71171875 0.021875 0.078125
0 0.659375 0.815625 0.065625 0.040625
0 0.34296875 0.509375 0.034375 0.084375
0 0.246875 0.834375 0.0578125 0.01875
0 0.25703125 0.8171875 0.0625 0.021875
0 0.1671875 0.83671875 0.08125 0.025
0 0.14296875 0.8140625 0.071875 0.021875
0 0.159375 0.78671875 0.0375 0.0390625
0 0.13828125 0.76875 0.0375 0.05
0 0.11171875 0.71953125 0.0703125 0.0515625
0 0.0953125 0.26796875 0.0625 0.046875
0 0.259375 0.16953125 0.08125 0.025
0 0.32109375 0.18515625 0.03125 0.08125
0 0.37578125 0.25 0.103125 0.021875
0 0.509375 0.2109375 0.08125 0.03125
0 0.54453125 0.1859375 0.103125 0.015625
0 0.5203125 0.17265625 0.084375 0.015625
0 0.525 0.1609375 0.0375 0.021875
0 0.59765625 0.20078125 0.0578125 0.025
0 0.63984375 0.21875 0.078125 0.021875
0 0.64921875 0.178125 0.04375 0.03125
0 0.7015625 0.1890625 0.075 0.021875
0 0.71953125 0.1578125 0.05 0.0265625
0 0.7640625 0.171875 0.0484375 0.0265625
