0 0.83046875 0.1484375 0.021875 0.05625
0 0.68828125 0.7125 0.021875 0.0625
0 0.38203125 0.18515625 0.0109375 0.034375
0 0.23671875 0.5078125 0.021875 0.065625
0 0.153125 0.64296875 0.021875 0.0640625
0 0.1887264640625 0.810296559375 0.14743852500000001 0.7645376953125 0.138981978125 0.78310649375 0.18225972343750002 0.8235599890625 0.1887264640625 0.810296559375
0 0.24841997968750001 0.856055396875 0.2912304390625 0.8296105796875001 0.2802564328125 0.8109597140625 0.23946596250000002 0.8381497546875 0.24841997968750001 0.856055396875
0 0.27030755 0.73270544375 0.2966721296875 0.6902624328125 0.28075390312500004 0.6710304671875 0.2543893234375 0.7134734421875 0.27030755 0.73270544375
0 0.263343340625 0.6192755640625001 0.29219512187499996 0.6650344265625 0.30463127968750003 0.6537604890625001 0.27179988593750004 0.6007067421875 0.263343340625 0.6192755640625001
0 0.28821558281250004 0.6259072671875 0.299588715625 0.5613497671875 0.27926156562500004 0.5576005640624999 0.2737896921875 0.6026962578124999 0.28821558281250004 0.6259072671875
0 0.3872071953125 0.4846241671875 0.34293454687499997 0.4421811671875 0.331990796875 0.4634026734375 0.38024294687500004 0.5051825046875 0.3872071953125 0.4846241671875
0 0.2986619359375 0.15229260312499998 0.3383949890625 0.12273935625000001 0.33248819375 0.1058705609375 0.292692590625 0.1383659921875 0.2986619359375 0.15229260312499998
0 0.2454353078125 0.15693480312500002 0.27776923125 0.1184708359375 0.26831774531249997 0.1018915296875 0.23449148437499998 0.14566087656249999 0.2454353078125 0.15693480312500002
0 0.2131013109375 0.20004097031249998 0.2528969875 0.1622401703125 0.24195316562500002 0.14632405625 0.20215748906250003 0.188103875 0.2131013109375 0.20004097031249998
0 0.798408190625 0.1479814796875 0.7583178968750001 0.098768259375 0.7452191015625 0.1104100984375 0.7813400546875 0.1575066140625 0.798408190625 0.1479814796875
