0 0.884375 0.8078125 0.05625 0.0578125
0 0.36171875 0.65 0.0828125 0.0671875
0 0.49140625 0.75234375 0.028125 0.084375
0 0.20390625 0.43515625 0.034375 0.075
0 0.5 0.51015625 0.078125 0.05625
0 0.415625 0.22265625 0.0875 0.05625
0 0.39453125 0.51328125 0.0890625 0.06875
0 0.74296875 0.4546875 0.025 0.0875
0 0.22578125 0.79609375 0.09375 0.0625
0 0.21640625 0.665625 0.034375 0.08125
0 0.896875 0.346875 0.0578125 0.059375
0 0.20390625 0.50234375 0.0375 0.075
0 0.57734375 0.28828125 0.09375 0.059375
0 0.884375 0.2875 0.05 0.053125
0 0.27578125 0.71640625 0.0578125 0.040625
0 0.83046875 0.2515625 0.040625 0.08125
0 0.19296875 0.56640625 0.028125 0.084375
0 0.4140625 0.73046875 0.109375 0.015625
0 0.4453125 0.70546875 0.0484375 0.0359375
0 0.4828125 0.67421875 0.071875 0.025
0 0.62578125 0.79609375 0.103125 0.034375
0 0.35234375 0.3609375 0.103125 0.0375
0 0.48203125 0.30625 0.084375 0.040625
0 0.4984375 0.1953125 0.1109375 0.0453125
0 0.61015625 0.340625 0.1109375 0.028125
0 0.62578125 0.2734375 0.115625 0.025
0 0.64140625 0.2234375 0.10625 0.040625
0 0.60078125 0.17109375 0.10625 0.021875
0 0.7015625 0.175 0.1 0.03125
0 0.803125 0.1953125 0.0796875 0.01875
0 0.78125 0.18203125 0.06875 0.015625
0 0.86171875 0.1828125 0.034375 0.0421875
0 0.9046875 0.20703125 0.034375 0.08125
0 0.87421875 0.4171875 0.0375 0.06875
0 0.38125 0.1640625 0.03125 0.046875
0 0.328125 0.19140625 0.103125 0.01875
0 0.32890625 0.21640625 0.084375 0.028125
0 0.22734375 0.25546875 0.103125 0.025
0 0.21640625 0.20546875 0.053125 0.046875
