0 0.18359375 0.79453125 0.046875 0.0625
0 0.32421875 0.71640625 0.0734375 0.0671875
0 0.22109375 0.75390625 0.075 0.053125
0 0.2640625 0.76484375 0.0609375 0.09375
0 0.334375 0.61328125 0.059375 0.0765625
0 0.30703125 0.278125 0.0640625 0.0875
0 0.81796875 0.3171875 0.053125 0.090625
0 0.3390625 0.803125 0.03125 0.040625
0 0.43203125 0.6953125 0.0703125 0.025
0 0.74765625 0.78515625 0.084375 0.040625
0 0.20078125 0.28984375 0.0609375 0.090625
0 0.81953125 0.62890625 0.025 0.115625
0 0.82265625 0.43046875 0.0203125 0.0953125
0 0.1828125 0.6828125 0.01875 0.121875
