0 0.22890625 0.1453125 0.09375 0.096875
0 0.259375 0.34375 0.09375 0.06875
0 0.509375 0.79921875 0.10625 0.046875
0 0.83671875 0.1765625 0.10625 0.04375
0 0.2625 0.71796875 0.05625 0.090625
0 0.43203125 0.12890625 0.115625 0.05
0 0.353125 0.23828125 0.059375 0.13125
0 0.31953125 0.7421875 0.071875 0.0609375
0 0.74609375 0.83359375 0.0625 0.05625
0 0.5265625 0.69296875 0.0640625 0.1171875
0 0.4484375 0.31171875 0.10625 0.0375
0 0.56640625 0.37109375 0.078125 0.084375
0 0.3390625 0.34296875 0.0453125 0.071875
0 0.66953125 0.5421875 0.06875 0.0875
0 0.6125 0.7453125 0.0515625 0.146875
0 0.53515625 0.240625 0.0828125 0.1
0 0.259375 0.77265625 0.05625 0.040625
0 0.31015625 0.3984375 0.0375 0.1046875
0 0.690625 0.79140625 0.11875 0.040625
0 0.26328125 0.49140625 0.053125 0.11875
0 0.18359375 0.65625 0.0375 0.11875
0 0.21171875 0.5953125 0.0546875 0.11875
0 0.1984375 0.77109375 0.0359375 0.1125
0 0.80546875 0.8609375 0.06875 0.065625
0 0.84765625 0.2625 0.040625 0.1421875
