0 0.24154329687499998 0.10690118906249998 0.2613308984375 0.1769673140625 0.27467728281250003 0.162724846875 0.25385691875 0.0986336046875 0.24154329687499998 0.10690118906249998
0 0.422555421875 0.178391559375 0.3769864515625 0.2106448796875 0.383050065625 0.226103921875 0.43109712968749997 0.19975530625 0.422555421875 0.178391559375
0 0.5189135828125 0.2413837515625 0.5741705500000001 0.2617101375 0.576306009375 0.24817980468749998 0.5261235296875 0.22111905312500002 0.5189135828125 0.2413837515625
0 0.47784837343750003 0.421974621875 0.49088900625000004 0.4623360484375 0.5031677484375 0.45592693593750006 0.488753590625 0.41533582343750003 0.47784837343750003 0.421974621875
0 0.1897941671875 0.48279447343750004 0.151488009375 0.5189941859375 0.1604320953125 0.5340674015625 0.1978020328125 0.49561269843750005 0.1897941671875 0.48279447343750004
0 0.42949555781250004 0.5758895421875 0.487685859375 0.5879956609375 0.49088900625000004 0.5637834265625 0.4369695359375 0.553813659375 0.42949555781250004 0.5758895421875
0 0.1956666171875 0.7912768156250001 0.1823202328125 0.8603529249999999 0.1951327734375 0.8653377921875001 0.20847915781249998 0.7941253609375 0.1956666171875 0.7912768156250001
0 0.2050944234375 0.8224398390625 0.2192651234375 0.8713453765624999 0.2291024484375 0.8633606 0.21543123749999998 0.8171023500000001 0.2050944234375 0.8224398390625
0 0.7371531109375 0.7700776515625 0.6873806640625 0.808425190625 0.6921004546875 0.8233063140624999 0.743160121875 0.78667585625 0.7371531109375 0.7700776515625
0 0.7309006499999999 0.8324897984374999 0.786496459375 0.8107145875 0.7822057328125 0.7906823109375 0.726426275 0.8181551609375 0.7309006499999999 0.8324897984374999
0 0.7611811562499999 0.8198722203125 0.7341495703125 0.8593644578124999 0.748738071875 0.87424558125 0.774482403125 0.8301745500000001 0.7611811562499999 0.8198722203125
0 0.8542899421874999 0.7547794828125001 0.82528356875 0.7552849562499999 0.8225385656249999 0.7730947234375 0.8572934468750001 0.7765288421875 0.8542899421874999 0.7547794828125001
0 0.82725831875 0.777101178125 0.8229674234375001 0.6966092765624999 0.803659334375 0.7015508203125 0.8113826671875 0.777101178125 0.82725831875 0.777101178125
0 0.85159120625 0.6760246921874999 0.8573396687500001 0.7428658375 0.8654791093749999 0.7380403234374999 0.8636703406249999 0.6741022296875 0.85159120625 0.6760246921874999
0 0.8308111265625 0.707478734375 0.8719323687499999 0.71128270625 0.875125865625 0.7006425703125 0.8314140343749999 0.694610671875 0.8308111265625 0.707478734375
0 0.7189691921875 0.6858730140625 0.75092404375 0.7457898593750001 0.7569532609375 0.7413664437499999 0.7328363953125 0.6750156015625 0.7189691921875 0.6858730140625
0 0.772026278125 0.72447715 0.7578576453125 0.6512901453125 0.744291896875 0.6613433078125001 0.7569532609375 0.7284984328124999 0.772026278125 0.72447715
0 0.6764632484375 0.6324993234375 0.7195721234375 0.66828859375 0.7289174015625 0.6582354140625 0.6864114328124999 0.6172185296875 0.6764632484375 0.6324993234375
0 0.643001103125 0.63531420625 0.6713384171875 0.6908076359375 0.680382240625 0.677537490625 0.656265375 0.6228482953125 0.643001103125 0.63531420625
0 0.75996786875 0.5155896734375001 0.71685896875 0.5248385703125 0.7213808937499999 0.548564028125 0.7662985390625 0.5413257640625 0.75996786875 0.5155896734375001
0 0.65355221875 0.487549940625 0.6921392203125001 0.5136881484375 0.6981684125000001 0.4972009703125 0.6586770765625001 0.4698563796875 0.65355221875 0.487549940625
0 0.8561338062500001 0.4160805734375 0.8262892265625 0.4719761359375 0.842266653125 0.4836377984375 0.8681922390624999 0.42653585312500003 0.8561338062500001 0.4160805734375
0 0.771853853125 0.410233515625 0.8072971921875001 0.4647378546875 0.8160395640625 0.4522719421875 0.787400796875 0.4007997625 0.771853853125 0.410233515625
0 0.7937314671875 0.3972897359375 0.8341272140625 0.35386008593749996 0.8217673015625 0.34099205781249997 0.780467196875 0.38723659062500004 0.7937314671875 0.3972897359375
0 0.7488138203125 0.29686726406249997 0.7180648078125 0.3495458265625 0.7280130171875 0.35879475625 0.7593649390625 0.3101374421875 0.7488138203125 0.29686726406249997
0 0.874522959375 0.2627956484375 0.8121205703125 0.26158926562499996 0.810010346875 0.2824998421875 0.87361855 0.28491259062499996 0.874522959375 0.2627956484375
0 0.7962632468749999 0.264319584375 0.8528177703125 0.25917650000000003 0.8501046406249999 0.241482940625 0.7967460749999999 0.2483190875 0.7962632468749999 0.264319584375
0 0.8601344937500001 0.1829549375 0.8317155359375 0.2442978234375 0.8407593375 0.250731853125 0.86969955625 0.1952384078125 0.8601344937500001 0.1829549375
0 0.71652589375 0.08802951718749999 0.7482108890625 0.1474944984375 0.7608722296875 0.1394519671875 0.730726171875 0.07993725625 0.71652589375 0.08802951718749999
0 0.8511843828125001 0.07229902031249999 0.8678907859375 0.1596674 0.8805521265625 0.1496142359375 0.868795196875 0.06476556875 0.8511843828125001 0.07229902031249999
