0 0.209375 0.453125 0.04375 0.04140625
0 0.34609375 0.353125 0.05078125 0.05234375
0 0.7484375 0.3109375 0.06015625 0.05546875
0 0.63046875 0.53359375 0.0546875 0.04296875
0 0.73984375 0.14765625 0.05078125 0.053125
0 0.803125 0.28046875 0.05390625 0.046875
0 0.65703125 0.41875 0.04609375 0.0625
0 0.8109375 0.459375 0.04765625 0.0546875
0 0.2796875 0.421875 0.03828125 0.03203125
0 0.4375 0.82578125 0.05703125 0.04921875
0 0.80625 0.55859375 0.0328125 0.07265625
0 0.71328125 0.83828125 0.05234375 0.0515625
0 0.69140625 0.26484375 0.040625 0.06796875
0 0.8421875 0.58046875 0.04453125 0.03125
0 0.8421875 0.66953125 0.0421875 0.0703125
0 0.775 0.0984375 0.0671875 0.040625
0 0.85390625 0.2140625 0.06484375 0.03203125
0 0.8296875 0.128125 0.0671875 0.03125
0 0.74609375 0.5375 0.034375 0.08125
0 0.6984375 0.125 0.0625 0.0453125
0 0.51484375 0.78671875 0.05390625 0.03828125
0 0.53203125 0.1265625 0.053125 0.040625
0 0.69765625 0.46640625 0.03359375 0.08046875
0 0.8390625 0.4453125 0.0296875 0.06484375
0 0.51796875 0.84609375 0.0234375 0.0375
0 0.30078125 0.5984375 0.025 0.02578125
0 0.81484375 0.590625 0.02734375 0.021875
0 0.775 0.746875 0.0296875 0.06953125
0 0.76796875 0.3046875 0.025 0.0390625
0 0.36796875 0.6359375 0.02890625 0.034375
0 0.20546875 0.284375 0.03203125 0.04453125
0 0.19375 0.840625 0.03828125 0.01640625
0 0.8296875 0.77578125 0.07265625 0.02265625
0 0.8515625 0.28046875 0.03671875 0.021875
0 0.59453125 0.11796875 0.059375 0.02421875
0 0.65546875 0.6890625 0.0625 0.03046875
0 0.71484375 0.1578125 0.02109375 0.075
0 0.85703125 0.228125 0.03984375 0.059375
0 0.84609375 0.39453125 0.0125 0.0453125
0 0.63359375 0.8359375 0.05859375 0.0203125
0 0.77421875 0.78984375 0.03671875 0.02421875
0 0.81796875 0.81328125 0.040625 0.0296875
0 0.83359375 0.3984375 0.01171875 0.0296875
0 0.81953125 0.371875 0.034375 0.0203125
0 0.79609375 0.36875 0.0140625 0.06875
