0 0.5532450515625 0.12980527656250002 0.5939325078125 0.0968580921875 0.590055959375 0.0789527546875 0.543875028125 0.1137465859375 0.5532450515625 0.12980527656250002
0 0.6730477390625 0.2350789265625 0.616827475 0.2341867921875 0.617496784375 0.2591669640625 0.675724915625 0.2520297546875 0.6730477390625 0.2350789265625
0 0.6221818265625 0.3983422890625 0.5920638265625 0.350166215625 0.580016628125 0.36265632187499997 0.610803875 0.4099402203125 0.6221818265625 0.3983422890625
0 0.6201739609375 0.43581256875 0.5652922515625 0.428675359375 0.5646229421875 0.44919481250000004 0.6181660921875001 0.4518712609375 0.6201739609375 0.43581256875
0 0.79485835625 0.5045080953125 0.7607246234375 0.4786357453125 0.7533624046875 0.49291012500000003 0.7868268890625 0.5205667875 0.79485835625 0.5045080953125
0 0.5405285421875 0.685697190625 0.58388961875 0.7007705328125 0.5920638265625 0.68391291875 0.545213584375 0.6669620515625 0.5405285421875 0.685697190625
0 0.8168846625 0.80119943125 0.8176141671874999 0.7375246609375 0.8008819562499999 0.7357403484375 0.7982047796875 0.7981908 0.8168846625 0.80119943125
0 0.5545836093750001 0.8106809484375 0.6061188937499999 0.8026516015625 0.6074574515625 0.785700734375 0.5532450515625 0.7937300796875 0.5545836093750001 0.8106809484375
0 0.3604898546875 0.644741096875 0.3210018328125 0.5929964375 0.3116317484375 0.6028100546874999 0.35312769843749997 0.659015475 0.3604898546875 0.644741096875
0 0.281513746875 0.824063190625 0.323778771875 0.8360147828125 0.33037185625 0.813357396875 0.282182996875 0.7972987046875 0.281513746875 0.824063190625
0 0.2848602328125 0.5323302578125 0.270135796875 0.47790915 0.253403615625 0.4823698703125 0.270135796875 0.5385752890625 0.2848602328125 0.5323302578125
0 0.27055145625 0.6003416359375 0.22261636718750002 0.6037022328125 0.22395486406249998 0.6268980921875 0.271474415625 0.6215451953125 0.27055145625 0.6003416359375
0 0.175766065625 0.5938885734375 0.2062769609375 0.5253547234375 0.1904905015625 0.518055878125 0.1590338828125 0.5813984671875 0.175766065625 0.5938885734375
0 0.1750968171875 0.4475760390625 0.2062769609375 0.40751815 0.19584473125 0.3949392234375 0.1590338828125 0.4386545578125 0.1750968171875 0.4475760390625
0 0.1711400234375 0.67579186875 0.2139037015625 0.6440329671875 0.2114600453125 0.6358896546875 0.1680854953125 0.6607267359375 0.1711400234375 0.67579186875
0 0.23223098437499998 0.6505476078125 0.20321276875 0.6082024015624999 0.191300034375 0.6163457140624999 0.22154005156249998 0.6619482328124999 0.23223098437499998 0.6505476078125
0 0.21818003125000002 0.7490816390624999 0.2206236875 0.664798403125 0.2053509328125 0.663984065625 0.2074891515625 0.7490816390624999 0.21818003125000002 0.7490816390624999
0 0.217263665625 0.6599124187500001 0.1872026375 0.6418858421875 0.1861072859375 0.6578765859375 0.21237640937500002 0.664798403125 0.217263665625 0.6599124187500001
0 0.20351820312500002 0.774733059375 0.242005525 0.78124771875 0.24506008124999998 0.764146771875 0.205656425 0.7617037796874999 0.20351820312500002 0.774733059375
0 0.168745628125 0.7965686515625 0.1715715078125 0.7259403359375 0.1574421125 0.7290793671875 0.15697111875 0.7965686515625 0.168745628125 0.7965686515625
0 0.1281431 0.7214825953124999 0.1640358375 0.723115203125 0.163564865625 0.70647830625 0.12941879843749998 0.7042809859375 0.1281431 0.7214825953124999
0 0.19007551875 0.10207260468749998 0.144724159375 0.1371740546875 0.15167316718749999 0.148387025 0.2039735015625 0.11816077031250001 0.19007551875 0.10207260468749998
0 0.1710572 0.1010975578125 0.14582136875 0.0737964453125 0.1370436890625 0.085984440625 0.163742478125 0.11133547968749999 0.1710572 0.1010975578125
0 0.2079966265625 0.19908910468750002 0.17325162031250002 0.1610625328125 0.16227952031249998 0.175200625 0.20104761875000002 0.2156648046875 0.2079966265625 0.19908910468750002
0 0.27346348125 0.2649495515625 0.25334795312499997 0.1884088984375 0.2398157171875 0.19377162812499998 0.2602969609375 0.27079979375 0.27346348125 0.2649495515625
