0 0.7046875 0.328125 0.0625 0.08125
0 0.1828125 0.72734375 0.0671875 0.078125
0 0.23671875 0.5578125 0.084375 0.0625
0 0.70390625 0.09921875 0.071875 0.040625
0 0.48046875 0.6828125 0.0890625 0.0296875
0 0.68203125 0.72265625 0.071875 0.0875
0 0.3375 0.49765625 0.0625 0.09375
0 0.45078125 0.18671875 0.06875 0.090625
0 0.82109375 0.3015625 0.05 0.09375
0 0.571875 0.796875 0.0828125 0.0515625
0 0.6296875 0.37109375 0.0859375 0.021875
0 0.82734375 0.75390625 0.0390625 0.103125
0 0.68671875 0.175 0.059375 0.053125
0 0.225 0.6203125 0.046875 0.09375
0 0.48828125 0.803125 0.0875 0.0421875
0 0.75 0.26640625 0.05 0.0921875
0 0.696875 0.47265625 0.040625 0.0703125
0 0.8328125 0.4265625 0.015625 0.084375
0 0.5109375 0.6109375 0.0375 0.0953125
0 0.80546875 0.7828125 0.0859375 0.028125
0 0.753125 0.71484375 0.0359375 0.09375
0 0.78984375 0.684375 0.0375 0.04375
0 0.78359375 0.61015625 0.021875 0.103125
0 0.82109375 0.60703125 0.025 0.1078125
0 0.828125 0.5265625 0.028125 0.046875
0 0.8109375 0.48125 0.0328125 0.04375
0 0.74453125 0.3453125 0.025 0.0765625
0 0.81484375 0.1890625 0.0359375 0.071875
0 0.80625 0.13203125 0.0640625 0.03125
0 0.7546875 0.11640625 0.0375 0.059375
0 0.63515625 0.12578125 0.0328125 0.103125
0 0.728125 0.509375 0.01875 0.09375
0 0.7546875 0.48515625 0.025 0.1046875
0 0.321875 0.69609375 0.053125 0.06875
0 0.16328125 0.4234375 0.021875 0.096875
0 0.1828125 0.43984375 0.0171875 0.0921875
0 0.20390625 0.46796875 0.025 0.096875
0 0.17890625 0.3296875 0.025 0.084375
0 0.32265625 0.26953125 0.028125 0.103125
0 0.3265625 0.16171875 0.075 0.0328125
0 0.19921875 0.1390625 0.071875 0.059375
0 0.36328125 0.1296875 0.0796875 0.0375
0 0.41953125 0.11328125 0.034375 0.028125
