0 0.17109375 0.81953125 0.059375 0.0640625
0 0.3375 0.3796875 0.053125 0.05625
0 0.24609375 0.30703125 0.0390625 0.05
0 0.14609375 0.309375 0.053125 0.0546875
0 0.4953125 0.88203125 0.04375 0.028125
0 0.51796875 0.41640625 0.0453125 0.053125
0 0.5421875 0.70703125 0.053125 0.053125
0 0.72265625 0.37265625 0.0390625 0.05625
0 0.40625 0.8796875 0.0515625 0.040625
0 0.53671875 0.8828125 0.05 0.0625
0 0.6359375 0.3265625 0.053125 0.034375
0 0.4015625 0.43515625 0.0484375 0.05625
0 0.2 0.56328125 0.040625 0.0734375
0 0.259375 0.875 0.040625 0.0375
0 0.33828125 0.16875 0.040625 0.05625
0 0.81796875 0.3078125 0.034375 0.05
0 0.7890625 0.85 0.046875 0.0625
0 0.1609375 0.47734375 0.0375 0.03125
0 0.77265625 0.28828125 0.03125 0.0625
0 0.36796875 0.78671875 0.053125 0.034375
0 0.27578125 0.31796875 0.03125 0.071875
0 0.39609375 0.228125 0.0328125 0.0359375
0 0.675 0.490625 0.0421875 0.0625
0 0.34453125 0.6 0.0375 0.065625
0 0.5671875 0.1703125 0.0484375 0.0390625
0 0.553125 0.31484375 0.025 0.0625
0 0.75078125 0.2375 0.05625 0.03125
0 0.27109375 0.71953125 0.028125 0.046875
0 0.49296875 0.85859375 0.04375 0.0390625
0 0.2234375 0.19765625 0.028125 0.084375
0 0.46953125 0.2109375 0.0421875 0.028125
0 0.25078125 0.3875 0.053125 0.025
0 0.81171875 0.6875 0.015625 0.06875
0 0.16875 0.725 0.0234375 0.06875
0 0.2015625 0.2921875 0.0578125 0.021875
0 0.37421875 0.16484375 0.053125 0.03125
0 0.15625 0.5796875 0.021875 0.075
0 0.8234375 0.8796875 0.021875 0.0578125
0 0.1515625 0.18359375 0.0203125 0.0734375
0 0.259375 0.76875 0.0296875 0.040625
0 0.79921875 0.20390625 0.01875 0.053125
0 0.6734375 0.56328125 0.021875 0.075
0 0.61640625 0.15390625 0.046875 0.021875
0 0.73203125 0.1828125 0.0484375 0.01875
0 0.44609375 0.66484375 0.01875 0.075
0 0.7703125 0.175 0.025 0.01875
0 0.80078125 0.88125 0.0296875 0.028125
0 0.65859375 0.17734375 0.034375 0.03125
0 0.80625 0.15859375 0.04375 0.0484375
0 0.24609375 0.82734375 0.03125 0.071875
