0 0.69765625 0.1015625 0.01640625 0.0453125
0 0.7359375 0.103125 0.03671875 0.028125
0 0.74375 0.14765625 0.0609375 0.02109375
0 0.77890625 0.325 0.03125 0.02265625
0 0.84765625 0.47109375 0.01953125 0.05859375
0 0.795159321875 0.5104285890625 0.764046821875 0.5691687015625 0.779495246875 0.5839971796875 0.811627846875 0.5230356640625 0.795159321875 0.5104285890625
0 0.87109375 0.7125 0.034375 0.02421875
0 0.78046875 0.7140625 0.053125 0.02421875
0 0.6453125 0.7859375 0.03828125 0.0203125
0 0.85 0.8421875 0.021875 0.046875
