0 0.182184909375 0.2061728703125 0.1842717328125 0.129397609375 0.16340339375 0.1310666359375 0.165490215625 0.20561651093750002 0.182184909375 0.2061728703125
0 0.2034706265625 0.2017221234375 0.23519053125 0.15053861562499998 0.22225214062499998 0.14108079843750002 0.19345381875 0.19448968125 0.2034706265625 0.2017221234375
0 0.289030875 0.1622218046875 0.3420364578125 0.1255032078125 0.3320196484375 0.10770025624999999 0.2823529890625 0.145531534375 0.289030875 0.1622218046875
0 0.4467956 0.1255032078125 0.42008409843749994 0.08043947500000001 0.40798046875000005 0.0932353578125 0.43886561406249996 0.1371863984375 0.4467956 0.1255032078125
0 0.32868072656249997 0.50169390625 0.2844398125 0.48277824843749995 0.28068350937500003 0.5005812140625 0.3249244234375 0.5167151515625 0.32868072656249997 0.50169390625
0 0.24645943906249998 0.5907087046874999 0.2898655953125 0.5484266671875 0.2785966875 0.53507445 0.23519053125 0.5790255140625 0.24645943906249998 0.5907087046874999
0 0.4246751234375 0.6925709765625 0.40297206562500004 0.6458381906249999 0.3891238390625 0.6532715875 0.414658315625 0.7042541671875 0.4246751234375 0.6925709765625
0 0.21557425624999998 0.852344453125 0.18928013593749998 0.816182215625 0.1780700765625 0.8252877109375 0.20263590625 0.864584003125 0.21557425624999998 0.852344453125
0 0.8210320937500001 0.1156412515625 0.8540128593749999 0.10299445625 0.847236 0.08673429218749999 0.8178695875 0.10179000468749999 0.8210320937500001 0.1156412515625
0 0.7537153156249999 0.08673429218749999 0.703566565625 0.10841451093750001 0.7094398578125001 0.125879128125 0.7582332359375 0.1048011421875 0.7537153156249999 0.08673429218749999
0 0.6574839296875 0.1337081015625 0.671037646875 0.074087496875 0.6490010546875 0.073517296875 0.6403159046875 0.1306969640625 0.6574839296875 0.1337081015625
0 0.8829274265624999 0.3475550328125 0.8314233046874999 0.29817231875 0.8232910734375001 0.3192502921875 0.877054178125 0.36261073125 0.8829274265624999 0.3475550328125
0 0.8562717578125 0.24156283906249998 0.8404591421875001 0.30419459375 0.8585307375 0.3264770328125 0.8738915890625 0.2518007296875 0.8562717578125 0.24156283906249998
0 0.6787180734375 0.5198481968750001 0.693627159375 0.4499897296875 0.6774739421875 0.44411679218750005 0.6656161609375 0.5156326078125 0.6787180734375 0.5198481968750001
0 0.8440734109375001 0.5891603437499999 0.8025086953124999 0.5987959890625 0.8062798640625 0.6131463187499999 0.8467841546875 0.60722719375 0.8440734109375001 0.5891603437499999
0 0.8124481015624999 0.6398033953125 0.748745634375 0.6367922453125 0.7486561625 0.6556296749999999 0.8124481015624999 0.6608813687499999 0.8124481015624999 0.6398033953125
0 0.817417784375 0.7054462734375 0.769076209375 0.689186109375 0.7663654656250001 0.7126730140624999 0.8160624109375 0.719899753125 0.817417784375 0.7054462734375
0 0.8287125609375 0.6687103546875 0.772238715625 0.6656992046875 0.7717869515625 0.6831638359375 0.829164325 0.6873794234374999 0.8287125609375 0.6687103546875
0 0.873439825 0.7151377890624999 0.8205803312500001 0.6958665015625 0.8124481015624999 0.7133311046874999 0.868649046875 0.7387885859375001 0.873439825 0.7151377890624999
0 0.8738915890625 0.77475839375 0.8698254734375 0.7253756796874999 0.858078975 0.7271823656249999 0.8616932437499999 0.775360640625 0.8738915890625 0.77475839375
0 0.81877315625 0.8199255187500001 0.8544646218749999 0.7633160640625001 0.8435657875 0.7451158953125 0.8106409250000001 0.8114943406249999 0.81877315625 0.8199255187500001
0 0.8431698859375001 0.8307656281250001 0.7889549796875001 0.8078809703125 0.782629925 0.8223344499999999 0.83882030625 0.8454489296875 0.8431698859375001 0.8307656281250001
0 0.754167121875 0.7982452984374999 0.788503175 0.7404313796875 0.7763048296874999 0.72838683125 0.7451312828125001 0.7910185578125 0.754167121875 0.7982452984374999
0 0.8029605 0.735011325 0.7478420265625 0.7036954609375 0.741516971875 0.7133311046874999 0.796110975 0.7469236968749999 0.8029605 0.735011325
0 0.693627159375 0.763918284375 0.65206244375 0.7627138453125 0.6456114234375 0.788503153125 0.69453076875 0.795234175 0.693627159375 0.763918284375
