0 0.66875 0.4203125 0.0859375 0.05546875
0 0.67890625 0.8125 0.07109375 0.0484375
0 0.471875 0.6484375 0.10078125 0.03515625
0 0.20234375 0.66015625 0.06484375 0.04921875
0 0.3921875 0.82734375 0.10859375 0.06171875
0 0.71328125 0.5140625 0.0765625 0.07890625
0 0.75703125 0.43671875 0.08203125 0.09921875
0 0.84296875 0.40546875 0.053125 0.08828125
0 0.19453125 0.59609375 0.05234375 0.0875
0 0.24296875 0.56171875 0.04453125 0.04921875
0 0.6828125 0.865625 0.09609375 0.05546875
0 0.296875 0.59140625 0.059375 0.09921875
0 0.77421875 0.26953125 0.0484375 0.11640625
0 0.275 0.18515625 0.1046875 0.05703125
0 0.4625 0.1484375 0.07890625 0.0859375
0 0.5765625 0.2109375 0.10546875 0.04375
0 0.80234375 0.14453125 0.09609375 0.0390625
0 0.74140625 0.178125 0.07265625 0.0375
0 0.81796875 0.2328125 0.0390625 0.128125
0 0.83125 0.35234375 0.03671875 0.0921875
0 0.78046875 0.584375 0.1125 0.0734375
0 0.79375 0.84453125 0.10859375 0.0421875
0 0.240625 0.72734375 0.05234375 0.1265625
0 0.2515625 0.334375 0.06171875 0.128125
0 0.28984375 0.49453125 0.05 0.1
