0 0.38473993281249996 0.08962652343750001 0.381105765625 0.142621834375 0.39780042031249996 0.142621834375 0.400304621875 0.089212965625 0.38473993281249996 0.08962652343750001
0 0.533027328125 0.2622870453125 0.48836907187499995 0.2923295328125 0.49838587968750003 0.306238109375 0.5409573125 0.2806463421875 0.533027328125 0.2622870453125
0 0.5760161796875 0.2166669765625 0.6194222968750001 0.258948990625 0.6277696625 0.232800915625 0.591458734375 0.2022020671875 0.5760161796875 0.2166669765625
0 0.8425895499999999 0.23075549843749998 0.8588489453125 0.2857383765625 0.8790654218749999 0.2793771828125 0.8561999296874999 0.2176929515625 0.8425895499999999 0.23075549843749998
0 0.7239067218749999 0.3642837296875 0.7680044578125 0.3367072328125 0.7554828953125 0.312033546875 0.7151960921875 0.3432385046875 0.7239067218749999 0.3642837296875
0 0.69869206875 0.3530448484375 0.705479228125 0.3804189390625 0.71886674375 0.3712413671875 0.7154242453124999 0.3488073203125 0.69869206875 0.3530448484375
0 0.737226734375 0.4227850484375 0.7640016968750001 0.4788702140625 0.7804492 0.4696926421875 0.7571167 0.41768640625 0.737226734375 0.4227850484375
0 0.8328516609375001 0.5411210390625001 0.8596266953124999 0.5518282046875 0.8626866453125001 0.5334730640625 0.8328516609375001 0.529904015625 0.8328516609375001 0.5411210390625001
0 0.765149196875 0.7308854484375 0.8065952281250001 0.717313665625 0.8072241984374999 0.6972343546875 0.7624717203125 0.716099378125 0.765149196875 0.7308854484375
0 0.79230670625 0.7426596562500001 0.79230670625 0.80894210625 0.8072241984374999 0.80894210625 0.8045466875 0.7441892515624999 0.79230670625 0.7426596562500001
0 0.809519196875 0.7686627734375 0.8651384312499999 0.8106766828125 0.869189165625 0.7967053453124999 0.813344171875 0.755406275 0.809519196875 0.7686627734375
0 0.8812091140625 0.7923101859374999 0.8512116531249999 0.7477582984375 0.8408841578124999 0.759485203125 0.8726316640625 0.8053730828125 0.8812091140625 0.7923101859374999
0 0.7284292156250001 0.854877265625 0.76973919375 0.8502884796875 0.76935671875 0.8298938859374999 0.7261342171875 0.8339728140625 0.7284292156250001 0.854877265625
0 0.7383742328125 0.722822221875 0.7253692296875001 0.7896145531250001 0.7345492250000001 0.7936934578125 0.753291725 0.7284307453125 0.7383742328125 0.722822221875
0 0.6794692515625 0.8329530765625 0.7319813421875 0.8206251999999999 0.7219267312500001 0.795223053125 0.678321753125 0.8191867187499999 0.6794692515625 0.8329530765625
0 0.652311778125 0.8395813140625 0.7004139281249999 0.8405222359375 0.7031842296875 0.828874146875 0.6538417546875 0.8217360515625 0.652311778125 0.8395813140625
0 0.6041168031249999 0.7641212921875 0.63326143125 0.8106766828125 0.644661759375 0.7998118390625 0.6152092859375 0.7508647921875 0.6041168031249999 0.7641212921875
0 0.4691108828125 0.548954128125 0.495869346875 0.607450815625 0.5107868390625 0.5957239109375 0.4828643421875 0.5386190328125 0.4691108828125 0.548954128125
0 0.3454949546875 0.764655903125 0.31080613281249997 0.7539673390625 0.3016963546875 0.771223953125 0.343852509375 0.7799813531249999 0.3454949546875 0.764655903125
0 0.394768340625 0.8099025140625 0.36420454687500003 0.8613118421875001 0.379986325 0.874123403125 0.40626546562500004 0.8244981578124999 0.394768340625 0.8099025140625
