0 0.30859375 0.47109375 0.071875 0.07734375
0 0.56484375 0.45546875 0.04921875 0.07734375
0 0.740625 0.71875 0.07578125 0.0328125
0 0.73203125 0.2484375 0.08671875 0.021875
0 0.1765625 0.37734375 0.0203125 0.071875
0 0.2015625 0.38359375 0.03125 0.10234375
0 0.64296875 0.4140625 0.09140625 0.02421875
0 0.584375 0.51015625 0.046875 0.09375
0 0.525 0.18203125 0.0515625 0.028125
0 0.17890625 0.48046875 0.034375 0.08203125
0 0.23359375 0.49140625 0.03828125 0.0796875
0 0.1640625 0.43125 0.0234375 0.0734375
0 0.20390625 0.53125 0.02265625 0.09140625
0 0.534375 0.7453125 0.0234375 0.08671875
0 0.61640625 0.65703125 0.0265625 0.084375
0 0.66640625 0.6953125 0.0546875 0.04765625
0 0.80078125 0.7125 0.03203125 0.0828125
0 0.81484375 0.5 0.028125 0.115625
0 0.66015625 0.21875 0.046875 0.07578125
0 0.57265625 0.2515625 0.0890625 0.04140625
0 0.57109375 0.20546875 0.0890625 0.03046875
0 0.509375 0.30234375 0.01875 0.08828125
0 0.22301958125 0.1986384171875 0.295460715625 0.2367356171875 0.3026883546875 0.22153104843750002 0.22850985625 0.1774378109375 0.22301958125 0.1986384171875
0 0.2456093796875 0.1894351671875 0.303449184375 0.22102424062499998 0.3114376125 0.20075148281250002 0.2558988328125 0.17541055 0.2456093796875 0.1894351671875
