0 0.79609375 0.46875 0.084375 0.075
0 0.396875 0.6859375 0.040625 0.1
0 0.27734375 0.68828125 0.115625 0.0390625
0 0.71875 0.6265625 0.1265625 0.040625
0 0.73359375 0.58828125 0.109375 0.04375
0 0.84921875 0.2890625 0.0375 0.1109375
0 0.1390625 0.72421875 0.0890625 0.0890625
0 0.76796875 0.7171875 0.14375 0.034375
0 0.2203125 0.575 0.0328125 0.1015625
0 0.625 0.47734375 0.0703125 0.078125
0 0.78984375 0.496875 0.10625 0.065625
0 0.38984375 0.75625 0.121875 0.0484375
0 0.29921875 0.74140625 0.04375 0.0828125
0 0.60703125 0.63828125 0.09375 0.0390625
0 0.56640625 0.2171875 0.1125 0.0453125
