0 0.82890625 0.81953125 0.059375 0.0640625
0 0.6625 0.3796875 0.053125 0.05625
0 0.75390625 0.30703125 0.0375 0.05
0 0.85390625 0.309375 0.053125 0.0546875
0 0.5046875 0.88203125 0.04375 0.028125
0 0.48203125 0.41640625 0.0453125 0.053125
0 0.4578125 0.70703125 0.053125 0.053125
0 0.27734375 0.37265625 0.0390625 0.05625
0 0.59375 0.8796875 0.0515625 0.040625
0 0.46328125 0.8828125 0.05 0.0625
0 0.3640625 0.3265625 0.053125 0.034375
0 0.5984375 0.43515625 0.0484375 0.05625
0 0.8 0.56328125 0.040625 0.0734375
0 0.740625 0.875 0.0421875 0.0375
0 0.66171875 0.16875 0.040625 0.05625
0 0.18203125 0.3078125 0.034375 0.05
0 0.2109375 0.85 0.046875 0.0625
0 0.8390625 0.47734375 0.0375 0.03125
0 0.22734375 0.28828125 0.03125 0.0625
0 0.63203125 0.78671875 0.053125 0.034375
0 0.72421875 0.31796875 0.03125 0.071875
0 0.60390625 0.228125 0.03125 0.0359375
0 0.325 0.490625 0.0421875 0.0625
0 0.65546875 0.6 0.0375 0.065625
0 0.4328125 0.1703125 0.0484375 0.0390625
0 0.446875 0.31484375 0.025 0.0625
0 0.24921875 0.2375 0.05625 0.03125
0 0.72890625 0.71953125 0.028125 0.046875
0 0.50703125 0.85859375 0.04375 0.0390625
0 0.7765625 0.19765625 0.028125 0.084375
0 0.53046875 0.2109375 0.0421875 0.028125
0 0.74921875 0.3875 0.053125 0.025
0 0.18828125 0.6875 0.015625 0.06875
0 0.83125 0.725 0.0234375 0.06875
0 0.7984375 0.2921875 0.059375 0.021875
0 0.62578125 0.16484375 0.053125 0.03125
0 0.84375 0.5796875 0.021875 0.075
0 0.1765625 0.8796875 0.021875 0.0578125
0 0.8484375 0.18359375 0.0203125 0.0734375
0 0.740625 0.76875 0.0296875 0.040625
0 0.20078125 0.20390625 0.01875 0.053125
0 0.3265625 0.56328125 0.021875 0.075
0 0.38359375 0.15390625 0.0484375 0.021875
0 0.26796875 0.1828125 0.0484375 0.01875
0 0.55390625 0.66484375 0.01875 0.075
0 0.2296875 0.175 0.025 0.01875
0 0.19921875 0.88125 0.0296875 0.028125
0 0.34140625 0.17734375 0.034375 0.03125
0 0.19375 0.15859375 0.04375 0.0484375
0 0.75390625 0.82734375 0.0328125 0.071875
