0 0.1265625 0.24375 0.0375 0.0734375
0 0.2234375 0.1921875 0.10625 0.040625
0 0.14375 0.196875 0.059375 0.0375
0 0.29609375 0.23671875 0.103125 0.034375
0 0.3359375 0.1921875 0.1125 0.0375
0 0.390625 0.25703125 0.078125 0.0703125
0 0.23984375 0.3296875 0.090625 0.065625
0 0.13984375 0.36171875 0.084375 0.0875
0 0.16015625 0.43671875 0.0375 0.090625
0 0.115625 0.4734375 0.05 0.109375
0 0.18359375 0.5515625 0.040625 0.0625
0 0.1359375 0.5796875 0.05 0.1078125
0 0.190625 0.471875 0.0484375 0.075
0 0.25703125 0.5125 0.046875 0.0640625
0 0.2609375 0.45703125 0.08125 0.053125
0 0.33125 0.5375 0.065625 0.08125
0 0.38203125 0.48125 0.084375 0.0375
0 0.36328125 0.4421875 0.071875 0.0703125
0 0.4671875 0.3546875 0.0875 0.059375
0 0.4921875 0.28828125 0.0703125 0.0625
0 0.54140625 0.24140625 0.1140625 0.0265625
0 0.6921875 0.215625 0.1359375 0.0328125
0 0.81796875 0.22421875 0.04375 0.11875
0 0.7546875 0.56953125 0.065625 0.0765625
0 0.83671875 0.475 0.05 0.09375
0 0.8578125 0.575 0.046875 0.1078125
0 0.81953125 0.83515625 0.090625 0.040625
0 0.815625 0.79609375 0.1125 0.0359375
0 0.68046875 0.80625 0.1 0.053125
0 0.62734375 0.765625 0.1546875 0.028125
0 0.6828125 0.72109375 0.0875 0.075
0 0.48515625 0.76171875 0.046875 0.0828125
0 0.42109375 0.71796875 0.0796875 0.065625
0 0.40078125 0.78515625 0.04375 0.071875
0 0.4203125 0.82421875 0.096875 0.021875
0 0.41875 0.846875 0.0734375 0.021875
0 0.33046875 0.85078125 0.1 0.0234375
0 0.29921875 0.825 0.1 0.0375
0 0.1921875 0.8171875 0.078125 0.059375
0 0.13203125 0.83046875 0.040625 0.1109375
0 0.18671875 0.671875 0.0515625 0.0875
0 0.2421875 0.69140625 0.040625 0.0953125
0 0.30703125 0.659375 0.1015625 0.040625
0 0.2765625 0.59453125 0.059375 0.0859375
0 0.2296875 0.60625 0.0375 0.078125
