0 0.734375 0.5453125 0.075 0.0578125
0 0.5625 0.34921875 0.0625 0.0796875
0 0.5296875 0.76640625 0.084375 0.05625
0 0.7453125 0.15546875 0.09375 0.040625
0 0.49140625 0.8 0.08125 0.028125
0 0.30390625 0.44296875 0.08125 0.028125
0 0.1890625 0.559375 0.053125 0.090625
0 0.71640625 0.76875 0.028125 0.0421875
0 0.8265625 0.51328125 0.034375 0.10625
0 0.6359375 0.4546875 0.0171875 0.084375
0 0.6546875 0.4515625 0.025 0.10625
0 0.81484375 0.18203125 0.025 0.134375
0 0.74375 0.7953125 0.0453125 0.025
0 0.809375 0.7984375 0.08125 0.03125
