0 0.3296875 0.16875 0.04609375 0.021875
0 0.4671875 0.32578125 0.05390625 0.0171875
0 0.6390625 0.328125 0.04921875 0.02109375
0 0.378125 0.8421875 0.0421875 0.025
0 0.6625 0.74609375 0.046875 0.02109375
0 0.86875 0.46640625 0.0171875 0.071875
0 0.8015625 0.68046875 0.01640625 0.06484375
0 0.83515625 0.62421875 0.0453125 0.01953125
0 0.80078125 0.83125 0.05234375 0.02265625
0 0.8479764796874999 0.7510795640625 0.8052357875 0.7818346515625 0.8124222890624999 0.796960109375 0.8517588890625 0.763684103125 0.8479764796874999 0.7510795640625
0 0.828125 0.7390625 0.01484375 0.04296875
0 0.8609375 0.12421875 0.0296875 0.01875
0 0.768296 0.0807710734375 0.7480198109375 0.1365978171875 0.7579185625 0.145911796875 0.7852855828124999 0.089251771875 0.768296 0.0807710734375
0 0.744526146875 0.223528309375 0.7229819171874999 0.2623365296875 0.72647558125 0.2724266984375 0.7602476375 0.241380078125 0.744526146875 0.223528309375
0 0.533159440625 0.45256894843750006 0.497640553125 0.48439172187499996 0.5075392515625 0.502243490625 0.5448050234374999 0.4673160703125 0.533159440625 0.45256894843750006
0 0.7748045890624999 0.6133791000000001 0.7211148203125 0.637625503125 0.7258932859375 0.6607251453125 0.77888055 0.6343355515625 0.7748045890624999 0.6133791000000001
0 0.6478681296875 0.8253441234375 0.6350580078125 0.8579430484375001 0.6443744640625 0.866480875 0.6630073234375 0.8315534546875 0.6478681296875 0.8253441234375
0 0.8733183578125001 0.8120855671875 0.8487329750000001 0.74452520625 0.841924721875 0.752087934375 0.855919440625 0.81813575 0.8733183578125001 0.8120855671875
0 0.7720646125 0.71083169375 0.8071269578125 0.7505753890625 0.8116657937499999 0.7374666515625 0.7795157296874999 0.6920902796874999 0.7720646125 0.71083169375
0 0.20661641875 0.810498190625 0.182227621875 0.8691433734375 0.1932264765625 0.8780676140624999 0.2228756296875 0.820697365625 0.20661641875 0.810498190625
