0 0.15625 0.21328125 0.0625 0.0875
0 0.1203125 0.3015625 0.0734375 0.090625
0 0.121875 0.37421875 0.065625 0.065625
0 0.2359375 0.41875 0.10625 0.0578125
0 0.1421875 0.43515625 0.05625 0.065625
0 0.32421875 0.23046875 0.134375 0.040625
0 0.371875 0.28671875 0.1390625 0.0375
0 0.5421875 0.2828125 0.115625 0.0765625
0 0.5109375 0.33671875 0.084375 0.04375
0 0.41171875 0.3890625 0.05 0.109375
0 0.34609375 0.36015625 0.0375 0.1046875
0 0.61015625 0.3578125 0.1 0.04375
0 0.66953125 0.4359375 0.0890625 0.075
0 0.56328125 0.484375 0.134375 0.05
0 0.56640625 0.5375 0.0921875 0.0578125
0 0.54609375 0.5859375 0.040625 0.0921875
0 0.465625 0.57421875 0.0796875 0.0765625
0 0.575 0.63046875 0.096875 0.05625
0 0.559375 0.7078125 0.075 0.103125
0 0.28046875 0.58203125 0.134375 0.065625
0 0.24296875 0.71015625 0.059375 0.0953125
0 0.28046875 0.8109375 0.096875 0.075
0 0.4546875 0.7734375 0.1078125 0.028125
0 0.35234375 0.84296875 0.103125 0.0421875
0 0.42734375 0.7484375 0.11875 0.03125
0 0.45078125 0.82578125 0.0890625 0.0375
0 0.51015625 0.85234375 0.115625 0.034375
0 0.5265625 0.81796875 0.075 0.0296875
0 0.76328125 0.56796875 0.08125 0.096875
0 0.78125 0.6640625 0.0953125 0.08125
0 0.85 0.7375 0.034375 0.1046875
0 0.80859375 0.3984375 0.0515625 0.08125
0 0.8203125 0.31796875 0.046875 0.09375
0 0.81640625 0.23046875 0.06875 0.059375
0 0.79921875 0.1859375 0.059375 0.0390625
