0 0.36875 0.8109375 0.053125 0.06484375
0 0.73984375 0.49609375 0.04140625 0.065625
0 0.83984375 0.515625 0.05234375 0.05078125
0 0.74453125 0.2328125 0.0546875 0.04609375
0 0.82421875 0.60234375 0.04609375 0.06171875
0 0.6484375 0.25625 0.040625 0.06484375
0 0.24921875 0.1234375 0.0546875 0.03984375
0 0.44453125 0.66953125 0.0375 0.06484375
0 0.821875 0.77734375 0.05078125 0.0328125
0 0.8 0.57890625 0.0359375 0.0671875
0 0.2984375 0.68984375 0.03984375 0.06171875
0 0.78203125 0.79921875 0.0640625 0.0421875
0 0.6984375 0.63125 0.05625 0.03359375
0 0.60625 0.33046875 0.04296875 0.0515625
0 0.42109375 0.53515625 0.05859375 0.0390625
0 0.85 0.42109375 0.04140625 0.0625
0 0.64453125 0.834375 0.04375 0.040625
0 0.7015625 0.58828125 0.05390625 0.03828125
0 0.23359375 0.74296875 0.03828125 0.06875
0 0.628125 0.33515625 0.03203125 0.05859375
0 0.65546875 0.7125 0.04140625 0.06640625
0 0.75078125 0.121875 0.0625 0.0375
0 0.53359375 0.68828125 0.0375 0.07109375
0 0.815625 0.30390625 0.05234375 0.0234375
0 0.8265625 0.24765625 0.03046875 0.07578125
0 0.3421875 0.75390625 0.05859375 0.03515625
0 0.66875 0.5109375 0.04921875 0.03125
0 0.33671875 0.45234375 0.05234375 0.03203125
0 0.58125 0.72109375 0.0515625 0.02109375
0 0.80078125 0.46796875 0.0171875 0.06640625
0 0.62890625 0.57265625 0.025 0.06015625
0 0.33671875 0.41484375 0.02421875 0.06015625
0 0.54765625 0.33515625 0.01953125 0.08125
0 0.63671875 0.45234375 0.02265625 0.06328125
0 0.753125 0.27890625 0.02734375 0.05859375
0 0.67578125 0.66875 0.01484375 0.03359375
0 0.76328125 0.315625 0.0484375 0.028125
0 0.49453125 0.74921875 0.02109375 0.0671875
0 0.7234375 0.81875 0.0203125 0.07578125
0 0.84609375 0.390625 0.01796875 0.06015625
0 0.81953125 0.4359375 0.01875 0.08125
0 0.23359375 0.84609375 0.05390625 0.01796875
0 0.8636041656250001 0.81816976875 0.8147511109375 0.8376501718749999 0.816699675 0.8541621453125 0.8676404671875 0.8348672578125 0.8636041656250001 0.81816976875
0 0.8455104499999999 0.8127894734375 0.807683671875 0.8246235453124999 0.8122458265624999 0.8396909796875001 0.847041453125 0.8252198234374999 0.8455104499999999 0.8127894734375
0 0.8448585625 0.746096809375 0.841334975 0.8214920546875 0.8534438515625 0.8220486375 0.8552532156250001 0.7498783859375 0.8448585625 0.746096809375
0 0.83984375 0.31875 0.04609375 0.0234375
0 0.8328125 0.1140625 0.05 0.034375
0 0.84765625 0.14375 0.0265625 0.02890625
0 0.196875 0.85 0.01875 0.03828125
0 0.178125 0.83515625 0.01875 0.03671875
