0 0.20078125 0.734375 0.05625 0.06875
0 0.56328125 0.825 0.115625 0.046875
0 0.796875 0.496875 0.040625 0.128125
0 0.315625 0.72578125 0.03125 0.121875
0 0.26640625 0.734375 0.06875 0.046875
0 0.165625 0.63203125 0.034375 0.146875
0 0.69375 0.52265625 0.0640625 0.096875
0 0.76953125 0.725 0.084375 0.059375
0 0.54765625 0.43515625 0.0625 0.09375
0 0.81015625 0.40234375 0.034375 0.071875
0 0.79375 0.33515625 0.03125 0.075
0 0.7984375 0.2234375 0.03125 0.121875
0 0.75 0.275 0.0328125 0.125
0 0.73984375 0.49921875 0.04375 0.084375
0 0.61796875 0.57578125 0.084375 0.0625
0 0.29296875 0.49140625 0.03125 0.13125
0 0.48671875 0.76640625 0.0328125 0.109375
0 0.41015625 0.2046875 0.075 0.0828125
0 0.24375 0.16328125 0.1140625 0.03125
0 0.16484375 0.20234375 0.03125 0.1515625
