0 0.228125 0.78984375 0.075 0.0625
0 0.25546875 0.646875 0.0734375 0.0765625
0 0.23359375 0.54453125 0.0625 0.0875
0 0.76875 0.26328125 0.1 0.0546875
0 0.58359375 0.32890625 0.096875 0.05
0 0.1609375 0.5171875 0.021875 0.084375
0 0.13125 0.52265625 0.040625 0.096875
0 0.19609375 0.3734375 0.1484375 0.065625
0 0.79609375 0.765625 0.1203125 0.0921875
0 0.41796875 0.17265625 0.08125 0.0734375
0 0.815625 0.4421875 0.071875 0.090625
0 0.7 0.16796875 0.121875 0.04375
0 0.33125 0.76171875 0.128125 0.04375
0 0.34765625 0.80859375 0.11875 0.0375
0 0.4390625 0.80703125 0.0625 0.04375
0 0.534375 0.8109375 0.1265625 0.0375
0 0.46875 0.7484375 0.05 0.090625
0 0.53671875 0.73984375 0.0703125 0.08125
0 0.475 0.43046875 0.0984375 0.075
0 0.5796875 0.45703125 0.05625 0.0953125
0 0.52578125 0.2609375 0.0671875 0.1125
0 0.30546875 0.1890625 0.121875 0.0453125
0 0.2078125 0.1515625 0.13125 0.04375
0 0.33984375 0.15 0.134375 0.0375
0 0.6296875 0.19296875 0.121875 0.034375
