0 0.83046875 0.8515625 0.021875 0.05625
0 0.68828125 0.2875 0.021875 0.0625
0 0.38203125 0.81484375 0.0109375 0.034375
0 0.23671875 0.4921875 0.021875 0.065625
0 0.153125 0.35703125 0.021875 0.0640625
0 0.18225972343750002 0.1764400109375 0.138981978125 0.21689350625 0.14743852500000001 0.2354623046875 0.1887264640625 0.189703440625 0.18225972343750002 0.1764400109375
0 0.23946596250000002 0.1618502453125 0.2802564328125 0.1890402859375 0.2912304390625 0.17038942031249998 0.24841997968750001 0.143944603125 0.23946596250000002 0.1618502453125
0 0.2543893234375 0.28652655781249997 0.28075390312500004 0.3289695328125 0.2966721296875 0.3097375671875 0.27030755 0.26729455625 0.2543893234375 0.28652655781249997
0 0.27179988593750004 0.3992932578125 0.30463127968750003 0.3462395109375 0.29219512187499996 0.3349655734375 0.263343340625 0.3807244359375 0.27179988593750004 0.3992932578125
0 0.2737896921875 0.3973037421875 0.27926156562500004 0.44239943593750003 0.299588715625 0.43865023281250004 0.28821558281250004 0.3740927328125 0.2737896921875 0.3973037421875
0 0.38024294687500004 0.4948174953125 0.331990796875 0.5365973265624999 0.34293454687499997 0.5578188328125 0.3872071953125 0.5153758328125 0.38024294687500004 0.4948174953125
0 0.292692590625 0.8616340078125001 0.33248819375 0.8941294390625 0.3383949890625 0.87726064375 0.2986619359375 0.847707396875 0.292692590625 0.8616340078125001
0 0.23449148437499998 0.8543391234375 0.26831774531249997 0.8981084703125 0.27776923125 0.8815291640625 0.2454353078125 0.843065196875 0.23449148437499998 0.8543391234375
0 0.20215748906250003 0.811896125 0.24195316562500002 0.8536759437500001 0.2528969875 0.8377598296875 0.2131013109375 0.7999590296875 0.20215748906250003 0.811896125
0 0.7813400546875 0.8424933859375001 0.7452191015625 0.8895899015625 0.7583178968750001 0.901231740625 0.798408190625 0.8520185203124999 0.7813400546875 0.8424933859375001
