0 0.8453125 0.4421875 0.034375 0.071875
0 0.7953125 0.46640625 0.0546875 0.04765625
0 0.23359375 0.79375 0.0515625 0.04140625
0 0.70546875 0.828125 0.04765625 0.046875
0 0.778125 0.77109375 0.0265625 0.0828125
0 0.6421875 0.85234375 0.0484375 0.03125
0 0.74453125 0.10234375 0.046875 0.03359375
0 0.5203125 0.78203125 0.04453125 0.05625
0 0.83828125 0.7359375 0.053125 0.05390625
0 0.49765625 0.24921875 0.06171875 0.03671875
0 0.64765625 0.16796875 0.05234375 0.0359375
0 0.26484375 0.571875 0.03359375 0.05234375
0 0.42734375 0.28203125 0.04296875 0.05234375
0 0.51484375 0.840625 0.05390625 0.03828125
0 0.21171875 0.44609375 0.040625 0.04140625
0 0.70390625 0.26328125 0.021875 0.0796875
0 0.78359375 0.11015625 0.03046875 0.06015625
0 0.34296875 0.35390625 0.0484375 0.04765625
0 0.70078125 0.11953125 0.06328125 0.01796875
0 0.828125 0.3875 0.0390625 0.01953125
0 0.8078125 0.7453125 0.01875 0.0765625
0 0.2734375 0.20546875 0.04765625 0.05
0 0.22578125 0.85390625 0.04375 0.0421875
0 0.7171875 0.1390625 0.04375 0.04140625
0 0.67734375 0.75234375 0.02734375 0.06640625
0 0.809375 0.35546875 0.04140625 0.01875
0 0.784375 0.81640625 0.015625 0.07109375
0 0.39296875 0.10625 0.05625 0.02265625
0 0.81171875 0.6578125 0.01640625 0.05625
0 0.35078125 0.64140625 0.0234375 0.04609375
0 0.8328125 0.58359375 0.0140625 0.06171875
0 0.6609375 0.37734375 0.01953125 0.0703125
0 0.7578125 0.334375 0.025 0.046875
0 0.85859375 0.11875 0.01953125 0.0609375
0 0.6171875 0.8484375 0.06171875 0.0421875
0 0.54375 0.84453125 0.0140625 0.046875
0 0.815330503125 0.8560619828125 0.85434989375 0.8190101765625 0.845311509375 0.8040130171875 0.8029853796875001 0.8395945125000001 0.815330503125 0.8560619828125
0 0.7895380234375 0.8375360796875 0.8434836265625 0.8338978515625 0.8428865625 0.8154814343749999 0.7886562328125 0.8175398671874999 0.7895380234375 0.8375360796875
0 0.8821581937499999 0.6486565921875 0.83098234375 0.6196612484374999 0.8283369546875001 0.6364227859375 0.8794809890625 0.6649467953125 0.8821581937499999 0.6486565921875
0 0.8416986468750001 0.6688863671874999 0.823707540625 0.5976066015625 0.811803321875 0.600841278125 0.8287778593749999 0.674944903125 0.8416986468750001 0.6688863671874999
0 0.783091803125 0.1714719390625 0.813566903125 0.2350237 0.8256915828125001 0.22502559375 0.7985764093750001 0.1562150765625 0.783091803125 0.1714719390625
0 0.7948287859375001 0.130043553125 0.849059115625 0.1082829734375 0.8444297000000001 0.0903451859375 0.7908607187500001 0.11886921406249999 0.7948287859375001 0.130043553125
0 0.8089740125 0.177818534375 0.8563339187500001 0.1265148109375 0.8481773046875001 0.11063546093750001 0.8021035890625001 0.1609200625 0.8089740125 0.177818534375
0 0.8267938156250001 0.1388654171875 0.8080815234375001 0.07508301875 0.793506090625 0.080641140625 0.8140078078125 0.1476872796875 0.8267938156250001 0.1388654171875
0 0.2732811765625 0.6380481640625 0.29819050625 0.6564416921875 0.3101874234375 0.6425035859375 0.2850325921875 0.6182409734375 0.2732811765625 0.6380481640625
