0 0.40859375 0.653125 0.071875 0.08515625
0 0.31171875 0.3578125 0.07265625 0.05
0 0.4296875 0.88203125 0.07421875 0.07890625
0 0.73046875 0.57109375 0.06875 0.06796875
0 0.1796875 0.8703125 0.0578125 0.059375
0 0.64453125 0.3203125 0.08828125 0.03515625
0 0.534375 0.31640625 0.06015625 0.07109375
0 0.53203125 0.2015625 0.08828125 0.03984375
0 0.42109375 0.41953125 0.059375 0.06875
0 0.6984375 0.57734375 0.08671875 0.07265625
0 0.39609375 0.271875 0.05546875 0.08984375
0 0.36796875 0.1953125 0.08125 0.0296875
0 0.75625 0.22578125 0.06640625 0.04140625
0 0.56484375 0.6109375 0.04140625 0.1
0 0.3671875 0.2265625 0.053125 0.04375
0 0.67421875 0.89375 0.07578125 0.03671875
0 0.56015625 0.24765625 0.040625 0.075
0 0.27734375 0.2390625 0.053125 0.06171875
0 0.24765625 0.20078125 0.0734375 0.0375
0 0.62421875 0.5703125 0.08671875 0.08203125
0 0.7125 0.1859375 0.0453125 0.01640625
0 0.8 0.20625 0.0703125 0.02109375
0 0.64453125 0.18671875 0.065625 0.03671875
0 0.734375 0.6421875 0.053125 0.07421875
0 0.18984375 0.2171875 0.0390625 0.06640625
0 0.75546875 0.18515625 0.04609375 0.01796875
0 0.69375 0.22890625 0.0421875 0.02265625
0 0.61640625 0.63828125 0.0703125 0.0765625
0 0.3078125 0.18984375 0.03828125 0.03828125
0 0.46171875 0.415625 0.021875 0.10078125
0 0.496875 0.4109375 0.0234375 0.078125
0 0.490625 0.328125 0.02734375 0.06796875
0 0.58828125 0.1890625 0.0421875 0.03671875
0 0.61640625 0.21953125 0.0578125 0.03125
0 0.72890625 0.2859375 0.02578125 0.10859375
0 0.76875 0.55234375 0.03515625 0.115625
0 0.72890625 0.70234375 0.025 0.109375
0 0.784375 0.70703125 0.03515625 0.09921875
0 0.175 0.81328125 0.03046875 0.078125
