0 0.2890625 0.40625 0.06875 0.028125
0 0.3609375 0.86875 0.06875 0.05625
0 0.6203125 0.89375 0.071875 0.075
0 0.6015625 0.3921875 0.075 0.06875
0 0.7140625 0.89375 0.06875 0.059375
0 0.40390625 0.83359375 0.09375 0.0375
0 0.81640625 0.21640625 0.06875 0.084375
0 0.3015625 0.2359375 0.0671875 0.03125
0 0.78671875 0.24140625 0.05625 0.09375
0 0.3109375 0.7265625 0.0671875 0.084375
0 0.571875 0.24921875 0.08125 0.025
0 0.47265625 0.4609375 0.059375 0.0875
0 0.565625 0.31015625 0.071875 0.025
0 0.665625 0.21171875 0.06875 0.03125
0 0.80625 0.4546875 0.071875 0.090625
0 0.475 0.91328125 0.0453125 0.05625
0 0.21796875 0.26953125 0.059375 0.034375
0 0.3109375 0.37109375 0.05 0.0375
0 0.6171875 0.2875 0.05 0.059375
0 0.65546875 0.1890625 0.0484375 0.03125
0 0.5828125 0.2015625 0.0265625 0.071875
0 0.6171875 0.59921875 0.084375 0.04375
0 0.22734375 0.2171875 0.0421875 0.021875
0 0.17734375 0.3109375 0.0515625 0.05625
0 0.5984375 0.33984375 0.05625 0.0296875
0 0.6875 0.4734375 0.021875 0.0859375
0 0.68671875 0.39921875 0.03125 0.05625
0 0.75390625 0.33046875 0.021875 0.0453125
0 0.7234375 0.36328125 0.03125 0.08125
0 0.7171875 0.30546875 0.05 0.0375
0 0.759375 0.38828125 0.05625 0.046875
0 0.8140625 0.65390625 0.0375 0.109375
0 0.77578125 0.74375 0.025 0.103125
0 0.72890625 0.7234375 0.034375 0.09375
0 0.8125 0.875 0.0234375 0.0953125
0 0.18515625 0.871875 0.03125 0.05
0 0.16015625 0.49296875 0.04375 0.04375
0 0.4203125 0.19296875 0.08125 0.034375
0 0.16171875 0.2453125 0.028125 0.06875
0 0.1921875 0.2109375 0.040625 0.025
0 0.20546875 0.1890625 0.071875 0.01875
0 0.31171875 0.1984375 0.0828125 0.025
0 0.25703125 0.19609375 0.03125 0.0296875
0 0.2984375 0.30703125 0.05 0.0875
