0 0.78984375 0.29375 0.071875 0.034375
0 0.16484375 0.45234375 0.04375 0.115625
0 0.64140625 0.290625 0.046875 0.0953125
0 0.2421875 0.72265625 0.0890625 0.075
0 0.17421875 0.66640625 0.0796875 0.0921875
0 0.4046875 0.7421875 0.0640625 0.103125
0 0.6265625 0.16484375 0.128125 0.040625
0 0.6734375 0.73046875 0.04375 0.1171875
0 0.27890625 0.1984375 0.1296875 0.0390625
0 0.26328125 0.16484375 0.1125 0.0375
0 0.83125 0.26796875 0.059375 0.084375
0 0.46796875 0.32734375 0.140625 0.05
0 0.403125 0.17421875 0.1125 0.05625
0 0.15 0.22265625 0.0359375 0.115625
0 0.196875 0.20625 0.04375 0.109375
