0 0.240625 0.2796875 0.078125 0.05
0 0.5765625 0.75078125 0.0875 0.05625
0 0.51328125 0.7625 0.078125 0.040625
0 0.33125 0.803125 0.065625 0.04375
0 0.6359375 0.803125 0.0875 0.03125
0 0.346875 0.72265625 0.065625 0.053125
0 0.21484375 0.61875 0.0609375 0.025
0 0.79609375 0.2671875 0.0421875 0.0859375
0 0.77421875 0.340625 0.05 0.09375
0 0.24140625 0.7765625 0.06875 0.025
0 0.66015625 0.09296875 0.075 0.034375
0 0.29375 0.34296875 0.078125 0.034375
0 0.7328125 0.74453125 0.06875 0.028125
0 0.3546875 0.3109375 0.06875 0.0328125
0 0.76328125 0.78828125 0.0671875 0.0375
0 0.7390625 0.56875 0.025 0.078125
0 0.25859375 0.65 0.0640625 0.0234375
0 0.7375 0.67265625 0.0421875 0.05
0 0.44609375 0.80546875 0.084375 0.065625
0 0.59375 0.0859375 0.0625 0.01875
0 0.1796875 0.78203125 0.0546875 0.0265625
0 0.34453125 0.64609375 0.0234375 0.0875
0 0.325 0.603125 0.021875 0.10625
0 0.20546875 0.67265625 0.01875 0.084375
0 0.221875 0.6640625 0.015625 0.05625
0 0.171875 0.66484375 0.01875 0.0625
0 0.18125 0.715625 0.0296875 0.053125
0 0.175 0.53046875 0.028125 0.1015625
0 0.2703125 0.1625 0.028125 0.090625
0 0.3765625 0.2375 0.028125 0.084375
0 0.4125 0.12109375 0.0671875 0.021875
0 0.6015625 0.1078125 0.04375 0.0234375
0 0.78828125 0.128125 0.0421875 0.05
0 0.82265625 0.1765625 0.021875 0.0875
0 0.81015625 0.34140625 0.028125 0.09375
0 0.82734375 0.4390625 0.025 0.09375
0 0.80625 0.46484375 0.0265625 0.0890625
0 0.715625 0.40859375 0.028125 0.0921875
0 0.76875 0.5671875 0.0375 0.075
0 0.71953125 0.703125 0.04375 0.05
0 0.81484375 0.678125 0.0265625 0.04375
0 0.79375 0.6671875 0.01875 0.065625
0 0.809375 0.73671875 0.01875 0.059375
0 0.80703125 0.74375 0.0765625 0.021875
