0 0.5578125 0.8453125 0.071875 0.034375
0 0.53359375 0.7953125 0.046875 0.0546875
0 0.20625 0.23359375 0.040625 0.0515625
0 0.171875 0.70546875 0.046875 0.046875
0 0.22890625 0.778125 0.0828125 0.0265625
0 0.14765625 0.6421875 0.03125 0.0484375
0 0.89765625 0.74453125 0.034375 0.046875
0 0.21796875 0.5203125 0.05625 0.04375
0 0.2640625 0.83828125 0.053125 0.053125
0 0.75078125 0.49765625 0.0375 0.0625
0 0.83203125 0.64765625 0.0359375 0.053125
0 0.428125 0.26484375 0.053125 0.034375
0 0.71796875 0.42734375 0.053125 0.04375
0 0.159375 0.51484375 0.0375 0.053125
0 0.55390625 0.21171875 0.040625 0.040625
0 0.73671875 0.70390625 0.0796875 0.021875
0 0.88984375 0.78359375 0.059375 0.03125
0 0.64609375 0.34296875 0.046875 0.0484375
0 0.88046875 0.70078125 0.01875 0.0625
0 0.6125 0.828125 0.01875 0.0390625
0 0.2546875 0.8078125 0.0765625 0.01875
0 0.79453125 0.2734375 0.05 0.046875
0 0.14609375 0.22578125 0.0421875 0.04375
0 0.8609375 0.7171875 0.040625 0.04375
0 0.24765625 0.67734375 0.065625 0.028125
0 0.64453125 0.809375 0.01875 0.040625
0 0.18359375 0.784375 0.071875 0.015625
0 0.89375 0.39296875 0.021875 0.05625
0 0.3421875 0.81171875 0.05625 0.0171875
0 0.35859375 0.35078125 0.046875 0.0234375
0 0.41640625 0.8328125 0.0625 0.0140625
0 0.62265625 0.6609375 0.0703125 0.01875
0 0.665625 0.7578125 0.046875 0.025
0 0.88125 0.85859375 0.0609375 0.01875
0 0.1515625 0.6171875 0.0421875 0.0625
0 0.15546875 0.54375 0.046875 0.0140625
0 0.1959869828125 0.845311509375 0.1604054875 0.8029853796875001 0.1439380171875 0.815330503125 0.1809898234375 0.85434989375 0.1959869828125 0.845311509375
0 0.184518565625 0.8428865625 0.1824601328125 0.7886562328125 0.1624639203125 0.7895380234375 0.16610214843749999 0.8434836265625 0.184518565625 0.8428865625
0 0.3635772140625 0.8283369546875001 0.3350532046875 0.8794809890625 0.3513434078125 0.8821581937499999 0.38033875156249997 0.83098234375 0.3635772140625 0.8283369546875001
0 0.399158721875 0.811803321875 0.325055096875 0.8287778593749999 0.3311136328125 0.8416986468750001 0.4023933984375 0.823707540625 0.399158721875 0.811803321875
0 0.7749744062499999 0.8256915828125001 0.8437849234374999 0.7985764093750001 0.8285280609375001 0.783091803125 0.7649763 0.813566903125 0.7749744062499999 0.8256915828125001
0 0.9096548140625 0.8444297000000001 0.8811307859375 0.7908607187500001 0.869956446875 0.7948287859375001 0.8917170265625 0.849059115625 0.9096548140625 0.8444297000000001
0 0.8893645390625 0.8481773046875001 0.8390799375 0.8021035890625001 0.822181465625 0.8089740125 0.8734851890625001 0.8563339187500001 0.8893645390625 0.8481773046875001
0 0.9193588593750001 0.793506090625 0.8523127203125 0.8140078078125 0.8611345828125 0.8267938156250001 0.92491698125 0.8080815234375001 0.9193588593750001 0.793506090625
0 0.3574964140625 0.3101874234375 0.3817590265625 0.2850325921875 0.3619518359375 0.2732811765625 0.3435583078125 0.29819050625 0.3574964140625 0.3101874234375
