0 0.2953125 0.671875 0.0625 0.08125
0 0.8171875 0.27265625 0.0671875 0.078125
0 0.76328125 0.4421875 0.084375 0.0625
0 0.29609375 0.90078125 0.071875 0.040625
0 0.51953125 0.3171875 0.0890625 0.0296875
0 0.31796875 0.27734375 0.071875 0.0875
0 0.6625 0.50234375 0.0625 0.09375
0 0.54921875 0.81328125 0.06875 0.090625
0 0.17890625 0.6984375 0.05 0.09375
0 0.428125 0.203125 0.0828125 0.0515625
0 0.3703125 0.62890625 0.0859375 0.021875
0 0.17265625 0.24609375 0.0390625 0.103125
0 0.31328125 0.825 0.059375 0.053125
0 0.775 0.3796875 0.046875 0.09375
0 0.51171875 0.196875 0.0875 0.0421875
0 0.25 0.73359375 0.05 0.0921875
0 0.303125 0.52734375 0.040625 0.0703125
0 0.1671875 0.5734375 0.015625 0.084375
0 0.4890625 0.3890625 0.0375 0.0953125
0 0.19453125 0.2171875 0.0859375 0.028125
0 0.246875 0.28515625 0.0359375 0.09375
0 0.21015625 0.315625 0.0375 0.04375
0 0.21640625 0.38984375 0.021875 0.103125
0 0.17890625 0.39296875 0.025 0.1078125
0 0.171875 0.4734375 0.028125 0.046875
0 0.1890625 0.51875 0.0328125 0.04375
0 0.25546875 0.6546875 0.025 0.0765625
0 0.18515625 0.8109375 0.0359375 0.071875
0 0.19375 0.86796875 0.0640625 0.03125
0 0.2453125 0.88359375 0.0375 0.059375
0 0.36484375 0.87421875 0.0328125 0.103125
0 0.271875 0.490625 0.01875 0.09375
0 0.2453125 0.51484375 0.025 0.1046875
0 0.678125 0.30390625 0.053125 0.06875
0 0.83671875 0.5765625 0.021875 0.096875
0 0.8171875 0.56015625 0.0171875 0.0921875
0 0.79609375 0.53203125 0.025 0.096875
0 0.82109375 0.6703125 0.025 0.084375
0 0.67734375 0.73046875 0.028125 0.103125
0 0.6734375 0.83828125 0.075 0.0328125
0 0.80078125 0.8609375 0.071875 0.059375
0 0.63671875 0.8703125 0.078125 0.0375
0 0.58046875 0.88671875 0.034375 0.028125
