0 0.6203125 0.5671875 0.075 0.059375
0 0.67109375 0.50625 0.0828125 0.065625
0 0.346875 0.51796875 0.05 0.090625
0 0.28984375 0.39140625 0.08125 0.090625
0 0.21953125 0.32265625 0.05625 0.09375
0 0.59375 0.89453125 0.053125 0.08125
0 0.70703125 0.3296875 0.0625 0.084375
0 0.65 0.27578125 0.0703125 0.0765625
0 0.50703125 0.453125 0.08125 0.0625
0 0.684375 0.8578125 0.0671875 0.0234375
0 0.796875 0.21484375 0.071875 0.05
0 0.609375 0.2015625 0.071875 0.021875
0 0.5171875 0.19296875 0.084375 0.028125
0 0.578125 0.27890625 0.084375 0.028125
0 0.53125 0.56953125 0.028125 0.10625
0 0.81953125 0.59375 0.01875 0.0953125
0 0.80625 0.77734375 0.0265625 0.0828125
0 0.18203125 0.85859375 0.0171875 0.103125
0 0.203125 0.78203125 0.025 0.1125
0 0.3234375 0.73359375 0.04375 0.0859375
0 0.39375 0.6453125 0.0671875 0.053125
0 0.26953125 0.5375 0.01875 0.1046875
0 0.19609375 0.49140625 0.028125 0.115625
0 0.3875 0.4703125 0.01875 0.10625
