0 0.21015625 0.228125 0.06171875 0.075
0 0.353125 0.25546875 0.0765625 0.0734375
0 0.45546875 0.23359375 0.08828125 0.06328125
0 0.73671875 0.76875 0.0546875 0.1
0 0.67109375 0.58359375 0.05 0.096875
0 0.4828125 0.1609375 0.08359375 0.02109375
0 0.47734375 0.13125 0.096875 0.04140625
0 0.6265625 0.19609375 0.065625 0.1484375
0 0.234375 0.79609375 0.09296875 0.1203125
0 0.82734375 0.41796875 0.0734375 0.08046875
0 0.5578125 0.815625 0.09140625 0.071875
0 0.83203125 0.7 0.04453125 0.121875
0 0.23828125 0.33125 0.04296875 0.128125
0 0.19140625 0.34765625 0.0375 0.11796875
0 0.19296875 0.4390625 0.04296875 0.06328125
0 0.1890625 0.534375 0.03828125 0.1265625
0 0.2515625 0.46875 0.08984375 0.04921875
0 0.26015625 0.53671875 0.08046875 0.0703125
0 0.56953125 0.475 0.07421875 0.0984375
0 0.54296875 0.5796875 0.0953125 0.05546875
0 0.7390625 0.52578125 0.11328125 0.0671875
0 0.8109375 0.30546875 0.0453125 0.121875
0 0.8484375 0.2078125 0.04375 0.13125
0 0.85 0.33984375 0.0375 0.13359375
0 0.80703125 0.6296875 0.03515625 0.12265625
