0 0.20703125 0.20078125 0.0375 0.071875
0 0.234375 0.190625 0.0296875 0.08125
0 0.375 0.17734375 0.084375 0.0421875
0 0.425 0.84765625 0.096875 0.0546875
0 0.290625 0.18828125 0.0890625 0.0578125
0 0.59921875 0.6953125 0.08125 0.1109375
0 0.8265625 0.865625 0.084375 0.04375
0 0.80546875 0.8046875 0.05625 0.0953125
0 0.86015625 0.80703125 0.0375 0.08125
0 0.66640625 0.3296875 0.046875 0.13125
0 0.72734375 0.1484375 0.1078125 0.05
0 0.82578125 0.1953125 0.040625 0.1234375
0 0.39453125 0.25390625 0.0421875 0.096875
0 0.3578125 0.29453125 0.0390625 0.13125
0 0.4 0.396875 0.040625 0.1453125
0 0.234375 0.2953125 0.034375 0.121875
0 0.234375 0.4046875 0.0625 0.0765625
0 0.17734375 0.4125 0.0421875 0.1375
0 0.209375 0.66328125 0.0390625 0.1265625
0 0.196875 0.80546875 0.034375 0.14375
