0 0.8354159734375 0.816015696875 0.8859862749999999 0.8402494125000001 0.8997962953125 0.8275990046875 0.8508672515625 0.8053976015625001 0.8354159734375 0.816015696875
0 0.8077324062500001 0.7774046421875 0.8450730296875 0.7349324968750001 0.832196928125 0.7296234890625 0.79807535 0.771130340625 0.8077324062500001 0.7774046421875
0 0.34536171250000003 0.7730608859375 0.4013726859375 0.7658213328125 0.400728871875 0.7508595609375 0.34600555312500003 0.760512325 0.34536171250000003 0.7730608859375
0 0.8767003796875 0.3390871859375 0.8616517515625001 0.40898587812500004 0.8819095453125 0.4094200203125 0.8981157765625 0.34256039375 0.8767003796875 0.3390871859375
0 0.6909075203125 0.412893259375 0.6694921546875 0.45153289843750005 0.6833831921875 0.4597818359375 0.7088501218750001 0.4189713859375 0.6909075203125 0.412893259375
0 0.7974056109375 0.162386671875 0.8727296390625 0.1422440015625 0.8622305515625 0.1285226984375 0.7904600828125 0.15196698749999998 0.7974056109375 0.162386671875
0 0.5899685328125 0.24332935937500003 0.5872793875 0.2722275265625 0.6058008109374999 0.27005678125 0.6115887375 0.242705046875 0.5899685328125 0.24332935937500003
0 0.5629700375 0.20623615312500002 0.6324253234375 0.18669924531249998 0.6260585953125 0.1719380703125 0.5513941421874999 0.1936457234375 0.5629700375 0.20623615312500002
0 0.49062003593750003 0.1636074015625 0.553130525 0.1945140078125 0.5629700375 0.1827918640625 0.5027754421874999 0.14719132031249998 0.49062003593750003 0.1636074015625
0 0.5253572734375 0.35744118125 0.556024509375 0.412459084375 0.573967153125 0.40421017812500004 0.5438698343749999 0.35037515468749997 0.5253572734375 0.35744118125
0 0.5204940609375 0.40173115781249996 0.5247696296875 0.45023043749999997 0.5392394671875 0.45023043749999997 0.5427122328125 0.39856619375 0.5204940609375 0.40173115781249996
0 0.42229910000000004 0.3573216328125 0.4442932875 0.416366465625 0.46281466875 0.4098541640625 0.43850531875 0.351243440625 0.42229910000000004 0.3573216328125
0 0.4055140578125 0.2704908921875 0.43781943749999996 0.3173196734375 0.4541327578125 0.3082622453125 0.4246142609375 0.25963709687500003 0.4055140578125 0.2704908921875
0 0.336010825 0.408551703125 0.3499018828125 0.45413782031250005 0.36784450468749996 0.44849383437499996 0.3556898296875 0.403776034375 0.336010825 0.408551703125
0 0.281604178125 0.2179582984375 0.3244349515625 0.242705046875 0.3342744640625 0.2331537125 0.29260125000000003 0.20449958124999998 0.281604178125 0.2179582984375
0 0.21793681875 0.158913465625 0.29192304375 0.15162305468749998 0.28623454375 0.1385082078125 0.2150428765625 0.149362065625 0.21793681875 0.158913465625
0 0.24465225937500001 0.179238621875 0.2592234203125 0.2251010515625 0.2680803921875 0.22402951093749998 0.25836629218749996 0.17881001093749999 0.24465225937500001 0.179238621875
0 0.3040983109375 0.18948774375 0.2603662484375 0.189739840625 0.26150909843750003 0.2015268890625 0.302651196875 0.201741209375 0.3040983109375 0.18948774375
0 0.23805727656250003 0.23410208593749998 0.2829135859375 0.261748125 0.2957704859375 0.2516755484375 0.25005705625 0.22552966093750001 0.23805727656250003 0.23410208593749998
0 0.1832011359375 0.25253276874999997 0.2377715640625 0.23731674218749998 0.2277717515625 0.22874431718750002 0.1786297984375 0.24310312343749998 0.1832011359375 0.25253276874999997
0 0.2303431328125 0.2533900203125 0.1809154765625 0.22810138593749998 0.1754869921875 0.2347450171875 0.22434324375 0.2578905375 0.2303431328125 0.2533900203125
0 0.189486746875 0.210527925 0.23748585156250002 0.19338310625 0.2280574640625 0.18223895625 0.18005834999999998 0.2015268890625 0.189486746875 0.210527925
0 0.1835062015625 0.1657270421875 0.2381741296875 0.1798385734375 0.24326466406249997 0.1690474171875 0.1921379796875 0.153109696875 0.1835062015625 0.1657270421875
0 0.1704478640625 0.13252346718750002 0.17376777968749998 0.1552679140625 0.18638345625 0.1552679140625 0.1868261171875 0.1323574421875 0.1704478640625 0.13252346718750002
0 0.24696733437499999 0.356759171875 0.2546912546875 0.3071632875 0.23781195781250003 0.3055028171875 0.230064078125 0.35697771718750004 0.24696733437499999 0.356759171875
0 0.1788727421875 0.3468072765625 0.21761213281249997 0.305710371875 0.20599031874999998 0.2988608890625 0.166974225 0.34058047343750003 0.1788727421875 0.3468072765625
0 0.1726645078125 0.3738747296875 0.134015871875 0.38480551093750004 0.1422524515625 0.3966868078125 0.17931714375000002 0.38052824531249996 0.1726645078125 0.3738747296875
0 0.1679126265625 0.4031027046875 0.1713507921875 0.4532362890625 0.186603359375 0.44801398593749997 0.1872369515625 0.4042908234375 0.1679126265625 0.4031027046875
0 0.20253175156249997 0.4238615453125 0.163794325 0.4682121765625 0.17931714375000002 0.47486570156249996 0.2195497375 0.43114254843750005 0.20253175156249997 0.4238615453125
0 0.1820735953125 0.8097025234374999 0.21651135 0.792383509375 0.2098586046875 0.7841642953125 0.1754208484375 0.8003091671875 0.1820735953125 0.8097025234374999
