0 0.3421875 0.86640625 0.046875 0.021875
0 0.4671875 0.878125 0.053125 0.0265625
0 0.33046875 0.61953125 0.0375 0.034375
0 0.45234375 0.7234375 0.01875 0.028125
0 0.4140625 0.5875 0.028125 0.040625
0 0.20859375 0.5515625 0.0359375 0.0421875
0 0.353125 0.36796875 0.0234375 0.06875
0 0.346875 0.33984375 0.0578125 0.0203125
0 0.2875 0.3484375 0.028125 0.028125
0 0.2828125 0.18984375 0.05 0.0375
0 0.23046875 0.1484375 0.0359375 0.0421875
0 0.51484375 0.15625 0.0515625 0.034375
0 0.54375 0.15546875 0.015625 0.04375
0 0.721875 0.14609375 0.0375 0.028125
0 0.725 0.16875 0.040625 0.01875
0 0.69921875 0.209375 0.040625 0.0375
0 0.6984375 0.25546875 0.0328125 0.05625
0 0.69765625 0.371875 0.028125 0.0625
0 0.74609375 0.29140625 0.0234375 0.0671875
0 0.76640625 0.43046875 0.01875 0.078125
0 0.828125 0.44453125 0.0421875 0.0484375
0 0.84609375 0.53671875 0.025 0.0546875
0 0.8234375 0.6140625 0.040625 0.028125
0 0.75546875 0.65546875 0.015625 0.0421875
0 0.78125 0.64921875 0.034375 0.025
0 0.70234375 0.64140625 0.025 0.05625
0 0.66640625 0.725 0.021875 0.0625
0 0.7140625 0.809375 0.05 0.0359375
0 0.74375 0.77578125 0.046875 0.0265625
0 0.79375 0.72734375 0.0375 0.0375
0 0.809375 0.78515625 0.03125 0.0640625
0 0.70625 0.8859375 0.053125 0.0234375
0 0.76953125 0.88828125 0.021875 0.05625
0 0.80078125 0.86328125 0.053125 0.0234375
0 0.85078125 0.83359375 0.015625 0.0734375
0 0.85390625 0.88671875 0.0234375 0.0421875
0 0.82109375 0.8921875 0.0453125 0.03125
0 0.79921875 0.36875 0.021875 0.06875
0 0.81875 0.3703125 0.01875 0.06875
0 0.83984375 0.3609375 0.028125 0.025
0 0.79765625 0.31015625 0.034375 0.0484375
0 0.82265625 0.25625 0.040625 0.03125
0 0.78046875 0.234375 0.0296875 0.075
0 0.7578125 0.17734375 0.053125 0.053125
0 0.82265625 0.17109375 0.059375 0.034375
