0 0.2203125 0.146875 0.1 0.04609375
0 0.28359375 0.11484375 0.0515625 0.03984375
0 0.3203125 0.1484375 0.0359375 0.12890625
0 0.36953125 0.15234375 0.0671875 0.0703125
0 0.546875 0.12890625 0.11484375 0.04375
0 0.4046875 0.33984375 0.065625 0.06796875
0 0.409375 0.27734375 0.0828125 0.0390625
0 0.29296875 0.30390625 0.11171875 0.03125
0 0.2453125 0.3921875 0.03671875 0.11484375
0 0.33984375 0.4015625 0.103125 0.0375
0 0.5171875 0.3640625 0.046875 0.10625
0 0.5609375 0.3671875 0.0390625 0.1171875
0 0.60234375 0.4015625 0.04140625 0.09609375
0 0.59140625 0.50703125 0.03515625 0.1140625
0 0.6328125 0.43828125 0.0328125 0.125
0 0.43671875 0.45703125 0.06796875 0.0890625
0 0.378125 0.509375 0.05859375 0.0640625
0 0.22578125 0.67421875 0.03828125 0.11015625
0 0.17734375 0.7796875 0.040625 0.1390625
0 0.51796875 0.86484375 0.0859375 0.0453125
0 0.5078125 0.8140625 0.096875 0.02890625
0 0.50234375 0.7859375 0.09609375 0.05390625
0 0.58125 0.83046875 0.07265625 0.034375
0 0.6171875 0.7765625 0.09296875 0.04296875
0 0.6515625 0.71796875 0.06875 0.059375
0 0.74296875 0.7140625 0.07421875 0.05390625
0 0.8 0.7609375 0.0359375 0.128125
0 0.8359375 0.79296875 0.03515625 0.13984375
0 0.72578125 0.6484375 0.03125 0.11640625
0 0.7625 0.62890625 0.04140625 0.08359375
0 0.81875 0.60234375 0.0671875 0.08125
0 0.83984375 0.4953125 0.0390625 0.1296875
0 0.78984375 0.4296875 0.0625 0.1109375
0 0.7421875 0.2984375 0.0875 0.08125
0 0.834375 0.2640625 0.040625 0.121875
0 0.69140625 0.25078125 0.0734375 0.07890625
0 0.7046875 0.18515625 0.06796875 0.053125
0 0.65390625 0.15 0.075 0.0375
0 0.73671875 0.13828125 0.09609375 0.05
0 0.64921875 0.60390625 0.11796875 0.04765625
