0 0.37346300625 0.132087590625 0.4194275765625 0.11535002968750001 0.41414885 0.0933582390625 0.366970165625 0.117109378125 0.37346300625 0.132087590625
0 0.44750783906249997 0.1600688828125 0.48871098125 0.21695213125 0.5002582 0.20595622812499997 0.4613275578125 0.1448190328125 0.44750783906249997 0.1600688828125
0 0.61701964375 0.1609035234375 0.569783934375 0.1755575 0.574537184375 0.1989246796875 0.6214758421875 0.18902333124999998 0.61701964375 0.1609035234375
0 0.6958233234375 0.1874892453125 0.73719270625 0.164161475 0.7308612078125 0.14902143125 0.6904130625 0.169972646875 0.6958233234375 0.1874892453125
0 0.7960554390625 0.11721869062500001 0.8456696140625001 0.1225238453125 0.849553371875 0.1014148046875 0.799661671875 0.094643990625 0.7960554390625 0.11721869062500001
0 0.8447733562499999 0.19779949531250002 0.8041429640625 0.1496071578125 0.7972716640625 0.16792820625 0.8298356890624999 0.2077565984375 0.8447733562499999 0.19779949531250002
0 0.792080478125 0.4226062921875 0.8392017781250001 0.40158282968750003 0.8337479015625 0.3823365359375 0.7881922875 0.40585978906250003 0.792080478125 0.4226062921875
0 0.8201878296875 0.4872917078125 0.86711263125 0.51752374375 0.8696791296875 0.5012713062499999 0.82284024375 0.47817576875 0.8201878296875 0.4872917078125
0 0.8699999609375 0.5564440171875 0.8509904078125 0.483184696875 0.8337479015625 0.49100663281249995 0.8510718796875001 0.5607209609375 0.8699999609375 0.5564440171875
0 0.7589677046875 0.5073133828125 0.7596397984375 0.5765457140625 0.774397253125 0.5752626265624999 0.772793196875 0.5068313515625 0.7589677046875 0.5073133828125
0 0.784984128125 0.5731241390624999 0.8321438453125 0.5564440171875 0.82797324375 0.5359146359375 0.78113435625 0.5581547890625 0.784984128125 0.5731241390624999
0 0.6842714546875001 0.4739439234375 0.716971490625 0.5294992046875 0.726595921875 0.5170960421874999 0.6990058765625 0.4627787328125 0.6842714546875001 0.4739439234375
0 0.6473547734375 0.5641602734375 0.6962074515625 0.5314420703125 0.69002308125 0.5158306796875001 0.642221728125 0.5474801515625 0.6473547734375 0.5641602734375
0 0.7019829359374999 0.5381159609374999 0.74488234375 0.5893942984375 0.7506570031249999 0.5791296078125 0.712159275 0.5218184265625 0.7019829359374999 0.5381159609374999
0 0.7524221578125 0.5689185390625 0.7525818890625 0.63303695625 0.7676601515625 0.63303695625 0.76862259375 0.5718765140625 0.7524221578125 0.5689185390625
0 0.7227461500000001 0.6056644437500001 0.7352579125 0.6766618906249999 0.7471280375 0.6732403171875 0.735899525 0.6022428859375 0.7227461500000001 0.6056644437500001
0 0.70968358125 0.6561925109375 0.7564316625 0.634747728125 0.7509778093749999 0.616356834375 0.7060638078125 0.6390246875 0.70968358125 0.6561925109375
0 0.6669244437499999 0.6599994921875 0.6361262625 0.7250091921874999 0.6483172171875 0.7327077109375 0.67622806875 0.67154726875 0.6669244437499999 0.6599994921875
0 0.6168908140625 0.7388460953125 0.6223312265625001 0.8062713296874999 0.6361262625 0.8015666703125 0.629068328125 0.7339907953125 0.6168908140625 0.7388460953125
0 0.6800778421875 0.7335630953125001 0.693872853125 0.8079821015625 0.7108760249999999 0.8002835828125001 0.6919479671875 0.72843075 0.6800778421875 0.7335630953125001
0 0.706705421875 0.77590494375 0.7330121953125001 0.7292861515625 0.720179628125 0.7173106734375 0.6970809906250001 0.76392948125 0.706705421875 0.77590494375
0 0.798626025 0.635657459375 0.8536384265624999 0.6206515171875 0.8494678234374999 0.6035436953125 0.7987791625 0.6146637703125 0.798626025 0.635657459375
0 0.8664709703125 0.6617102781249999 0.871012084375 0.5858599578125 0.85973386875 0.5907128312500001 0.8501094374999999 0.6557225328125 0.8664709703125 0.6617102781249999
0 0.8455999562500001 0.6130689015625 0.828614903125 0.675824228125 0.8462596640625 0.68437813125 0.8571673687500001 0.6185130296875 0.8455999562500001 0.6130689015625
0 0.8250859140625 0.6912389859375 0.851392709375 0.7519717265625 0.8623004156249999 0.7429901234375 0.8359936171875001 0.683968153125 0.8250859140625 0.6912389859375
0 0.8286585390625 0.7352524609375 0.8414474468750001 0.808427509375 0.8584506421875 0.8020120765625001 0.8420891078125001 0.7284484890625 0.8286585390625 0.7352524609375
0 0.7830592421875 0.8174091125 0.75675246875 0.84007698125 0.7612438781249999 0.8537632453124999 0.7936461171875 0.8336615500000001 0.7830592421875 0.8174091125
0 0.7023679671874999 0.8189327984375 0.730124865625 0.8430708703124999 0.740070128125 0.8289569203125 0.7099135828125 0.8007290062499999 0.7023679671874999 0.8189327984375
0 0.4395964390625 0.69496471875 0.4082713390625 0.7502369078125 0.41840595 0.7637478953125 0.45157369062499997 0.70233434375 0.4395964390625 0.69496471875
0 0.351016578125 0.8373464390625 0.31989581562499997 0.8647290406250001 0.326742371875 0.8775905859375 0.35848555625 0.8460590859374999 0.351016578125 0.8373464390625
0 0.17805973749999998 0.7733038640625 0.1781034125 0.8478452203125 0.19234104375 0.8482406625 0.1938241140625 0.7727122171875 0.17805973749999998 0.7733038640625
0 0.2179307921875 0.582967053125 0.26204609843750004 0.5642677921875 0.25581713437500003 0.5441005109375 0.21399409687499998 0.5658495453125 0.2179307921875 0.582967053125
0 0.3041657453125 0.4689347328125 0.3448023203125 0.43848608125000005 0.3391665765625 0.4230640421875 0.296157078125 0.45351269375000003 0.3041657453125 0.4689347328125
0 0.31158116874999997 0.4297700921875 0.3548872796875 0.3874583328125 0.3480650953125 0.3759906671875 0.30297928281250003 0.41395261093749997 0.31158116874999997 0.4297700921875
0 0.25886981875 0.3812385125 0.2928942796875 0.3573887515625 0.2875551703125 0.3443393328125 0.250774634375 0.3696472859375 0.25886981875 0.3812385125
