0 0.1265625 0.7015625 0.040625 0.103125
0 0.2765625 0.80390625 0.1515625 0.0390625
0 0.19921875 0.78203125 0.103125 0.0390625
0 0.33203125 0.7640625 0.121875 0.0375
0 0.24296875 0.46875 0.115625 0.040625
0 0.13828125 0.37734375 0.05 0.09375
0 0.3578125 0.4171875 0.08125 0.071875
0 0.43671875 0.359375 0.125 0.03125
0 0.45234375 0.40390625 0.0625 0.0640625
0 0.7640625 0.609375 0.090625 0.06875
0 0.62734375 0.35 0.059375 0.084375
0 0.721875 0.2953125 0.11875 0.04375
0 0.80859375 0.27578125 0.0375 0.096875
0 0.825 0.16796875 0.109375 0.040625
0 0.7375 0.2125 0.0609375 0.0484375
0 0.71328125 0.1734375 0.078125 0.0359375
0 0.678125 0.21484375 0.0703125 0.025
0 0.6375 0.28203125 0.046875 0.053125
0 0.609375 0.2453125 0.10625 0.025
0 0.63046875 0.17421875 0.075 0.040625
0 0.5484375 0.16796875 0.08125 0.040625
0 0.571875 0.2234375 0.1140625 0.0296875
0 0.45390625 0.1984375 0.1078125 0.04375
0 0.46953125 0.2703125 0.0921875 0.0578125
0 0.43828125 0.3078125 0.15 0.03125
0 0.3015625 0.22421875 0.090625 0.0484375
0 0.309375 0.15625 0.125 0.0390625
0 0.2828125 0.27421875 0.11875 0.040625
0 0.18671875 0.16640625 0.121875 0.0375
0 0.15234375 0.22421875 0.0625 0.06875
