0 0.471875 0.4796875 0.06875 0.06875
0 0.10390625 0.22734375 0.0421875 0.0859375
0 0.5109375 0.53515625 0.096875 0.065625
0 0.80859375 0.32265625 0.040625 0.0859375
0 0.60859375 0.33671875 0.0875 0.065625
0 0.7953125 0.41875 0.0765625 0.09375
0 0.47890625 0.26796875 0.0875 0.05
0 0.3671875 0.25859375 0.0875 0.040625
0 0.24765625 0.34453125 0.090625 0.0265625
0 0.26328125 0.26015625 0.025 0.075
0 0.2921875 0.25703125 0.03125 0.071875
0 0.51171875 0.184375 0.11875 0.021875
0 0.80546875 0.21015625 0.025 0.078125
0 0.822608390625 0.258847803125 0.7478482078125 0.27153319531250003 0.7507289453125 0.29153335468749997 0.8223869046875001 0.27829000000000004 0.822608390625 0.258847803125
0 0.7557701984375 0.22937065781250002 0.6787108921875 0.287479278125 0.6995961296875 0.29937128281250003 0.7716141640624999 0.2412626625 0.7557701984375 0.22937065781250002
0 0.7766554359375 0.22342466875000003 0.7467679390625 0.2720737296875 0.7586509171875 0.275857553125 0.7971805796875 0.234235578125 0.7766554359375 0.22342466875000003
0 0.7286870390625 0.26598107031249996 0.7302037921875 0.3307229109375 0.751089028125 0.3318039796875 0.7500087421875 0.2558573671875 0.7286870390625 0.26598107031249996
0 0.80234375 0.51875 0.03125 0.090625
0 0.59765625 0.57890625 0.025 0.078125
0 0.62109375 0.575 0.0265625 0.0875
0 0.61875 0.51640625 0.053125 0.028125
0 0.15234375 0.6953125 0.028125 0.0765625
0 0.1140625 0.67734375 0.025 0.078125
0 0.13828125 0.77734375 0.0921875 0.040625
