0 0.45234375 0.1265625 0.0875 0.0484375
0 0.52890625 0.19140625 0.0671875 0.07890625
0 0.23203125 0.27734375 0.1109375 0.0421875
0 0.22734375 0.459375 0.03203125 0.1328125
0 0.3375 0.46953125 0.06640625 0.07890625
0 0.28671875 0.615625 0.04140625 0.07890625
0 0.30625 0.55 0.06015625 0.03828125
0 0.19140625 0.53984375 0.02578125 0.13984375
0 0.24140625 0.58203125 0.06171875 0.06875
0 0.31875 0.67578125 0.04140625 0.1
0 0.47421875 0.64375 0.0421875 0.06640625
0 0.51875 0.66953125 0.0796875 0.04140625
0 0.3578125 0.74375 0.0796875 0.0421875
0 0.24921875 0.7703125 0.0703125 0.06640625
0 0.265625 0.8265625 0.0890625 0.03671875
0 0.33828125 0.83671875 0.05625 0.0375
0 0.35234375 0.79921875 0.05 0.0515625
0 0.39765625 0.809375 0.0265625 0.08515625
0 0.48515625 0.77734375 0.10859375 0.0390625
0 0.48125 0.8375 0.1 0.0484375
0 0.58203125 0.83984375 0.0875 0.04921875
0 0.703125 0.840625 0.0890625 0.04375
0 0.66796875 0.7078125 0.0796875 0.05078125
0 0.75 0.66640625 0.08828125 0.05625
0 0.815625 0.67890625 0.04140625 0.11328125
0 0.68671875 0.5125 0.071875 0.07734375
0 0.81171875 0.50625 0.05625 0.1
0 0.85703125 0.46875 0.04296875 0.109375
0 0.70859375 0.38671875 0.04375 0.11796875
0 0.8546875 0.33984375 0.04765625 0.13046875
0 0.8109375 0.22890625 0.028125 0.121875
0 0.8375 0.2328125 0.02265625 0.10078125
0 0.8296875 0.15703125 0.07109375 0.0328125
0 0.75703125 0.1890625 0.0421875 0.1203125
0 0.67578125 0.15859375 0.1046875 0.05390625
