0 0.12421875 0.78515625 0.071875 0.0609375
0 0.1390625 0.7359375 0.0875 0.046875
0 0.2390625 0.80078125 0.13125 0.034375
0 0.3984375 0.74609375 0.134375 0.028125
0 0.40703125 0.56875 0.146875 0.0265625
0 0.1546875 0.60625 0.103125 0.0546875
0 0.17109375 0.53359375 0.0828125 0.071875
0 0.134375 0.55078125 0.05625 0.059375
0 0.171875 0.4609375 0.0421875 0.06875
0 0.13671875 0.43515625 0.0359375 0.0921875
0 0.571875 0.7859375 0.128125 0.0359375
0 0.58125 0.8203125 0.125 0.034375
0 0.67734375 0.66015625 0.06875 0.0953125
0 0.71796875 0.565625 0.125 0.059375
0 0.80390625 0.6109375 0.09375 0.08125
0 0.80625 0.78671875 0.084375 0.065625
0 0.8421875 0.45234375 0.034375 0.06875
0 0.79375 0.446875 0.05625 0.059375
0 0.6546875 0.37265625 0.08125 0.084375
0 0.8091448859374999 0.40169467656249996 0.878131675 0.3108719203125 0.846343665625 0.299709328125 0.7746514890625 0.389517321875 0.8091448859374999 0.40169467656249996
0 0.751655903125 0.3200049359375 0.8294351171875001 0.3996651015625 0.8571651421875 0.3788621359375 0.7915600375 0.29920192343749996 0.751655903125 0.3200049359375
0 0.8375 0.24453125 0.0375 0.09375
0 0.75 0.28515625 0.0796875 0.0515625
0 0.75625 0.23203125 0.09375 0.0546875
0 0.68671875 0.24921875 0.05 0.053125
0 0.69453125 0.1953125 0.0546875 0.059375
0 0.74453125 0.1515625 0.1125 0.028125
0 0.6671875 0.15078125 0.046875 0.04375
0 0.6171875 0.16875 0.053125 0.0484375
0 0.5671875 0.1578125 0.05625 0.05625
0 0.55546875 0.21796875 0.146875 0.0375
0 0.5578125 0.30703125 0.121875 0.05
0 0.50546875 0.41171875 0.1359375 0.034375
0 0.47890625 0.33828125 0.109375 0.04375
0 0.40859375 0.3015625 0.0546875 0.0515625
0 0.3625 0.27109375 0.09375 0.03125
0 0.46484375 0.1703125 0.115625 0.025
0 0.48046875 0.146875 0.090625 0.03125
0 0.34921875 0.18671875 0.084375 0.0546875
0 0.30078125 0.25546875 0.10625 0.028125
0 0.3671875 0.3671875 0.065625 0.0875
0 0.29296875 0.34921875 0.0640625 0.090625
0 0.3609375 0.14375 0.1125 0.0296875
0 0.2640625 0.12890625 0.0515625 0.053125
0 0.26796875 0.16640625 0.06875 0.040625
0 0.1953125 0.16796875 0.078125 0.0453125
0 0.13828125 0.171875 0.046875 0.090625
0 0.16484375 0.2765625 0.059375 0.09375
0 0.2109375 0.34296875 0.05625 0.078125
0 0.1453125 0.3375 0.040625 0.090625
