0 0.6125 0.41015625 0.0796875 0.05625
0 0.40546875 0.58125 0.08125 0.0453125
0 0.46796875 0.56015625 0.0625 0.078125
0 0.221875 0.8140625 0.08125 0.040625
0 0.3578125 0.6765625 0.0546875 0.0921875
0 0.38203125 0.87578125 0.0640625 0.071875
0 0.3453125 0.8984375 0.08125 0.03125
0 0.625 0.3234375 0.0890625 0.0578125
0 0.18515625 0.61875 0.04375 0.065625
0 0.575 0.5203125 0.059375 0.05
0 0.21171875 0.3765625 0.0203125 0.09375
0 0.2578125 0.278125 0.025 0.1078125
0 0.77734375 0.9 0.05625 0.0375
0 0.3953125 0.76171875 0.0828125 0.046875
0 0.8265625 0.34609375 0.034375 0.0921875
0 0.2515625 0.2 0.065625 0.0234375
0 0.734375 0.825 0.06875 0.0765625
0 0.67109375 0.27890625 0.05625 0.046875
0 0.759375 0.66171875 0.025 0.115625
0 0.8140625 0.77421875 0.0375 0.1140625
0 0.71953125 0.7578125 0.0421875 0.090625
0 0.62265625 0.725 0.0328125 0.08125
0 0.6609375 0.715625 0.040625 0.075
0 0.20234375 0.91171875 0.0515625 0.028125
0 0.20234375 0.86875 0.0375 0.0484375
0 0.1703125 0.878125 0.025 0.125
0 0.2375 0.5984375 0.0546875 0.034375
0 0.18828125 0.53046875 0.028125 0.1046875
0 0.24568777812499998 0.3527836546875 0.25537116875 0.3793032140625 0.29894643906249996 0.2997445703125 0.28926305 0.2821843375 0.24568777812499998 0.3527836546875
0 0.2567160984375 0.40510600781250006 0.24676371718749998 0.287559921875 0.22981777656250002 0.2936522546875 0.242459990625 0.4054643734375 0.2567160984375 0.40510600781250006
0 0.190815221875 0.360309484375 0.2373493171875 0.38682902656249996 0.2403081140625 0.36245971093749996 0.19135320625000002 0.342032484375 0.190815221875 0.360309484375
0 0.17890625 0.21328125 0.021875 0.0640625
0 0.196875 0.24765625 0.0171875 0.11875
0 0.1796875 0.29375 0.01875 0.090625
