0 0.27734375 0.684375 0.0875 0.05
0 0.684375 0.79453125 0.0796875 0.040625
0 0.63828125 0.60390625 0.0484375 0.0890625
0 0.18828125 0.75625 0.0703125 0.046875
0 0.19375 0.36875 0.05625 0.0703125
0 0.37109375 0.76953125 0.0734375 0.0828125
0 0.58515625 0.51171875 0.021875 0.084375
0 0.2099930390625 0.7295044984375 0.209333315625 0.70092495625 0.1714004484375 0.606832253125 0.157546696875 0.6112291203125 0.181955675 0.6626723203125 0.19284076562500002 0.6837772234374999 0.1967989796875 0.7044424265625 0.1935580703125 0.7272264046875 0.2099930390625 0.7295044984375
0 0.15792151875 0.634835346875 0.17074072499999998 0.659594509375 0.178987015625 0.6864153359375 0.176348215625 0.7180726890625 0.18063626093750002 0.728625140625 0.1925109046875 0.7259870281249999 0.197458671875 0.7062011828125 0.1944900109375 0.6890534484375 0.1690914796875 0.6327737015625 0.15792151875 0.634835346875
0 0.2659190125 0.8345471625 0.308881390625 0.8350774390625 0.30857800156250004 0.7943972921875 0.2671124125 0.7921264046875 0.2659190125 0.8345471625
