0 0.346875 0.35390625 0.053125 0.053125
0 0.84296875 0.64609375 0.03984375 0.06484375
0 0.21484375 0.45859375 0.03515625 0.046875
0 0.30390625 0.47265625 0.05 0.05625
0 0.771875 0.2921875 0.03203125 0.05078125
0 0.503125 0.2203125 0.05859375 0.0734375
0 0.871875 0.825 0.03671875 0.07265625
0 0.753125 0.82421875 0.05625 0.03515625
0 0.2828125 0.42421875 0.0359375 0.03671875
0 0.20078125 0.7734375 0.046875 0.0609375
0 0.803125 0.38359375 0.03828125 0.05
0 0.83125 0.3765625 0.03359375 0.06953125
0 0.8359375 0.8140625 0.06171875 0.0296875
0 0.7171875 0.7421875 0.06015625 0.02734375
0 0.57890625 0.82890625 0.04609375 0.05703125
0 0.5609375 0.1546875 0.06171875 0.05390625
0 0.4390625 0.82421875 0.06015625 0.03828125
0 0.67734375 0.2265625 0.0578125 0.02421875
0 0.8015625 0.82890625 0.06484375 0.03203125
0 0.67109375 0.2921875 0.02578125 0.05703125
0 0.746875 0.546875 0.02734375 0.07734375
0 0.83828125 0.44453125 0.02578125 0.06640625
0 0.78515625 0.1046875 0.05703125 0.021875
0 0.51328125 0.85 0.02734375 0.0296875
0 0.68046875 0.19921875 0.0671875 0.03515625
0 0.18984375 0.821875 0.021875 0.03515625
0 0.36875 0.63671875 0.03125 0.03203125
0 0.80390625 0.3296875 0.02421875 0.07265625
0 0.821875 0.75859375 0.06796875 0.02265625
0 0.69375 0.28515625 0.03359375 0.0375
0 0.30625 0.58828125 0.0234375 0.0265625
0 0.6828125 0.55390625 0.02109375 0.06953125
0 0.69296875 0.3359375 0.05390625 0.02421875
0 0.84765625 0.4 0.0171875 0.05078125
0 0.65546875 0.5046875 0.03359375 0.07578125
0 0.4953125 0.72109375 0.02265625 0.06953125
0 0.7671875 0.69296875 0.025 0.0828125
0 0.82421875 0.58046875 0.0234375 0.0171875
0 0.85390625 0.56875 0.03828125 0.021875
0 0.8265625 0.26328125 0.04453125 0.01953125
0 0.85625 0.278125 0.0296875 0.0171875
0 0.67441568125 0.1439499296875 0.7325547390625 0.10917392968749999 0.728226234375 0.096907228125 0.6714456078125 0.13347012187500001 0.67441568125 0.1439499296875
0 0.70703125 0.11796875 0.01171875 0.03203125
0 0.7165631453125 0.12280610781250001 0.753035003125 0.1735262734375 0.762469321875 0.1623478109375 0.7268285624999999 0.11251050468749998 0.7165631453125 0.12280610781250001
0 0.7443518140625 0.176985271875 0.71739424375 0.12904530625 0.7041163078125 0.14348415781249999 0.7313710078125 0.1884308859375 0.7443518140625 0.176985271875
