0 0.16953125 0.1484375 0.021875 0.05703125
0 0.31171875 0.7125 0.021875 0.06328125
0 0.61796875 0.18515625 0.0109375 0.03359375
0 0.76328125 0.5078125 0.02109375 0.065625
0 0.846875 0.64296875 0.02109375 0.0640625
0 0.8525614750000001 0.7645376953125 0.8112735359375 0.810296559375 0.8177402765625 0.8235599890625 0.8610180218749999 0.78310649375 0.8525614750000001 0.7645376953125
0 0.7087695609375 0.8296105796875001 0.7515800203125 0.856055396875 0.7605340375 0.8381497546875 0.7197435671875 0.8109597140625 0.7087695609375 0.8296105796875001
0 0.7033278703125 0.6902624328125 0.72969245 0.73270544375 0.7456106765625 0.7134734421875 0.719246096875 0.6710304671875 0.7033278703125 0.6902624328125
0 0.7078048781249999 0.6650344265625 0.736656659375 0.6192755640625001 0.7282001140625 0.6007067421875 0.6953687203125 0.6537604890625001 0.7078048781249999 0.6650344265625
0 0.700411284375 0.5613497671875 0.7117844171875001 0.6259072671875 0.7262103078125001 0.6026962578124999 0.7207384343750001 0.5576005640624999 0.700411284375 0.5613497671875
0 0.657065453125 0.4421811671875 0.6127928046875 0.4846241671875 0.6197570531250001 0.5051825046875 0.668009203125 0.4634026734375 0.657065453125 0.4421811671875
0 0.6616050109375 0.12273935625000001 0.7013380640625 0.15229260312499998 0.707307409375 0.1383659921875 0.6675118062500001 0.1058705609375 0.6616050109375 0.12273935625000001
0 0.72223076875 0.1184708359375 0.7545646921875 0.15693480312500002 0.765508515625 0.14566087656249999 0.7316822546874999 0.1018915296875 0.72223076875 0.1184708359375
0 0.7471030125 0.1622401703125 0.7868986890625 0.20004097031249998 0.7978425109375 0.188103875 0.758046834375 0.14632405625 0.7471030125 0.1622401703125
0 0.241682103125 0.098768259375 0.201591809375 0.1479814796875 0.2186599453125 0.1575066140625 0.2547808984375 0.1104100984375 0.241682103125 0.098768259375
