0 0.70625 0.21015625 0.034375 0.07109375
0 0.54765625 0.83515625 0.11640625 0.04453125
0 0.709375 0.35859375 0.0953125 0.046875
0 0.27734375 0.7578125 0.07578125 0.0890625
0 0.33359375 0.82578125 0.0921875 0.0796875
0 0.2578125 0.5953125 0.103125 0.0640625
0 0.83515625 0.3734375 0.04140625 0.12734375
0 0.26953125 0.3265625 0.1171875 0.04375
0 0.8015625 0.72109375 0.0390625 0.1296875
0 0.83515625 0.73671875 0.03671875 0.11171875
0 0.73203125 0.16875 0.08359375 0.05859375
0 0.67265625 0.53203125 0.05 0.13984375
0 0.82578125 0.596875 0.05625 0.11328125
0 0.77734375 0.85 0.11484375 0.0359375
0 0.79375 0.803125 0.10859375 0.04453125
