0 0.828125 0.3828125 0.0484375 0.053125
0 0.209375 0.55234375 0.0390625 0.034375
0 0.8390625 0.2578125 0.0515625 0.0453125
0 0.196875 0.6203125 0.0375 0.059375
0 0.48515625 0.875 0.0546875 0.0375
0 0.7109375 0.43671875 0.04375 0.0421875
0 0.84609375 0.73203125 0.021875 0.078125
0 0.75703125 0.42265625 0.04375 0.0578125
0 0.803125 0.8015625 0.034375 0.05625
0 0.82734375 0.17265625 0.05 0.034375
0 0.8453125 0.55 0.034375 0.0625
0 0.82421875 0.728125 0.021875 0.08125
0 0.209375 0.31796875 0.0296875 0.071875
0 0.24375 0.56015625 0.028125 0.0625
0 0.709375 0.84609375 0.05 0.03125
0 0.7671875 0.38515625 0.0625 0.028125
0 0.70703125 0.7390625 0.01875 0.078125
0 0.77578125 0.234375 0.025 0.078125
0 0.65078125 0.26015625 0.05 0.0234375
0 0.7984375 0.22421875 0.01875 0.078125
0 0.22421875 0.15234375 0.046875 0.0375
0 0.81953125 0.284375 0.0390625 0.046875
0 0.759375 0.67265625 0.028125 0.0453125
0 0.8109375 0.63515625 0.040625 0.021875
0 0.85390625 0.6171875 0.021875 0.071875
0 0.36484375 0.396875 0.04375 0.034375
0 0.7359375 0.32734375 0.0203125 0.065625
0 0.75625 0.32734375 0.01875 0.075
0 0.609375 0.35625 0.01875 0.065625
0 0.8078125 0.19296875 0.0203125 0.08125
0 0.75625 0.803125 0.015625 0.05
0 0.35234375 0.353125 0.0171875 0.0453125
0 0.834375 0.60546875 0.040625 0.0171875
0 0.8432537874999999 0.9023298640625 0.798225253125 0.8668250796875 0.7933539 0.8767133687499999 0.8363488484375001 0.9148539296875 0.8432537874999999 0.9023298640625
0 0.7580786828125 0.8874670921875 0.8168634578124999 0.9029879796875001 0.8183460406249999 0.8866016640625001 0.7603134500000001 0.8761483328124999 0.7580786828125 0.8874670921875
0 0.78297581875 0.9086384265625 0.778951653125 0.8430931875000001 0.768361778125 0.845918403125 0.76899715625 0.910051046875 0.78297581875 0.9086384265625
0 0.73549870625 0.8649823890624999 0.667969625 0.8685202203125 0.667969625 0.8843414734374999 0.7365921171875 0.8801036390625001 0.73549870625 0.8649823890624999
0 0.6867461015625 0.793668240625 0.6369585843750001 0.7755261906250001 0.633315603125 0.80209133125 0.6816459218750001 0.814402015625 0.6867461015625 0.793668240625
0 0.6695026421875 0.7952880546875 0.679703003125 0.738270190625 0.6651310421875001 0.738270190625 0.656145003125 0.7901046171874999 0.6695026421875 0.7952880546875
0 0.34093946875 0.642361315625 0.38739200937499996 0.6786663734375 0.39189400937499996 0.6682934953124999 0.34892029375 0.6300776578125 0.34093946875 0.642361315625
0 0.36795151875 0.66802053125 0.3235453484375 0.6123345578125 0.31413206875 0.6259831015625 0.36140315156249997 0.6783933984375 0.36795151875 0.66802053125
0 0.2924759078125 0.35375005000000004 0.2801827 0.37650449531249996 0.29092033125 0.3860611640625 0.30203160156250003 0.3590858265625 0.2924759078125 0.35375005000000004
0 0.7092624359374999 0.15432422343750002 0.687474546875 0.1766872015625 0.6986875296874999 0.18522341874999998 0.7163123734375 0.1657434921875 0.7092624359374999 0.15432422343750002
0 0.5463583984375 0.164400053125 0.49172133125000006 0.13954634531250001 0.4871892203125 0.15499594218749999 0.5443441140624999 0.17548345468749998 0.5463583984375 0.164400053125
0 0.5410277531250001 0.1803115609375 0.5491280140625 0.12611189218750002 0.533769209375 0.12308913437499999 0.529237109375 0.1768269078125 0.5410277531250001 0.1803115609375
