0 0.2 0.20390625 0.140625 0.0328125
0 0.125 0.20859375 0.0421875 0.0921875
0 0.13046875 0.29375 0.0375 0.075
0 0.13203125 0.37421875 0.05625 0.096875
0 0.18671875 0.45078125 0.125 0.03125
0 0.1921875 0.4953125 0.115625 0.0484375
0 0.4234375 0.43515625 0.025 0.0875
0 0.36796875 0.4390625 0.075 0.0515625
0 0.31796875 0.28984375 0.0703125 0.1046875
0 0.40546875 0.3125 0.115625 0.046875
0 0.4609375 0.24765625 0.1359375 0.04375
0 0.54375 0.41484375 0.1046875 0.08125
0 0.40625 0.50390625 0.1046875 0.04375
0 0.4890625 0.5578125 0.128125 0.0453125
0 0.38828125 0.690625 0.046875 0.0875
0 0.25 0.67734375 0.0359375 0.1203125
0 0.3421875 0.7953125 0.0375 0.084375
0 0.334375 0.85859375 0.109375 0.059375
0 0.18203125 0.728125 0.0375 0.05625
0 0.153125 0.74140625 0.040625 0.0484375
0 0.13984375 0.809375 0.065625 0.090625
0 0.6109375 0.67109375 0.0703125 0.075
0 0.67890625 0.56015625 0.1375 0.046875
0 0.640625 0.60703125 0.1171875 0.0375
0 0.7484375 0.4421875 0.090625 0.09375
0 0.82734375 0.4484375 0.040625 0.1234375
0 0.5984375 0.1890625 0.11875 0.0375
0 0.80703125 0.2296875 0.04375 0.1109375
0 0.81796875 0.60859375 0.046875 0.0984375
0 0.75625 0.6234375 0.046875 0.0828125
0 0.7875 0.7140625 0.040625 0.075
0 0.834375 0.7796875 0.096875 0.084375
0 0.77421875 0.83203125 0.121875 0.034375
0 0.6609375 0.73046875 0.1578125 0.0421875
0 0.61875 0.7609375 0.125 0.025
0 0.715625 0.784375 0.06875 0.0546875
0 0.6546875 0.809375 0.059375 0.0515625
0 0.5953125 0.80703125 0.065625 0.059375
0 0.4515625 0.80078125 0.078125 0.046875
0 0.49921875 0.83984375 0.1375 0.0484375
