0 0.171144559375 0.8131898874999999 0.1238063515625 0.828628340625 0.1378479078125 0.8405693765625 0.18606638125 0.8193652796875 0.171144559375 0.8131898874999999
0 0.2272300390625 0.8070145234374999 0.1551936328125 0.7911901171875 0.1469609140625 0.8124179859374999 0.2241427640625 0.8170495156250001 0.2272300390625 0.8070145234374999
0 0.199634034375 0.37046710312500003 0.1684935171875 0.3755580890625 0.1730885234375 0.385698728125 0.20242868593750002 0.3809485140625 0.199634034375 0.37046710312500003
0 0.13815146875 0.2932043515625 0.10541401875 0.33423145781249997 0.12178274062500001 0.33932244218749996 0.151326303125 0.2958995625 0.13815146875 0.2932043515625
0 0.2427516734375 0.28392082812499997 0.1852614875 0.27673359531249997 0.18086988125 0.290808621875 0.2399569921875 0.29619904531249996 0.2427516734375 0.28392082812499997
0 0.1490214578125 0.21099906875 0.1083833546875 0.25502955781250003 0.126821003125 0.26293248125 0.1599732265625 0.219471996875 0.1490214578125 0.21099906875
0 0.5014801578125 0.378682259375 0.45805548749999997 0.3369482921875 0.4471993203125 0.34237711718749997 0.48610058125 0.3858075703125 0.5014801578125 0.378682259375
0 0.5322392953125 0.220907509375 0.467554634375 0.2361760328125 0.47736360156249996 0.25227319062500003 0.5385720703125 0.231086525 0.5322392953125 0.220907509375
0 0.6471712359375 0.377325040625 0.6100793234374999 0.41498739999999995 0.6231971890625 0.422452003125 0.6625507953125 0.38648615468749997 0.6471712359375 0.377325040625
0 0.6589320796875 0.3372876109375 0.6743116546875 0.300303834375 0.659384425 0.2969108125 0.6462665453125 0.33525180625 0.6589320796875 0.3372876109375
0 0.751680578125 0.20326386406250002 0.7286112390625 0.2399083234375 0.742633778125 0.2456764640625 0.7684171765625 0.207335471875 0.751680578125 0.20326386406250002
0 0.65876565 0.1332310734375 0.6077698859375 0.1531220640625 0.6190671046875 0.166596171875 0.6701887078125 0.1433295828125 0.65876565 0.1332310734375
0 0.8232098265625 0.18066345625 0.7840450765625 0.137515275 0.76731846875 0.14516567656249998 0.812194740625 0.18892591718750001 0.8232098265625 0.18066345625
0 0.8591108390625 0.29603131562499996 0.7775176125 0.3015395953125 0.7787075546875 0.31607545625 0.8607427234375 0.31163810625 0.8591108390625 0.29603131562499996
0 0.7640625 0.7921875 0.0265625 0.0578125
