0 0.278125 0.23046875 0.071875 0.0609375
0 0.8234375 0.24921875 0.046875 0.1
0 0.63203125 0.2140625 0.0953125 0.084375
0 0.5125 0.17421875 0.09375 0.059375
0 0.74140625 0.2203125 0.103125 0.053125
0 0.5078125 0.2421875 0.059375 0.08125
0 0.8203125 0.696875 0.040625 0.08125
0 0.7890625 0.60625 0.09375 0.0734375
0 0.58984375 0.73046875 0.115625 0.0515625
0 0.740625 0.6890625 0.096875 0.0515625
0 0.5875 0.459375 0.040625 0.09375
0 0.77734375 0.1640625 0.115625 0.034375
0 0.309375 0.18671875 0.13125 0.0296875
0 0.284375 0.3125 0.0390625 0.1
0 0.390625 0.678125 0.1296875 0.0375
0 0.3140625 0.72265625 0.121875 0.034375
0 0.20390625 0.78046875 0.140625 0.04375
0 0.428125 0.7421875 0.053125 0.0765625
0 0.46640625 0.79375 0.115625 0.028125
0 0.415625 0.82421875 0.109375 0.04375
