0 0.396875 0.7796875 0.0859375 0.053125
0 0.32734375 0.2546875 0.09296875 0.05546875
0 0.55234375 0.2109375 0.07890625 0.0734375
0 0.5046875 0.3125 0.07890625 0.03984375
0 0.603125 0.8859375 0.078125 0.028125
0 0.58984375 0.40625 0.034375 0.07734375
0 0.70703125 0.878125 0.0765625 0.078125
0 0.21171875 0.72578125 0.0546875 0.04609375
0 0.23984375 0.2765625 0.053125 0.10390625
0 0.82890625 0.540625 0.05234375 0.075
0 0.19453125 0.6609375 0.03984375 0.09140625
0 0.484375 0.2390625 0.08125 0.03828125
0 0.82421875 0.68203125 0.0375 0.09296875
0 0.16953125 0.20546875 0.02421875 0.0296875
0 0.19609375 0.21796875 0.03046875 0.02421875
0 0.184375 0.2421875 0.05703125 0.0265625
0 0.23984375 0.20234375 0.06328125 0.03203125
0 0.1671875 0.70234375 0.021875 0.06640625
0 0.18359375 0.73671875 0.0328125 0.04140625
0 0.19921875 0.80859375 0.02421875 0.09296875
0 0.175 0.8203125 0.01953125 0.1015625
0 0.19765625 0.8859375 0.05390625 0.034375
0 0.4515625 0.64765625 0.0234375 0.10078125
0 0.5359375 0.55234375 0.0234375 0.10859375
0 0.61796875 0.378125 0.025 0.09296875
0 0.3640625 0.2265625 0.090625 0.04921875
0 0.70390625 0.20078125 0.06015625 0.0359375
0 0.75 0.18515625 0.03984375 0.06796875
0 0.8234375 0.24765625 0.03046875 0.103125
0 0.7953125 0.5765625 0.02578125 0.0796875
0 0.7609375 0.75234375 0.0671875 0.05234375
0 0.8 0.7953125 0.01875 0.08671875
0 0.8234375 0.83359375 0.03203125 0.028125
0 0.79140625 0.890625 0.03515625 0.05703125
