0 0.23671875 0.81015625 0.10859375 0.05625
0 0.4234375 0.228125 0.1046875 0.0328125
0 0.61484375 0.49609375 0.07890625 0.096875
0 0.28828125 0.24921875 0.07109375 0.11796875
0 0.1875 0.4125 0.05 0.090625
0 0.2 0.34296875 0.075 0.05
0 0.49765625 0.7859375 0.0625 0.12578125
0 0.5375 0.7953125 0.06796875 0.08359375
0 0.803125 0.7953125 0.10625 0.0578125
0 0.32265625 0.803125 0.06796875 0.07109375
0 0.49765625 0.61875 0.10078125 0.05078125
0 0.7828125 0.49453125 0.05078125 0.1171875
0 0.5234375 0.38046875 0.0359375 0.1265625
0 0.209375 0.48671875 0.05859375 0.090625
0 0.2171875 0.2546875 0.04296875 0.12890625
