0 0.72109375 0.80859375 0.15625 0.0390625
0 0.74140625 0.775 0.15 0.0328125
0 0.8140625 0.74296875 0.096875 0.046875
0 0.75078125 0.66640625 0.0859375 0.0484375
0 0.82734375 0.6625 0.040625 0.06875
0 0.8328125 0.60703125 0.040625 0.0375
0 0.871875 0.6171875 0.040625 0.0578125
0 0.875 0.56640625 0.08125 0.0515625
0 0.8609375 0.4265625 0.0390625 0.06875
0 0.8140625 0.49140625 0.028125 0.103125
0 0.8328125 0.4625 0.0328125 0.071875
0 0.7546875 0.434375 0.06875 0.10625
0 0.8109375 0.39921875 0.053125 0.0703125
0 0.82421875 0.3484375 0.1296875 0.071875
0 0.7 0.31328125 0.059375 0.103125
0 0.734375 0.53828125 0.06875 0.090625
0 0.63828125 0.53125 0.04375 0.1078125
0 0.646875 0.64375 0.05625 0.103125
0 0.5984375 0.7375 0.096875 0.08125
0 0.43203125 0.709375 0.1 0.04375
0 0.3609375 0.72109375 0.05 0.0875
0 0.384375 0.7796875 0.084375 0.040625
0 0.2890625 0.78984375 0.046875 0.103125
0 0.209375 0.81171875 0.053125 0.0984375
0 0.17109375 0.78125 0.0296875 0.0921875
0 0.159375 0.4296875 0.0390625 0.103125
0 0.2640625 0.38828125 0.0515625 0.084375
0 0.40078125 0.3390625 0.0984375 0.0390625
0 0.40703125 0.2984375 0.0984375 0.04375
0 0.36171875 0.25234375 0.134375 0.034375
0 0.23671875 0.2703125 0.04375 0.09375
0 0.49296875 0.22265625 0.059375 0.078125
0 0.5515625 0.28671875 0.0390625 0.096875
0 0.2234375 0.20859375 0.075 0.053125
0 0.246875 0.16171875 0.084375 0.05625
0 0.3203125 0.16796875 0.08125 0.0375
0 0.16875 0.1671875 0.09375 0.05
0 0.8546875 0.21796875 0.046875 0.084375
0 0.78515625 0.25625 0.0640625 0.0671875
0 0.77734375 0.20703125 0.103125 0.028125
0 0.69609375 0.14375 0.109375 0.0359375
0 0.74453125 0.17578125 0.05 0.028125
0 0.76875 0.14375 0.034375 0.04375
0 0.83984375 0.16015625 0.0890625 0.034375
