0 0.19296875 0.21015625 0.02265625 0.11875
0 0.22421875 0.1921875 0.025 0.12734375
0 0.2609375 0.27734375 0.0546875 0.11484375
0 0.2703125 0.13515625 0.10234375 0.05859375
0 0.44375 0.171875 0.09453125 0.07421875
0 0.41796875 0.24453125 0.04296875 0.109375
0 0.4140625 0.3609375 0.028125 0.11171875
0 0.45546875 0.35859375 0.06484375 0.06875
0 0.50703125 0.428125 0.040625 0.1484375
0 0.40546875 0.496875 0.0671875 0.0484375
0 0.4515625 0.53203125 0.03984375 0.12109375
0 0.33984375 0.5515625 0.0515625 0.1125
0 0.21328125 0.45703125 0.08828125 0.04609375
0 0.2359375 0.76640625 0.06875 0.11015625
0 0.39921875 0.73203125 0.0421875 0.1296875
0 0.528125 0.84453125 0.1140625 0.05703125
0 0.61953125 0.5609375 0.05703125 0.0734375
0 0.55234375 0.5921875 0.07734375 0.05390625
0 0.5828125 0.64765625 0.075 0.059375
0 0.54765625 0.7171875 0.0640625 0.09453125
0 0.66328125 0.80546875 0.08125 0.0671875
0 0.65859375 0.86015625 0.109375 0.04375
0 0.740625 0.71484375 0.0640625 0.1
0 0.70625 0.62421875 0.10546875 0.04609375
0 0.765625 0.471875 0.08046875 0.05546875
0 0.7453125 0.52734375 0.07890625 0.05625
0 0.78125 0.5515625 0.05078125 0.06796875
0 0.784375 0.6234375 0.03828125 0.0921875
0 0.7640625 0.83046875 0.0546875 0.05
0 0.82265625 0.8375 0.07578125 0.03359375
0 0.84453125 0.76328125 0.03125 0.0765625
0 0.83125 0.7375 0.02890625 0.09921875
0 0.8296875 0.8625 0.065625 0.02734375
0 0.83203125 0.61484375 0.0234375 0.11484375
0 0.8140625 0.47421875 0.028125 0.06484375
0 0.85078125 0.51171875 0.03125 0.0515625
0 0.8296875 0.4359375 0.03828125 0.1109375
0 0.7359375 0.13828125 0.0609375 0.03203125
0 0.6796875 0.18046875 0.02578125 0.1
0 0.69921875 0.1859375 0.0890625 0.034375
0 0.63125 0.2390625 0.03671875 0.10703125
0 0.8375 0.1375 0.06640625 0.04609375
0 0.81328125 0.20078125 0.0484375 0.0890625
0 0.840625 0.26015625 0.0390625 0.0875
0 0.8703125 0.1671875 0.06640625 0.0359375
