0 0.378125 0.90546875 0.0859375 0.040625
0 0.22734375 0.87109375 0.071875 0.0828125
0 0.3359375 0.65390625 0.0671875 0.078125
0 0.290625 0.89765625 0.090625 0.028125
0 0.3234375 0.2078125 0.084375 0.034375
0 0.46015625 0.18515625 0.0890625 0.0390625
0 0.371875 0.54609375 0.046875 0.090625
0 0.2609375 0.36328125 0.05 0.1
0 0.778125 0.5296875 0.059375 0.0828125
0 0.18125 0.409375 0.04375 0.09375
0 0.5703125 0.47734375 0.053125 0.0921875
0 0.21171875 0.58203125 0.0453125 0.1
0 0.6234375 0.20078125 0.075 0.0359375
0 0.35390625 0.4078125 0.01875 0.09375
0 0.4890625 0.26171875 0.0890625 0.0265625
0 0.35078125 0.39609375 0.071875 0.028125
0 0.76484375 0.40546875 0.04375 0.09375
0 0.35703125 0.278125 0.046875 0.059375
0 0.19375 0.35078125 0.0296875 0.09375
0 0.18515625 0.853125 0.03125 0.0875
0 0.2171875 0.49921875 0.025 0.0609375
0 0.7 0.2 0.08125 0.0296875
0 0.77265625 0.8859375 0.065625 0.05625
0 0.8171875 0.384375 0.034375 0.090625
0 0.68515625 0.25234375 0.059375 0.03125
0 0.76171875 0.2671875 0.053125 0.040625
0 0.73984375 0.2921875 0.0515625 0.0296875
0 0.82734375 0.64453125 0.0171875 0.053125
0 0.8140625 0.68984375 0.0625 0.034375
0 0.6671875 0.90234375 0.071875 0.0265625
0 0.81171875 0.8546875 0.021875 0.059375
0 0.16953125 0.8109375 0.0234375 0.0875
0 0.184375 0.76640625 0.0296875 0.053125
0 0.2203125 0.7203125 0.01875 0.109375
0 0.2 0.7265625 0.0171875 0.0875
0 0.24375 0.69296875 0.028125 0.121875
0 0.17890625 0.52109375 0.0296875 0.09375
0 0.22109375 0.40546875 0.021875 0.10625
0 0.3421875 0.33984375 0.0234375 0.025
0 0.38046875 0.34921875 0.034375 0.0375
0 0.3234375 0.3015625 0.0375 0.028125
0 0.334375 0.246875 0.0203125 0.0625
0 0.38359375 0.2390625 0.0609375 0.0328125
0 0.215625 0.2453125 0.03125 0.04375
0 0.23671875 0.19453125 0.0234375 0.028125
0 0.203125 0.19609375 0.025 0.025
0 0.16640625 0.22109375 0.03125 0.046875
