0 0.69765625 0.42421875 0.05390625 0.0890625
0 0.3828125 0.20390625 0.08359375 0.04375
0 0.7515625 0.89453125 0.078125 0.04609375
0 0.2859375 0.22578125 0.07265625 0.02578125
0 0.82109375 0.22109375 0.05703125 0.08515625
0 0.809375 0.89453125 0.03203125 0.07265625
0 0.81875 0.82734375 0.025 0.0640625
0 0.3484375 0.878125 0.08671875 0.06796875
0 0.75625 0.48515625 0.04609375 0.0921875
0 0.54765625 0.18828125 0.06328125 0.04921875
0 0.74375 0.64140625 0.02578125 0.13046875
0 0.77265625 0.7140625 0.0359375 0.10234375
0 0.19296875 0.25078125 0.0328125 0.11875
0 0.18125 0.38203125 0.0296875 0.10625
0 0.47890625 0.27109375 0.04296875 0.11015625
0 0.1671875 0.51484375 0.03203125 0.1109375
0 0.20234375 0.528125 0.03125 0.11953125
0 0.8078125 0.54296875 0.02890625 0.1203125
0 0.81640625 0.28671875 0.04609375 0.04921875
