0 0.21328125 0.84375 0.0875 0.0625
0 0.3015625 0.8796875 0.090625 0.0734375
0 0.37421875 0.878125 0.0671875 0.065625
0 0.41875 0.7640625 0.0578125 0.10625
0 0.43515625 0.8578125 0.065625 0.05625
0 0.23046875 0.67578125 0.040625 0.134375
0 0.28671875 0.628125 0.0375 0.1390625
0 0.2828125 0.4578125 0.0765625 0.115625
0 0.33671875 0.4890625 0.04375 0.084375
0 0.3890625 0.58828125 0.109375 0.05
0 0.36015625 0.65390625 0.1046875 0.0375
0 0.3578125 0.38984375 0.04375 0.1
0 0.4359375 0.33046875 0.075 0.0890625
0 0.484375 0.43671875 0.05 0.134375
0 0.5375 0.43359375 0.0578125 0.0921875
0 0.5859375 0.45390625 0.0921875 0.040625
0 0.57421875 0.534375 0.0765625 0.0796875
0 0.63046875 0.425 0.05625 0.096875
0 0.7078125 0.440625 0.103125 0.075
0 0.58203125 0.71953125 0.065625 0.134375
0 0.71015625 0.75703125 0.0953125 0.059375
0 0.8109375 0.71953125 0.075 0.096875
0 0.7734375 0.5453125 0.028125 0.1078125
0 0.84296875 0.64765625 0.040625 0.103125
0 0.7484375 0.57265625 0.03125 0.11875
0 0.82578125 0.54921875 0.0375 0.0890625
0 0.85234375 0.48984375 0.034375 0.1171875
0 0.81796875 0.4734375 0.0296875 0.075
0 0.56796875 0.23671875 0.096875 0.08125
0 0.6640625 0.21875 0.08125 0.0953125
0 0.7375 0.15 0.1046875 0.034375
0 0.3984375 0.19140625 0.0828125 0.0515625
0 0.31796875 0.1796875 0.09375 0.046875
0 0.23046875 0.18359375 0.059375 0.06875
0 0.1859375 0.20078125 0.0390625 0.059375
