0 0.41171875 0.41328125 0.05 0.075
0 0.13984375 0.3515625 0.059375 0.084375
0 0.1078125 0.45390625 0.0375 0.0765625
0 0.13515625 0.265625 0.0375 0.084375
0 0.15546875 0.78671875 0.06875 0.0328125
0 0.25234375 0.81484375 0.046875 0.0453125
0 0.22890625 0.2109375 0.0984375 0.03125
0 0.82578125 0.3734375 0.034375 0.05625
0 0.14140625 0.1890625 0.0515625 0.0640625
0 0.80546875 0.81171875 0.04375 0.059375
0 0.7921875 0.76328125 0.0734375 0.0359375
0 0.725 0.81328125 0.1015625 0.0375
0 0.43984375 0.825 0.109375 0.025
0 0.29296875 0.5796875 0.096875 0.0375
0 0.18671875 0.6015625 0.1078125 0.0296875
0 0.11640625 0.54609375 0.034375 0.078125
0 0.109375 0.75390625 0.0421875 0.0484375
0 0.11484375 0.8 0.0296875 0.0265625
0 0.11171875 0.83359375 0.025 0.04375
0 0.3015625 0.30234375 0.040625 0.075
0 0.29609375 0.24375 0.1140625 0.028125
0 0.3609375 0.20546875 0.10625 0.028125
0 0.10078125 0.203125 0.0328125 0.046875
0 0.09609375 0.284375 0.025 0.0734375
0 0.0953125 0.35625 0.025 0.06875
0 0.26796875 0.1828125 0.05625 0.028125
0 0.43884662187499995 0.20301954531250002 0.5670698515625 0.1832151484375 0.5581130875 0.1577523390625 0.42988983750000004 0.18887352968749999 0.43884662187499995 0.20301954531250002
0 0.4242329296875 0.18392243749999998 0.5257050984375 0.2096657390625 0.5368996828125 0.1955928921875 0.4374323953125 0.16411804218749998 0.4242329296875 0.18392243749999998
0 0.80625 0.3296875 0.025 0.0546875
0 0.7828125 0.34296875 0.025 0.0484375
0 0.74921875 0.31171875 0.059375 0.0203125
0 0.78828125 0.284375 0.025 0.040625
0 0.7453125 0.41015625 0.0796875 0.0265625
0 0.71015625 0.35859375 0.04375 0.0453125
