0 0.22421875 0.671875 0.05 0.084375
0 0.8640625 0.5640625 0.075 0.059375
0 0.72890625 0.2328125 0.0734375 0.053125
0 0.1984375 0.696875 0.0484375 0.0765625
0 0.3078125 0.79453125 0.046875 0.0625
0 0.65703125 0.40703125 0.08125 0.065625
0 0.27109375 0.6296875 0.05 0.0890625
0 0.290625 0.68671875 0.084375 0.053125
0 0.4578125 0.2765625 0.0296875 0.065625
0 0.7125 0.63046875 0.0921875 0.0671875
0 0.65234375 0.21328125 0.0921875 0.065625
0 0.1984375 0.44375 0.025 0.0875
0 0.2890625 0.171875 0.0859375 0.059375
0 0.421875 0.16328125 0.09375 0.028125
0 0.85234375 0.7203125 0.05625 0.0859375
0 0.2203125 0.22734375 0.0765625 0.0890625
0 0.778125 0.809375 0.096875 0.0640625
0 0.55390625 0.24140625 0.103125 0.040625
0 0.42578125 0.209375 0.028125 0.0625
0 0.3015625 0.30390625 0.1125 0.025
0 0.30390625 0.3859375 0.096875 0.028125
0 0.24921875 0.4703125 0.03125 0.0890625
0 0.46640625 0.66484375 0.09375 0.03125
0 0.628125 0.74140625 0.0703125 0.046875
