0 0.22890625 0.725 0.109375 0.05
0 0.3625 0.47265625 0.05 0.10625
0 0.3875 0.34609375 0.06875 0.065625
0 0.51015625 0.27734375 0.096875 0.040625
0 0.5015625 0.32578125 0.096875 0.046875
0 0.5265625 0.390625 0.0953125 0.0375
0 0.3890625 0.253125 0.0765625 0.0625
0 0.1796875 0.32265625 0.0265625 0.115625
0 0.18203125 0.184375 0.034375 0.084375
0 0.1890625 0.24453125 0.053125 0.028125
0 0.25625 0.19609375 0.0578125 0.046875
0 0.31953125 0.18671875 0.0359375 0.059375
0 0.28359375 0.2109375 0.028125 0.0484375
0 0.28671875 0.25546875 0.084375 0.04375
0 0.38203125 0.1796875 0.06875 0.059375
0 0.48359375 0.15859375 0.109375 0.053125
0 0.53515625 0.20859375 0.1 0.040625
0 0.55234375 0.24453125 0.08125 0.05625
0 0.61484375 0.1578125 0.075 0.0375
0 0.6921875 0.16640625 0.1 0.0421875
0 0.8046875 0.1484375 0.11875 0.05
0 0.6953125 0.3109375 0.10625 0.05625
0 0.79921875 0.30859375 0.0625 0.1171875
0 0.74296875 0.5984375 0.028125 0.0875
0 0.7578125 0.49296875 0.034375 0.1140625
0 0.8125 0.41640625 0.034375 0.065625
0 0.81484375 0.4640625 0.0609375 0.034375
0 0.809375 0.50625 0.065625 0.053125
0 0.8265625 0.5765625 0.0625 0.08125
0 0.8375 0.6578125 0.0625 0.065625
0 0.8296875 0.840625 0.059375 0.0671875
0 0.834375 0.7640625 0.0625 0.0640625
0 0.7171875 0.846875 0.103125 0.0375
0 0.60859375 0.8515625 0.084375 0.078125
