0 0.88828125 0.25078125 0.046875 0.0875
0 0.82890625 0.35234375 0.0671875 0.084375
0 0.875 0.3453125 0.065625 0.06875
0 0.7203125 0.3359375 0.1171875 0.053125
0 0.7859375 0.29609375 0.08125 0.0375
0 0.76328125 0.25625 0.09375 0.0578125
0 0.73984375 0.546875 0.04375 0.1140625
0 0.58046875 0.60234375 0.059375 0.09375
0 0.62109375 0.18203125 0.128125 0.03125
0 0.60625 0.25859375 0.096875 0.034375
0 0.51484375 0.31328125 0.05625 0.09375
0 0.528125 0.390625 0.075 0.084375
0 0.43125 0.50234375 0.1140625 0.05625
0 0.36484375 0.3125 0.115625 0.03125
0 0.2828125 0.3640625 0.0453125 0.1140625
0 0.22734375 0.309375 0.06875 0.0703125
0 0.16796875 0.26953125 0.0375 0.09375
0 0.17578125 0.3421875 0.0703125 0.075
0 0.178125 0.47109375 0.040625 0.1125
0 0.2203125 0.48046875 0.0359375 0.0875
0 0.35625 0.60859375 0.09375 0.071875
0 0.3125 0.55703125 0.05 0.0875
0 0.23359375 0.5890625 0.103125 0.05625
0 0.2484375 0.6234375 0.0671875 0.0765625
0 0.27734375 0.64765625 0.040625 0.053125
0 0.2921875 0.6984375 0.1109375 0.040625
0 0.153125 0.61953125 0.03125 0.0875
0 0.16640625 0.7078125 0.0875 0.06875
0 0.27265625 0.77109375 0.1140625 0.05625
0 0.1484375 0.825 0.04375 0.0953125
0 0.190625 0.79921875 0.053125 0.0625
0 0.32734375 0.84140625 0.1296875 0.0375
0 0.359375 0.78125 0.0734375 0.0609375
0 0.38515625 0.71484375 0.0640625 0.075
0 0.47890625 0.75859375 0.109375 0.0453125
0 0.47265625 0.81484375 0.1234375 0.0328125
0 0.45234375 0.8390625 0.1 0.0234375
0 0.57890625 0.8546875 0.071875 0.028125
0 0.56171875 0.8125 0.096875 0.040625
0 0.61484375 0.78046875 0.0453125 0.065625
0 0.653125 0.8265625 0.0609375 0.0234375
0 0.67109375 0.85703125 0.1125 0.0359375
0 0.67421875 0.80390625 0.071875 0.0546875
0 0.63984375 0.7296875 0.0625 0.04375
0 0.7015625 0.725 0.05625 0.075
0 0.75 0.71171875 0.03125 0.090625
0 0.8015625 0.85 0.121875 0.05625
0 0.81015625 0.7421875 0.075 0.04375
0 0.853125 0.7125 0.05625 0.059375
