0 0.7484375 0.4703125 0.05625 0.0671875
0 0.76171875 0.3125 0.0375 0.0421875
0 0.2171875 0.2828125 0.0515625 0.0515625
0 0.8125 0.7234375 0.053125 0.065625
0 0.22578125 0.8453125 0.05 0.040625
0 0.2078125 0.44921875 0.0453125 0.0328125
0 0.2859375 0.4109375 0.046875 0.03125
0 0.34609375 0.3546875 0.053125 0.0546875
0 0.72734375 0.63046875 0.046875 0.0515625
0 0.853125 0.2984375 0.0390625 0.046875
0 0.84140625 0.440625 0.028125 0.05
0 0.57578125 0.0953125 0.05 0.040625
0 0.478125 0.2515625 0.053125 0.053125
0 0.61875 0.746875 0.0359375 0.06875
0 0.8125 0.36640625 0.053125 0.028125
0 0.47890625 0.84453125 0.05 0.021875
0 0.73671875 0.38203125 0.059375 0.046875
0 0.8234375 0.225 0.01875 0.0703125
0 0.8375 0.6046875 0.04375 0.0328125
0 0.8421875 0.8375 0.053125 0.021875
0 0.70390625 0.1265625 0.065625 0.025
0 0.84375 0.79453125 0.025 0.078125
0 0.528125 0.8484375 0.015625 0.04375
0 0.36484375 0.6421875 0.021875 0.0421875
0 0.2921875 0.8375 0.0578125 0.05625
0 0.83046875 0.39375 0.01875 0.034375
0 0.8296875 0.49140625 0.0234375 0.0765625
0 0.75859375 0.659375 0.021875 0.0734375
0 0.2984375 0.61484375 0.021875 0.028125
0 0.7765625 0.75390625 0.025 0.08125
0 0.41015625 0.80625 0.0515625 0.0375
0 0.68671875 0.73984375 0.0203125 0.059375
0 0.70546875 0.2609375 0.01875 0.078125
0 0.8390625 0.4046875 0.028125 0.059375
0 0.80703125 0.6109375 0.03125 0.0203125
0 0.7435471609375 0.16905699999999999 0.7055131078125 0.1286199984375 0.6972284515625 0.1361548375 0.7328792671875 0.1820293828125 0.7435471609375 0.16905699999999999
0 0.7557858578125 0.114303784375 0.7258481531250001 0.1479594234375 0.735262528125 0.1585082109375 0.766419828125 0.1240956859375 0.7557858578125 0.114303784375
0 0.7932550484374999 0.0962201421875 0.7465597796875 0.0942108515625 0.7459949171875 0.1125456453125 0.79231361875 0.114303784375 0.7932550484374999 0.0962201421875
0 0.771601990625 0.1298757953125 0.81867385625 0.11053635937499999 0.8144438125000001 0.095637028125 0.7678362562500001 0.1155595828125 0.771601990625 0.1298757953125
0 0.8226279046875 0.12284327187499999 0.794573075 0.111540996875 0.7919370375 0.12158746406250001 0.8202880015625 0.1339206984375 0.8226279046875 0.12284327187499999
0 0.7770623328124999 0.1647872640625 0.8143432578124999 0.1494663984375 0.8085063328125001 0.13113160468750001 0.7707394453124999 0.1474724421875 0.7770623328124999 0.1647872640625
0 0.843527815625 0.0899411 0.81246038125 0.1120433296875 0.814719821875 0.1210851484375 0.847476184375 0.106139628125 0.843527815625 0.0899411
0 0.815625 0.84765625 0.0125 0.034375
0 0.79921875 0.8109375 0.053125 0.0203125
0 0.7984375 0.83359375 0.01875 0.0203125
