0 0.69140625 0.3296875 0.040625 0.053125
0 0.125 0.47578125 0.0890625 0.071875
0 0.2390625 0.4453125 0.0890625 0.053125
0 0.22578125 0.6125 0.0859375 0.078125
0 0.29140625 0.4796875 0.0375 0.08125
0 0.4171875 0.4109375 0.040625 0.078125
0 0.11015625 0.6421875 0.05625 0.0796875
0 0.20234375 0.1796875 0.08125 0.059375
0 0.7421875 0.20234375 0.04375 0.0390625
0 0.125 0.71875 0.065625 0.053125
0 0.14453125 0.2375 0.084375 0.071875
0 0.8 0.31171875 0.025 0.075
0 0.584375 0.80078125 0.1 0.0625
0 0.78671875 0.3625 0.0328125 0.05625
0 0.41328125 0.17890625 0.04375 0.0328125
0 0.46796875 0.21328125 0.096875 0.046875
0 0.2515625 0.178125 0.0609375 0.0234375
0 0.2109375 0.68828125 0.0953125 0.0421875
0 0.70234375 0.82890625 0.1171875 0.025
0 0.43515625 0.66328125 0.034375 0.090625
0 0.40546875 0.775 0.109375 0.021875
0 0.434375 0.8203125 0.065625 0.0640625
0 0.35390625 0.8359375 0.09375 0.0328125
0 0.19140625 0.80703125 0.0890625 0.03125
0 0.12109375 0.82578125 0.0640625 0.0421875
0 0.30546875 0.178125 0.05 0.021875
0 0.2875 0.2015625 0.078125 0.025
0 0.39765625 0.23984375 0.028125 0.0609375
0 0.525 0.184375 0.1015625 0.0359375
0 0.628125 0.253125 0.1109375 0.025
0 0.62734375 0.2296875 0.1125 0.021875
0 0.72890625 0.165625 0.053125 0.03125
0 0.76796875 0.2609375 0.065625 0.040625
0 0.68046875 0.3765625 0.084375 0.0390625
