0 0.734375 0.79921875 0.06875 0.0578125
0 0.825 0.43671875 0.046875 0.115625
0 0.496875 0.203125 0.128125 0.040625
0 0.72578125 0.684375 0.121875 0.03125
0 0.734375 0.73359375 0.046875 0.06875
0 0.63203125 0.834375 0.146875 0.0359375
0 0.52265625 0.30625 0.096875 0.0640625
0 0.725 0.23046875 0.059375 0.084375
0 0.43515625 0.45234375 0.09375 0.0625
0 0.40234375 0.18984375 0.071875 0.034375
0 0.33515625 0.20625 0.075 0.03125
0 0.2234375 0.2015625 0.121875 0.03125
0 0.275 0.25 0.125 0.0328125
0 0.49921875 0.26015625 0.084375 0.04375
0 0.57578125 0.38203125 0.0625 0.084375
0 0.49140625 0.70703125 0.13125 0.03125
0 0.76640625 0.51328125 0.109375 0.0328125
0 0.2046875 0.58984375 0.0828125 0.075
0 0.16328125 0.75625 0.03125 0.1140625
0 0.20234375 0.83515625 0.1515625 0.03125
