0 0.1223292046875 0.8150675 0.0774297421875 0.8498330375 0.0929997265625 0.860154034375 0.1317436015625 0.820771215625 0.1223292046875 0.8150675
0 0.19040257031250002 0.8180551859375 0.12450175781249999 0.847660165625 0.1350024328125 0.859882415625 0.20054115 0.8248453 0.19040257031250002 0.8180551859375
0 0.1842469921875 0.8411416328125 0.14477892812499998 0.8780800031249999 0.16288354375 0.8854133531249999 0.1947476796875 0.847660165625 0.1842469921875 0.8411416328125
0 0.32692507656249997 0.8348759109375001 0.26140269531250004 0.8150675 0.2541608390625 0.8253885375 0.3196995671875 0.8449441375 0.32692507656249997 0.8348759109375001
0 0.2838524203125 0.81017861875 0.2147903 0.7983669140625 0.2088992921875 0.81017861875 0.27914521406250004 0.823215665625 0.2838524203125 0.81017861875
0 0.2469529875 0.8570420890625 0.3298531640625 0.8650429359375 0.33202571875000003 0.8479317859375 0.25091701093749996 0.8427712671875 0.2469529875 0.8570420890625
0 0.33238780156250003 0.8764503687499999 0.38271865 0.8338082828125 0.3733042390625 0.8253885375 0.3171799203125 0.8680305828125 0.33238780156250003 0.8764503687499999
0 0.4352370453125 0.8582527828125001 0.41298199843749994 0.8361798031250001 0.4004761734375 0.84467251875 0.4193049828125 0.868302203125 0.4352370453125 0.8582527828125001
0 0.4866841796875 0.8457589531249999 0.48599999374999997 0.8107538953125 0.4645965515625 0.8085489859375 0.46133772031250003 0.84467251875 0.4866841796875 0.8457589531249999
0 0.4164082484375 0.7324994359375 0.35847345937499997 0.7710674171874999 0.3725950640625 0.7822032531249999 0.42908147812499997 0.7460797203125 0.4164082484375 0.7324994359375
0 0.374405534375 0.7422772359375001 0.41206313906250003 0.68741291875 0.3972173421875 0.680622765625 0.35593882187500003 0.7357587015625 0.374405534375 0.7422772359375001
0 0.3416670421875 0.832576325 0.30932590000000004 0.78371884375 0.2980178015625 0.789826028125 0.3326205640625 0.8341031203125 0.3416670421875 0.832576325
0 0.3335252140625 0.8108618968749999 0.322217125 0.7772723781249999 0.312718328125 0.7804956109375001 0.3188246984375 0.8130672640625001 0.3335252140625 0.8108618968749999
0 0.4865783796875 0.7382032890625 0.5398828578125 0.698745709375 0.5279594828125 0.6890128234375 0.47149881875000005 0.7255768578125 0.4865783796875 0.7382032890625
0 0.5865388031250001 0.6800691078125001 0.5297274609375 0.6774386078125 0.52937676875 0.6905911265625 0.5868894953125 0.6937477359375 0.5865388031250001 0.6800691078125001
0 0.5079557828125 0.627195928125 0.43028183750000004 0.6204186890625001 0.42624561562499996 0.6358765984375 0.5033968296875 0.6437681171875 0.5079557828125 0.627195928125
0 0.3058487484375 0.7652751 0.2583246015625 0.72058935625 0.246311303125 0.7272134203125 0.2953620453125 0.7723799609374999 0.3058487484375 0.7652751
0 0.10361978593750001 0.7735788015625 0.173891121875 0.7949632234374999 0.180318465625 0.7817685265625001 0.1106325765625 0.7607077140625 0.10361978593750001 0.7735788015625
0 0.1234872515625 0.734572021875 0.07316608125 0.7650517640625 0.0866146140625 0.775171140625 0.132959125 0.7414231265625 0.1234872515625 0.734572021875
0 0.1742723796875 0.68739481875 0.1133388203125 0.7264521859374999 0.12788490937500002 0.736601965625 0.1874223671875 0.6975252953125 0.1742723796875 0.68739481875
0 0.655743503125 0.7355869937499999 0.6936095421874999 0.6995763015625001 0.68111456875 0.690674190625 0.643903659375 0.7274671578125 0.655743503125 0.7355869937499999
0 0.763330878125 0.78988834375 0.7171604078125 0.8143867640625 0.733900428125 0.82693505 0.778553525 0.803590553125 0.763330878125 0.78988834375
0 0.8255885984375 0.856369453125 0.7924370734374999 0.8167852890624999 0.7778909859375001 0.8233826375 0.8110425234375 0.8634743171875 0.8255885984375 0.856369453125
0 0.8097396671875 0.8302226906250001 0.854342503125 0.8578919218750001 0.8655057765624999 0.8477421234375001 0.8201761109374999 0.8188152328125 0.8097396671875 0.8302226906250001
0 0.8472386015625 0.8155165406249999 0.8448706421875001 0.7561403109375 0.8232206390625001 0.7556328156250001 0.8242354828125 0.8134865953125001 0.8472386015625 0.8155165406249999
0 0.736650778125 0.6764314859375 0.8042769062499999 0.6817931390624999 0.8059683078125 0.6673296953125 0.7400035171875 0.6627622921875 0.736650778125 0.6764314859375
0 0.8536458140625 0.6051019890625 0.8366557359375 0.5586764953125 0.8233064000000001 0.5607246781249999 0.840296465625 0.6078329015625 0.8536458140625 0.6051019890625
0 0.8511426828124999 0.5296483796875 0.83756591875 0.47629400312500003 0.8248233671874999 0.47925249374999995 0.83635235 0.532277678125 0.8511426828124999 0.5296483796875
0 0.8197187187500001 0.2969548890625 0.7912143359375 0.24371516718750003 0.77517131875 0.24683237343750003 0.80723194375 0.29973947968750003 0.8197187187500001 0.2969548890625
0 0.7977824906250001 0.2470855296875 0.8033669828125 0.2093839375 0.7890080078125 0.20354474687500002 0.7785461140625001 0.2440478015625 0.7977824906250001 0.2470855296875
0 0.7440951546875 0.18304008125 0.6696878640625 0.1808252171875 0.6695120109375 0.1962035828125 0.7417328000000001 0.1962035828125 0.7440951546875 0.18304008125
0 0.6553378390625 0.2799942453125 0.5870498640624999 0.25526018125 0.581092175 0.26860276562499996 0.6469008390625001 0.29290459062499996 0.6553378390625 0.2799942453125
0 0.6334016234375001 0.3123966671875 0.6166213046875 0.2920219375 0.6040408375 0.2994863234375 0.624627140625 0.31821896875 0.6334016234375001 0.3123966671875
0 0.5088294390625 0.24733866875000002 0.45078282343750004 0.2324031640625 0.44437071250000004 0.2475918046875 0.5041047203125 0.2617678765625 0.5088294390625 0.24733866875000002
0 0.3353086234375 0.2994863234375 0.2718623296875 0.280753678125 0.262412878125 0.29442345625 0.3282215359375 0.31163723593750003 0.3353086234375 0.2994863234375
0 0.2991982359375 0.3670757765625 0.264599628125 0.3540004390625 0.2570132015625 0.36834148437500003 0.29109870781249997 0.380492434375 0.2991982359375 0.3670757765625
0 0.1344658984375 0.1706360296875 0.1003803796875 0.2146830890625 0.116579434375 0.2250620015625 0.14661518906249998 0.1787366265625 0.1344658984375 0.1706360296875
0 0.1195780390625 0.350050828125 0.14459030781249999 0.29492973125 0.12467896249999999 0.28910743125 0.1003803796875 0.346064834375 0.1195780390625 0.350050828125
0 0.1287287265625 0.351127703125 0.1054425859375 0.4068194 0.12467896249999999 0.4118822671875 0.1462777046875 0.3559374515625 0.1287287265625 0.351127703125
0 0.153740865625 0.5586688234375 0.1957520765625 0.50578243125 0.17894759843750002 0.49619162499999997 0.1347444828125 0.550174103125 0.153740865625 0.5586688234375
