0 0.35 0.77109375 0.0703125 0.08125
0 0.36484375 0.11171875 0.08125 0.0390625
0 0.2578125 0.1390625 0.075 0.084375
0 0.240625 0.80703125 0.084375 0.04375
0 0.71953125 0.78203125 0.075 0.034375
0 0.6640625 0.62578125 0.078125 0.0625
0 0.290625 0.30625 0.078125 0.084375
0 0.45625 0.78828125 0.0875 0.05
0 0.6921875 0.67890625 0.0765625 0.034375
0 0.296875 0.8046875 0.059375 0.034375
0 0.190625 0.375 0.0375 0.09375
0 0.21328125 0.2734375 0.0375 0.1
0 0.23046875 0.3921875 0.040625 0.1
0 0.79609375 0.7859375 0.046875 0.0734375
0 0.73125 0.5140625 0.025 0.1234375
0 0.81328125 0.7234375 0.0265625 0.05625
0 0.4390625 0.46328125 0.0234375 0.10625
0 0.17265625 0.3296875 0.0296875 0.1
0 0.1828125 0.12421875 0.0375 0.109375
