0 0.79921875 0.265625 0.05703125 0.06796875
0 0.43671875 0.175 0.115625 0.04765625
0 0.203125 0.503125 0.03984375 0.12734375
0 0.684375 0.27421875 0.03046875 0.121875
0 0.73359375 0.265625 0.06875 0.046875
0 0.834375 0.36796875 0.03515625 0.14765625
0 0.30625 0.47734375 0.0640625 0.09609375
0 0.23046875 0.275 0.08515625 0.05859375
0 0.45234375 0.56484375 0.0625 0.09296875
0 0.18984375 0.59765625 0.034375 0.07109375
0 0.20625 0.66484375 0.03203125 0.075
0 0.2015625 0.7765625 0.03046875 0.121875
0 0.25 0.725 0.0328125 0.12578125
0 0.26015625 0.50078125 0.04453125 0.084375
0 0.38203125 0.42421875 0.08359375 0.06171875
0 0.70703125 0.50859375 0.03203125 0.13125
0 0.51328125 0.23359375 0.0328125 0.109375
0 0.58984375 0.7953125 0.07421875 0.0828125
0 0.75625 0.83671875 0.1140625 0.03203125
0 0.83515625 0.79765625 0.03125 0.1515625
