0 0.2234375 0.8265625 0.12421875 0.02890625
0 0.21328125 0.79140625 0.10703125 0.03828125
0 0.54609375 0.83203125 0.11875 0.0421875
0 0.77578125 0.1984375 0.05546875 0.1015625
0 0.8 0.71484375 0.03984375 0.134375
0 0.83359375 0.734375 0.02890625 0.1125
0 0.7328125 0.1546875 0.06796875 0.03515625
0 0.853125 0.25390625 0.03203125 0.10859375
0 0.8484375 0.15546875 0.04296875 0.09375
0 0.83359375 0.4734375 0.02421875 0.14921875
0 0.671875 0.540625 0.0328125 0.1515625
0 0.4390625 0.47734375 0.0421875 0.1171875
0 0.78984375 0.8484375 0.11640625 0.0359375
0 0.79609375 0.8078125 0.0953125 0.0390625
0 0.18828125 0.6515625 0.03359375 0.14375
