0 0.86484375 0.428125 0.06875 0.0875
0 0.35859375 0.6921875 0.08125 0.075
0 0.17734375 0.53515625 0.053125 0.103125
0 0.6953125 0.70234375 0.053125 0.1015625
0 0.8625 0.18203125 0.05 0.0875
0 0.22578125 0.69140625 0.075 0.1125
0 0.15859375 0.36953125 0.0328125 0.065625
0 0.853125 0.81796875 0.1203125 0.021875
0 0.83203125 0.79375 0.1734375 0.0359375
0 0.8234375 0.646875 0.046875 0.109375
0 0.83515625 0.4984375 0.0453125 0.059375
0 0.7625 0.75234375 0.096875 0.028125
0 0.59921875 0.8109375 0.14375 0.0328125
0 0.4828125 0.79921875 0.10625 0.040625
0 0.3578125 0.81953125 0.11875 0.028125
0 0.23515625 0.8140625 0.125 0.04375
0 0.23125 0.39453125 0.1046875 0.053125
0 0.15390625 0.3015625 0.053125 0.0765625
0 0.1484375 0.2125 0.04375 0.1078125
0 0.240625 0.2 0.1421875 0.04375
0 0.71796875 0.27890625 0.034375 0.084375
0 0.75078125 0.1578125 0.084375 0.034375
0 0.7984375 0.18359375 0.053125 0.0828125
0 0.828125 0.22109375 0.046875 0.103125
0 0.8359375 0.28125 0.040625 0.078125
