0 0.8230326859374999 0.7386691015625 0.8930988109375001 0.758456703125 0.9013663953125001 0.74614308125 0.837275153125 0.7253227171875001 0.8230326859374999 0.7386691015625
0 0.7893551203125 0.6230135484375 0.8216084406249999 0.5774445781249999 0.8002446937500001 0.5689028703125001 0.773896078125 0.616949934375 0.7893551203125 0.6230135484375
0 0.7382898625000001 0.42582945 0.7586162484375001 0.4810864171875 0.778880946875 0.47387647031249996 0.7518201953125 0.423693990625 0.7382898625000001 0.42582945
0 0.5376639515625 0.50911099375 0.578025378125 0.5221516265624999 0.5846641765625 0.511246409375 0.5440730640625 0.4968322515625 0.5376639515625 0.50911099375
0 0.48100581406250004 0.848511990625 0.5172055265625 0.8102058328125 0.5043873015625 0.8021979671875 0.4659325984375 0.8395679046875 0.48100581406250004 0.848511990625
0 0.4120043390625 0.512314140625 0.4241104578125 0.5705044421875 0.446186340625 0.5630304640625 0.4362165734375 0.50911099375 0.4120043390625 0.512314140625
0 0.139647075 0.8176797671875 0.208723184375 0.8043333828125 0.2058746390625 0.7915208421875 0.1346622078125 0.8048672265624999 0.139647075 0.8176797671875
0 0.1286546234375 0.7807348765625 0.1775601609375 0.7949055765625 0.18289765 0.7845687625 0.13663940000000002 0.7708975515625001 0.1286546234375 0.7807348765625
0 0.191574809375 0.3126193359375 0.2299223484375 0.26284688906250003 0.21332414375000003 0.256839878125 0.17669368593749998 0.3078995453125 0.191574809375 0.3126193359375
0 0.1892854125 0.21350354062500002 0.16751020156250002 0.26909934999999996 0.18184483906249999 0.273573725 0.2093176890625 0.2177942671875 0.1892854125 0.21350354062500002
0 0.14063554218750002 0.2658504296875 0.1801277796875 0.23881884375 0.16982545 0.225517596875 0.12575441874999999 0.25126192812500003 0.14063554218750002 0.2658504296875
0 0.24471504375 0.17471643125 0.24522051718750001 0.1457100578125 0.22347115781250002 0.142706553125 0.2269052765625 0.177461434375 0.24471504375 0.17471643125
0 0.3033907234375 0.1770325765625 0.222898821875 0.17274168125 0.222898821875 0.18861733281249998 0.2984491796875 0.19634066562500002 0.3033907234375 0.1770325765625
0 0.2571341625 0.14266033125 0.3239753078125 0.14840879375 0.3258977703125 0.136329659375 0.26195967656249997 0.134520890625 0.2571341625 0.14266033125
0 0.28871729375 0.12806763125 0.29252126562499997 0.1691888734375 0.305389328125 0.168585965625 0.2993574296875 0.12487413437499999 0.28871729375 0.12806763125
0 0.254210140625 0.24907595625 0.3141269859375 0.2810308078125 0.3249843984375 0.2671636046875 0.25863355625 0.24304673906250002 0.254210140625 0.24907595625
0 0.3487098546875 0.24214235468749998 0.27552285 0.22797372187499998 0.27150156718749996 0.24304673906250002 0.3386566921875 0.25570810312500003 0.3487098546875 0.24214235468749998
0 0.33171140625 0.2804278765625 0.3675006765625 0.3235367515625 0.3827814703125 0.3135885671875 0.3417645859375 0.2710825984375 0.33171140625 0.2804278765625
0 0.3091923640625 0.3286615828125 0.36468579375 0.356998896875 0.37715170468750003 0.343734625 0.322462509375 0.319617759375 0.3091923640625 0.3286615828125
0 0.4751614296875 0.28314103125 0.4844103265625 0.24003213125 0.4586742359375 0.23370146093750002 0.45143597187499995 0.27861910624999997 0.4751614296875 0.28314103125
0 0.48631185156249995 0.30786077968750003 0.512450059375 0.34644778125000003 0.5301436203125001 0.34132292343750004 0.5027990296875 0.3018315875 0.48631185156249995 0.30786077968750003
0 0.5280238640625 0.17371077343750002 0.5839194265625001 0.14386619375 0.5734641468749999 0.1318077609375 0.5163622015625 0.157733346875 0.5280238640625 0.17371077343750002
0 0.5352621453124999 0.1927028078125 0.589766484375 0.22814614687499998 0.5992002375000001 0.212599203125 0.5477280578125 0.1839604359375 0.5352621453124999 0.1927028078125
0 0.6461399140624999 0.1658727859375 0.6027102640625001 0.20626853281250002 0.6127634093750001 0.21953280312499998 0.6590079421875 0.1782326984375 0.6461399140624999 0.1658727859375
0 0.6504541734375 0.2819351921875 0.7031327359375 0.2511861796875 0.6898625578125 0.2406350609375 0.64120524375 0.2719869828125 0.6504541734375 0.2819351921875
0 0.738410734375 0.1878794296875 0.7372043515625 0.125477040625 0.7150874093749999 0.12638145 0.7175001578125 0.189989653125 0.738410734375 0.1878794296875
0 0.7408235000000001 0.1471822296875 0.735680415625 0.203736753125 0.7516809125 0.203253925 0.758517059375 0.149895359375 0.7408235000000001 0.1471822296875
0 0.7557021765624999 0.1682844640625 0.8170450625000001 0.13986550625 0.8047615921875 0.13030044375 0.749268146875 0.1592406625 0.7557021765624999 0.1682844640625
0 0.8525055015625 0.2517891109375 0.9119704828125 0.28347410625 0.92006274375 0.269273828125 0.8605480328124999 0.23912777031250002 0.8525055015625 0.2517891109375
0 0.8403326 0.1321092140625 0.9277009796875 0.1488156171875 0.9352344312499999 0.131204803125 0.8503857640625 0.1194478734375 0.8403326 0.1321092140625
