0 0.55390625 0.20703125 0.07890625 0.05859375
0 0.4015625 0.30078125 0.0703125 0.071875
0 0.78671875 0.5625 0.09296875 0.04765625
0 0.803125 0.25703125 0.06171875 0.03359375
0 0.78515625 0.68359375 0.0375 0.071875
0 0.584375 0.26484375 0.06875 0.0921875
0 0.534375 0.30078125 0.05859375 0.08125
0 0.7375 0.69921875 0.08203125 0.0515625
0 0.38515625 0.48515625 0.075 0.07109375
0 0.3125 0.89765625 0.06953125 0.0375
0 0.75 0.646875 0.0671875 0.0515625
0 0.7390625 0.22109375 0.084375 0.0265625
0 0.7015625 0.26484375 0.08203125 0.03515625
0 0.8234375 0.35703125 0.02890625 0.09375
0 0.62578125 0.51015625 0.04609375 0.09453125
0 0.67265625 0.57109375 0.059375 0.03828125
0 0.6203125 0.19375 0.090625 0.0359375
0 0.184375 0.8640625 0.0421875 0.0484375
0 0.64453125 0.2921875 0.0296875 0.06875
0 0.8328125 0.22734375 0.03828125 0.06015625
0 0.69921875 0.51796875 0.04140625 0.065625
0 0.66328125 0.51015625 0.02734375 0.07265625
0 0.809375 0.19375 0.08359375 0.03203125
0 0.3484375 0.34140625 0.05625 0.090625
0 0.440625 0.759375 0.05390625 0.0921875
0 0.56953125 0.50859375 0.034375 0.1109375
0 0.4234375 0.24453125 0.07890625 0.03203125
0 0.1828125 0.21953125 0.02578125 0.06875
0 0.16015625 0.29609375 0.02734375 0.10703125
0 0.26328125 0.23125 0.03984375 0.065625
0 0.22578125 0.284375 0.0296875 0.084375
0 0.32578125 0.20625 0.03515625 0.07109375
0 0.396875 0.2203125 0.08203125 0.0265625
0 0.2046875 0.52890625 0.02578125 0.1015625
0 0.38125 0.89921875 0.0640625 0.05703125
0 0.55703125 0.65234375 0.0265625 0.09140625
0 0.75546875 0.903125 0.0640625 0.0484375
0 0.8265625 0.89140625 0.02890625 0.06640625
0 0.79375 0.8453125 0.040625 0.09453125
0 0.7875 0.50078125 0.02265625 0.0828125
0 0.81328125 0.478125 0.02734375 0.07421875
0 0.771875 0.46640625 0.0234375 0.09140625
0 0.5796875 0.38515625 0.0203125 0.0890625
0 0.61015625 0.3984375 0.040625 0.04921875
0 0.64921875 0.42578125 0.02421875 0.07265625
0 0.6859375 0.43046875 0.05390625 0.0515625
0 0.66796875 0.3703125 0.05 0.05
0 0.7171875 0.3796875 0.03671875 0.03046875
0 0.74921875 0.38671875 0.03125 0.0671875
0 0.75234375 0.33046875 0.0515625 0.0421875
