0 0.215625 0.853125 0.078125 0.04375
0 0.4484375 0.84375 0.0625 0.04375
0 0.84921875 0.22578125 0.040625 0.05
0 0.72265625 0.8140625 0.0484375 0.0578125
0 0.31953125 0.7578125 0.0453125 0.034375
0 0.4484375 0.2078125 0.03125 0.046875
0 0.7953125 0.69609375 0.046875 0.04375
0 0.30703125 0.8515625 0.071875 0.0359375
0 0.15078125 0.72578125 0.053125 0.05
0 0.33125 0.7828125 0.0546875 0.05
0 0.8265625 0.74296875 0.040625 0.059375
0 0.7640625 0.734375 0.084375 0.0359375
0 0.3640625 0.809375 0.025 0.05
0 0.3140625 0.2265625 0.0609375 0.0375
0 0.79921875 0.80703125 0.075 0.03125
0 0.121875 0.765625 0.0515625 0.021875
0 0.14296875 0.74453125 0.028125 0.0484375
0 0.76875 0.84375 0.078125 0.025
0 0.8421875 0.67421875 0.021875 0.053125
0 0.12578125 0.7046875 0.021875 0.0625
0 0.69921875 0.28125 0.0578125 0.025
0 0.26015625 0.7046875 0.078125 0.021875
0 0.63515625 0.8375 0.01875 0.05
0 0.75390625 0.77421875 0.075 0.0203125
0 0.6359375 0.85078125 0.0796875 0.015625
0 0.3984375 0.6671875 0.075 0.0296875
0 0.26328125 0.8078125 0.071875 0.021875
0 0.64375 0.359375 0.046875 0.01875
0 0.6171875 0.8296875 0.0171875 0.03125
0 0.61875 0.7984375 0.01875 0.034375
0 0.81953125 0.83203125 0.015625 0.0375
0 0.11953125 0.4984375 0.0265625 0.04375
0 0.8283022734375001 0.7115762671875 0.8281572374999999 0.68613313125 0.8184395859375 0.6859156750000001 0.8182945437500001 0.7117937234375 0.8283022734375001 0.7115762671875
0 0.428948475 0.812814809375 0.3792932140625 0.847373675 0.393916159375 0.8572342046875001 0.4367334328125 0.8181645921875 0.428948475 0.812814809375
0 0.4166809671875 0.8241628343749999 0.3732149453125 0.81686768125 0.3699712109375 0.8269187812500001 0.41105849843750003 0.8342139328125 0.4166809671875 0.8241628343749999
0 0.1171875 0.78515625 0.0625 0.015625
0 0.1028215921875 0.8415306671874999 0.1378022984375 0.80120155 0.1250820453125 0.795241578125 0.086656275 0.8327893921875 0.1028215921875 0.8415306671874999
0 0.10859375 0.8046875 0.0140625 0.0265625
0 0.3378475796875 0.36718083125 0.3847278828125 0.3257489171875 0.37268523125 0.31897793281250003 0.3266651265625 0.3586365109375 0.3378475796875 0.36718083125
0 0.386878346875 0.369760253125 0.3853730171875 0.3307465265625 0.36881438593750004 0.3317138125 0.3690294375 0.3691154015625 0.386878346875 0.369760253125
0 0.371610003125 0.34219271406249996 0.3537610765625 0.360409859375 0.3636532546875 0.367342040625 0.37978179375 0.3497697484375 0.371610003125 0.34219271406249996
0 0.49075402500000004 0.3976311625 0.496386353125 0.3416291796875 0.4676318359375 0.3407402625 0.46111017656250003 0.395631084375 0.49075402500000004 0.3976311625
0 0.6298388046875 0.28740505 0.6087916828125 0.28740505 0.6087916828125 0.300072165625 0.6304316796875 0.300516615625 0.6298388046875 0.28740505
0 0.8355402359375 0.5464266140625 0.8597661109375 0.493521890625 0.8439666265625 0.48917895624999996 0.8221106921875 0.5424784984375 0.8355402359375 0.5464266140625
0 0.83527691875 0.5438603375 0.8718790421874999 0.5436629359375 0.8721423828124999 0.53004195 0.8350135890624999 0.5312263875000001 0.83527691875 0.5438603375
