0 0.28125 0.26953125 0.06953125 0.053125
0 0.37265625 0.55 0.08515625 0.0703125
0 0.5984375 0.8796875 0.08046875 0.0609375
0 0.52421875 0.89765625 0.08125 0.0390625
0 0.2625 0.39765625 0.05546875 0.08125
0 0.56484375 0.4671875 0.0703125 0.08828125
0 0.5015625 0.3078125 0.071875 0.0578125
0 0.3421875 0.86796875 0.0640625 0.08828125
0 0.325 0.203125 0.0765625 0.02578125
0 0.76171875 0.3609375 0.0203125 0.11328125
0 0.7828125 0.29765625 0.05625 0.07109375
0 0.740625 0.38125 0.0234375 0.07421875
0 0.3078125 0.3421875 0.034375 0.07109375
0 0.26015625 0.1890625 0.07421875 0.028125
0 0.21875 0.30078125 0.034375 0.1171875
0 0.2765625 0.45703125 0.03125 0.08671875
0 0.2453125 0.5265625 0.0375 0.1015625
0 0.44140625 0.85078125 0.078125 0.034375
0 0.20703125 0.896875 0.0328125 0.0265625
0 0.1796875 0.8859375 0.040625 0.01875
0 0.17421875 0.8515625 0.01328125 0.04765625
0 0.1890625 0.840625 0.0171875 0.0609375
0 0.7828125 0.9015625 0.06953125 0.02890625
0 0.8203125 0.60078125 0.06640625 0.02265625
0 0.77265625 0.6453125 0.0296875 0.08984375
0 0.8234375 0.4015625 0.0234375 0.06015625
0 0.81953125 0.346875 0.0609375 0.03515625
0 0.82578125 0.2984375 0.02421875 0.07109375
0 0.81015625 0.24296875 0.0328125 0.0609375
