0 0.70078125 0.22109375 0.0375 0.025
0 0.6 0.21171875 0.015625 0.0484375
0 0.425 0.62265625 0.040625 0.021875
0 0.5546875 0.840625 0.040625 0.01875
0 0.2984375 0.21015625 0.0125 0.075
0 0.225 0.1921875 0.040625 0.015625
0 0.196875 0.16953125 0.015625 0.06875
0 0.278125 0.48359375 0.04375 0.021875
0 0.2359375 0.51953125 0.0453125 0.01875
0 0.14453125 0.53359375 0.0171875 0.0796875
0 0.284375 0.72734375 0.015625 0.06875
0 0.3055061359375 0.3721557765625 0.281762028125 0.3207691359375 0.2722357265625 0.3272594140625 0.292773003125 0.3765358921875 0.3055061359375 0.3721557765625
0 0.18129910625 0.43417513437500005 0.1284747171875 0.4635910015625 0.13422510781250002 0.47951978281249996 0.185157634375 0.4603567 0.18129910625 0.43417513437500005
0 0.162155846875 0.4537357078125 0.1383326171875 0.39350891718750003 0.1309391921875 0.4011741296875 0.14860123593750002 0.46851865000000004 0.162155846875 0.4537357078125
0 0.3178285078125 0.6400436953125 0.295237478125 0.56886654375 0.2833258640625 0.5792693718749999 0.307970609375 0.6493514578124999 0.3178285078125 0.6400436953125
0 0.2685390140625 0.661396834375 0.23362561249999997 0.6192380625 0.2225354765625 0.6373061046874999 0.2631993078125 0.6750847359375001 0.2685390140625 0.661396834375
0 0.15640538125 0.6340210046875 0.12149201406250001 0.6028125703125 0.11656306406250001 0.621975653125 0.15147643125000002 0.648256440625 0.15640538125 0.6340210046875
0 0.1383326171875 0.8246075156250001 0.18746247656249998 0.7785020390625 0.179817890625 0.76602325 0.1321714296875 0.8103720796875 0.1383326171875 0.8246075156250001
0 0.1206704984375 0.787376390625 0.1592806515625 0.7441226015625 0.1518872265625 0.7287921515625 0.10588365 0.7643807015624999 0.1206704984375 0.787376390625
0 0.636730228125 0.792824534375 0.6139664015624999 0.84159130625 0.623315821875 0.8486353875000001 0.6440471750000001 0.7998686140625 0.636730228125 0.792824534375
