0 0.83515625 0.2640625 0.0421875 0.08125
0 0.88203125 0.25625 0.028125 0.0703125
0 0.78515625 0.23828125 0.0671875 0.034375
0 0.821875 0.20859375 0.10625 0.01875
0 0.809375 0.18828125 0.13125 0.025
0 0.59921875 0.2203125 0.025 0.10625
0 0.55625 0.23671875 0.0625 0.046875
0 0.4953125 0.196875 0.1234375 0.021875
0 0.4796875 0.22421875 0.109375 0.028125
0 0.44453125 0.28203125 0.06875 0.0546875
0 0.490625 0.3484375 0.1125 0.05
0 0.3625 0.3546875 0.128125 0.05
0 0.22890625 0.190625 0.13125 0.03125
0 0.25390625 0.58984375 0.1515625 0.025
0 0.175 0.66171875 0.065625 0.0921875
0 0.15703125 0.8 0.071875 0.1015625
0 0.2671875 0.80078125 0.06875 0.034375
0 0.25078125 0.7625 0.05 0.05625
0 0.30625 0.734375 0.059375 0.0984375
0 0.3109375 0.8328125 0.075 0.04375
0 0.3625 0.80390625 0.0625 0.0375
0 0.4390625 0.79609375 0.090625 0.065625
0 0.42578125 0.62265625 0.11875 0.034375
0 0.46875 0.5671875 0.05 0.06875
0 0.5078125 0.65390625 0.0421875 0.1125
0 0.53984375 0.6078125 0.059375 0.065625
0 0.553125 0.54375 0.096875 0.04375
0 0.6953125 0.665625 0.0625 0.0828125
0 0.7484375 0.828125 0.125 0.05
0 0.7625 0.73828125 0.059375 0.078125
0 0.765625 0.64375 0.05625 0.0875
0 0.746875 0.55390625 0.065625 0.096875
0 0.821875 0.69375 0.0375 0.090625
0 0.82109375 0.7453125 0.046875 0.0375
0 0.81875 0.78984375 0.0265625 0.065625
0 0.84296875 0.8390625 0.0375 0.08125
0 0.88359375 0.60390625 0.06875 0.059375
0 0.88515625 0.53828125 0.034375 0.078125
0 0.82734375 0.4875 0.0359375 0.1015625
0 0.86953125 0.49609375 0.034375 0.078125
