0 0.38359375 0.46328125 0.07265625 0.06328125
0 0.80859375 0.396875 0.03984375 0.1015625
0 0.3875 0.2859375 0.065625 0.065625
0 0.7390625 0.415625 0.06484375 0.0390625
0 0.3078125 0.40390625 0.0796875 0.03515625
0 0.7375 0.321875 0.05 0.0921875
0 0.25546875 0.53203125 0.06796875 0.05078125
0 0.76875 0.84609375 0.05234375 0.09609375
0 0.7828125 0.91171875 0.07265625 0.0296875
0 0.8140625 0.21640625 0.04765625 0.05
0 0.81953125 0.2921875 0.04609375 0.09453125
0 0.46171875 0.23046875 0.07109375 0.040625
0 0.20703125 0.19609375 0.059375 0.046875
0 0.79921875 0.8484375 0.0453125 0.09296875
0 0.728125 0.7546875 0.05390625 0.08203125
0 0.38359375 0.86484375 0.040625 0.059375
0 0.17109375 0.234375 0.0203125 0.1203125
0 0.2 0.2328125 0.03359375 0.04453125
0 0.54609375 0.60234375 0.06640625 0.05859375
0 0.5890625 0.34921875 0.03515625 0.08125
0 0.58125 0.2375 0.01875 0.07890625
0 0.5703125 0.2109375 0.071875 0.03359375
0 0.63125 0.27265625 0.071875 0.03671875
0 0.64453125 0.3265625 0.04921875 0.08359375
0 0.7828125 0.4375 0.0328125 0.07421875
0 0.82734375 0.49140625 0.0296875 0.0953125
0 0.7578125 0.6859375 0.08125 0.040625
0 0.815625 0.71953125 0.02109375 0.11640625
0 0.1796875 0.771875 0.02265625 0.11015625
