0 0.12980527656250002 0.44675494843749997 0.0968580921875 0.4060674921875 0.0789527546875 0.409944040625 0.1137465859375 0.456124971875 0.12980527656250002 0.44675494843749997
0 0.2350789265625 0.3269522609375 0.2341867921875 0.383172525 0.2591669640625 0.382503215625 0.2520297546875 0.324275084375 0.2350789265625 0.3269522609375
0 0.3983422890625 0.3778181734375 0.350166215625 0.40793617343750005 0.36265632187499997 0.419983371875 0.4099402203125 0.389196125 0.3983422890625 0.3778181734375
0 0.43581256875 0.3798260390625 0.428675359375 0.43470774843750004 0.44919481250000004 0.4353770578125 0.4518712609375 0.38183390781250004 0.43581256875 0.3798260390625
0 0.5045080953125 0.20514164375 0.4786357453125 0.23927537656250003 0.49291012500000003 0.2466375953125 0.5205667875 0.2131731109375 0.5045080953125 0.20514164375
0 0.685697190625 0.4594714578125 0.7007705328125 0.41611038125000005 0.68391291875 0.40793617343750005 0.6669620515625 0.454786415625 0.685697190625 0.4594714578125
0 0.80119943125 0.1831153375 0.7375246609375 0.1823858328125 0.7357403484375 0.19911804375 0.7981908 0.20179522031250002 0.80119943125 0.1831153375
0 0.8106809484375 0.445416390625 0.8026516015625 0.39388110625 0.785700734375 0.39254254843749997 0.7937300796875 0.44675494843749997 0.8106809484375 0.445416390625
0 0.644741096875 0.6395101453125001 0.5929964375 0.6789981671875001 0.6028100546874999 0.6883682515625 0.659015475 0.6468723015625 0.644741096875 0.6395101453125001
0 0.824063190625 0.718486253125 0.8360147828125 0.676221228125 0.813357396875 0.66962814375 0.7972987046875 0.717817003125 0.824063190625 0.718486253125
0 0.5323302578125 0.7151397671875 0.47790915 0.729864203125 0.4823698703125 0.746596384375 0.5385752890625 0.729864203125 0.5323302578125 0.7151397671875
0 0.6003416359375 0.72944854375 0.6037022328125 0.7773836328125 0.6268980921875 0.7760451359375 0.6215451953125 0.728525584375 0.6003416359375 0.72944854375
0 0.5938885734375 0.824233934375 0.5253547234375 0.7937230390625001 0.518055878125 0.8095094984375001 0.5813984671875 0.8409661171874999 0.5938885734375 0.824233934375
0 0.4475760390625 0.8249031828125 0.40751815 0.7937230390625001 0.3949392234375 0.80415526875 0.4386545578125 0.8409661171874999 0.4475760390625 0.8249031828125
0 0.67579186875 0.8288599765625 0.6440329671875 0.7860962984375 0.6358896546875 0.7885399546875 0.6607267359375 0.8319145046875001 0.67579186875 0.8288599765625
0 0.6505476078125 0.767769015625 0.6082024015624999 0.79678723125 0.6163457140624999 0.808699965625 0.6619482328124999 0.7784599484375 0.6505476078125 0.767769015625
0 0.7490816390624999 0.78181996875 0.664798403125 0.7793763125 0.663984065625 0.7946490671875 0.7490816390624999 0.7925108484375001 0.7490816390624999 0.78181996875
0 0.6599124187500001 0.782736334375 0.6418858421875 0.8127973624999999 0.6578765859375 0.8138927140625001 0.664798403125 0.787623590625 0.6599124187500001 0.782736334375
0 0.774733059375 0.796481796875 0.78124771875 0.7579944750000001 0.764146771875 0.75493991875 0.7617037796874999 0.794343575 0.774733059375 0.796481796875
0 0.7965686515625 0.831254371875 0.7259403359375 0.8284284921875 0.7290793671875 0.8425578874999999 0.7965686515625 0.8430288812500001 0.7965686515625 0.831254371875
0 0.7214825953124999 0.8718569 0.723115203125 0.8359641625 0.70647830625 0.8364351343750001 0.7042809859375 0.8705812015625 0.7214825953124999 0.8718569
0 0.10207260468749998 0.80992448125 0.1371740546875 0.855275840625 0.148387025 0.8483268328125 0.11816077031250001 0.7960264984375 0.10207260468749998 0.80992448125
0 0.1010975578125 0.8289427999999999 0.0737964453125 0.8541786312499999 0.085984440625 0.8629563109375 0.11133547968749999 0.8362575218750001 0.1010975578125 0.8289427999999999
0 0.19908910468750002 0.7920033734375 0.1610625328125 0.8267483796875 0.175200625 0.8377204796875001 0.2156648046875 0.79895238125 0.19908910468750002 0.7920033734375
0 0.2649495515625 0.7265365187499999 0.1884088984375 0.746652046875 0.19377162812499998 0.7601842828125001 0.27079979375 0.7397030390625 0.2649495515625 0.7265365187499999
