0 0.7421875 0.30625 0.04140625 0.06171875
0 0.61015625 0.3859375 0.05859375 0.05390625
0 0.5640625 0.3234375 0.0671875 0.090625
0 0.3234375 0.19453125 0.0875 0.04296875
0 0.65703125 0.27421875 0.0875 0.0453125
0 0.57265625 0.2515625 0.0703125 0.0296875
0 0.32265625 0.86171875 0.0671875 0.04765625
0 0.7359375 0.78046875 0.08984375 0.0625
0 0.75078125 0.409375 0.06015625 0.046875
0 0.26484375 0.25859375 0.06953125 0.084375
0 0.45546875 0.41171875 0.0609375 0.09453125
0 0.690625 0.4953125 0.0765625 0.03125
0 0.1953125 0.63359375 0.0578125 0.0578125
0 0.690625 0.19375 0.053125 0.03828125
0 0.65625 0.58046875 0.09453125 0.0234375
0 0.78046875 0.34453125 0.0234375 0.0765625
0 0.62109375 0.33515625 0.09765625 0.071875
0 0.7953125 0.21484375 0.03515625 0.08359375
0 0.6703125 0.2234375 0.0828125 0.0296875
0 0.74375 0.825 0.03046875 0.0875
0 0.7421875 0.1890625 0.04921875 0.0296875
0 0.6328125 0.85 0.05625 0.084375
0 0.75234375 0.59375 0.03828125 0.09296875
0 0.5649427546875 0.1806238625 0.50019049375 0.2643423484375 0.516282759375 0.2837405328125 0.5821844656249999 0.20053254062499998 0.5649427546875 0.1806238625
0 0.5319919015625 0.156120896875 0.47413630781249994 0.2500489515625 0.492144340625 0.2684261734375 0.5496167734374999 0.17807148125 0.5319919015625 0.156120896875
0 0.178125 0.1953125 0.0453125 0.02734375
0 0.22890625 0.19765625 0.04921875 0.03359375
0 0.1890625 0.24609375 0.07109375 0.03046875
0 0.184375 0.296875 0.028125 0.07421875
0 0.240625 0.33125 0.0703125 0.03359375
0 0.16953125 0.57578125 0.0265625 0.0953125
0 0.17734375 0.6796875 0.046875 0.05859375
0 0.2796875 0.8265625 0.0765625 0.02734375
0 0.415625 0.8078125 0.0296875 0.08984375
0 0.81640625 0.83125 0.028125 0.10078125
0 0.8234375 0.5484375 0.03203125 0.0984375
0 0.61953125 0.48671875 0.02890625 0.08203125
0 0.7875 0.42890625 0.046875 0.03515625
0 0.690625 0.24375 0.0703125 0.02421875
0 0.821875 0.25546875 0.0203125 0.08359375
0 0.82421875 0.31875 0.0296875 0.04921875
0 0.79140625 0.3015625 0.02734375 0.05625
0 0.82578125 0.37734375 0.03984375 0.05703125
0 0.828125 0.4421875 0.03203125 0.06953125
