0 0.690965528125 0.7421414390625001 0.733512128125 0.7334502765625001 0.7314323140625001 0.7182243234375 0.6865049796875 0.722014553125 0.690965528125 0.7421414390625001
0 0.6792995046875 0.617263228125 0.6491051453125001 0.6506555765625001 0.6593986796875 0.66300616875 0.6865049796875 0.6241246687500001 0.6792995046875 0.617263228125
0 0.593176975 0.6282415328125001 0.5550908984375 0.6625487328124999 0.5636688109375 0.680388478125 0.5990099625 0.6373901296875 0.593176975 0.6282415328125001
0 0.43774455625 0.25764794375 0.47102700156250005 0.3129968828125 0.48234988906250004 0.3015611609375 0.44735187187500003 0.2498716328125 0.43774455625 0.25764794375
0 0.7887541046875 0.13959326249999998 0.7990476390625 0.2132393984375 0.8133805421875 0.2152790859375 0.8059099890624999 0.13959326249999998 0.7887541046875 0.13959326249999998
0 0.329966571875 0.18911510625 0.3790521796875 0.1611218734375 0.37659789843749997 0.1447621796875 0.3250580078125 0.1673021828125 0.329966571875 0.18911510625
0 0.29233425468749996 0.2796387515625 0.34469225937500003 0.2872732734375 0.34504543125 0.2694186234375 0.29369772968749996 0.26473324531250003 0.29233425468749996 0.2796387515625
0 0.267518728125 0.22510644218750003 0.25361113281250003 0.2872732734375 0.26151939999999996 0.2919993984375 0.280062846875 0.2323774125 0.267518728125 0.22510644218750003
0 0.28756586875 0.32546987031249996 0.28679335156249997 0.381600025 0.29437744062500004 0.3830601703125 0.2979951109375 0.3270147359375 0.28756586875 0.32546987031249996
0 0.2947118390625 0.347355471875 0.2941324375 0.39189912968749996 0.30388099375 0.40283992343749997 0.304368534375 0.34864286718750004 0.2947118390625 0.347355471875
0 0.2885315578125 0.37205200625 0.2831237953125 0.2950661625 0.27385335781250003 0.29712598125 0.27694351250000004 0.3715370390625 0.2885315578125 0.37205200625
0 0.325282715625 0.4039645390625 0.29996057343750004 0.45407457500000004 0.3090607125 0.4640965796875 0.334778515625 0.4145140140625 0.325282715625 0.4039645390625
0 0.33606390625000004 0.5351295140625 0.28893488125 0.5233855375 0.2876135078125 0.5389463140624999 0.33758498124999997 0.5463724796875 0.33606390625000004 0.5351295140625
0 0.3259333734375 0.5292575265624999 0.3497181015625 0.5697742734375 0.3605093390625 0.5594982796875 0.33430206875 0.5216239390624999 0.3259333734375 0.5292575265624999
0 0.27197725 0.5668626078125001 0.23409783125 0.59974576875 0.24224631875 0.61178335 0.277042509375 0.5783129921875 0.27197725 0.5668626078125001
0 0.3091959484375 0.6073793546874999 0.2986249515625 0.6678608734375 0.31247527656249996 0.6718328890625 0.32086809843749997 0.6103153546875 0.3091959484375 0.6073793546874999
0 0.2323360078125 0.6323353265625 0.2746199984375 0.6687416734375 0.2803459453125 0.6578784953125 0.23475851875 0.6214721375 0.2323360078125 0.6323353265625
0 0.2880539546875 0.683433828125 0.32879634687500003 0.7142617890625 0.33540322031250003 0.6989946046875 0.294000140625 0.6711026437500001 0.2880539546875 0.683433828125
0 0.2356394453125 0.7797466703125 0.2708760828125 0.735119525 0.261406253125 0.72308194375 0.22594934218749999 0.7668282843750001 0.2356394453125 0.7797466703125
0 0.23211576875 0.7959189796875 0.1975397859375 0.8637404921874999 0.20648590156250002 0.8741201765625 0.2411451515625 0.803552565625 0.23211576875 0.7959189796875
0 0.16318404375 0.7689078171875 0.1825642171875 0.8364357281249999 0.19489703593750002 0.8229301421875 0.1717729796875 0.76127423125 0.16318404375 0.7689078171875
0 0.258983709375 0.829988709375 0.24885319374999998 0.9119029984375 0.26569193750000003 0.9150005359375 0.270655875 0.8317503078125 0.258983709375 0.829988709375
0 0.1545263171875 0.8547420656250001 0.144582409375 0.784379190625 0.1262244265625 0.7877783671875 0.1394447703125 0.8595658281249999 0.1545263171875 0.8547420656250001
0 0.1675298875 0.6262894953125 0.20271600156249997 0.6912136984374999 0.2108751109375 0.676597253125 0.181043390625 0.6167718203125 0.1675298875 0.6262894953125
0 0.176708878125 0.561365303125 0.1654900859375 0.6266294171875 0.1759439625 0.62934875 0.18741770156249998 0.5651044015625 0.176708878125 0.561365303125
0 0.1772188109375 0.6640203109375 0.160900590625 0.6021553734375 0.1499368203125 0.608273884375 0.1718643984375 0.6711585734375001 0.1772188109375 0.6640203109375
0 0.1417776921875 0.641585771875 0.1545263171875 0.59433728125 0.145092340625 0.5902582734374999 0.12902910625 0.6354672609375001 0.1417776921875 0.641585771875
0 0.1318337859375 0.6436393734375 0.1580959109375 0.71060306875 0.1675298875 0.70346480625 0.143307525 0.6388805234375 0.1318337859375 0.6436393734375
0 0.1570760109375 0.6371809421875 0.146112240625 0.70584421875 0.151976584375 0.710263146875 0.16956965 0.6473784593749999 0.1570760109375 0.6371809421875
0 0.14662217187499998 0.40836028124999996 0.1471321046875 0.4607075421875 0.1608654734375 0.459712703125 0.15784092656249998 0.4093800328125 0.14662217187499998 0.40836028124999996
0 0.18282820625 0.2522960046875 0.1417776921875 0.2992045859375 0.1486619359375 0.314160940625 0.196341709375 0.2635132734375 0.18282820625 0.2522960046875
0 0.1976165546875 0.23937914062500001 0.13973792812500002 0.24617749375 0.140247859375 0.2662326203125 0.1991463875 0.2512762515625 0.1976165546875 0.23937914062500001
0 0.1178103140625 0.146907578125 0.1547812625 0.1975552328125 0.160253453125 0.187975784375 0.128519175 0.1390894734375 0.1178103140625 0.146907578125
0 0.199401371875 0.1577849140625 0.14483735625 0.1414688859375 0.14203267656250002 0.158124846875 0.1978715390625 0.17138162031249998 0.199401371875 0.1577849140625
0 0.2639092765625 0.1591445984375 0.22923309375 0.2057132453125 0.2381571015625 0.2165906078125 0.2771678140625 0.172401371875 0.2639092765625 0.1591445984375
