0 0.2515625 0.6234375 0.1203125 0.075
0 0.784375 0.39453125 0.05 0.090625
0 0.84453125 0.35390625 0.0375 0.0859375
0 0.74453125 0.7484375 0.075 0.0875
0 0.68671875 0.2234375 0.1421875 0.0484375
0 0.68984375 0.27265625 0.1375 0.034375
0 0.890625 0.303125 0.040625 0.090625
0 0.78515625 0.29453125 0.046875 0.1
0 0.72578125 0.54765625 0.1078125 0.040625
0 0.646875 0.5546875 0.0609375 0.0875
0 0.81640625 0.72734375 0.0765625 0.05
0 0.25546875 0.8046875 0.090625 0.053125
0 0.853125 0.475 0.04375 0.096875
0 0.8703125 0.41015625 0.115625 0.0375
0 0.35625 0.18125 0.134375 0.034375
0 0.4015625 0.21953125 0.11875 0.053125
0 0.23203125 0.29296875 0.04375 0.071875
0 0.45234375 0.33984375 0.096875 0.075
0 0.446875 0.51328125 0.1359375 0.034375
0 0.23515625 0.1984375 0.13125 0.0359375
0 0.19765625 0.33203125 0.040625 0.0671875
0 0.24921875 0.371875 0.1015625 0.059375
0 0.17421875 0.39765625 0.046875 0.0765625
0 0.203125 0.7375 0.046875 0.0890625
0 0.1484375 0.7890625 0.040625 0.1171875
