0 0.1594306234375 0.1378479078125 0.1806347203125 0.18606638125 0.1868101125 0.171144559375 0.171371659375 0.1238063515625 0.1594306234375 0.1378479078125
0 0.1875820140625 0.1469609140625 0.182950484375 0.2241427640625 0.1929854765625 0.2272300390625 0.20880988281250001 0.1551936328125 0.1875820140625 0.1469609140625
0 0.6143012718749999 0.1730885234375 0.6190514859375 0.20242868593750002 0.629532896875 0.199634034375 0.6244419109375 0.1684935171875 0.6143012718749999 0.1730885234375
0 0.6606775578125 0.12178274062500001 0.7041004375 0.151326303125 0.7067956484375 0.13815146875 0.6657685421874999 0.10541401875 0.6606775578125 0.12178274062500001
0 0.709191378125 0.18086988125 0.7038009546875 0.2399569921875 0.7160791718749999 0.2427516734375 0.7232664046874999 0.1852614875 0.709191378125 0.18086988125
0 0.73706751875 0.126821003125 0.7805280031249999 0.1599732265625 0.78900093125 0.1490214578125 0.7449704421875001 0.1083833546875 0.73706751875 0.126821003125
0 0.6576228828125 0.4471993203125 0.6141924296875 0.48610058125 0.621317740625 0.5014801578125 0.6630517078125 0.45805548749999997 0.6576228828125 0.4471993203125
0 0.747726809375 0.47736360156249996 0.768913475 0.5385720703125 0.779092490625 0.5322392953125 0.7638239671875 0.467554634375 0.747726809375 0.47736360156249996
0 0.577547996875 0.6231971890625 0.6135138453125 0.6625507953125 0.6226749593750001 0.6471712359375 0.5850126 0.6100793234374999 0.577547996875 0.6231971890625
0 0.7030891875 0.659384425 0.66474819375 0.6462665453125 0.6627123890625 0.6589320796875 0.699696165625 0.6743116546875 0.7030891875 0.659384425
0 0.7543235359375 0.742633778125 0.792664528125 0.7684171765625 0.7967361359375 0.751680578125 0.7600916765625 0.7286112390625 0.7543235359375 0.742633778125
0 0.833403828125 0.6190671046875 0.8566704171874999 0.6701887078125 0.8667689265625 0.65876565 0.8468779359375 0.6077698859375 0.833403828125 0.6190671046875
0 0.8548343234375 0.76731846875 0.8110740828124999 0.812194740625 0.8193365437500001 0.8232098265625 0.8624847250000001 0.7840450765625 0.8548343234375 0.76731846875
0 0.68392454375 0.7787075546875 0.68836189375 0.8607427234375 0.703968684375 0.8591108390625 0.6984604046875 0.7775176125 0.68392454375 0.7787075546875
0 0.2078125 0.7640625 0.0578125 0.0265625
