0 0.43521378593750004 0.5209877671875 0.40198273437500004 0.5781517609375 0.41529155156249997 0.5946688234375 0.448066865625 0.5304120796875 0.43521378593750004 0.5209877671875
0 0.697715725 0.077814215625 0.6822673140625 0.1229650265625 0.6935565546875 0.1308862171875 0.710787428125 0.0865275140625 0.697715725 0.077814215625
0 0.6609375 0.25546875 0.02265625 0.06015625
0 0.859375 0.2671875 0.0140625 0.0703125
0 0.78671875 0.33203125 0.028125 0.021875
0 0.83828125 0.4703125 0.04375 0.02734375
0 0.7875 0.603125 0.02734375 0.06796875
0 0.80859375 0.6578125 0.01875 0.0578125
0 0.8546875 0.7265625 0.01796875 0.06015625
0 0.86015625 0.8484375 0.0171875 0.03984375
