0 0.62109375 0.4421875 0.05625 0.0484375
0 0.21484375 0.21015625 0.05625 0.0578125
0 0.36953125 0.29921875 0.04375 0.059375
0 0.87421875 0.1671875 0.071875 0.0578125
0 0.18828125 0.63515625 0.0625 0.05625
0 0.715625 0.41875 0.05625 0.046875
0 0.7890625 0.33515625 0.0671875 0.03125
0 0.2609375 0.77109375 0.065625 0.046875
0 0.6921875 0.2 0.046875 0.05
0 0.18671875 0.16953125 0.03125 0.0625
0 0.70859375 0.21875 0.059375 0.034375
0 0.44609375 0.175 0.040625 0.053125
0 0.42421875 0.634375 0.065625 0.040625
0 0.59609375 0.14375 0.04375 0.05
0 0.28671875 0.23046875 0.0390625 0.065625
0 0.6578125 0.16875 0.034375 0.053125
0 0.39140625 0.19140625 0.046875 0.040625
0 0.23125 0.16875 0.046875 0.0375
0 0.415625 0.68671875 0.0578125 0.025
0 0.3640625 0.3984375 0.059375 0.0375
0 0.38984375 0.37890625 0.0265625 0.034375
0 0.59375 0.60859375 0.040625 0.053125
0 0.7890625 0.27890625 0.0671875 0.05
0 0.6734375 0.309375 0.04375 0.0625
0 0.5609375 0.23984375 0.078125 0.0359375
0 0.1734375 0.31640625 0.021875 0.05
0 0.45625 0.54296875 0.065625 0.028125
0 0.25859375 0.5390625 0.028125 0.053125
0 0.5 0.27578125 0.0328125 0.05625
0 0.2515625 0.80234375 0.059375 0.025
0 0.8078125 0.153125 0.071875 0.01875
0 0.18046875 0.51328125 0.0828125 0.025
0 0.5234375 0.44921875 0.0703125 0.025
0 0.36484375 0.2453125 0.01875 0.0609375
0 0.50234375 0.1578125 0.06875 0.021875
0 0.52578125 0.67265625 0.071875 0.01875
0 0.253125 0.71015625 0.0203125 0.053125
0 0.24765625 0.51796875 0.028125 0.0546875
0 0.3296875 0.34140625 0.034375 0.0171875
0 0.84453125 0.69140625 0.0625 0.0203125
0 0.87421875 0.2296875 0.0203125 0.059375
0 0.79140625 0.16875 0.05625 0.025
0 0.73125 0.153125 0.0765625 0.021875
0 0.471875 0.3953125 0.0453125 0.015625
0 0.41875 0.196875 0.03125 0.015625
0 0.515625 0.3890625 0.053125 0.015625
0 0.165625 0.2140625 0.0125 0.04375
0 0.178125 0.225 0.015625 0.046875
0 0.126497078125 0.7756267765625 0.1714548875 0.8193037859375 0.1828497140625 0.8154750890625 0.13593413593749998 0.7701653312500001 0.126497078125 0.7756267765625
0 0.16451488593750002 0.8217456421874999 0.1900708484375 0.78773759375 0.169637846875 0.7786609125 0.1426748765625 0.8132500625000001 0.16451488593750002 0.8217456421874999
