0 0.196875 0.32265625 0.05 0.04765625
0 0.21796875 0.27734375 0.04609375 0.08515625
0 0.27734375 0.28671875 0.0546875 0.090625
0 0.3875 0.25078125 0.03203125 0.1234375
0 0.3453125 0.13828125 0.02890625 0.09921875
0 0.44296875 0.14375 0.0875 0.0484375
0 0.484375 0.1109375 0.08671875 0.0359375
0 0.54453125 0.14921875 0.0890625 0.03984375
0 0.42578125 0.37109375 0.10390625 0.05390625
0 0.4671875 0.4671875 0.03515625 0.1265625
0 0.51953125 0.5484375 0.10390625 0.0328125
0 0.50546875 0.63125 0.0625 0.06953125
0 0.5453125 0.62734375 0.02734375 0.0734375
0 0.55546875 0.7078125 0.0296875 0.0984375
0 0.59140625 0.6578125 0.0765625 0.053125
0 0.578125 0.77421875 0.02578125 0.09609375
0 0.5296875 0.775 0.059375 0.0609375
0 0.47265625 0.7390625 0.04921875 0.09921875
0 0.46484375 0.8328125 0.05859375 0.07890625
0 0.40546875 0.83203125 0.0625 0.04765625
0 0.2609375 0.78828125 0.090625 0.0796875
0 0.52890625 0.84296875 0.03828125 0.0359375
0 0.56484375 0.85 0.03671875 0.03671875
0 0.6171875 0.84609375 0.0703125 0.0375
0 0.71328125 0.753125 0.0671875 0.09140625
0 0.7921875 0.81875 0.065625 0.071875
0 0.69453125 0.63828125 0.08671875 0.05078125
0 0.77421875 0.6484375 0.05859375 0.053125
0 0.81640625 0.69609375 0.0296875 0.1234375
0 0.8046875 0.60625 0.0328125 0.06328125
0 0.77734375 0.54609375 0.0375 0.090625
0 0.83828125 0.65234375 0.028125 0.11015625
0 0.8296875 0.5375 0.0296875 0.11171875
0 0.7625 0.38671875 0.0625 0.06328125
0 0.67265625 0.3953125 0.09765625 0.05859375
0 0.70234375 0.23203125 0.08046875 0.06171875
0 0.83984375 0.2375 0.02890625 0.12578125
0 0.81953125 0.28125 0.0359375 0.0796875
0 0.809375 0.325 0.08203125 0.03515625
0 0.815625 0.371875 0.04921875 0.07265625
0 0.83671875 0.428125 0.025 0.0671875
0 0.8609375 0.36953125 0.0359375 0.078125
0 0.67734375 0.1875 0.0640625 0.02890625
0 0.7046875 0.1625 0.09140625 0.0265625
0 0.73828125 0.13046875 0.0671875 0.0375
