0 0.7484375 0.896875 0.09453125 0.0640625
0 0.621875 0.2640625 0.0390625 0.0859375
0 0.3375 0.825 0.053125 0.08671875
0 0.48125 0.728125 0.0875 0.0328125
0 0.3328125 0.353125 0.08515625 0.03359375
0 0.44140625 0.22265625 0.06875 0.0515625
0 0.1984375 0.4234375 0.0515625 0.0921875
0 0.7890625 0.43984375 0.078125 0.09140625
0 0.7140625 0.31640625 0.07578125 0.06875
0 0.4453125 0.18046875 0.0875 0.03828125
0 0.73828125 0.63125 0.046875 0.09375
0 0.30234375 0.22421875 0.07734375 0.03359375
0 0.8125 0.57109375 0.0375 0.0921875
0 0.70078125 0.58984375 0.03515625 0.1125
0 0.665625 0.55625 0.05390625 0.0546875
0 0.78359375 0.284375 0.03984375 0.04765625
0 0.76328125 0.2125 0.04296875 0.07578125
0 0.8171875 0.23046875 0.025 0.0609375
0 0.840625 0.2265625 0.0203125 0.0609375
0 0.2640625 0.2046875 0.0671875 0.02109375
0 0.20546875 0.20625 0.053125 0.034375
0 0.49140625 0.40625 0.03203125 0.10703125
0 0.31796875 0.46015625 0.03125 0.09609375
0 0.315625 0.528125 0.08984375 0.03046875
0 0.18203125 0.55234375 0.01953125 0.09453125
0 0.17109375 0.63515625 0.02578125 0.06484375
0 0.2171875 0.88359375 0.0328125 0.05078125
0 0.184375 0.8828125 0.02890625 0.05390625
0 0.72421875 0.7359375 0.03671875 0.10625
0 0.81015625 0.67734375 0.0328125 0.08671875
0 0.78203125 0.58203125 0.021875 0.125
0 0.740625 0.51953125 0.015625 0.08515625
0 0.75703125 0.5234375 0.015625 0.07109375
0 0.82734375 0.371875 0.046875 0.034375
0 0.8171875 0.30859375 0.021875 0.08046875
0 0.77578125 0.33046875 0.02109375 0.04375
0 0.76875 0.36640625 0.02890625 0.03984375
0 0.69453125 0.2 0.0765625 0.0359375
0 0.675 0.25390625 0.06484375 0.0296875
