0 0.18828125 0.33671875 0.06484375 0.07265625
0 0.68203125 0.64296875 0.08671875 0.065625
0 0.2390625 0.8125 0.075 0.0828125
0 0.60390625 0.85 0.0671875 0.0953125
0 0.646875 0.69453125 0.06328125 0.090625
0 0.7421875 0.8671875 0.084375 0.06171875
0 0.58515625 0.34140625 0.07421875 0.0390625
0 0.71875 0.36171875 0.0640625 0.04609375
0 0.42734375 0.22265625 0.04921875 0.09296875
0 0.7890625 0.2953125 0.05390625 0.0375
0 0.8015625 0.2515625 0.0328125 0.05234375
0 0.42890625 0.45625 0.065625 0.09296875
0 0.50703125 0.1984375 0.07578125 0.034375
0 0.72265625 0.56796875 0.02421875 0.09140625
0 0.74765625 0.52578125 0.0765625 0.03125
0 0.3859375 0.36796875 0.075 0.0375
0 0.26796875 0.20859375 0.06484375 0.0296875
0 0.6390625 0.60625 0.034375 0.06015625
0 0.8125 0.37421875 0.03671875 0.07890625
0 0.74921875 0.690625 0.08046875 0.02578125
0 0.7390625 0.7609375 0.08046875 0.03203125
0 0.35078125 0.196875 0.08046875 0.02734375
0 0.81875 0.82265625 0.04609375 0.0984375
0 0.5671875 0.89609375 0.08359375 0.03203125
0 0.30859375 0.29609375 0.065625 0.0265625
0 0.78046875 0.2046875 0.059375 0.03515625
0 0.3640625 0.88046875 0.08046875 0.04375
0 0.746875 0.246875 0.03203125 0.08046875
0 0.54765625 0.2234375 0.071875 0.0328125
0 0.65390625 0.221875 0.084375 0.04296875
0 0.3578125 0.21796875 0.0734375 0.0515625
0 0.56328125 0.26796875 0.06953125 0.04453125
0 0.66953125 0.85625 0.03828125 0.0984375
0 0.1828125 0.23671875 0.04296875 0.0953125
0 0.71875 0.3171875 0.03203125 0.040625
0 0.175 0.40078125 0.0203125 0.07265625
0 0.2734375 0.38359375 0.0734375 0.025
0 0.26484375 0.35546875 0.06640625 0.03203125
0 0.1890625 0.584375 0.02578125 0.10078125
0 0.26328125 0.6625 0.02421875 0.10625
0 0.171875 0.80078125 0.0203125 0.0921875
0 0.18671875 0.8453125 0.02265625 0.11328125
0 0.82578125 0.51953125 0.03203125 0.11328125
0 0.74609375 0.32734375 0.0234375 0.0453125
0 0.78125 0.3296875 0.059375 0.02578125
0 0.7765625 0.3640625 0.0328125 0.03671875
0 0.8265625 0.25234375 0.02109375 0.05
0 0.81171875 0.19921875 0.01640625 0.0390625
0 0.8328125 0.1953125 0.02890625 0.0703125
