0 0.15975058749999999 0.114013725 0.183984303125 0.16458402656249999 0.1946023984375 0.1491327484375 0.1724009953125 0.10020370468749999 0.15975058749999999 0.114013725
0 0.265067503125 0.1549269703125 0.2225953578125 0.19226759375 0.228869659375 0.20192464999999998 0.2703765109375 0.16780307187500001 0.265067503125 0.1549269703125
0 0.2341786671875 0.5986273140625 0.22693911406249997 0.6546382875 0.23948767499999998 0.653994446875 0.2491404390625 0.599271128125 0.2341786671875 0.5986273140625
0 0.591014121875 0.1383482484375 0.6609128140625 0.1232996203125 0.65743960625 0.1018842234375 0.5905799796875 0.11809045468749998 0.591014121875 0.1383482484375
0 0.5484671015625 0.3305078453125 0.587106740625 0.3090924796875 0.5810286140625001 0.29114987812500004 0.5402181640625 0.3166168078125 0.5484671015625 0.3305078453125
0 0.8577559984375001 0.1272703609375 0.837613328125 0.2025943890625 0.8480330125 0.2095399171875 0.8714773015624999 0.1377694484375 0.8577559984375001 0.1272703609375
0 0.7277724734375 0.4127206125 0.756670640625 0.4100314671875 0.757294953125 0.3884112625 0.72994321875 0.3941991890625 0.7277724734375 0.4127206125
0 0.8133007546875 0.3675746765625 0.793763846875 0.43702996250000004 0.8063542765625 0.4486058578125 0.8280619296875 0.3739414046875 0.8133007546875 0.3675746765625
0 0.8054859921874999 0.446869475 0.8363925984374999 0.5093799640625 0.8528086796875 0.4972245578125 0.8172081359375 0.43702996250000004 0.8054859921874999 0.446869475
0 0.587540915625 0.443975490625 0.64255881875 0.4746427265625 0.6496248453125 0.45613016562500003 0.595789821875 0.426032846875 0.587540915625 0.443975490625
0 0.5497695625000001 0.47523037031250004 0.5982688421875 0.4795059390625 0.60143380625 0.4572877671875 0.5497695625000001 0.46076053281249996 0.5497695625000001 0.47523037031250004
0 0.583633534375 0.5557067124999999 0.6426783671875 0.5777009 0.648756559375 0.56149468125 0.5901458359375 0.53718533125 0.583633534375 0.5557067124999999
0 0.6826803265625 0.5621805625 0.7295091078125 0.5944859421875 0.7403629031250001 0.5753857390625 0.6917377546875 0.5458672421874999 0.6826803265625 0.5621805625
0 0.5458621796875 0.6500981171875 0.591448296875 0.663989175 0.596223965625 0.6443101703125 0.551506165625 0.6321554953125 0.5458621796875 0.6500981171875
0 0.757294953125 0.6755650484375 0.7820417015625 0.718395821875 0.79550041875 0.7073987500000001 0.7668462875000001 0.6657255359375001 0.757294953125 0.6755650484375
0 0.8483769453125 0.70807695625 0.841086534375 0.7820631812500001 0.850637934375 0.7849571234375 0.8614917921874999 0.71376545625 0.8483769453125 0.70807695625
0 0.7748989484375 0.7407765796875 0.820761378125 0.755347740625 0.8211899890625001 0.7416337078125 0.7759704890625 0.7319196078125 0.7748989484375 0.7407765796875
0 0.8102601593750001 0.7396337515625 0.81051225625 0.6959016890624999 0.798258790625 0.6973488031249999 0.7984731109375 0.7384909015625001 0.8102601593750001 0.7396337515625
0 0.738251875 0.7170864140625001 0.7658979140625 0.7619427234375 0.7744703390625001 0.74994294375 0.7483244515624999 0.7042295140625 0.738251875 0.7170864140625001
0 0.7626832578125 0.7622284359375 0.74746723125 0.8167988640624999 0.7568968765624999 0.8213702015625 0.7712556828125 0.7722282484375 0.7626832578125 0.7622284359375
0 0.7718986140624999 0.8190845234375 0.7466099796875 0.7696568671875 0.7421094625 0.77565675625 0.7652549828125 0.8245130078124999 0.7718986140624999 0.8190845234375
0 0.80661689375 0.7625141484375 0.789472075 0.810513253125 0.7984731109375 0.81994165 0.81776104375 0.7719425359375001 0.80661689375 0.7625141484375
0 0.8201614265625 0.7618258703125 0.8342729578125001 0.8164937984374999 0.8468903031250001 0.8078620203125 0.8309525828125001 0.7567353359375 0.8201614265625 0.7618258703125
0 0.8447320859375 0.8262322203125001 0.8674765328125 0.8295521359375 0.8676425578125 0.8131738828125 0.8447320859375 0.81361654375 0.8447320859375 0.8262322203125001
0 0.6928367125 0.7453087453125 0.6432408281249999 0.7530326656249999 0.6430222828125001 0.7699359218749999 0.6944971828125001 0.7621880421875 0.6928367125 0.7453087453125
0 0.6942896281250001 0.7823878671875 0.6531927234375 0.8211272578125 0.6594195265625 0.833025775 0.7011391109375 0.79400968125 0.6942896281250001 0.7823878671875
0 0.6151944890625 0.8659841281249999 0.6261252703125 0.8273354921875 0.6194717546875 0.82068285625 0.6033131921875 0.8577475484375 0.6151944890625 0.8659841281249999
0 0.5467637109375 0.8286492078125001 0.5968972953125 0.8320873734375 0.5957091765625 0.8127630484375 0.5519860140625 0.813396640625 0.5467637109375 0.8286492078125001
0 0.5317878234375 0.8362056750000001 0.5761384546875 0.7974682484375 0.5688574515625 0.7804502624999999 0.5251342984375 0.82068285625 0.5317878234375 0.8362056750000001
0 0.20761649062499998 0.78348865 0.1902974765625 0.8179264046875 0.1996908328125 0.8245791515625 0.2158357046875 0.7901413953125 0.20761649062499998 0.78348865
