0 0.207431721875 0.8107073140625 0.17941524375 0.8700284546875 0.1931487984375 0.87954910625 0.21951724687500002 0.8187632812500001 0.207431721875 0.8107073140625
0 0.5308592296875 0.8581430703124999 0.5760406265625 0.8553812546874999 0.5754913390625 0.8392693734375 0.528797184375 0.8407340546875 0.5308592296875 0.8581430703124999
0 0.6090011890625 0.82974866875 0.651512096875 0.8537477015625001 0.6595407671875 0.8370722421875 0.6155933 0.81217205 0.6090011890625 0.82974866875
0 0.664038896875 0.4625598953125 0.68316245 0.5374766859375 0.7007414671875 0.5286883765625 0.6776690765625 0.45398777343749996 0.664038896875 0.4625598953125
0 0.6502018890625 0.5067176296875 0.624382809375 0.56530635 0.6397644312499999 0.584347678125 0.6633861125 0.5184353578125 0.6502018890625 0.5067176296875
0 0.6117479546875 0.5257589578124999 0.6655835109375 0.5491944390625 0.6683301968750001 0.5323501890625 0.6150440109375 0.5052528921875 0.6117479546875 0.5257589578124999
0 0.5749419687499999 0.3419064796875 0.5436294375 0.3799891359375 0.5507708375 0.3982981234375 0.5881261921875 0.3602154390625 0.5749419687499999 0.3419064796875
0 0.48594845624999994 0.2994296421875 0.4563577296875 0.3263034671875 0.46891880625000004 0.346300634375 0.49968197031250006 0.314076815625 0.48594845624999994 0.2994296421875
0 0.44251231874999997 0.1390607640625 0.48430042812499996 0.1624481296875 0.49528725468749996 0.1521951125 0.45188915781250005 0.12290073906250001 0.44251231874999997 0.1390607640625
0 0.7680730078125 0.079920721875 0.7475551625 0.1301748875 0.7599613062499999 0.1416252046875 0.784296478125 0.089462653125 0.7680730078125 0.079920721875
0 0.8243779390625001 0.125085865625 0.8849773140625 0.1327194109375 0.8849773140625 0.1110910265625 0.829149565625 0.10727425312500001 0.8243779390625001 0.125085865625
0 0.8240035656250001 0.5161777859375001 0.8654442046874999 0.48915492031249996 0.8595884453125 0.47113967656250005 0.81949913125 0.495160009375 0.8240035656250001 0.5161777859375001
0 0.7294109078125001 0.6513169999999999 0.7852656421875001 0.632701240625 0.7821125328125 0.6176885515625 0.721753428125 0.6333017562500001 0.7294109078125001 0.6513169999999999
0 0.767247971875 0.6453119109375 0.8201973875 0.638773653125 0.8149947640624999 0.6164875203125 0.767698434375 0.6351032796875 0.767247971875 0.6453119109375
0 0.772202803125 0.7071891406249999 0.805085034375 0.7444206375 0.8082381453125 0.735413015625 0.7807612078124999 0.6945784703125 0.772202803125 0.7071891406249999
0 0.7834361375000001 0.6690476234375 0.805085034375 0.7089906640625 0.811841653125 0.6993825265625 0.7920222609375001 0.6651535640625 0.7834361375000001 0.6690476234375
0 0.75148255 0.6861713640625 0.8131929765624999 0.6831688078125 0.811841653125 0.66815611875 0.7532842703125 0.6729601765625 0.75148255 0.6861713640625
0 0.8366159421875 0.7510262421875 0.855534475 0.8200846390625 0.8663450640624999 0.8158810984375 0.84652560625 0.7408175890625001 0.8366159421875 0.7510262421875
0 0.8595884453125 0.7179982859375 0.8461465046875001 0.7649151984375 0.8568857984375 0.7708429875 0.872200821875 0.7234028609375 0.8595884453125 0.7179982859375
0 0.8229004203124999 0.8038388765625 0.8010310625000001 0.84770804375 0.8163460875 0.8645222562500001 0.8397689875 0.8206851765625001 0.8229004203124999 0.8038388765625
