0 0.5421875 0.82734375 0.07421875 0.05859375
0 0.41484375 0.5296875 0.07578125 0.0609375
0 0.309375 0.8859375 0.078125 0.03984375
0 0.66640625 0.62734375 0.0609375 0.06328125
0 0.69921875 0.71796875 0.04296875 0.090625
0 0.3734375 0.55859375 0.0921875 0.04296875
0 0.23515625 0.35078125 0.0625 0.08984375
0 0.40390625 0.90625 0.08046875 0.02890625
0 0.71328125 0.1921875 0.05859375 0.0546875
0 0.2828125 0.81015625 0.04921875 0.07421875
0 0.6390625 0.86171875 0.05859375 0.09609375
0 0.5015625 0.30546875 0.0671875 0.059375
0 0.44765625 0.25078125 0.0640625 0.028125
0 0.709375 0.86953125 0.07578125 0.06640625
0 0.27734375 0.528125 0.05234375 0.0765625
0 0.178125 0.48125 0.028125 0.1015625
0 0.16484375 0.56953125 0.02109375 0.09140625
0 0.1859375 0.590625 0.02890625 0.09921875
0 0.17265625 0.8296875 0.03125 0.103125
0 0.6578125 0.72578125 0.03828125 0.07890625
0 0.81015625 0.4796875 0.0234375 0.10234375
0 0.8125 0.353125 0.0234375 0.11796875
0 0.709375 0.28984375 0.0953125 0.0359375
0 0.81484375 0.22734375 0.0578125 0.0546875
0 0.7546875 0.21875 0.05234375 0.034375
0 0.79296875 0.18828125 0.075 0.025
0 0.41875 0.2 0.08359375 0.02890625
0 0.2921875 0.35625 0.0234375 0.1
0 0.18515625 0.23125 0.0328125 0.09921875
