0 0.20703125 0.79921875 0.03671875 0.07265625
0 0.234375 0.809375 0.0296875 0.08203125
0 0.375 0.82265625 0.08359375 0.0421875
0 0.425 0.15234375 0.09609375 0.0546875
0 0.290625 0.81171875 0.0890625 0.0578125
0 0.59921875 0.3046875 0.08046875 0.1109375
0 0.8265625 0.134375 0.08359375 0.04296875
0 0.80546875 0.1953125 0.05625 0.0953125
0 0.86015625 0.19296875 0.03671875 0.08046875
0 0.66640625 0.6703125 0.04765625 0.13046875
0 0.72734375 0.8515625 0.10703125 0.04921875
0 0.82578125 0.8046875 0.04140625 0.1234375
0 0.39453125 0.74609375 0.0421875 0.09765625
0 0.3578125 0.70546875 0.03828125 0.13125
0 0.4 0.603125 0.04140625 0.1453125
0 0.234375 0.7046875 0.034375 0.12109375
0 0.234375 0.5953125 0.06328125 0.0765625
0 0.17734375 0.5875 0.0421875 0.13828125
0 0.209375 0.33671875 0.0390625 0.1265625
0 0.196875 0.19453125 0.034375 0.14375
