0 0.8484065359375 0.8122034250000001 0.8880168078124999 0.8497339500000001 0.9078219328125 0.84035131875 0.8629997984375001 0.8004751359375 0.8484065359375 0.8122034250000001
0 0.7170672390624999 0.832532478125 0.791075896875 0.8247135812499999 0.7879487703125 0.8082939765624999 0.7045587328125 0.8122034250000001 0.7170672390624999 0.832532478125
0 0.6169992015625 0.7238502984374999 0.6576518421875 0.7598170890625 0.6753722109375 0.7543438499999999 0.6399314734375 0.702739378125 0.6169992015625 0.7238502984374999
0 0.8348556625000001 0.47677436875 0.9084248328125 0.47714424843750003 0.9119914187499999 0.4603547640625 0.8400675265625 0.45879103125 0.8348556625000001 0.47677436875
0 0.7149825 0.34072621875000003 0.7933147984375 0.342953475 0.7973301484374999 0.32665227343750003 0.7170672390624999 0.32430661562499996 0.7149825 0.34072621875000003
0 0.6993468703125 0.398585853125 0.73061813125 0.4251698984375 0.7514656265624999 0.4110959515625 0.7128977234375 0.38451190625 0.6993468703125 0.398585853125
0 0.6506784531250001 0.3241855359375 0.6868383640625 0.2711384109375 0.66182135625 0.26019193125 0.6347195703125 0.30710519999999997 0.6506784531250001 0.3241855359375
0 0.5336091828125 0.1538555234375 0.5940669296875 0.16558381093750002 0.6086602109375 0.14369096718750002 0.5429905625 0.129617021875 0.5336091828125 0.1538555234375
0 0.56279566875 0.33759875156249997 0.5961517062499999 0.395458271875 0.6180415890625001 0.3852937171875 0.5878126781249999 0.329779853125 0.56279566875 0.33759875156249997
0 0.5138040390625 0.394676346875 0.55558755625 0.3467070625 0.5346515328125 0.336034903125 0.4950412828125 0.3806024 0.5138040390625 0.394676346875
0 0.37408255625 0.12179812500000001 0.3542774109375 0.148382284375 0.365743565625 0.160110571875 0.39388766249999996 0.13118075468749998 0.37408255625 0.12179812500000001
0 0.3219638 0.29615872187500003 0.3730401671875 0.318051565625 0.38763341093750003 0.3008500375 0.3261332765625 0.2766115359375 0.3219638 0.29615872187500003
0 0.16977696874999998 0.2312622296875 0.2302347921875 0.264883246875 0.2489975484375 0.24768183281249997 0.17603122031250001 0.214842625 0.16977696874999998 0.2312622296875
0 0.21876863593749998 0.21093311875 0.2781840328125 0.21875201562500002 0.282353509375 0.1992048296875 0.22398053906249998 0.191386046875 0.21876863593749998 0.21093311875
0 0.28532921718750004 0.2725736984375 0.2417008703125 0.22031575 0.22606523906249998 0.23204403906249998 0.26880265468750003 0.2797391171875 0.28532921718750004 0.2725736984375
