0 0.85234375 0.43359375 0.0953125 0.0859375
0 0.775 0.8140625 0.11875 0.0296875
0 0.65859375 0.78125 0.10625 0.046875
0 0.8328125 0.79453125 0.140625 0.025
0 0.859375 0.74453125 0.028125 0.075
0 0.8984375 0.75234375 0.046875 0.0625
0 0.84140625 0.68125 0.1203125 0.04375
0 0.77421875 0.6421875 0.121875 0.0546875
0 0.71328125 0.709375 0.0734375 0.06875
0 0.4859375 0.61328125 0.0609375 0.0796875
0 0.43515625 0.8125 0.1109375 0.034375
0 0.234375 0.68984375 0.0734375 0.0671875
0 0.21875 0.81484375 0.1171875 0.0359375
0 0.26796875 0.45625 0.09375 0.071875
0 0.1828125 0.44375 0.040625 0.06875
0 0.13828125 0.3859375 0.0296875 0.0671875
0 0.17265625 0.38046875 0.034375 0.05
0 0.18125 0.31875 0.0484375 0.0875
0 0.16796875 0.24296875 0.040625 0.05625
0 0.21796875 0.246875 0.075 0.0546875
0 0.20234375 0.1875 0.1421875 0.0625
0 0.57578125 0.1359375 0.046875 0.0625
0 0.5203125 0.175 0.1609375 0.040625
0 0.61640625 0.2046875 0.06875 0.059375
0 0.81484375 0.15859375 0.08125 0.0328125
0 0.6265625 0.14609375 0.0578125 0.0453125
0 0.66875 0.1578125 0.0359375 0.0484375
0 0.72265625 0.1703125 0.06875 0.084375
0 0.71796875 0.2875 0.0703125 0.078125
0 0.8609375 0.20234375 0.05 0.096875
