0 0.33203125 0.665625 0.07265625 0.06015625
0 0.65078125 0.6640625 0.06171875 0.075
0 0.24765625 0.47109375 0.08125 0.0671875
0 0.66171875 0.265625 0.06953125 0.0546875
0 0.7625 0.23046875 0.0625 0.040625
0 0.778125 0.42734375 0.0375 0.08046875
0 0.44453125 0.1953125 0.08359375 0.0359375
0 0.759375 0.5078125 0.03046875 0.06875
0 0.56875 0.33984375 0.06796875 0.0484375
0 0.73359375 0.8015625 0.04921875 0.09609375
0 0.52265625 0.30234375 0.06328125 0.0828125
0 0.7421875 0.86875 0.08046875 0.03203125
0 0.696875 0.4953125 0.046875 0.10546875
0 0.3078125 0.359375 0.0859375 0.0296875
0 0.6015625 0.24765625 0.06484375 0.08828125
0 0.57109375 0.30625 0.078125 0.028125
0 0.18125 0.87421875 0.0359375 0.05390625
0 0.76171875 0.76015625 0.03515625 0.096875
0 0.721875 0.3859375 0.03671875 0.0953125
0 0.8234375 0.56171875 0.02265625 0.05703125
0 0.30703125 0.86328125 0.09140625 0.03515625
0 0.634375 0.903125 0.0796875 0.0359375
0 0.79140625 0.5265625 0.03046875 0.078125
0 0.3171875 0.48203125 0.0296875 0.071875
0 0.20625 0.215625 0.04921875 0.071875
0 0.16796875 0.2453125 0.02890625 0.1171875
0 0.20390625 0.81484375 0.021875 0.11171875
0 0.8171875 0.84453125 0.03203125 0.1078125
0 0.734375 0.62421875 0.028125 0.1078125
0 0.81484375 0.48984375 0.01484375 0.06796875
0 0.8296875 0.48359375 0.01875 0.10078125
0 0.8203125 0.33125 0.03359375 0.11328125
0 0.78984375 0.3140625 0.01953125 0.10703125
0 0.8328125 0.21640625 0.02421875 0.0375
0 0.8125 0.184375 0.02734375 0.03984375
0 0.7734375 0.19453125 0.06640625 0.0359375
0 0.53125 0.196875 0.0578125 0.0546875
0 0.490625 0.41015625 0.03671875 0.10078125
0 0.30625 0.89296875 0.08828125 0.02265625
