0 0.6234375 0.7484375 0.07421875 0.1203125
0 0.39453125 0.215625 0.09140625 0.04921875
0 0.35390625 0.15546875 0.0859375 0.03671875
0 0.7484375 0.25546875 0.0875 0.07578125
0 0.2234375 0.31328125 0.0484375 0.1421875
0 0.27265625 0.31015625 0.03359375 0.1375
0 0.303125 0.109375 0.08984375 0.04140625
0 0.29453125 0.21484375 0.09921875 0.046875
0 0.54765625 0.27421875 0.04140625 0.1078125
0 0.5546875 0.353125 0.08671875 0.0609375
0 0.72734375 0.18359375 0.04921875 0.0765625
0 0.8046875 0.74453125 0.05390625 0.08984375
0 0.475 0.146875 0.09609375 0.04453125
0 0.41015625 0.1296875 0.0375 0.11484375
0 0.18125 0.64375 0.034375 0.13359375
0 0.21953125 0.5984375 0.053125 0.11796875
0 0.29296875 0.76796875 0.07109375 0.04296875
0 0.33984375 0.54765625 0.075 0.09765625
0 0.51328125 0.553125 0.03515625 0.1359375
0 0.1984375 0.76484375 0.0359375 0.13203125
0 0.33203125 0.80234375 0.0671875 0.040625
0 0.371875 0.75078125 0.06015625 0.1015625
0 0.39765625 0.82578125 0.0765625 0.04609375
0 0.7375 0.796875 0.0890625 0.046875
0 0.7890625 0.8515625 0.1171875 0.04140625
