0 0.2125 0.353125 0.059375 0.078125
0 0.14921875 0.34921875 0.053125 0.0890625
0 0.171875 0.1796875 0.096875 0.021875
0 0.14609375 0.2171875 0.1328125 0.0546875
0 0.2828125 0.21171875 0.10625 0.0421875
0 0.33046875 0.346875 0.125 0.059375
0 0.4 0.2453125 0.0453125 0.084375
0 0.4328125 0.31796875 0.04375 0.065625
0 0.52890625 0.2109375 0.13125 0.040625
0 0.46640625 0.40625 0.078125 0.053125
0 0.56953125 0.3453125 0.090625 0.05
0 0.6484375 0.26875 0.103125 0.0546875
0 0.8328125 0.32578125 0.05 0.090625
0 0.78203125 0.30390625 0.0484375 0.08125
0 0.85078125 0.43046875 0.040625 0.0984375
0 0.80078125 0.425 0.053125 0.0875
0 0.84453125 0.5125 0.05 0.065625
0 0.80625 0.57421875 0.075 0.075
0 0.81796875 0.66640625 0.04375 0.1078125
0 0.7609375 0.66953125 0.05 0.115625
0 0.69921875 0.58203125 0.0515625 0.10625
0 0.6296875 0.6171875 0.06875 0.084375
0 0.84765625 0.7609375 0.0390625 0.0984375
0 0.8765625 0.73203125 0.03125 0.1046875
0 0.54140625 0.70078125 0.0375 0.075
0 0.6546875 0.77109375 0.0765625 0.078125
0 0.60859375 0.79765625 0.08125 0.065625
0 0.5609375 0.7578125 0.1 0.040625
0 0.54296875 0.821875 0.065625 0.08125
0 0.4546875 0.8140625 0.1015625 0.071875
0 0.465625 0.7046875 0.059375 0.084375
0 0.3921875 0.621875 0.1046875 0.053125
0 0.27890625 0.6125 0.053125 0.0953125
0 0.22734375 0.75 0.059375 0.075
0 0.28984375 0.73671875 0.05625 0.08125
0 0.3609375 0.82890625 0.09375 0.0328125
0 0.31171875 0.86171875 0.11875 0.046875
0 0.2671875 0.80234375 0.0921875 0.04375
0 0.203125 0.84609375 0.121875 0.040625
0 0.275 0.665625 0.125 0.04375
0 0.21484375 0.6140625 0.05 0.053125
0 0.15546875 0.76953125 0.04375 0.071875
0 0.15546875 0.709375 0.065625 0.04375
0 0.16171875 0.67109375 0.034375 0.0609375
0 0.14609375 0.63046875 0.046875 0.0640625
