0 0.81015625 0.76328125 0.05625 0.109375
0 0.228125 0.5765625 0.0328125 0.1046875
0 0.49609375 0.38515625 0.096875 0.078125
0 0.24921875 0.71171875 0.11875 0.071875
0 0.4125 0.8125 0.090625 0.05
0 0.34296875 0.8 0.05 0.075
0 0.7859375 0.50234375 0.125 0.0625
0 0.7953125 0.4625 0.084375 0.06875
0 0.7953125 0.196875 0.0578125 0.10625
0 0.803125 0.67734375 0.071875 0.06875
0 0.61875 0.50234375 0.05 0.1
0 0.49453125 0.2171875 0.1171875 0.05
0 0.38046875 0.4765625 0.1265625 0.0359375
0 0.48671875 0.790625 0.090625 0.059375
0 0.2546875 0.7828125 0.128125 0.04375
