0 0.21796875 0.84765625 0.075 0.059375
0 0.26484375 0.80546875 0.046875 0.0484375
0 0.30546875 0.83359375 0.028125 0.084375
0 0.346875 0.846875 0.059375 0.06875
0 0.30625 0.896875 0.096875 0.0375
0 0.2 0.76171875 0.0296875 0.10625
0 0.19765625 0.66640625 0.028125 0.115625
0 0.26796875 0.65390625 0.0359375 0.090625
0 0.359375 0.65625 0.05 0.08125
0 0.4265625 0.65703125 0.05625 0.075
0 0.45703125 0.71171875 0.090625 0.04375
0 0.52421875 0.75859375 0.084375 0.05
0 0.42421875 0.8078125 0.0765625 0.04375
0 0.46328125 0.86640625 0.059375 0.03125
0 0.534375 0.86015625 0.0734375 0.04375
0 0.33046875 0.55546875 0.08125 0.0765625
0 0.40546875 0.5375 0.071875 0.084375
0 0.39609375 0.46796875 0.0625 0.0671875
0 0.3375 0.40703125 0.06875 0.0875
0 0.22265625 0.26796875 0.090625 0.053125
0 0.2921875 0.2390625 0.053125 0.1171875
0 0.58046875 0.146875 0.1 0.0296875
0 0.53046875 0.15078125 0.103125 0.0375
0 0.5828125 0.48671875 0.0640625 0.08125
0 0.69453125 0.4515625 0.0296875 0.090625
0 0.7296875 0.425 0.0578125 0.1328125
0 0.6359375 0.81875 0.096875 0.040625
0 0.64296875 0.7625 0.04375 0.09375
0 0.69140625 0.77265625 0.0640625 0.0359375
0 0.71640625 0.69921875 0.03125 0.1171875
0 0.77109375 0.7421875 0.078125 0.04375
0 0.7265625 0.85625 0.071875 0.034375
0 0.8234375 0.7671875 0.021875 0.090625
0 0.8390625 0.665625 0.028125 0.121875
0 0.71953125 0.6109375 0.096875 0.05625
0 0.79140625 0.565625 0.0375 0.08125
0 0.81328125 0.4984375 0.1 0.028125
0 0.7875 0.43984375 0.025 0.090625
0 0.784375 0.33828125 0.0375 0.1234375
0 0.84375 0.31796875 0.034375 0.115625
0 0.77421875 0.23203125 0.084375 0.046875
0 0.79140625 0.18125 0.03125 0.084375
0 0.83125 0.190625 0.046875 0.084375
0 0.7578125 0.8515625 0.0359375 0.021875
0 0.8046875 0.84140625 0.065625 0.0484375
