0 0.22760416666666666 0.18055555555555555 0.22447916666666667 0.18888888888888888 0.22447916666666667 0.19814814814814816 0.228125 0.21574074074074073 0.25729166666666664 0.2518518518518518 0.2598958333333333 0.2638888888888889 0.2989583333333333 0.14629629629629629 0.328125 0.09074074074074075 0.34010416666666665 0.06111111111111111 0.3416666666666667 0.05185185185185185 0.3338541666666667 0.05092592592592592 0.309375 0.0712962962962963 0.2942708333333333 0.09537037037037037 0.2682291666666667 0.1527777777777778 0.24427083333333333 0.1925925925925926 0.24427083333333333 0.2 0.240625 0.2111111111111111 0.2375 0.21388888888888888 0.23333333333333334 0.20555555555555555 0.234375 0.2 0.23072916666666668 0.19074074074074074 0.23229166666666667 0.17777777777777778
0 0.3880208333333333 0.1111111111111111 0.38697916666666665 0.1388888888888889 0.3890625 0.13796296296296295 0.3890625 0.13148148148148148 0.3958333333333333 0.11851851851851852 0.4114583333333333 0.1259259259259259 0.4239583333333333 0.12037037037037036 0.43854166666666666 0.13703703703703704 0.44479166666666664 0.1537037037037037 0.45 0.1814814814814815 0.45260416666666664 0.20462962962962963 0.4484375 0.22777777777777777 0.45208333333333334 0.22777777777777777 0.45625 0.21666666666666667 0.45677083333333335 0.20277777777777778 0.45416666666666666 0.16296296296296298 0.446875 0.12962962962962962 0.4390625 0.11203703703703703 0.4166666666666667 0.08611111111111111 0.40989583333333335 0.08333333333333333 0.3932291666666667 0.08611111111111111 0.39010416666666664 0.09166666666666666
0 0.4817708333333333 0.08703703703703704 0.48125 0.09537037037037037 0.484375 0.1111111111111111 0.4895833333333333 0.12314814814814815 0.5005208333333333 0.1361111111111111 0.5145833333333333 0.1824074074074074 0.5223958333333333 0.2222222222222222 0.5322916666666667 0.25462962962962965 0.5354166666666667 0.25462962962962965 0.5369791666666667 0.24351851851851852 0.5348958333333333 0.2324074074074074 0.5348958333333333 0.2111111111111111 0.5307291666666667 0.18333333333333332 0.5083333333333333 0.11481481481481481 0.5057291666666667 0.10092592592592593 0.4973958333333333 0.08333333333333333 0.4901041666666667 0.07592592592592592 0.48489583333333336 0.07962962962962963
0 0.6114583333333333 0.10833333333333334 0.6109375 0.12407407407407407 0.6213541666666667 0.12037037037037036 0.6348958333333333 0.12222222222222222 0.6779947916666667 0.1111111111111111 0.7046875 0.11481481481481481 0.7140625 0.11296296296296296 0.728125 0.1037037037037037 0.7322916666666667 0.09722222222222222 0.7338541666666667 0.08333333333333333 0.7322916666666667 0.07222222222222222 0.7119791666666667 0.07037037037037037 0.690625 0.08055555555555556 0.6338541666666667 0.09166666666666666
0 0.5875 0.525 0.5875 0.5407407407407407 0.5916666666666667 0.5416666666666666 0.596875 0.5296296296296297 0.6380208333333334 0.36203703703703705 0.6442708333333333 0.3490740740740741 0.6458333333333334 0.3212962962962963 0.6427083333333333 0.29074074074074074 0.6401041666666667 0.2861111111111111 0.6291666666666667 0.28055555555555556 0.6265625 0.2537037037037037 0.6239583333333333 0.2972222222222222 0.6140625 0.337037037037037 0.6171875 0.3509259259259259 0.6140625 0.38796296296296295 0.6098958333333333 0.4 0.609375 0.41203703703703703 0.5942708333333333 0.4648148148148148 0.5911458333333334 0.5046296296296297
0 0.46875 0.2351851851851852 0.4671875 0.24722222222222223 0.46770833333333334 0.2861111111111111 0.4739583333333333 0.3111111111111111 0.48125 0.3675925925925926 0.4817708333333333 0.4111111111111111 0.48489583333333336 0.4351851851851852 0.49166666666666664 0.4583333333333333 0.49375 0.4740740740740741 0.4973958333333333 0.4824074074074074 0.5052083333333334 0.4842592592592593 0.5067708333333333 0.4703703703703704 0.5036458333333333 0.4537037037037037 0.5015625 0.41203703703703703 0.49166666666666664 0.3148148148148148 0.49166666666666664 0.29074074074074074 0.49375 0.2796296296296296 0.49166666666666664 0.25555555555555554 0.48802083333333335 0.2388888888888889 0.4822916666666667 0.22592592592592592 0.4744791666666667 0.22777777777777777
0 0.5072916666666667 0.275 0.5067708333333333 0.2851851851851852 0.5125 0.30092592592592593 0.5208333333333334 0.3138888888888889 0.53125 0.32314814814814813 0.5604166666666667 0.3787037037037037 0.5822916666666667 0.4009259259259259 0.5880208333333333 0.39814814814814814 0.5875 0.39166666666666666 0.5786458333333333 0.3787037037037037 0.5473958333333333 0.31574074074074077 0.5385416666666667 0.3037037037037037 0.5322916666666667 0.2851851851851852 0.525 0.2740740740740741 0.5135416666666667 0.26481481481481484
0 0.5526041666666667 0.28888888888888886 0.5515625 0.31666666666666665 0.5583333333333333 0.32592592592592595 0.56875 0.3277777777777778 0.5786458333333333 0.31296296296296294 0.5875 0.2851851851851852 0.5916666666666667 0.24351851851851852 0.603125 0.18055555555555555 0.6083333333333333 0.13703703703703704 0.6072916666666667 0.1037037037037037 0.609375 0.09537037037037037 0.6072916666666667 0.07685185185185185 0.603125 0.06481481481481481 0.5994791666666667 0.06481481481481481 0.5984375 0.06944444444444445 0.6020833333333333 0.10462962962962963 0.5953125 0.13796296296296295 0.59375 0.1574074074074074 0.5807291666666666 0.20555555555555555 0.5760416666666667 0.21203703703703702 0.5744791666666667 0.2212962962962963 0.5651041666666666 0.24444444444444444 0.5604166666666667 0.24537037037037038
0 0.2390625 0.6203703703703703 0.23854166666666668 0.6462962962962963 0.24322916666666666 0.6805555555555556 0.25104166666666666 0.6990740740740741 0.2640625 0.7509259259259259 0.28229166666666666 0.7981481481481482 0.28854166666666664 0.8046296296296296 0.2947916666666667 0.8185185185185185 0.3026041666666667 0.8222222222222222 0.3020833333333333 0.8101851851851852 0.29322916666666665 0.7833333333333333 0.2838541666666667 0.7657407407407407 0.26979166666666665 0.7074074074074074 0.26875 0.6722222222222223 0.2713541666666667 0.6620370370370371 0.26145833333333335 0.6296296296296297 0.2598958333333333 0.6101851851851852
0 0.49166666666666664 0.6342592592592593 0.49166666666666664 0.6796296296296296 0.48385416666666664 0.7398148148148148 0.4869791666666667 0.7731481481481481 0.4859375 0.8064814814814815 0.4901041666666667 0.8175925925925925 0.49375 0.8175925925925925 0.49635416666666665 0.8111111111111111 0.49583333333333335 0.7861111111111111 0.5010416666666667 0.762962962962963 0.50625 0.7 0.5171875 0.6462962962962963 0.51875 0.5879629629629629 0.5135416666666667 0.5787037037037037 0.509375 0.5796296296296296 0.49947916666666664 0.5916666666666667
0 0.7286458333333333 0.43148148148148147 0.7296875 0.44907407407407407 0.7427083333333333 0.47129629629629627 0.7536458333333333 0.4824074074074074 0.7635416666666667 0.48518518518518516 0.7786458333333334 0.49722222222222223 0.8166666666666667 0.5453703703703704 0.8255208333333334 0.55 0.8369791666666667 0.5675925925925925 0.8453125 0.5666666666666667 0.8421875 0.549074074074074 0.8239583333333333 0.5157407407407407 0.8109375 0.49722222222222223 0.7734375 0.45555555555555555 0.7671875 0.44351851851851853 0.7557291666666667 0.4305555555555556 0.7463541666666667 0.425 0.7390625 0.42407407407407405
0 0.6463541666666667 0.14722222222222223 0.6421875 0.2074074074074074 0.6427083333333333 0.22407407407407406 0.6479166666666667 0.2916666666666667 0.6536458333333334 0.325 0.6557291666666667 0.36944444444444446 0.6671875 0.41944444444444445 0.6734375 0.4351851851851852 0.6770833333333334 0.4351851851851852 0.6869791666666667 0.42685185185185187 0.6921875 0.4 0.6864583333333333 0.37777777777777777 0.6817708333333333 0.3416666666666667 0.671875 0.2953703703703704 0.6640625 0.19444444444444445 0.6598958333333333 0.1712962962962963 0.6614583333333334 0.14537037037037037 0.6578125 0.13333333333333333 0.6536458333333334 0.13240740740740742 0.65 0.1361111111111111
0 0.41513958333333334 0.710037962962963 0.4266489583333334 0.6825120370370371 0.4346552083333333 0.6630898148148148 0.439428125 0.6737583333333333 0.4651411458333333 0.6436675925925925 0.4905458333333333 0.60455 0.4976286458333333 0.5990787037037038 0.49131614583333333 0.6351870370370369 0.4785364583333333 0.6595333333333334 0.45605677083333335 0.6866148148148148 0.4458947916666667 0.7005657407407407 0.45420937499999997 0.7043953703703704 0.4454328125 0.7065842592592593 0.4343473958333333 0.72245 0.42680260416666665 0.7284685185185185 0.42326145833333334 0.7320240740740741 0.42218385416666665 0.7478175925925926 0.42310729166666666 0.7587592592592592 0.42079791666666666 0.7475444444444445 0.42110572916666666 0.7333194444444444 0.41710260416666667 0.727300925925926 0.41417708333333336 0.7199157407407407 0.4061708333333333 0.7160861111111112 0.3986265625 0.7130768518518519 0.4074026041666666 0.7119824074074075 0.41479322916666667 0.711162037037037
0 0.3138458333333333 0.7611425925925925 0.3185890625 0.7499990740740741 0.32511874999999996 0.7460592592592593 0.3349744791666666 0.7440888888888889 0.3444609375 0.7489046296296297 0.3545630208333333 0.752625 0.36158541666666666 0.7561277777777778 0.37107135416666664 0.7543768518518519 0.3925078125 0.7545953703703704 0.4169010416666667 0.7580972222222222 0.42552500000000004 0.7635694444444444 0.433409375 0.7653203703703704 0.4391994791666667 0.7686037037037037 0.441540625 0.7780157407407406 0.4366125 0.7821740740740741 0.42651041666666667 0.7815175925925926 0.42158229166666666 0.7795472222222222 0.41936510416666667 0.783925 0.40852343750000003 0.7852388888888889 0.3953411458333333 0.7854574074074074 0.3646651041666667 0.7865518518518518 0.3497583333333333 0.783925 0.3410109375 0.7887407407407407 0.3321411458333333 0.7854574074074074 0.32290104166666667 0.7771398148148149 0.31748020833333335 0.7675092592592593
0 0.2810447916666667 0.7507388888888888 0.2853260416666667 0.7456212962962963 0.28434010416666666 0.7300805555555555 0.2859416666666667 0.7121324074074074 0.28902187500000004 0.7320509259259259 0.288159375 0.7447453703703704 0.2993703125 0.748012037037037 0.3089796875 0.7552351851851852 0.3141541666666667 0.7611444444444444 0.3280755208333333 0.7760287037037037 0.3427359375 0.7869722222222222 0.35604114583333335 0.7992296296296296 0.3655276041666667 0.8104712962962962 0.37624583333333333 0.8242601851851852 0.37981822916666663 0.8354231481481481 0.38918125 0.8485564814814816 0.39312395833333336 0.8588435185185186 0.3925078125 0.8654101851851852 0.3875796875 0.8645342592592593 0.37525989583333336 0.8472425925925926 0.36946979166666666 0.8489935185185186 0.3592442708333333 0.8380500000000001 0.3528380208333333 0.8292944444444444 0.3399026041666667 0.8207583333333334 0.32302447916666666 0.807625 0.3162484375 0.8017157407407407 0.29949375 0.7958055555555555 0.292840625 0.7905527777777778 0.2824921875 0.771948148148148 0.28027447916666665 0.7590342592592592
0 0.6999296875 0.23038703703703706 0.6906755208333333 0.2144787037037037 0.6848385416666667 0.20436111111111113 0.6925265625 0.22560833333333336 0.696228125 0.2337027777777778 0.6938078125 0.24508518518518518 0.696228125 0.26557314814814814 0.7004994791666667 0.28075 0.7056244791666667 0.29365 0.7114619791666666 0.30249722222222225 0.7124583333333334 0.31362685185185185 0.7154484375 0.32779166666666665 0.7191500000000001 0.35839814814814813 0.7195770833333334 0.3902685185185185 0.7194348958333333 0.41708055555555557 0.7192921875 0.4363046296296296 0.72299375 0.44825370370370365 0.7235635416666667 0.4652009259259259 0.7264109375000001 0.48063055555555556 0.7323906250000001 0.48518333333333336 0.7368036458333334 0.46595925925925924 0.7350953125 0.4358592592592593 0.7372307291666667 0.4179 0.7355223958333333 0.40044722222222223 0.7352380208333333 0.3808111111111111 0.7331020833333334 0.36740462962962966 0.7313937500000001 0.3464101851851852 0.7269802083333333 0.3226333333333333 0.7251296875000001 0.29683333333333334 0.7254140625000001 0.2846916666666667 0.7306817708333334 0.2854509259259259 0.7328177083333334 0.2773564814814815 0.72755 0.2720444444444444 0.7242755208333332 0.25863888888888886 0.7192921875 0.2411851851851852 0.7137395833333334 0.2323324074074074 0.7131703125000001 0.22696018518518518 0.716871875 0.21431296296296296 0.7202890624999999 0.2036888888888889 0.7254140625000001 0.19483611111111113 0.7323906250000001 0.1892712962962963 0.727834375 0.1905361111111111 0.7212854166666667 0.19812407407407406 0.7153057291666667 0.21203611111111112 0.7111770833333334 0.22316574074074075 0.7037739583333333 0.22594814814814815
0 0.6730572916666666 0.2031787037037037 0.6708864583333334 0.18800648148148147 0.6693203125 0.17232407407407407 0.670459375 0.1644824074074074 0.6745880208333334 0.16372407407407408 0.6771505208333333 0.16852962962962964 0.6821333333333333 0.18648888888888887 0.6851234374999999 0.20242407407407406 0.6898213541666667 0.22088981481481482 0.6940927083333333 0.24390740740740743 0.7027770833333334 0.28223333333333334 0.7097536458333333 0.3047462962962963 0.7127432291666668 0.32523425925925925 0.7177260416666668 0.35255277777777777 0.7190072916666667 0.3975768518518518 0.7107500000000001 0.41199444444444444 0.7040588541666666 0.4127527777777778 0.6946619791666666 0.39251759259259256 0.6923843749999999 0.3765824074074074 0.688825 0.3548287037037037 0.6901062499999999 0.3406638888888889 0.6889671875 0.3224518518518518 0.6855505208333333 0.2949009259259259 0.6799979166666666 0.27441203703703704 0.6757270833333333 0.2554416666666667 0.6728796875 0.22584722222222223
