0 0.8182291666666667 0.5685185185185185 0.8135416666666667 0.5120370370370371 0.8140625 0.4722222222222222 0.8057291666666667 0.4462962962962963 0.7979166666666667 0.44537037037037036 0.79375 0.45185185185185184 0.7932291666666667 0.4787037037037037 0.8010416666666667 0.524074074074074 0.8026041666666667 0.5648148148148148 0.8119791666666667 0.6111111111111112 0.81875 0.6148148148148148 0.8182291666666667 0.5685185185185185
0 0.7947916666666667 0.23148148148148148 0.7942708333333334 0.22037037037037038 0.78125 0.17407407407407408 0.7645833333333333 0.09907407407407408 0.753125 0.07592592592592592 0.7453125 0.07592592592592592 0.7390625 0.08333333333333333 0.7380208333333333 0.09166666666666666 0.7473958333333334 0.12777777777777777 0.7588541666666667 0.1425925925925926 0.7713541666666667 0.18981481481481483 0.7875 0.22777777777777777 0.7947916666666667 0.23148148148148148
0 0.3026041666666667 0.4351851851851852 0.3067708333333333 0.4351851851851852 0.3260416666666667 0.41759259259259257 0.3328125 0.40185185185185185 0.346875 0.3453703703703704 0.35052083333333334 0.3194444444444444 0.3489583333333333 0.29814814814814816 0.3458333333333333 0.29444444444444445 0.3375 0.2935185185185185 0.3333333333333333 0.3055555555555556 0.3307291666666667 0.32037037037037036 0.3302083333333333 0.3712962962962963 0.32083333333333336 0.4111111111111111 0.315625 0.4203703703703704 0.30416666666666664 0.42685185185185187 0.3026041666666667 0.4351851851851852
0 0.39114583333333336 0.3638888888888889 0.39791666666666664 0.3592592592592593 0.40572916666666664 0.33796296296296297 0.40625 0.32592592592592595 0.4041666666666667 0.3212962962962963 0.396875 0.32037037037037036 0.3848958333333333 0.3351851851851852 0.37552083333333336 0.36203703703703705 0.35833333333333334 0.38796296296296295 0.3453125 0.41574074074074074 0.3411458333333333 0.41944444444444445 0.3375 0.42685185185185187 0.3375 0.4324074074074074 0.3416666666666667 0.43333333333333335 0.3572916666666667 0.4166666666666667 0.37135416666666665 0.3907407407407407 0.39114583333333336 0.3638888888888889
0 0.4140625 0.3972222222222222 0.4114583333333333 0.3907407407407407 0.4041666666666667 0.3861111111111111 0.39739583333333334 0.3972222222222222 0.39166666666666666 0.41574074074074074 0.39166666666666666 0.4287037037037037 0.38229166666666664 0.46111111111111114 0.35989583333333336 0.524074074074074 0.35833333333333334 0.5333333333333333 0.3614583333333333 0.537962962962963 0.3692708333333333 0.5259259259259259 0.4114583333333333 0.42777777777777776 0.4140625 0.4101851851851852 0.4140625 0.3972222222222222
0 0.4296875 0.5953703703703703 0.4348958333333333 0.5833333333333334 0.43333333333333335 0.5787037037037037 0.42864583333333334 0.5777777777777777 0.3921875 0.6092592592592593 0.3729166666666667 0.6212962962962963 0.3609375 0.6240740740740741 0.3494791666666667 0.6435185185185185 0.3484375 0.6537037037037037 0.3515625 0.6611111111111111 0.3651041666666667 0.6583333333333333 0.3848958333333333 0.6361111111111111 0.4166666666666667 0.6111111111111112 0.4296875 0.5953703703703703
0 0.296875 0.7555555555555555 0.29739583333333336 0.7462962962962963 0.2838541666666667 0.7101851851851851 0.25364583333333335 0.6611111111111111 0.2520833333333333 0.6527777777777778 0.2296875 0.6314814814814815 0.225 0.6342592592592593 0.22135416666666666 0.6444444444444445 0.22291666666666668 0.6564814814814814 0.23177083333333334 0.6722222222222223 0.24791666666666667 0.6842592592592592 0.28177083333333336 0.7361111111111112 0.2911458333333333 0.7555555555555555 0.296875 0.7555555555555555
0 0.4479166666666667 0.9046296296296297 0.4484375 0.9 0.4432291666666667 0.8907407407407407 0.4348958333333333 0.8629629629629629 0.4328125 0.8351851851851851 0.440625 0.7935185185185185 0.44895833333333335 0.7657407407407407 0.44947916666666665 0.7518518518518519 0.446875 0.7342592592592593 0.4432291666666667 0.7305555555555555 0.4359375 0.7314814814814815 0.42864583333333334 0.7518518518518519 0.4270833333333333 0.7657407407407407 0.42604166666666665 0.8111111111111111 0.42239583333333336 0.8379629629629629 0.4234375 0.8564814814814815 0.43854166666666666 0.9027777777777778 0.44375 0.9074074074074074 0.4479166666666667 0.9046296296296297
0 0.8166666666666667 0.7453703703703703 0.8166666666666667 0.7333333333333333 0.8098958333333334 0.7231481481481481 0.80625 0.7231481481481481 0.7848958333333333 0.7472222222222222 0.7828125 0.7703703703703704 0.7760416666666666 0.787962962962963 0.7713541666666667 0.7916666666666666 0.7697916666666667 0.8 0.7515625 0.825 0.7473958333333334 0.8379629629629629 0.7390625 0.850925925925926 0.7385416666666667 0.8611111111111112 0.74375 0.8629629629629629 0.75625 0.8435185185185186 0.7692708333333333 0.8296296296296296 0.8114583333333333 0.7592592592592593 0.8166666666666667 0.7453703703703703
0 0.7338541666666667 0.5370370370370371 0.7333333333333333 0.5296296296296297 0.728125 0.5166666666666667 0.7161458333333334 0.524074074074074 0.7015625 0.5453703703703704 0.665625 0.5777777777777777 0.6447916666666667 0.6064814814814815 0.6458333333333334 0.6138888888888889 0.65 0.6129629629629629 0.6875 0.575925925925926 0.7203125 0.5601851851851852 0.73125 0.5444444444444444 0.7338541666666667 0.5370370370370371
0 0.7864583333333334 0.5666666666666667 0.790625 0.5472222222222223 0.7901041666666667 0.537962962962963 0.7822916666666667 0.5277777777777778 0.7703125 0.5435185185185185 0.7614583333333333 0.5824074074074074 0.7515625 0.6111111111111112 0.73125 0.6425925925925926 0.7192708333333333 0.6546296296296297 0.71875 0.6611111111111111 0.7244791666666667 0.6648148148148149 0.7401041666666667 0.6509259259259259 0.7557291666666667 0.6314814814814815 0.7755208333333333 0.5842592592592593 0.7864583333333334 0.5666666666666667
0 0.5776041666666667 0.6314814814814815 0.5765625 0.6185185185185185 0.5588541666666667 0.5648148148148148 0.5447916666666667 0.5342592592592592 0.5369791666666667 0.5009259259259259 0.5291666666666667 0.48703703703703705 0.5213541666666667 0.487962962962963 0.51875 0.4925925925925926 0.51875 0.5101851851851852 0.525 0.5333333333333333 0.5359375 0.549074074074074 0.571875 0.6342592592592593 0.5760416666666667 0.6351851851851852 0.5776041666666667 0.6314814814814815
0 0.5802083333333333 0.5935185185185186 0.5838541666666667 0.5824074074074074 0.5880208333333333 0.5481481481481482 0.5932291666666667 0.45092592592592595 0.5979166666666667 0.42592592592592593 0.596875 0.38796296296296295 0.5911458333333334 0.36666666666666664 0.5802083333333333 0.3648148148148148 0.5760416666666667 0.3675925925925926 0.571875 0.4046296296296296 0.5734375 0.4351851851851852 0.5708333333333333 0.5453703703703704 0.5734375 0.562962962962963 0.5734375 0.5898148148148148 0.5755208333333334 0.5935185185185186 0.5802083333333333 0.5935185185185186
0 0.603125 0.7601851851851852 0.6104166666666667 0.7481481481481481 0.6104166666666667 0.7398148148148148 0.6057291666666667 0.725 0.5796875 0.7268518518518519 0.571875 0.7203703703703703 0.56875 0.7342592592592593 0.5567708333333333 0.7462962962962963 0.5130208333333334 0.7601851851851852 0.5005208333333333 0.7685185185185185 0.4921875 0.7805555555555556 0.4817708333333333 0.7870370370370371 0.478125 0.7935185185185185 0.478125 0.8046296296296296 0.48541666666666666 0.8092592592592592 0.5333333333333333 0.7842592592592592 0.5708333333333333 0.7731481481481481 0.5838541666666667 0.774074074074074 0.603125 0.7601851851851852
0 0.49583333333333335 0.08333333333333333 0.5135416666666667 0.07314814814814814 0.5213541666666667 0.07222222222222222 0.525 0.06388888888888888 0.521875 0.05925925925925926 0.446875 0.062037037037037036 0.43645833333333334 0.06944444444444445 0.4296875 0.07962962962962963 0.42864583333333334 0.08611111111111111 0.4317708333333333 0.09907407407407408 0.44635416666666666 0.10185185185185185 0.4552083333333333 0.1 0.46770833333333334 0.08981481481481482 0.49583333333333335 0.08333333333333333
0 0.6744791666666666 0.2916666666666667 0.6588541666666666 0.2740740740740741 0.6520833333333333 0.2601851851851852 0.65 0.24814814814814815 0.6619791666666667 0.20833333333333334 0.6651041666666667 0.1925925925925926 0.6645833333333333 0.17685185185185184 0.6583333333333333 0.17037037037037037 0.6473958333333333 0.17685185185185184 0.6369791666666667 0.20833333333333334 0.6380208333333334 0.2490740740740741 0.6411458333333333 0.26296296296296295 0.6505208333333333 0.27870370370370373 0.6677083333333333 0.28888888888888886 0.6744791666666666 0.30462962962962964 0.6744791666666666 0.2916666666666667
0 0.70625 0.2962962962962963 0.7177083333333333 0.30277777777777776 0.7203125 0.3101851851851852 0.7208333333333333 0.30277777777777776 0.7182291666666667 0.29444444444444445 0.7119791666666667 0.28703703703703703 0.70625 0.28425925925925927 0.6958333333333333 0.2861111111111111 0.6765625 0.31666666666666665 0.6723958333333333 0.337037037037037 0.671875 0.3574074074074074 0.6770833333333334 0.3638888888888889 0.684375 0.3611111111111111 0.69375 0.33796296296296297 0.6973958333333333 0.30462962962962964 0.70625 0.2962962962962963
0 0.49895833333333334 0.40370370370370373 0.4984375 0.3138888888888889 0.503125 0.2574074074074074 0.5015625 0.24444444444444444 0.496875 0.23148148148148148 0.4875 0.23148148148148148 0.48385416666666664 0.24259259259259258 0.4822916666666667 0.26851851851851855 0.48541666666666666 0.2851851851851852 0.4859375 0.35462962962962963 0.4901041666666667 0.4009259259259259 0.4947916666666667 0.40925925925925927 0.49895833333333334 0.40370370370370373
0 0.5432291666666667 0.30185185185185187 0.5317708333333333 0.2675925925925926 0.528125 0.2490740740740741 0.528125 0.23148148148148148 0.5239583333333333 0.2222222222222222 0.5244791666666667 0.21666666666666667 0.51875 0.2074074074074074 0.5171875 0.19444444444444445 0.5083333333333333 0.21203703703703702 0.5067708333333333 0.22037037037037038 0.509375 0.24814814814814815 0.5140625 0.2564814814814815 0.5442708333333334 0.3537037037037037 0.5484375 0.3574074074074074 0.5505208333333333 0.35185185185185186 0.5432291666666667 0.30185185185185187
0 0.6109375 0.25 0.6125 0.24537037037037038 0.6171875 0.24351851851851852 0.6083333333333333 0.23148148148148148 0.6015625 0.21203703703703702 0.5994791666666667 0.1935185185185185 0.6015625 0.14537037037037037 0.5984375 0.1259259259259259 0.5953125 0.11666666666666667 0.5822916666666667 0.1175925925925926 0.58125 0.15648148148148147 0.5953125 0.21296296296296297 0.5953125 0.22037037037037038 0.603125 0.2324074074074074 0.609375 0.2351851851851852 0.6109375 0.25
0 0.7578125 0.475 0.7572916666666667 0.4666666666666667 0.753125 0.4583333333333333 0.7307291666666667 0.4648148148148148 0.7161458333333334 0.48055555555555557 0.6885416666666667 0.4898148148148148 0.6635416666666667 0.512962962962963 0.6635416666666667 0.5194444444444445 0.6692708333333334 0.5212962962962963 0.7229166666666667 0.4981481481481482 0.7333333333333333 0.49907407407407406 0.7526041666666666 0.48518518518518516 0.7578125 0.475
0 0.3148604166666667 0.8640472222222223 0.33863333333333334 0.8584120370370371 0.351840625 0.8621685185185186 0.3523692708333333 0.8480805555555556 0.33440729166666666 0.8480805555555556 0.32912447916666665 0.8386888888888889 0.3164453125 0.8415064814814814 0.2926723958333334 0.8368101851851851 0.27523906249999996 0.8123916666666667 0.2593901041666667 0.7917296296296296 0.2467109375 0.7879731481481481 0.23191927083333336 0.7917296296296296 0.22769270833333335 0.8058175925925926 0.231390625 0.8227231481481482 0.2509375 0.8349324074074074 0.26625781249999997 0.8386888888888889 0.28844583333333335 0.8546546296296297 0.3148604166666667 0.8640472222222223
0 0.38248177083333335 0.8715601851851852 0.3988583333333333 0.8584120370370371 0.40255677083333335 0.8424453703703704 0.38776458333333336 0.8527768518518519 0.36768958333333335 0.8518370370370371 0.35025572916666664 0.8678037037037036 0.3359921875 0.8678037037037036 0.32014322916666665 0.8678037037037036 0.31221927083333334 0.8734388888888889 0.3064078125 0.8809518518518519 0.3095776041666667 0.8997361111111112 0.32436979166666663 0.9063101851851852 0.340746875 0.8894046296296296 0.36240677083333334 0.8818916666666666 0.38248177083333335 0.8715601851851852
0 0.4247447916666667 0.5278194444444444 0.4395369791666666 0.5212453703703704 0.4633098958333333 0.5165500000000001 0.4844416666666667 0.5127925925925926 0.4934223958333333 0.5005833333333334 0.4844416666666667 0.4968268518518518 0.46964947916666666 0.5005833333333334 0.44429166666666664 0.5062185185185185 0.4279145833333333 0.5080972222222222 0.4136505208333333 0.5024620370370371 0.4041416666666667 0.5052796296296296 0.3972739583333333 0.5156101851851852 0.39991510416666665 0.5334546296296296 0.411009375 0.5334546296296296 0.4247447916666667 0.5278194444444444
0 0.45697031250000003 0.45925925925925926 0.45485729166666666 0.44423240740740744 0.44165 0.44705 0.4337255208333334 0.45550277777777776 0.42897083333333336 0.4686518518518519 0.41523541666666663 0.48367870370370375 0.40466979166666667 0.4893138888888888 0.3914625 0.5080972222222222 0.3798401041666667 0.5278194444444444 0.38829270833333335 0.5287592592592593 0.39938697916666666 0.5109148148148148 0.4173489583333333 0.4968268518518518 0.4300276041666667 0.48743518518518514 0.4506307291666667 0.47898240740740744 0.45697031250000003 0.45925925925925926
0 0.5076864583333334 0.4921305555555555 0.5203651041666667 0.4799212962962964 0.5314593750000001 0.47146944444444444 0.5198369791666667 0.46959074074074075 0.5045166666666667 0.48180000000000006 0.48602656250000004 0.48180000000000006 0.4670078125 0.48273888888888883 0.45380052083333333 0.47898240740740744 0.43795208333333335 0.48086111111111113 0.43583906250000004 0.4968268518518518 0.43742395833333336 0.5052796296296296 0.4559140625 0.5052796296296296 0.4717625 0.4977657407407407 0.4965921875 0.49588796296296295 0.5076864583333334 0.4921305555555555
0 0.5705526041666666 0.3042944444444444 0.5753072916666666 0.2995990740740741 0.5885145833333334 0.3155648148148148 0.5959104166666667 0.30899074074074073 0.582175 0.29208518518518517 0.5684395833333333 0.26766666666666666 0.5531192708333333 0.2517009259259259 0.5436098958333333 0.2263425925925926 0.541496875 0.19910648148148147 0.5325156249999999 0.18314074074074074 0.52195 0.17656574074074075 0.5182520833333333 0.1850185185185185 0.5177239583333333 0.20474166666666668 0.5293458333333334 0.23385648148148147 0.5372703125 0.24606574074074072 0.5520625 0.2845722222222222 0.5705526041666666 0.3042944444444444
0 0.5959104166666667 0.24230833333333332 0.611759375 0.2563962962962963 0.612815625 0.23949166666666669 0.5948541666666666 0.21788981481481481 0.5768921875 0.19722777777777778 0.5631567708333333 0.18783611111111112 0.5557604166666666 0.17938333333333334 0.5515343749999999 0.16341759259259261 0.5393833333333333 0.1521472222222222 0.5298744791666666 0.14651203703703705 0.522478125 0.1652962962962963 0.5330442708333334 0.1897148148148148 0.5457229166666667 0.1925324074074074 0.5652697916666667 0.20755925925925925 0.581646875 0.22258611111111112 0.5959104166666667 0.24230833333333332
0 0.709609375 0.3723388888888889 0.7162000000000001 0.3567166666666667 0.7293817708333333 0.36387685185185187 0.7315786458333334 0.3873111111111111 0.7279166666666667 0.41530185185185187 0.7359723958333333 0.38535833333333336 0.7326770833333334 0.36127314814814815 0.7231567708333333 0.3502074074074074 0.7092432291666667 0.34825462962962966 0.6997229166666667 0.3606222222222222 0.6971598958333334 0.38340555555555556 0.694596875 0.397075 0.6986244791666666 0.41985833333333333 0.7033843750000001 0.43743333333333334 0.7143692708333333 0.42897129629629627 0.7154677083333334 0.4042351851851852 0.7121723958333334 0.38145277777777775 0.709609375 0.3723388888888889
0 0.6469963541666667 0.7023675925925926 0.6682333333333333 0.7062731481481481 0.6784859375 0.6847916666666667 0.675190625 0.6672166666666667 0.6594458333333333 0.6672166666666667 0.6360119791666666 0.6802351851851852 0.6114796874999999 0.6886972222222222 0.6012270833333333 0.6984620370370371 0.5887776041666667 0.7075750000000001 0.5873130208333334 0.7140842592592592 0.593171875 0.7127824074074074 0.6070854166666667 0.7101787037037037 0.6305197916666666 0.7023675925925926 0.6469963541666667 0.7023675925925926
0 0.6008609375 0.8143296296296296 0.6173380208333333 0.7882916666666667 0.6070854166666667 0.7993583333333334 0.590975 0.8149805555555555 0.5807223958333334 0.8169333333333333 0.56534375 0.8045657407407408 0.5547255208333334 0.8071694444444445 0.5463036458333334 0.8182351851851851 0.5463036458333334 0.8293009259259259 0.5517963541666667 0.8377638888888889 0.5657098958333333 0.8442731481481482 0.5869468750000001 0.8345092592592592 0.6008609375 0.8143296296296296
0 0.6404057291666666 0.7720185185185185 0.662375 0.7570462962962963 0.6854427083333333 0.7394712962962963 0.6934984375000001 0.7153861111111111 0.6923999999999999 0.6984620370370371 0.6843442708333334 0.6886972222222222 0.6755567708333333 0.6971601851851852 0.6539536458333333 0.7147351851851852 0.6521229166666667 0.7271027777777778 0.6360119791666666 0.7505370370370371 0.6155072916666666 0.7635564814814815 0.5942703125000001 0.7889425925925926 0.5715687500000001 0.8013111111111112 0.5690052083333333 0.8026129629629629 0.5876791666666666 0.8104240740740741 0.593171875 0.8130277777777778 0.6199010416666667 0.7908953703703704 0.6404057291666666 0.7720185185185185
