0 0.26197916666666665 0.1537037037037037 0.2604166666666667 0.16111111111111112 0.26510416666666664 0.16944444444444445 0.26666666666666666 0.16666666666666666 0.26927083333333335 0.16944444444444445 0.26666666666666666 0.15925925925925927 0.2677083333333333 0.15092592592592594 0.27447916666666666 0.1388888888888889 0.28229166666666666 0.13425925925925927 0.2921875 0.16574074074074074 0.3015625 0.18425925925925926 0.3020833333333333 0.19074074074074074 0.3104166666666667 0.1925925925925926 0.32864583333333336 0.21944444444444444 0.38385416666666666 0.32222222222222224 0.3932291666666667 0.34629629629629627 0.4 0.3509259259259259 0.40208333333333335 0.34814814814814815 0.403125 0.33055555555555555 0.3953125 0.3074074074074074 0.38958333333333334 0.2796296296296296 0.375 0.24814814814814815 0.33958333333333335 0.18981481481481483 0.32395833333333335 0.14629629629629629 0.3 0.1111111111111111 0.3 0.10277777777777777 0.30833333333333335 0.09074074074074075 0.3104166666666667 0.07962962962962963 0.30625 0.0824074074074074 0.30520833333333336 0.08981481481481482 0.28489583333333335 0.125 0.2682291666666667 0.13703703703703704
0 0.45416666666666666 0.07037037037037037 0.4546875 0.08333333333333333 0.4588541666666667 0.09722222222222222 0.45940989583333336 0.1209888888888889 0.45 0.15092592592592594 0.44947916666666665 0.16018518518518518 0.46458333333333335 0.12685185185185185 0.4859375 0.12407407407407407 0.509375 0.11296296296296296 0.5314234375 0.11203703703703703 0.5380208333333333 0.11388888888888889 0.5381239583333334 0.11313333333333334 0.5393286458333333 0.11170462962962964 0.5413364583333333 0.11027685185185186 0.5432291666666667 0.1111111111111111 0.5458333333333333 0.10833333333333334 0.5755208333333334 0.10185185185185185 0.5838541666666667 0.0962962962962963 0.6010416666666667 0.0962962962962963 0.6067708333333334 0.08796296296296297 0.6057291666666667 0.07962962962962963 0.603125 0.07592592592592592 0.5723958333333333 0.06666666666666667 0.5057291666666667 0.07685185185185185 0.5020833333333333 0.07314814814814814 0.48489583333333336 0.07314814814814814 0.46262239583333337 0.08742407407407408 0.4602130208333334 0.06814259259259259 0.47552083333333334 0.06018518518518518 0.47291666666666665 0.05925925925925926 0.4630208333333333 0.06018518518518518
0 0.6260416666666667 0.14629629629629629 0.6265625 0.15092592592592594 0.6484375 0.1361111111111111 0.65625 0.13518518518518519 0.6786458333333333 0.15462962962962962 0.6854166666666667 0.1648148148148148 0.6963541666666667 0.16018518518518518 0.7317708333333334 0.16203703703703703 0.7453125 0.15925925925925927 0.7630208333333334 0.14907407407407408 0.7677083333333333 0.1537037037037037 0.784375 0.12314814814814815 0.8010416666666667 0.11388888888888889 0.8052083333333333 0.10740740740740741 0.8057291666666667 0.10185185185185185 0.7989583333333333 0.09351851851851851 0.79375 0.09444444444444444 0.7708333333333334 0.10740740740740741 0.7458333333333333 0.12777777777777777 0.7328125 0.13148148148148148 0.7151041666666667 0.1287037037037037 0.6989583333333333 0.1175925925925926 0.696875 0.10277777777777777 0.6869791666666667 0.10462962962962963 0.6653645833333334 0.09814814814814815 0.6588541666666666 0.09259259259259259 0.6572916666666667 0.0787037037037037 0.6598958333333333 0.05648148148148148 0.65625 0.05555555555555555 0.65 0.058333333333333334 0.6484375 0.06481481481481481 0.65 0.08333333333333333 0.6541666666666667 0.09814814814814815 0.6510416666666666 0.12222222222222222 0.634375 0.13425925925925927
0 0.6229166666666667 0.38425925925925924 0.6182291666666667 0.43703703703703706 0.6151041666666667 0.4462962962962963 0.6151041666666667 0.48148148148148145 0.6197916666666666 0.5018518518518519 0.6322916666666667 0.5037037037037037 0.6348958333333333 0.5009259259259259 0.640625 0.475 0.6427083333333333 0.4398148148148148 0.6395833333333333 0.43148148148148147 0.6390625 0.41388888888888886 0.64375 0.37222222222222223 0.6536458333333334 0.3138888888888889 0.65625 0.26481481481481484 0.653125 0.25277777777777777 0.6494791666666667 0.2518518518518518 0.6447916666666667 0.2601851851851852 0.6411458333333333 0.2861111111111111 0.6369791666666667 0.2953703703703704 0.6307291666666667 0.32407407407407407
0 0.8182291666666667 0.39444444444444443 0.8192708333333333 0.43333333333333335 0.8296875 0.5425925925925926 0.8375 0.5694444444444444 0.8411458333333334 0.5768518518518518 0.84375 0.5768518518518518 0.8458333333333333 0.5703703703703704 0.8432291666666667 0.55 0.8447916666666667 0.5370370370370371 0.8432291666666667 0.41759259259259257 0.8401041666666667 0.38796296296296295 0.8296875 0.3731481481481482 0.8218953125 0.3762 0.8030968749999999 0.3567 0.8182401041666666 0.38734259259259257
0 0.7010416666666667 0.7342592592592593 0.7005208333333334 0.7435185185185185 0.7036458333333333 0.7518518518518519 0.7161458333333334 0.7666666666666667 0.7270833333333333 0.774074074074074 0.7328125 0.7925925925925926 0.7239583333333334 0.8324074074074074 0.7244791666666667 0.8388888888888889 0.7385416666666667 0.8 0.7546875 0.7953703703703704 0.7729166666666667 0.7824074074074074 0.8130208333333333 0.7166666666666667 0.8276041666666667 0.6759259259259259 0.834375 0.6481481481481481 0.8552083333333333 0.6037037037037037 0.8567708333333334 0.5962962962962963 0.8557291666666667 0.5787037037037037 0.853125 0.575925925925926 0.8479166666666667 0.5833333333333334 0.8421875 0.6064814814814815 0.834375 0.6166666666666667 0.809375 0.6796296296296296 0.8020833333333334 0.6925925925925925 0.7854166666666667 0.712037037037037 0.7692708333333333 0.7212962962962963 0.7588541666666667 0.7138888888888889 0.7515625 0.7333333333333333 0.7302083333333333 0.762962962962963 0.7104166666666667 0.7527777777777778 0.7046875 0.7453703703703703
0 0.7083333333333334 0.9157407407407407 0.7078125 0.924074074074074 0.7109375 0.9268518518518518 0.725 0.9194444444444444 0.740625 0.9194444444444444 0.7833333333333333 0.8740740740740741 0.7947916666666667 0.8527777777777777 0.8072916666666666 0.8379629629629629 0.8182291666666667 0.8166666666666667 0.8271171875000001 0.7899194444444445 0.84069375 0.7973472222222222 0.845915625 0.8187046296296296 0.8453932291666667 0.7917759259259259 0.8234375 0.774074074074074 0.8182401041666666 0.764848148148148 0.8239838541666666 0.7091351851851851 0.8151067708333334 0.7611342592592593 0.8057291666666667 0.775 0.7859375 0.8074074074074075 0.7765625 0.8333333333333334 0.7640625 0.850925925925926 0.7317708333333334 0.8842592592592593 0.7244791666666667 0.8935185185185185 0.7223958333333333 0.9018518518518519
0 0.6104166666666667 0.5509259259259259 0.609375 0.562037037037037 0.6119791666666666 0.5666666666666667 0.6276041666666666 0.5694444444444444 0.6354166666666666 0.5638888888888889 0.6661458333333333 0.5324074074074074 0.6739583333333333 0.5194444444444445 0.6833333333333333 0.5138888888888888 0.7005208333333334 0.47685185185185186 0.7015625 0.4675925925925926 0.6932291666666667 0.46944444444444444 0.6854166666666667 0.48055555555555557 0.6770833333333334 0.4861111111111111 0.6583333333333333 0.5120370370370371 0.6390625 0.5277777777777778 0.61875 0.5388888888888889
0 0.415625 0.762962962962963 0.415625 0.7657407407407407 0.43125 0.7638888888888888 0.44583333333333336 0.7694444444444445 0.44583333333333336 0.7944444444444444 0.4427083333333333 0.8064814814814815 0.446875 0.8083333333333333 0.45364583333333336 0.7694444444444445 0.459375 0.7648148148148148 0.47239583333333335 0.7425925925925926 0.4817708333333333 0.7129629629629629 0.5177083333333333 0.6555555555555556 0.5223958333333333 0.6416666666666667 0.5338541666666666 0.6259259259259259 0.5354166666666667 0.6157407407407407 0.5286458333333334 0.6138888888888889 0.5046875 0.6333333333333333 0.48020833333333335 0.675 0.4607614583333334 0.711975 0.44942760416666666 0.7161453703703704 0.4377026041666667 0.755063888888889
0 0.3963541666666667 0.4685185185185185 0.3958333333333333 0.47314814814814815 0.4114583333333333 0.5046296296296297 0.4114583333333333 0.5138888888888888 0.40520833333333334 0.5425925925925926 0.4046875 0.5601851851851852 0.40625 0.5611111111111111 0.409375 0.5601851851851852 0.40989583333333335 0.5527777777777778 0.41354166666666664 0.5444444444444444 0.4140625 0.5277777777777778 0.41875 0.5185185185185185 0.44166666666666665 0.5203703703703704 0.4557291666666667 0.5111111111111111 0.5166666666666667 0.5175925925925926 0.5395833333333333 0.5138888888888888 0.5447916666666667 0.5074074074074074 0.540625 0.49907407407407406 0.509375 0.48518518518518516 0.45677083333333335 0.48055555555555557 0.4473958333333333 0.4722222222222222 0.41510416666666666 0.48333333333333334 0.4046875 0.4759259259259259 0.4036458333333333 0.47129629629629627
0 0.353125 0.6555555555555556 0.35208333333333336 0.6648148148148149 0.35833333333333334 0.6694444444444444 0.3885416666666667 0.65 0.42135416666666664 0.6092592592592593 0.4421875 0.5898148148148148 0.4546875 0.5694444444444444 0.4588541666666667 0.5527777777777778 0.4510416666666667 0.5370370370370371 0.43802083333333336 0.5444444444444444 0.43072916666666666 0.5527777777777778 0.41770833333333335 0.5787037037037037 0.3963541666666667 0.6074074074074074 0.36875 0.6370370370370371 0.3645833333333333 0.6462962962962963
0 0.2869791666666667 0.49537037037037035 0.2869791666666667 0.5092592592592593 0.28958333333333336 0.5148148148148148 0.29791666666666666 0.5231481481481481 0.30833333333333335 0.5212962962962963 0.3182291666666667 0.5148148148148148 0.3255208333333333 0.5037037037037037 0.3458333333333333 0.4861111111111111 0.37604166666666666 0.4777777777777778 0.3921875 0.4675925925925926 0.415625 0.4398148148148148 0.41822916666666665 0.42685185185185187 0.415625 0.4222222222222222 0.4109375 0.42314814814814816 0.4015625 0.43148148148148147 0.3807291666666667 0.43796296296296294 0.3614583333333333 0.45092592592592595 0.325 0.46574074074074073 0.31927083333333334 0.4675925925925926 0.3104166666666667 0.462037037037037
0 0.315625 0.5287037037037037 0.315625 0.5398148148148149 0.3255208333333333 0.549074074074074 0.33229166666666665 0.5648148148148148 0.36041666666666666 0.5694444444444444 0.39166666666666666 0.5879629629629629 0.4015625 0.587037037037037 0.40520833333333334 0.5833333333333334 0.4046875 0.5768518518518518 0.39479166666666665 0.5638888888888889 0.3619791666666667 0.5425925925925926 0.35052083333333334 0.5388888888888889 0.34322916666666664 0.5287037037037037 0.32864583333333336 0.5175925925925926 0.3203125 0.5185185185185185
0 0.25985625 0.33581203703703705 0.2656546875 0.3697796296296296 0.26875 0.375 0.26940729166666666 0.3897962962962963 0.26838385416666666 0.4013212962962963 0.259375 0.41203703703703703 0.27486458333333336 0.40374722222222226 0.3333333333333333 0.4111111111111111 0.3692708333333333 0.42777777777777776 0.3932291666666667 0.425 0.4010416666666667 0.41574074074074074 0.4005208333333333 0.4111111111111111 0.396875 0.4074074074074074 0.3703125 0.39351851851851855 0.3427447916666667 0.3837305555555555 0.3304651041666667 0.37948425925925927 0.3048822916666667 0.3667462962962963 0.30351770833333336 0.3521888888888889 0.2956723958333333 0.36310740740740743 0.2850979166666667 0.36068055555555556 0.27554687499999997 0.37159907407407405 0.27008906250000003 0.3643203703703704
0 0.2796875 0.275 0.2786458333333333 0.28703703703703703 0.28748593749999996 0.2760546296296296 0.2953125 0.29907407407407405 0.3 0.31296296296296294 0.31354166666666666 0.33425925925925926 0.32760416666666664 0.37592592592592594 0.33229166666666665 0.38333333333333336 0.34375 0.3888888888888889 0.3614583333333333 0.3888888888888889 0.35 0.3787037037037037 0.340625 0.3648148148148148 0.32760416666666664 0.32222222222222224 0.32135416666666666 0.28703703703703703 0.3145833333333333 0.27037037037037037 0.309375 0.2638888888888889 0.3067708333333333 0.2537037037037037 0.3078125 0.25 0.3151041666666667 0.24074074074074073 0.3229166666666667 0.2388888888888889 0.3182291666666667 0.2351851851851852 0.3104166666666667 0.23703703703703705
0 0.25644479166666667 0.3888972222222222 0.2520104166666667 0.4186185185185185 0.24621197916666665 0.42468425925925923 0.23836614583333335 0.4343898148148148 0.22813333333333335 0.4380287037037037 0.22165208333333333 0.43256944444444445 0.22676875000000002 0.4459138888888889 0.23734322916666667 0.441062037037037 0.242459375 0.4616851851851852 0.24928177083333333 0.48230833333333334 0.2574682291666667 0.5011120370370371 0.27077135416666664 0.5217351851851852 0.2980598958333333 0.5472111111111112 0.3253484375 0.5672277777777778 0.3406984375 0.5836046296296297 0.35127291666666666 0.5933101851851852 0.35673020833333335 0.5908833333333333 0.3413807291666667 0.5672277777777778 0.3233020833333333 0.5453916666666667 0.3031765625 0.5259814814814814 0.28748593749999996 0.5053574074074073 0.2789578125 0.48776759259259256 0.2728182291666667 0.4701768518518519 0.27998124999999996 0.47078333333333333 0.27486458333333336 0.45986481481481484 0.2697479166666667 0.45076666666666665 0.26463177083333334 0.4331759259259259 0.2550807291666667 0.4228648148148148
0 0.2389609375 0.4715268518518519 0.24143645833333333 0.4941472222222222 0.24450625 0.5080981481481481 0.24109531250000002 0.5184092592592592 0.24109531250000002 0.5353935185185186 0.23700208333333334 0.5584425925925927 0.23393177083333333 0.5657212962962963 0.24280052083333334 0.5438851851851851 0.2530338541666667 0.5505574074074074 0.26190260416666666 0.5620824074074073 0.2680427083333334 0.5699675925925927 0.2697479166666667 0.5639018518518518 0.28032239583333335 0.5651148148148147 0.3011302083333333 0.5802796296296296 0.3168208333333334 0.5936240740740741 0.32841875 0.6081814814814815 0.3359229166666667 0.6075750000000001 0.34922604166666665 0.6245592592592593 0.35604843750000004 0.6318379629629629 0.35980052083333336 0.6203129629629629 0.3478614583333333 0.5966564814814815 0.335240625 0.5802796296296296 0.31886770833333333 0.5620824074074073 0.29874218750000003 0.5481314814814815 0.27827604166666664 0.5293277777777777 0.2659958333333333 0.5123435185185186 0.2588328125 0.5105240740740741 0.24962291666666667 0.5074916666666667
0 0.5013520833333334 0.16763703703703703 0.49532343749999996 0.18966851851851854 0.49615885416666666 0.2112064814814815 0.4907291666666667 0.23274537037037038 0.49782916666666666 0.23200277777777778 0.5020057291666666 0.2654240740740741 0.4890583333333333 0.3025601851851852 0.47652812499999997 0.32632685185185184 0.46733958333333336 0.3463796296296296 0.44854479166666666 0.36420462962962963 0.4414442708333333 0.3686611111111111 0.44186197916666664 0.38054444444444446 0.4627453125 0.38128703703703704 0.47151614583333334 0.3738601851851852 0.479034375 0.34043796296296297 0.5024234375 0.30850185185185186 0.5191302083333333 0.25354074074074073 0.5237244791666666 0.20303703703703704 0.5182947916666667 0.1711009259259259 0.5166244791666667 0.16590185185185186 0.5220541666666667 0.15104722222222222 0.5341661458333333 0.12431018518518518 0.5157890625 0.16367314814814815 0.5057651041666666 0.16738703703703703
0 0.5417671875 0.11360092592592592 0.5458609375000001 0.13619351851851852 0.5404312499999999 0.14733425925925928 0.5316604166666666 0.16738703703703703 0.5233067708333333 0.1963527777777778 0.5203833333333333 0.24759907407407405 0.5082708333333333 0.28622037037037035 0.4932348958333333 0.32706944444444447 0.47861666666666663 0.3419231481481481 0.4727692708333333 0.3716314814814815 0.47151614583333334 0.37905925925925926 0.4823755208333333 0.376087962962963 0.5049296875 0.34860740740740737 0.5233067708333333 0.2921620370370371 0.5387604166666667 0.2654240740740741 0.548784375 0.2305175925925926 0.55964375 0.23868703703703703 0.5654911458333333 0.23571574074074075 0.5638203125000001 0.22011944444444445 0.5575557291666667 0.21194907407407407 0.5625677083333334 0.18372685185185186 0.5654911458333333 0.16293055555555555 0.5855390625 0.12802314814814814 0.5997401041666667 0.12169722222222222 0.5863744791666666 0.12243981481481482 0.5625677083333334 0.14175092592592595 0.5558848958333333 0.13506666666666667 0.5496197916666666 0.13432314814814814
0 0.672415625 0.5217435185185185 0.67524375 0.5508388888888889 0.6837458333333333 0.5901453703703703 0.688846875 0.6249175925925925 0.6935229166666667 0.6528861111111111 0.6990489583333334 0.6717833333333333 0.7067005208333333 0.6816101851851852 0.7173276041666666 0.678587037037037 0.7292302083333334 0.674050925925926 0.7470838541666667 0.6680037037037037 0.7198781249999999 0.6680037037037037 0.7194531249999999 0.6385240740740741 0.7152020833333333 0.6234055555555555 0.7130770833333333 0.6097990740740741 0.7096760416666666 0.6203824074074075 0.7015994791666667 0.6022398148148148 0.6956484374999999 0.5591537037037037 0.6858713541666667 0.5145555555555555 0.6816203125 0.4873425925925926 0.6760942708333334 0.4880981481481481 0.67354375 0.5168231481481481
0 0.5479953125 0.5797611111111112 0.5570692708333334 0.5742712962962963 0.5642958333333333 0.5742712962962963 0.569821875 0.5667129629629629 0.5927770833333333 0.5674685185185185 0.6097802083333334 0.5742712962962963 0.628909375 0.5818305555555555 0.6395364583333334 0.5818305555555555 0.6412369791666667 0.5757833333333333 0.6501635416666667 0.582587037037037 0.6629166666666666 0.5893898148148149 0.6705682291666667 0.5992166666666666 0.6816203125 0.5924138888888889 0.67354375 0.6045083333333333 0.6718432291666667 0.6188703703703704 0.6718432291666667 0.62265 0.67481875 0.6385240740740741 0.6684427083333334 0.6256731481481481 0.6539895833333333 0.6286972222222222 0.6382614583333334 0.6150907407407408 0.6178572916666667 0.6029962962962963 0.5978781249999999 0.595437037037037 0.5766234375 0.5939249999999999 0.5676963541666668 0.5931694444444445 0.5630208333333333 0.5893898148148149 0.5553692708333333 0.5901453703703703
0 0.5955875 0.5978916666666666 0.61403125 0.62265 0.6374109375 0.6438148148148148 0.6620661458333333 0.6702722222222223 0.6675921875 0.6846342592592592 0.6616411458333334 0.689925 0.6760942708333334 0.692949074074074 0.6854463541666667 0.6974842592592593 0.6939479166666668 0.7035314814814815 0.6986239583333334 0.7042879629629629 0.6998989583333334 0.7360361111111111 0.6998989583333334 0.7670277777777778 0.7024494791666667 0.7314999999999999 0.7007494791666667 0.7065555555555556 0.7062755208333333 0.689925 0.705 0.6755629629629629 0.6964984375000001 0.6581777777777778 0.6901218750000001 0.6506185185185185 0.6845958333333333 0.6362564814814815 0.6794947916666667 0.6423037037037037 0.6548395833333333 0.6302083333333334 0.6331604166666666 0.6143351851851852 0.61445625 0.6022398148148148
0 0.7609979166666666 0.16289907407407409 0.7658104166666667 0.1577537037037037 0.7684822916666667 0.1458759259259259 0.7698182291666666 0.1553787037037037 0.7773880208333334 0.1577537037037037 0.7885203125 0.17121481481481482 0.7969807291666666 0.19497037037037038 0.8090036458333334 0.22268425925925925 0.82058125 0.2614842592592593 0.8308234375 0.3319574074074074 0.8272609375 0.35175370370370374 0.82058125 0.3438351851851852 0.8188005208333333 0.32483148148148144 0.8094489583333334 0.31137037037037035 0.8009885416666667 0.26465185185185186 0.787184375 0.22822685185185188 0.7773880208333334 0.21635 0.7742708333333332 0.22822685185185188 0.7715989583333334 0.20843148148148147 0.7635838541666666 0.1910111111111111 0.7609119791666666 0.179925 0.7457718750000001 0.17200648148148148 0.7279604166666667 0.16646388888888888 0.7439911458333334 0.1640888888888889 0.7560140625 0.16963148148148147
0 0.8069359375 0.18695555555555557 0.8139020833333334 0.21080648148148148 0.8116755208333333 0.2250601851851852 0.8201359375 0.26386018518518517 0.8281515625 0.31216203703703704 0.830378125 0.33670833333333333 0.8272609375 0.34937777777777773 0.828596875 0.3691740740740741 0.8366119791666667 0.3834268518518518 0.8490802083333333 0.3889703703703704 0.8570958333333334 0.3826351851851852 0.8566505208333334 0.353337037037037 0.8513067708333334 0.32562314814814813 0.8428463541666668 0.3010759259259259 0.8375026041666668 0.2559416666666666 0.8317140625 0.22110092592592592 0.8254796875 0.20684722222222224 0.8219171875 0.20447222222222222 0.8174645833333333 0.1862601851851852 0.8121208333333333 0.17913333333333334
0 0.2921692708333333 0.7222361111111111 0.30031354166666663 0.7594935185185185 0.30634843749999996 0.7776546296296296 0.30495572916666663 0.791687962962963 0.3091333333333333 0.8123259259259259 0.3249171875 0.8321379629629629 0.34070104166666665 0.832962962962963 0.3611265625 0.8387416666666667 0.39315833333333333 0.8461712962962963 0.418690625 0.8420435185185186 0.4242609375 0.8354398148148148 0.44329427083333334 0.8288351851851853 0.4488651041666667 0.8148018518518518 0.44329427083333334 0.8015944444444444 0.432153125 0.8081981481481482 0.4210114583333333 0.8090231481481481 0.41822604166666666 0.8048962962962963 0.39872864583333334 0.8090231481481481 0.3736609375 0.8090231481481481 0.34998541666666666 0.8007685185185186 0.34487864583333333 0.7941648148148148 0.3490567708333333 0.7776546296296296 0.34395052083333333 0.7801314814814815 0.33698697916666664 0.7859092592592593 0.3267739583333333 0.7768287037037037 0.31563281249999997 0.7768287037037037 0.30681250000000004 0.7685740740740741 0.30217031250000004 0.7512388888888889
0 0.28415572916666665 0.7786212962962963 0.29140312500000004 0.7979925925925926 0.29955729166666667 0.8180685185185185 0.31461041666666667 0.8442796296296297 0.33248645833333335 0.8660287037037038 0.3500489583333334 0.8827592592592592 0.36008437499999996 0.8927972222222222 0.36416145833333335 0.8983740740740741 0.3575755208333333 0.9045083333333334 0.3676109375 0.903950925925926 0.37984218750000004 0.9106435185185185 0.39426822916666665 0.9112009259259259 0.39677708333333334 0.9139888888888889 0.3927 0.9396425925925925 0.40022708333333334 0.915662037037037 0.4011677083333333 0.9078546296296296 0.4046177083333333 0.8961435185185186 0.4046177083333333 0.8894509259259259 0.41151718750000005 0.8799703703703704 0.4121442708333333 0.8571064814814814 0.40744010416666665 0.8771824074074074 0.40148125 0.876625 0.3911322916666667 0.8626824074074074 0.3801557291666667 0.8548749999999999 0.368865625 0.8431638888888888 0.36980625 0.8509712962962963 0.3509895833333333 0.8492981481481481 0.33499531250000003 0.8364722222222222 0.31649218749999997 0.8208574074074073 0.30582916666666665 0.801337962962963 0.3020661458333333 0.7924157407407407 0.2986161458333333 0.7851657407407407 0.29485312500000005 0.7673203703703704 0.28889427083333336 0.7634166666666666 0.28607187500000003 0.7662046296296297
0 0.232240625 0.7090657407407408 0.23934322916666667 0.7221481481481481 0.23714791666666668 0.7355324074074074 0.24843802083333333 0.7678777777777778 0.26819583333333336 0.815837962962963 0.28356302083333335 0.8470675925925926 0.2892078125 0.8610101851851851 0.30175260416666666 0.8760666666666667 0.3080244791666667 0.8872203703703704 0.2976755208333334 0.8983740740740741 0.30990625 0.8927972222222222 0.30927916666666666 0.9017203703703703 0.3161786458333333 0.8888935185185185 0.32401874999999997 0.8755092592592593 0.32715520833333334 0.8682592592592593 0.3180604166666667 0.847625925925926 0.2954802083333333 0.8080305555555556 0.2838765625 0.7901851851851852 0.2747817708333333 0.7701083333333333 0.2587875 0.7232638888888889 0.2515744791666667 0.7121101851851851 0.2487515625 0.7126675925925926 0.24310677083333332 0.6942638888888888 0.23244374999999998 0.6920333333333333
