0 0.278125 0.37037037037037035 0.30416666666666664 0.32037037037037036 0.3140625 0.3111111111111111 0.3255208333333333 0.25925925925925924 0.309375 0.24259259259259258 0.2947916666666667 0.26944444444444443 0.2890625 0.28425925925925927 0.28802083333333334 0.29814814814814816 0.2828125 0.31851851851851853 0.25052083333333336 0.3925925925925926 0.2453125 0.42314814814814816 0.23854166666666668 0.4444444444444444 0.24010416666666667 0.4601851851851852 0.24375 0.46296296296296297 0.2484375 0.4583333333333333 0.25364583333333335 0.4398148148148148 0.2635416666666667 0.42314814814814816 0.278125 0.37037037037037035
0 0.39791666666666664 0.23796296296296296 0.4005208333333333 0.2351851851851852 0.4078125 0.24074074074074073 0.4197916666666667 0.24351851851851852 0.42604166666666665 0.2351851851851852 0.4244791666666667 0.22592592592592592 0.35104166666666664 0.16203703703703703 0.3359375 0.13796296296296295 0.32708333333333334 0.12962962962962962 0.3104166666666667 0.125 0.30416666666666664 0.13425925925925927 0.3026041666666667 0.14351851851851852 0.30416666666666664 0.15185185185185185 0.3182291666666667 0.17037037037037037 0.35104166666666664 0.19444444444444445 0.390625 0.2361111111111111 0.39791666666666664 0.23796296296296296
0 0.44427083333333334 0.29259259259259257 0.44583333333333336 0.29074074074074074 0.44479166666666664 0.2833333333333333 0.4546875 0.2712962962962963 0.4546875 0.26296296296296295 0.48072916666666665 0.1425925925925926 0.48125 0.11574074074074074 0.47604166666666664 0.10648148148148148 0.4666666666666667 0.10555555555555556 0.45260416666666664 0.1425925925925926 0.44947916666666665 0.19166666666666668 0.434375 0.2638888888888889 0.4296875 0.2759259259259259 0.42604166666666665 0.31296296296296294 0.421875 0.3296296296296296 0.42135416666666664 0.34074074074074073 0.4234375 0.3472222222222222 0.43125 0.34629629629629627 0.43854166666666666 0.3175925925925926 0.446875 0.29814814814814816 0.44427083333333334 0.29259259259259257
0 0.4984375 0.4305555555555556 0.5020833333333333 0.4324074074074074 0.50625 0.42592592592592593 0.50625 0.41574074074074074 0.5036458333333333 0.4027777777777778 0.5052083333333334 0.3787037037037037 0.5 0.3117287037037037 0.5 0.25833333333333336 0.5046875 0.21666666666666667 0.49895833333333334 0.1824074074074074 0.5010416666666667 0.17685185185185184 0.4890625 0.175 0.48125 0.1787037037037037 0.47760416666666666 0.19907407407407407 0.47760416666666666 0.23055555555555557 0.48125 0.24537037037037038 0.4822916666666667 0.337037037037037 0.48489583333333336 0.36574074074074076 0.49375 0.41944444444444445 0.4984375 0.4305555555555556
0 0.6822916666666666 0.11481481481481481 0.6895833333333333 0.11203703703703703 0.7052083333333333 0.0962962962962963 0.70625 0.07685185185185185 0.7005208333333334 0.0712962962962963 0.6880208333333333 0.07037037037037037 0.6765625 0.07314814814814814 0.6635416666666667 0.08425925925925926 0.6291666666666667 0.09444444444444444 0.609375 0.10925925925925926 0.5947916666666667 0.13703703703703704 0.5947916666666667 0.15 0.5989583333333334 0.15092592592592594 0.6114583333333333 0.13518518518518519 0.6395833333333333 0.11851851851851852 0.6557291666666667 0.11296296296296296 0.6822916666666666 0.11481481481481481
0 0.7828125 0.29444444444444445 0.790625 0.2972222222222222 0.7932291666666667 0.29074074074074074 0.7927083333333333 0.2833333333333333 0.7848958333333333 0.2657407407407407 0.7828125 0.25092592592592594 0.7729166666666667 0.22592592592592592 0.753125 0.14629629629629629 0.75 0.11481481481481481 0.7442708333333333 0.0962962962962963 0.7328125 0.07407407407407407 0.7244791666666667 0.07685185185185185 0.7182291666666667 0.08518518518518518 0.7213541666666666 0.11481481481481481 0.7416666666666667 0.1787037037037037 0.7526041666666666 0.23055555555555557 0.7671875 0.2675925925925926 0.7776041666666667 0.28055555555555556 0.7828125 0.29444444444444445
0 0.6151041666666667 0.6833333333333333 0.6239583333333333 0.6888888888888889 0.6291666666666667 0.6861111111111111 0.6255208333333333 0.6768518518518518 0.6036458333333333 0.6537037037037037 0.5755208333333334 0.6425925925925926 0.5614583333333333 0.6333333333333333 0.5557291666666667 0.6240740740740741 0.5453125 0.6166666666666667 0.5328125 0.6148148148148148 0.5276041666666667 0.6259259259259259 0.5265625 0.6305555555555555 0.5317708333333333 0.6416666666666667 0.5447916666666667 0.6555555555555556 0.5645833333333333 0.6601851851851852 0.603125 0.6814814814814815 0.6151041666666667 0.6833333333333333
0 0.4765625 0.6583333333333333 0.4942708333333333 0.6342592592592593 0.5140625 0.5833333333333334 0.5166666666666667 0.5703703703703704 0.515625 0.5638888888888889 0.509375 0.562037037037037 0.5041666666666667 0.5675925925925925 0.49583333333333335 0.5861111111111111 0.4817708333333333 0.6027777777777777 0.471875 0.6240740740740741 0.4578125 0.6444444444444445 0.4328125 0.6675925925925926 0.4234375 0.6611111111111111 0.40677083333333336 0.6888888888888889 0.39791666666666664 0.7046296296296296 0.40572916666666664 0.7277777777777777 0.415625 0.7277777777777777 0.43072916666666666 0.7175925925925926 0.4546875 0.6814814814814815 0.4765625 0.6583333333333333
0 0.6208333333333333 0.8842592592592593 0.6255208333333333 0.8768518518518519 0.6229166666666667 0.8712962962962963 0.575 0.8703703703703703 0.559375 0.8657407407407407 0.546875 0.8490740740740741 0.53125 0.8407407407407408 0.5171875 0.8407407407407408 0.5135416666666667 0.850925925925926 0.5130208333333334 0.8601851851851852 0.5255208333333333 0.8796296296296297 0.5338541666666666 0.8861111111111111 0.5578125 0.8925925925925926 0.6005208333333333 0.8953703703703704 0.6208333333333333 0.8842592592592593
0 0.5776041666666667 0.8092592592592592 0.6104166666666667 0.7824074074074074 0.621875 0.7675925925925926 0.634375 0.7574074074074074 0.6364583333333333 0.75 0.634375 0.7462962962962963 0.6302083333333334 0.7462962962962963 0.6119791666666666 0.7564814814814815 0.5760416666666667 0.787962962962963 0.5651041666666666 0.7944444444444444 0.5604166666666667 0.7935185185185185 0.5453125 0.8148148148148148 0.5432291666666667 0.8277777777777777 0.546875 0.8379629629629629 0.5598958333333334 0.8361111111111111 0.5682291666666667 0.8268518518518518 0.5713541666666667 0.8175925925925925 0.5776041666666667 0.8092592592592592
0 0.3703125 0.7712962962962963 0.38229166666666664 0.7870370370370371 0.3885416666666667 0.8009259259259259 0.39114583333333336 0.799074074074074 0.38958333333333334 0.7851851851851852 0.3729166666666667 0.7472222222222222 0.3458333333333333 0.725925925925926 0.3307291666666667 0.7185185185185186 0.309375 0.7138888888888889 0.30104166666666665 0.7064814814814815 0.27291666666666664 0.712037037037037 0.2677083333333333 0.7222222222222222 0.26927083333333335 0.7407407407407407 0.2734375 0.7472222222222222 0.28802083333333334 0.7546296296296297 0.321875 0.7490740740740741 0.346875 0.7509259259259259 0.3703125 0.7712962962962963
0 0.39375 0.9222222222222223 0.4078125 0.9305555555555556 0.415625 0.9277777777777778 0.4171875 0.9231481481481482 0.4119791666666667 0.9074074074074074 0.39739583333333334 0.8972222222222223 0.3927083333333333 0.887962962962963 0.34270833333333334 0.8629629629629629 0.3229166666666667 0.8407407407407408 0.30364583333333334 0.8037037037037037 0.2838541666666667 0.7814814814814814 0.2713541666666667 0.7777777777777778 0.26458333333333334 0.7870370370370371 0.2625 0.7944444444444444 0.26197916666666665 0.8074074074074075 0.265625 0.8212962962962963 0.2869791666666667 0.8592592592592593 0.3255208333333333 0.8935185185185185 0.37552083333333336 0.9222222222222223 0.39375 0.9222222222222223
0 0.49270833333333336 0.7953703703703704 0.5145833333333333 0.7935185185185185 0.5213541666666667 0.7814814814814814 0.5229166666666667 0.7712962962962963 0.521875 0.7666666666666667 0.49375 0.7453703703703703 0.4864583333333333 0.7537037037037037 0.46041666666666664 0.7537037037037037 0.4265625 0.7425925925925926 0.40625 0.7416666666666667 0.40520833333333334 0.7490740740740741 0.40729166666666666 0.7592592592592593 0.4203125 0.7712962962962963 0.4348958333333333 0.7777777777777778 0.478125 0.7842592592592592 0.49270833333333336 0.7953703703703704
0 0.5083333333333333 0.8333333333333334 0.5208333333333334 0.825925925925926 0.5442708333333334 0.7824074074074074 0.553125 0.774074074074074 0.5609375 0.7546296296296297 0.5666666666666667 0.7277777777777777 0.55625 0.7138888888888889 0.5447916666666667 0.7240740740740741 0.5359375 0.737037037037037 0.5234375 0.7805555555555556 0.5140625 0.8037037037037037 0.4666666666666667 0.8527777777777777 0.4666666666666667 0.8583333333333333 0.4708333333333333 0.8601851851851852 0.4895833333333333 0.8527777777777777 0.49322916666666666 0.8435185185185186 0.5015625 0.8453703703703703 0.5083333333333333 0.8333333333333334
0 0.8463541666666666 0.3055555555555556 0.8453125 0.29814814814814816 0.840625 0.2972222222222222 0.8253473958333333 0.31296296296296294 0.7984375 0.3111111111111111 0.7838541666666666 0.30092592592592593 0.7765625 0.3 0.7552083333333334 0.2796296296296296 0.7463541666666667 0.26296296296296295 0.7354166666666667 0.2574074074074074 0.7140625 0.25833333333333336 0.7088541666666667 0.2712962962962963 0.7083333333333334 0.2824074074074074 0.7244791666666667 0.3037037037037037 0.8020833333333334 0.34629629629629627 0.821875 0.3435185185185185 0.8416666666666667 0.31851851851851853 0.8463541666666666 0.3055555555555556
0 0.5881296875 0.21539166666666665 0.5865442708333333 0.2356861111111111 0.5973276041666666 0.23004907407407407 0.6043052083333333 0.24921574074074077 0.6103317708333333 0.28022037037037034 0.6223838541666668 0.33264814814814814 0.6306302083333333 0.3411037037037037 0.6331677083333334 0.36027037037037035 0.639828125 0.3687268518518519 0.6445859375 0.35125092592592594 0.6363395833333333 0.33772129629629627 0.638559375 0.3303925925925926 0.6366567708333334 0.31629999999999997 0.6201640625 0.27345555555555556 0.6154062499999999 0.2328675925925926 0.6119177083333334 0.19453333333333334 0.6017682291666666 0.1708564814814815 0.6071598958333334 0.1522537037037037 0.5973276041666666 0.16916574074074076 0.590984375 0.17367592592592593 0.5817864583333333 0.16521944444444445 0.5808348958333334 0.16240092592592592 0.5802005208333333 0.16747407407407408 0.590984375 0.17931296296296295 0.5859098958333333 0.19115092592592595 0.5881296875 0.21539166666666665
0 0.6639328125 0.361962037037037 0.6728135416666666 0.4093148148148148 0.6680562499999999 0.3580157407407407 0.6737651041666666 0.3405398148148148 0.6696421874999999 0.3202453703703704 0.6544177083333333 0.3005148148148148 0.639828125 0.2740194444444444 0.6309473958333334 0.22384722222222223 0.6249213541666666 0.18495 0.619846875 0.18495 0.61794375 0.1562 0.6147718750000001 0.15056203703703705 0.608384375 0.1505824074074074 0.6084286458333333 0.17198425925925925 0.6100145833333334 0.1917148148148148 0.6214322916666667 0.28247592592592596 0.639828125 0.33264814814814814 0.6534666666666666 0.3506870370370371 0.6639328125 0.361962037037037
0 0.6700182291666666 0.3222888888888889 0.6801921875 0.3484787037037037 0.7149239583333333 0.3690555555555555 0.748603125 0.3790324074074074 0.7514098958333334 0.3690555555555555 0.7324651041666667 0.3547138888888889 0.7222911458333333 0.33725462962962965 0.7015927083333333 0.328525 0.6770348958333333 0.30233518518518515 0.6759822916666667 0.28175833333333333 0.6651067708333334 0.25993333333333335 0.6577395833333333 0.2493333333333333 0.655634375 0.2362388888888889 0.6563359375 0.1894722222222222 0.6507229166666666 0.2200259259259259 0.6531786458333334 0.23997962962962963 0.6493197916666666 0.24434444444444445 0.6430046875 0.25307407407407406 0.6345848958333333 0.26305185185185187 0.6433557291666666 0.26305185185185187 0.6458114583333334 0.28238148148148146 0.6563359375 0.30607685185185185 0.6700182291666666 0.3222888888888889
0 0.8226276041666666 0.4494944444444445 0.8317489583333334 0.45261203703703706 0.8338541666666667 0.4710435185185185 0.8306963541666667 0.4978564814814814 0.8412213541666667 0.47416111111111114 0.8359588541666666 0.4473490740740741 0.8394671875 0.43238333333333334 0.8398182291666667 0.42178333333333334 0.8520968750000001 0.39060555555555554 0.8510442708333333 0.3482037037037037 0.8405197916666667 0.33012037037037034 0.8475364583333334 0.3793814814814815 0.8373619791666667 0.4136768518518519 0.8219260416666666 0.39497037037037036 0.809646875 0.3943462962962963 0.7998239583333333 0.3675333333333333 0.7994729166666666 0.39060555555555554 0.7735119791666667 0.3887342592592593 0.7496557291666667 0.3775101851851852 0.714265625 0.373362037037037 0.7415869791666666 0.39337407407407404 0.7714067708333334 0.42330555555555555 0.7892989583333333 0.4320351851851852 0.7819317708333333 0.4551064814814815 0.8040338541666666 0.447 0.8226276041666666 0.4494944444444445
0 0.782984375 0.5902157407407407 0.80824375 0.5883453703703704 0.8145583333333334 0.5733805555555556 0.8145583333333334 0.5521796296296296 0.8040338541666666 0.5390842592592593 0.7840364583333332 0.5334722222222222 0.7721088541666667 0.5153898148148148 0.7710562500000001 0.5390842592592593 0.7257994791666668 0.5434490740740741 0.70475 0.5428259259259259 0.6826479166666667 0.5446962962962963 0.660896875 0.5609092592592593 0.6619494791666667 0.5658972222222222 0.6468635416666667 0.5740037037037037 0.6426536458333333 0.5839805555555555 0.6451503916666667 0.5939648629629629 0.6573885416666666 0.5964518518518519 0.6633526041666666 0.5870981481481482 0.679490625 0.5939574074074074 0.7043994791666666 0.5783685185185186 0.7370260416666666 0.575874074074074 0.7686005208333333 0.5852277777777778 0.7640395833333333 0.6089231481481481 0.782984375 0.5902157407407407
0 0.8205223958333333 0.7093148148148147 0.8264864583333333 0.7224101851851852 0.8324505208333334 0.7417398148148148 0.8398182291666667 0.7417398148148148 0.8391161458333334 0.7217861111111111 0.8377130208333334 0.699962037037037 0.8345557291666666 0.6507009259259259 0.8352572916666666 0.5983222222222222 0.8405197916666667 0.585850925925926 0.8429755208333333 0.5877222222222223 0.8415723958333333 0.5602851851851851 0.83490625 0.532849074074074 0.8380640625000001 0.521625 0.8313984375000001 0.5291074074074075 0.8219260416666666 0.5278601851851852 0.8089453125 0.5185074074074074 0.8074307291666667 0.5165314814814815 0.8177161458333334 0.5309787037037037 0.8089453125 0.5509324074074073 0.8149093749999999 0.597075 0.8177161458333334 0.6401009259259259 0.8149093749999999 0.6737722222222222 0.8205223958333333 0.7093148148148147
