0 0.7067708333333333 0.4824074074074074 0.7072916666666667 0.49537037037037035 0.7161458333333334 0.5037037037037037 0.728125 0.47962962962962963 0.7354166666666667 0.44074074074074077 0.7515625 0.3851851851851852 0.7536458333333333 0.3648148148148148 0.7588541666666667 0.3472222222222222 0.7588541666666667 0.3416666666666667 0.7567708333333333 0.3388888888888889 0.7515625 0.34074074074074073 0.7463541666666667 0.35648148148148145 0.7395833333333334 0.3685185185185185 0.7296875 0.3990740740740741 0.7213541666666666 0.43425925925925923 0.7114583333333333 0.45925925925925926
0 0.7932291666666667 0.4351851851851852 0.7953125 0.47962962962962963 0.7942708333333334 0.5018518518518519 0.7864583333333334 0.5444444444444444 0.78125 0.5592592592592592 0.78125 0.5675925925925925 0.784375 0.5712962962962963 0.7890625 0.5675925925925925 0.8067708333333333 0.5055555555555555 0.8109375 0.462037037037037 0.8171875 0.4324074074074074 0.8171875 0.4074074074074074 0.8104166666666667 0.4 0.803125 0.4009259259259259 0.7953125 0.42314814814814816
0 0.30104166666666665 0.5203703703703704 0.3020833333333333 0.5287037037037037 0.30625 0.5287037037037037 0.32395833333333335 0.5055555555555555 0.35104166666666664 0.47685185185185186 0.36875 0.462037037037037 0.3765625 0.44722222222222224 0.3770833333333333 0.4324074074074074 0.3729166666666667 0.425 0.36666666666666664 0.425 0.35885416666666664 0.43148148148148147 0.3359375 0.4722222222222222 0.3182291666666667 0.4925925925925926
0 0.315625 0.6194444444444445 0.3140625 0.6305555555555555 0.31927083333333334 0.6435185185185185 0.3296875 0.6564814814814814 0.34375 0.6638888888888889 0.3776041666666667 0.7111111111111111 0.3875 0.7314814814814815 0.38958333333333334 0.7305555555555555 0.39010416666666664 0.7231481481481481 0.38333333333333336 0.7 0.36875 0.6694444444444444 0.35989583333333336 0.6601851851851852 0.33645833333333336 0.6231481481481481 0.3229166666666667 0.6138888888888889 0.3177083333333333 0.6138888888888889
0 0.6078125 0.8314814814814815 0.6104166666666667 0.8444444444444444 0.6151041666666667 0.8518518518518519 0.6239583333333333 0.8564814814814815 0.6296875 0.8564814814814815 0.6453125 0.8481481481481481 0.6822916666666666 0.8416666666666667 0.6895833333333333 0.8444444444444444 0.7026041666666667 0.8379629629629629 0.7010416666666667 0.8342592592592593 0.6817708333333333 0.825925925925926 0.6697916666666667 0.8222222222222222 0.6572916666666667 0.8240740740740741 0.6541666666666667 0.8203703703703704 0.6421875 0.8231481481481482 0.6348958333333333 0.8157407407407408 0.6151041666666667 0.8231481481481482
0 0.31145833333333334 0.6944444444444444 0.31302083333333336 0.7111111111111111 0.321875 0.725925925925926 0.3921875 0.7768518518518519 0.396875 0.7777777777777778 0.39947916666666666 0.774074074074074 0.396875 0.7657407407407407 0.3875 0.7574074074074074 0.3770833333333333 0.7416666666666667 0.346875 0.7212962962962963 0.3302083333333333 0.6944444444444444 0.31927083333333334 0.6888888888888889 0.3145833333333333 0.6888888888888889
0 0.5546875 0.512962962962963 0.5546875 0.5212962962962963 0.5755208333333334 0.55 0.6046875 0.5833333333333334 0.6083333333333333 0.5916666666666667 0.6072916666666667 0.5953703703703703 0.6239583333333333 0.6083333333333333 0.634375 0.612037037037037 0.6369791666666667 0.6101851851851852 0.6390625 0.5953703703703703 0.6302083333333334 0.575925925925926 0.6098958333333333 0.5648148148148148 0.5859375 0.5333333333333333 0.5635416666666667 0.512962962962963
0 0.6109375 0.5175925925925926 0.6098958333333333 0.5212962962962963 0.6114583333333333 0.5259259259259259 0.6223958333333334 0.5333333333333333 0.6588541666666666 0.5481481481481482 0.678125 0.5685185185185185 0.6942708333333333 0.5712962962962963 0.696875 0.5694444444444444 0.6994791666666667 0.5611111111111111 0.7 0.5518518518518518 0.6979166666666666 0.5472222222222223 0.6848958333333334 0.5370370370370371 0.6588541666666666 0.5314814814814814 0.6359375 0.5185185185185185
0 0.5057291666666667 0.4009259259259259 0.5010416666666667 0.4111111111111111 0.5015625 0.4203703703703704 0.5067708333333333 0.41944444444444445 0.5401041666666667 0.36666666666666664 0.5677083333333334 0.337037037037037 0.5723958333333333 0.32407407407407407 0.5713541666666667 0.3 0.56875 0.2962962962962963 0.5635416666666667 0.2962962962962963 0.553125 0.30833333333333335 0.5390625 0.3453703703703704
0 0.5723958333333333 0.2861111111111111 0.571875 0.3111111111111111 0.5760416666666667 0.39166666666666666 0.5817708333333333 0.40925925925925927 0.5916666666666667 0.40925925925925927 0.5947916666666667 0.4046296296296296 0.5963541666666666 0.37777777777777777 0.5953125 0.3675925925925926 0.5890625 0.34814814814814815 0.5859375 0.3212962962962963 0.5838541666666667 0.2388888888888889 0.58125 0.2324074074074074 0.5760416666666667 0.23333333333333334 0.5744791666666667 0.23796296296296296
0 0.6151041666666667 0.3888888888888889 0.6119791666666666 0.41574074074074074 0.6083333333333333 0.4287037037037037 0.6083333333333333 0.43425925925925923 0.6104166666666667 0.43703703703703706 0.6151041666666667 0.43333333333333335 0.6234375 0.4083333333333333 0.6307291666666667 0.38333333333333336 0.634375 0.3611111111111111 0.6390625 0.34814814814814815 0.6536458333333334 0.3175925925925926 0.65625 0.30277777777777776 0.6463541666666667 0.28055555555555556 0.6447916666666667 0.29259259259259257 0.6390625 0.29814814814814816 0.63125 0.3138888888888889 0.6276041666666666 0.34444444444444444
0 0.5338541666666666 0.07962962962962963 0.5322916666666667 0.1 0.5385416666666667 0.14537037037037037 0.540625 0.20092592592592592 0.5463541666666667 0.2351851851851852 0.5515625 0.25092592592592594 0.553125 0.26944444444444443 0.5557291666666667 0.2759259259259259 0.5614583333333333 0.2777777777777778 0.5640625 0.275 0.5651041666666666 0.26666666666666666 0.5604166666666667 0.2388888888888889 0.5526041666666667 0.16203703703703703 0.5536458333333333 0.12777777777777777 0.5567708333333333 0.11203703703703703 0.55625 0.09351851851851851 0.553125 0.075 0.5489583333333333 0.06574074074074074 0.540625 0.06388888888888888 0.5369791666666667 0.06666666666666667
0 0.5989583333333334 0.06759259259259259 0.5994791666666667 0.07777777777777778 0.6041666666666666 0.08055555555555556 0.6541666666666667 0.05185185185185185 0.6739583333333333 0.05277777777777778 0.6890625 0.06481481481481481 0.7104166666666667 0.05277777777777778 0.7140625 0.044444444444444446 0.7135416666666666 0.032407407407407406 0.715625 0.021296296296296296 0.6973958333333333 0.013888888888888888 0.6838541666666667 0.013888888888888888 0.6744791666666666 0.020370370370370372 0.659375 0.022222222222222223 0.653125 0.027777777777777776 0.6296875 0.03796296296296296
0 0.39947916666666666 0.6092592592592593 0.4041666666666667 0.6527777777777778 0.421875 0.7537037037037037 0.4239583333333333 0.7833333333333333 0.4276041666666667 0.799074074074074 0.4375 0.8203703703703704 0.4390625 0.8333333333333334 0.44375 0.8305555555555556 0.446875 0.8342592592592593 0.45208333333333334 0.825925925925926 0.453125 0.8175925925925925 0.4510416666666667 0.7861111111111111 0.4479166666666667 0.7685185185185185 0.4317708333333333 0.7148148148148148 0.4244791666666667 0.6583333333333333 0.41770833333333335 0.6342592592592593 0.4088541666666667 0.6092592592592593 0.4046875 0.6046296296296296
0 0.43854166666666666 0.8240740740740741 0.43802083333333336 0.8333333333333334 0.4401041666666667 0.8388888888888889 0.4473958333333333 0.8481481481481481 0.4578125 0.8546296296296296 0.4630208333333333 0.850925925925926 0.4869791666666667 0.850925925925926 0.5229166666666667 0.8583333333333333 0.5291666666666667 0.8546296296296296 0.525 0.8481481481481481 0.5015625 0.8333333333333334 0.4822916666666667 0.8305555555555556 0.4552083333333333 0.8157407407407408 0.4432291666666667 0.825
0 0.7155713541666666 0.022024074074074074 0.7248114583333333 0.017263888888888888 0.7291739583333333 0.017263888888888888 0.7335369791666667 0.032777777777777774 0.7390895833333333 0.048996296296296295 0.7402796875 0.07438240740740741 0.7398828125 0.09060185185185185 0.7402796875 0.10964166666666667 0.7410729166666666 0.1449 0.7394864583333334 0.16252962962962964 0.7367098958333334 0.10188425925925926 0.7295708333333334 0.07790833333333334 0.7192583333333334 0.060279629629629634 0.7144989583333333 0.05393240740740741 0.7125161458333333 0.041944444444444444
0 0.7448364583333333 0.030272222222222225 0.7386932291666667 0.03841851851851852 0.7406760416666667 0.0631 0.7418661458333333 0.08848611111111111 0.7394864583333334 0.11246203703703704 0.7410729166666666 0.1336175925925926 0.7402796875 0.16111944444444443 0.7390895833333333 0.17663333333333334 0.7382963541666666 0.19285185185185186 0.7386932291666667 0.20836574074074074 0.7434526041666667 0.21048148148148146 0.7501947916666667 0.18297962962962963 0.7557479166666667 0.13925925925925928 0.7549546874999999 0.09976944444444445 0.7549546874999999 0.0694462962962963 0.7593171875 0.048290740740740745 0.757334375 0.029956481481481483 0.7497984375000001 0.022199999999999998
0 0.41235937500000003 0.5774546296296296 0.42006875000000005 0.5725592592592593 0.4310822916666667 0.5681537037037037 0.4398932291666667 0.576475925925926 0.4561380208333333 0.5779444444444444 0.47899114583333335 0.5701120370370371 0.4902796875 0.5676638888888889 0.5029453125 0.5652166666666666 0.49688802083333333 0.5759861111111112 0.47761458333333334 0.5833296296296296 0.45779010416666666 0.5936092592592592 0.43824114583333335 0.5999740740740741 0.42943020833333334 0.6053583333333333 0.4151125 0.6009527777777778 0.40960572916666665 0.5916518518518519
0 0.42787760416666665 0.6055037037037037 0.42117031250000003 0.6185759259259259 0.42309739583333333 0.6313037037037037 0.42695208333333334 0.6401157407407407 0.44264635416666664 0.6396259259259259 0.44595052083333336 0.6308148148148148 0.45448593750000005 0.6136805555555556 0.4668760416666667 0.6038898148148149 0.47596249999999996 0.5965472222222222 0.48559895833333333 0.5867564814814815 0.4966125 0.5803925925925926 0.4927578125 0.576475925925926 0.46852812499999996 0.5857768518518519 0.45476145833333337 0.5960574074074074 0.43961770833333336 0.5999740740740741
0 0.4439822916666667 0.6389787037037037 0.4448489583333333 0.6528435185185185 0.4509067708333333 0.6577388888888889 0.4602682291666667 0.65725 0.46935416666666663 0.6415842592592592 0.4781651041666667 0.6239611111111112 0.4869760416666667 0.609275 0.49854010416666666 0.5989944444444444 0.5095536458333333 0.5857768518518519 0.5200166666666667 0.567175 0.5310296875 0.5480824074074074 0.5304791666666666 0.5343759259259259 0.519190625 0.5505305555555555 0.5172630208333333 0.5568944444444445 0.5103796875 0.555425925925926 0.5004671875000001 0.5759861111111112 0.4828458333333333 0.594099074074074 0.46770208333333335 0.6053583333333333 0.4555875 0.6146601851851852 0.448153125 0.6268981481481481
0 0.22182864583333334 0.36751296296296293 0.21634322916666668 0.38408240740740746 0.21911875 0.4038175925925926 0.22466875 0.4235537037037037 0.22559374999999998 0.44493518518518516 0.22744375 0.4696046296296296 0.2343817708333333 0.4959194444444444 0.24085677083333332 0.5255240740740741 0.25288229166666665 0.528812962962963 0.24178177083333333 0.5033203703703704 0.23854427083333332 0.46467129629629633 0.2343817708333333 0.42519907407407403 0.23715677083333334 0.40546296296296297 0.23669427083333333 0.3750361111111111 0.2320692708333333 0.36105648148148145
0 0.22474166666666667 0.5014333333333333 0.21634322916666668 0.5131888888888889 0.21911875 0.5353916666666666 0.22929375000000002 0.5501935185185185 0.2343817708333333 0.55595 0.24316927083333334 0.5691074074074074 0.24918229166666667 0.5863768518518518 0.25750729166666664 0.6011787037037037 0.2662953125 0.6135138888888889 0.2769333333333333 0.6283157407407407 0.28572135416666666 0.629137962962963 0.2866463541666667 0.6192703703703704 0.2736958333333333 0.6028231481481481 0.2598203125 0.5756861111111111 0.24594479166666666 0.5575944444444444 0.24178177083333333 0.5255240740740741 0.2343817708333333 0.5098990740740741
0 0.3038192708333333 0.034824999999999995 0.3116875 0.03373981481481481 0.32035677083333336 0.036174074074074074 0.3326760416666667 0.04753148148148149 0.34134479166666665 0.06213333333333333 0.35685833333333333 0.06618888888888888 0.36826510416666663 0.07511296296296296 0.381496875 0.0824138888888889 0.39107864583333335 0.08647037037037038 0.3956411458333333 0.09701574074074074 0.3929036458333333 0.10107222222222223 0.37282760416666666 0.09133703703703704 0.35685833333333333 0.08565833333333332 0.3399760416666667 0.07511296296296296 0.32491927083333333 0.0718675925925926 0.31396875 0.0726787037037037 0.30073697916666664 0.06618888888888888 0.2938927083333333 0.056454629629629625 0.2975432291666667 0.04509722222222222
0 0.3415916666666667 0.02387592592592593 0.33450104166666667 0.0329287037037037 0.33769479166666666 0.04509722222222222 0.34545156250000003 0.05807685185185185 0.35913958333333335 0.061322222222222215 0.3732838541666667 0.06943425925925927 0.38651562500000003 0.08403611111111112 0.39746614583333334 0.09133703703703704 0.40750416666666667 0.10188333333333334 0.41891093749999997 0.11648518518518519 0.4275802083333333 0.12459814814814815 0.42803645833333337 0.10999537037037037 0.41526093750000004 0.09214814814814815 0.39883489583333337 0.07349074074074075 0.39016614583333337 0.06456666666666666 0.378303125 0.05807685185185185 0.36735260416666665 0.045908333333333336 0.36278958333333333 0.03698518518518519 0.3536645833333333 0.028873148148148148
0 0.3760791666666667 0.02168611111111111 0.36689635416666666 0.03211759259259259 0.3710026041666667 0.0483425925925926 0.381953125 0.061322222222222215 0.38925364583333333 0.061322222222222215 0.39655364583333336 0.06051111111111111 0.4038541666666667 0.05969907407407407 0.4120671875 0.06294444444444444 0.4225614583333333 0.055643518518518516 0.43807447916666664 0.04266388888888889 0.44400572916666664 0.023194444444444445 0.45221875 0.0037249999999999996 0.4449182291666667 0.0029138888888888886 0.43259895833333334 0.019137962962962964 0.42393020833333334 0.03941851851851852 0.4097854166666667 0.045908333333333336 0.39974791666666665 0.04104166666666667 0.3956411458333333 0.030495370370370374 0.3938161458333333 0.025627777777777777 0.38742812499999996 0.023194444444444445 0.381953125 0.021572222222222222
0 0.4573630208333333 0.07496944444444445 0.4499416666666667 0.06618888888888888 0.4421848958333333 0.06213333333333333 0.4389911458333334 0.051587037037037035 0.43990364583333336 0.04428611111111111 0.4430973958333333 0.0329287037037037 0.45131041666666666 0.03211759259259259 0.45815416666666664 0.04266388888888889 0.4622609375 0.05320925925925926 0.4654546875 0.06375555555555555 0.4741239583333333 0.06862314814814814 0.48279322916666667 0.08565833333333332 0.4910057291666667 0.09539351851851853 0.499675 0.11648518518518519 0.5124505208333333 0.13108796296296296 0.5197510416666666 0.13595462962962962 0.5170135416666667 0.14406759259259258 0.5056067708333333 0.13595462962962962 0.49283125 0.13271018518518518 0.48461822916666664 0.11242962962962963 0.47868645833333334 0.09701574074074074 0.4677359375 0.083225
0 0.44422500000000004 0.02387592592592593 0.45359166666666667 0.024816666666666667 0.4622609375 0.026438888888888887 0.4713864583333333 0.04104166666666667 0.4800552083333333 0.055643518518518516 0.4878119791666667 0.06862314814814814 0.4951125 0.07835740740740742 0.5042375 0.0824138888888889 0.5101692708333333 0.08890370370370371 0.5161010416666667 0.0937712962962963 0.5192947916666667 0.10107222222222223 0.5220322916666666 0.11242962962962963 0.5174697916666667 0.12540925925925928 0.5101692708333333 0.12540925925925928 0.5005875000000001 0.11648518518518519 0.49191822916666667 0.10107222222222223 0.4855307291666667 0.08484722222222223 0.4795989583333334 0.07592407407407407 0.4713864583333333 0.06700092592592594 0.4622609375 0.05807685185185185 0.4586104166666667 0.04185277777777778 0.4531354166666667 0.03211759259259259 0.4449223958333333 0.031306481481481484
