0 0.234375 0.2 0.23385416666666667 0.20925925925925926 0.2359375 0.21296296296296297 0.23958333333333334 0.21296296296296297 0.2421875 0.20833333333333334 0.2453125 0.18981481481481483 0.2640625 0.12314814814814815 0.271875 0.1037037037037037 0.27447916666666666 0.08333333333333333 0.27291666666666664 0.05925925925925926 0.2671875 0.05555555555555555 0.2609375 0.05648148148148148 0.2578125 0.06018518518518518 0.25364583333333335 0.075 0.246875 0.13055555555555556
0 0.3260416666666667 0.16574074074074074 0.32395833333333335 0.18055555555555555 0.31927083333333334 0.1935185185185185 0.32135416666666666 0.2037037037037037 0.3255208333333333 0.20092592592592592 0.33541666666666664 0.1814814814814815 0.3458333333333333 0.15833333333333333 0.3484375 0.14351851851851852 0.35572916666666665 0.12407407407407407 0.3692708333333333 0.09814814814814815 0.37552083333333336 0.07592592592592592 0.3734375 0.06111111111111111 0.3651041666666667 0.05648148148148148 0.353125 0.07407407407407407
0 0.43697916666666664 0.023148148148148147 0.43645833333333334 0.032407407407407406 0.4395833333333333 0.03611111111111111 0.46510416666666665 0.049074074074074076 0.5010416666666667 0.05648148148148148 0.5098958333333333 0.06759259259259259 0.5296875 0.06944444444444445 0.5338541666666666 0.06574074074074074 0.5375 0.05185185185185185 0.5369791666666667 0.044444444444444446 0.5302083333333333 0.03148148148148148 0.5145833333333333 0.020370370370370372 0.4786458333333333 0.018518518518518517 0.45625 0.022222222222222223 0.44166666666666665 0.019444444444444445
0 0.5463541666666667 0.019444444444444445 0.5453125 0.025925925925925925 0.546875 0.028703703703703703 0.5645833333333333 0.041666666666666664 0.6 0.05 0.6140625 0.06296296296296296 0.6322916666666667 0.06388888888888888 0.634375 0.062037037037037036 0.6359375 0.05185185185185185 0.6328125 0.037037037037037035 0.621875 0.025 0.6114583333333333 0.020370370370370372
0 0.6515625 0.05648148148148148 0.6494791666666667 0.06018518518518518 0.65 0.06481481481481481 0.6541666666666667 0.06851851851851852 0.7244791666666667 0.06666666666666667 0.7401041666666667 0.06111111111111111 0.7473958333333334 0.05185185185185185 0.7479166666666667 0.04351851851851852 0.7442708333333333 0.028703703703703703 0.7333333333333333 0.021296296296296296 0.7197916666666667 0.024074074074074074
0 0.7203125 0.21203703703703702 0.7203125 0.22037037037037038 0.7239583333333334 0.225 0.7546875 0.21203703703703702 0.7859375 0.18425925925925926 0.803125 0.17314814814814813 0.8145833333333333 0.1574074074074074 0.8145833333333333 0.14722222222222223 0.8098958333333334 0.13703703703703704 0.7942708333333334 0.14074074074074075 0.7869791666666667 0.14629629629629629 0.7703125 0.16944444444444445
0 0.7947916666666667 0.3416666666666667 0.7942708333333334 0.3731481481481482 0.7989583333333333 0.3787037037037037 0.80625 0.38055555555555554 0.815625 0.3592592592592593 0.8208333333333333 0.3287037037037037 0.821875 0.24537037037037038 0.8192708333333333 0.2074074074074074 0.8171875 0.20092592592592592 0.8125 0.20092592592592592 0.8088541666666667 0.20833333333333334 0.8041666666666667 0.28888888888888886 0.8 0.3212962962962963
0 0.734375 0.4546296296296296 0.734375 0.4638888888888889 0.7473958333333334 0.487962962962963 0.7583333333333333 0.5009259259259259 0.78125 0.5175925925925926 0.7942708333333334 0.5314814814814814 0.8177083333333334 0.5398148148148149 0.8192708333333333 0.5185185185185185 0.8119791666666667 0.5064814814814815 0.7989583333333333 0.49722222222222223 0.7828125 0.49444444444444446 0.7484375 0.4648148148148148 0.740625 0.4537037037037037
0 0.5901041666666667 0.537962962962963 0.5895833333333333 0.5527777777777778 0.5916666666666667 0.562037037037037 0.6078125 0.562037037037037 0.6166666666666667 0.5564814814814815 0.6260416666666667 0.5444444444444444 0.6770833333333334 0.5092592592592593 0.6817708333333333 0.5 0.6786458333333333 0.4935185185185185 0.6536458333333334 0.49907407407407406 0.6239583333333333 0.5194444444444445 0.6109375 0.5203703703703704
0 0.5942708333333333 0.35555555555555557 0.5932291666666667 0.3814814814814815 0.5989583333333334 0.3824074074074074 0.6067708333333334 0.3592592592592593 0.61875 0.3037037037037037 0.6322916666666667 0.262037037037037 0.634375 0.2361111111111111 0.6322916666666667 0.21666666666666667 0.6296875 0.21388888888888888 0.6151041666666667 0.2111111111111111 0.615625 0.22314814814814815 0.6098958333333333 0.25277777777777777 0.609375 0.2861111111111111
0 0.6708333333333333 0.85 0.6703125 0.8574074074074074 0.675 0.8601851851851852 0.696875 0.8638888888888889 0.725 0.8611111111111112 0.7510416666666667 0.8351851851851851 0.7583333333333333 0.8222222222222222 0.7598958333333333 0.8101851851851852 0.7557291666666667 0.8018518518518518 0.7447916666666666 0.8018518518518518 0.73125 0.812037037037037 0.728125 0.8212962962962963 0.7208333333333333 0.8305555555555556 0.7010416666666667 0.8351851851851851
0 0.6229166666666667 0.8472222222222222 0.6223958333333334 0.8564814814814815 0.625 0.8611111111111112 0.6296875 0.8611111111111112 0.6385416666666667 0.8490740740740741 0.65 0.8416666666666667 0.653125 0.8324074074074074 0.6739583333333333 0.8046296296296296 0.684375 0.7935185185185185 0.7046875 0.7796296296296297 0.7114583333333333 0.7685185185185185 0.7166666666666667 0.7518518518518519 0.7130208333333333 0.7462962962962963 0.7119791666666667 0.7324074074074074 0.7057291666666666 0.7314814814814815 0.6927083333333334 0.7407407407407407 0.6760416666666667 0.7712962962962963 0.6541666666666667 0.7953703703703704 0.6369791666666667 0.8222222222222222 0.6322916666666667 0.8361111111111111
0 0.4421875 0.8148148148148148 0.44114583333333335 0.8240740740740741 0.4432291666666667 0.8296296296296296 0.4479166666666667 0.8305555555555556 0.4588541666666667 0.8425925925925926 0.48333333333333334 0.8472222222222222 0.49583333333333335 0.8592592592592593 0.5109375 0.8787037037037037 0.509375 0.8888888888888888 0.5171875 0.8888888888888888 0.5260416666666666 0.8777777777777778 0.5359375 0.8453703703703703 0.5296875 0.8388888888888889 0.5296875 0.8296296296296296 0.5244791666666667 0.8314814814814815 0.5145833333333333 0.8203703703703704 0.50625 0.8166666666666667 0.50625 0.8138888888888889 0.4890625 0.8194444444444444
0 0.22239583333333332 0.7175925925925926 0.221875 0.7305555555555555 0.228125 0.7416666666666667 0.25677083333333334 0.7657407407407407 0.2833333333333333 0.7814814814814814 0.3026041666666667 0.7842592592592592 0.30625 0.7787037037037037 0.3026041666666667 0.7685185185185185 0.259375 0.7388888888888889 0.2515625 0.7185185185185186 0.22864583333333333 0.7083333333333334 0.22447916666666667 0.7111111111111111
0 0.3182291666666667 0.8444444444444444 0.3182291666666667 0.8546296296296296 0.321875 0.8666666666666667 0.33958333333333335 0.8601851851851852 0.3770833333333333 0.8148148148148148 0.3921875 0.7787037037037037 0.39427083333333335 0.7592592592592593 0.3885416666666667 0.7592592592592593 0.3875 0.7657407407407407 0.37864583333333335 0.7824074074074074 0.36354166666666665 0.8046296296296296 0.34270833333333334 0.8231481481481482 0.3296875 0.8277777777777777
0 0.3494791666666667 0.24537037037037038 0.3494791666666667 0.25833333333333336 0.3536458333333333 0.2657407407407407 0.3734375 0.2814814814814815 0.4041666666666667 0.29074074074074074 0.4192708333333333 0.30277777777777776 0.4322916666666667 0.30648148148148147 0.44583333333333336 0.3055555555555556 0.46041666666666664 0.3101851851851852 0.465625 0.30277777777777776 0.4630208333333333 0.29074074074074074 0.4005208333333333 0.2638888888888889 0.38958333333333334 0.25462962962962965 0.38229166666666664 0.23981481481481481 0.36875 0.23425925925925925 0.3567708333333333 0.23425925925925925
0 0.2140625 0.3712962962962963 0.2125 0.42777777777777776 0.22083333333333333 0.4861111111111111 0.22604166666666667 0.4787037037037037 0.2390625 0.3453703703703704 0.23958333333333334 0.32222222222222224 0.23697916666666666 0.3148148148148148 0.228125 0.30925925925925923 0.21927083333333333 0.32592592592592595 0.215625 0.34074074074074073
0 0.2921875 0.387037037037037 0.29322916666666665 0.39814814814814814 0.30520833333333336 0.41203703703703703 0.328125 0.41574074074074074 0.3546875 0.43148148148148147 0.38385416666666666 0.4361111111111111 0.38697916666666665 0.43148148148148147 0.384375 0.425 0.36875 0.41203703703703703 0.3411458333333333 0.4 0.3151041666666667 0.37777777777777777 0.2989583333333333 0.37592592592592594 0.2947916666666667 0.37777777777777777
0 0.365625 0.39166666666666666 0.3640625 0.4 0.3692708333333333 0.4046296296296296 0.4078125 0.3962962962962963 0.4197916666666667 0.3861111111111111 0.44583333333333336 0.3768518518518518 0.4552083333333333 0.36666666666666664 0.4583333333333333 0.3527777777777778 0.45364583333333336 0.3416666666666667 0.4395833333333333 0.3416666666666667 0.41041666666666665 0.37222222222222223
0 0.5067708333333333 0.3296296296296296 0.5083333333333333 0.34629629629629627 0.5348958333333333 0.4148148148148148 0.5416666666666666 0.4388888888888889 0.5520833333333334 0.45925925925925926 0.5567708333333333 0.475 0.5604166666666667 0.4787037037037037 0.5651041666666666 0.4777777777777778 0.5671875 0.4666666666666667 0.5401041666666667 0.37777777777777777 0.5354166666666667 0.3490740740740741 0.5244791666666667 0.31851851851851853 0.5213541666666667 0.31574074074074077 0.5125 0.32037037037037036
0 0.46041666666666664 0.40370370370370373 0.45989583333333334 0.412962962962963 0.4635416666666667 0.4203703703703704 0.4765625 0.4 0.48020833333333335 0.38796296296296295 0.5015625 0.3435185185185185 0.5192708333333333 0.32592592592592595 0.5286458333333334 0.2833333333333333 0.5265625 0.27870370370370373 0.5291666666666667 0.275 0.5286458333333334 0.25925925925925924 0.5255208333333333 0.2537037037037037 0.5213541666666667 0.25 0.5171875 0.2518518518518518 0.5067708333333333 0.2712962962962963 0.48802083333333335 0.3333333333333333 0.47239583333333335 0.3648148148148148 0.4703125 0.3768518518518518 0.4661458333333333 0.38333333333333336
0 0.24270833333333333 0.9564814814814815 0.2421875 0.962037037037037 0.24479166666666666 0.9638888888888889 0.2526041666666667 0.962037037037037 0.24791666666666667 0.9518518518518518
0 0.23697916666666666 0.4101851851851852 0.22395833333333334 0.5148148148148148 0.21510416666666668 0.5444444444444444 0.21614583333333334 0.5648148148148148 0.22395833333333334 0.5712962962962963 0.228125 0.5703703703703704 0.2328125 0.5638888888888889 0.23854166666666668 0.5416666666666666 0.23802083333333332 0.5083333333333333 0.24270833333333333 0.4583333333333333 0.24375 0.4046296296296296 0.23958333333333334 0.4027777777777778
0 0.24635416666666668 0.5953703703703703 0.2453125 0.6064814814814815 0.25104166666666666 0.6166666666666667 0.26614583333333336 0.6092592592592593 0.271875 0.6 0.28072916666666664 0.5731481481481482 0.2864583333333333 0.562962962962963 0.3104166666666667 0.5333333333333333 0.31197916666666664 0.5277777777777778 0.3229166666666667 0.5175925925925926 0.3255208333333333 0.5064814814814815 0.3223958333333333 0.5018518518518519 0.31927083333333334 0.5027777777777778 0.3104166666666667 0.512962962962963 0.2984375 0.5203703703703704 0.26927083333333335 0.5601851851851852 0.2578125 0.5703703703703704
0 0.40260416666666665 0.5694444444444444 0.4036458333333333 0.5833333333333334 0.40989583333333335 0.5962962962962963 0.4265625 0.6157407407407407 0.4510416666666667 0.6574074074074074 0.46979166666666666 0.6796296296296296 0.4744791666666667 0.6768518518518518 0.47291666666666665 0.6666666666666666 0.45989583333333334 0.6398148148148148 0.43385416666666665 0.5972222222222222 0.4328125 0.5833333333333334 0.4166666666666667 0.5666666666666667
0 0.39037760416666667 0.5181268518518518 0.4004041666666666 0.5205037037037037 0.40575208333333335 0.5264453703703704 0.41310520833333336 0.5383287037037037 0.42380052083333336 0.5514009259259259 0.43650104166666664 0.5680379629629629 0.44719635416666664 0.5799212962962963 0.4572229166666667 0.5906166666666667 0.46591302083333336 0.6060657407407408 0.46390781249999996 0.6179490740740741 0.45388072916666666 0.6036888888888889 0.4418484375 0.5941824074074074 0.4258057291666667 0.5799212962962963 0.41043125 0.5620962962962963 0.4010729166666666 0.5573425925925926 0.38970937499999997 0.5454592592592593 0.38569843750000005 0.532387037037037
