0 0.796875 0.3675925925925926 0.796875 0.42685185185185187 0.7994791666666666 0.4287037037037037 0.8036458333333333 0.42407407407407405 0.8119791666666667 0.3398148148148148 0.8239583333333333 0.28055555555555556 0.8244791666666667 0.26481481481481484 0.8229166666666666 0.25555555555555554 0.8182291666666667 0.25092592592592594 0.8130208333333333 0.2490740740740741 0.809375 0.25277777777777777 0.8041666666666667 0.2657407407407407 0.8005208333333333 0.2833333333333333 0.8005208333333333 0.3333333333333333
0 0.6890625 0.4638888888888889 0.6859375 0.46944444444444444 0.6859375 0.4777777777777778 0.6885416666666667 0.48148148148148145 0.6927083333333334 0.48055555555555557 0.703125 0.4648148148148148 0.7421875 0.4324074074074074 0.75625 0.42592592592592593 0.7630208333333334 0.41944444444444445 0.7697916666666667 0.4074074074074074 0.771875 0.39444444444444443 0.7671875 0.3824074074074074 0.759375 0.3814814814814815 0.740625 0.4 0.7322916666666667 0.4166666666666667 0.7104166666666667 0.4351851851851852
0 0.790625 0.6611111111111111 0.7911458333333333 0.6805555555555556 0.7932291666666667 0.6842592592592592 0.7989583333333333 0.6851851851851852 0.80625 0.6759259259259259 0.8114583333333333 0.6601851851851852 0.8135416666666667 0.6259259259259259 0.8197916666666667 0.5814814814814815 0.821875 0.5157407407407407 0.8171875 0.5157407407407407 0.8145833333333333 0.5231481481481481 0.8135416666666667 0.537962962962963 0.80625 0.5740740740740741 0.8036458333333333 0.6064814814814815 0.7979166666666667 0.6305555555555555 0.79375 0.637962962962963
0 0.6213541666666667 0.09166666666666666 0.6213541666666667 0.09907407407407408 0.6255208333333333 0.10185185185185185 0.6541666666666667 0.1037037037037037 0.6864583333333333 0.10092592592592593 0.6994791666666667 0.10462962962962963 0.7067708333333333 0.10277777777777777 0.7192708333333333 0.08981481481481482 0.7203125 0.07962962962962963 0.7145833333333333 0.06759259259259259 0.6963541666666667 0.06481481481481481 0.6890625 0.07592592592592592 0.6661458333333333 0.08148148148148149 0.6453125 0.08148148148148149
0 0.478125 0.11944444444444445 0.47552083333333334 0.12314814814814815 0.5015625 0.14444444444444443 0.51875 0.15462962962962962 0.553125 0.18611111111111112 0.5625 0.18703703703703703 0.5677083333333334 0.17592592592592593 0.5677083333333334 0.16574074074074074 0.5640625 0.1574074074074074 0.5526041666666667 0.14444444444444443 0.5276041666666667 0.1361111111111111 0.5005208333333333 0.11666666666666667 0.48489583333333336 0.11388888888888889
0 0.46197916666666666 0.24444444444444444 0.4630208333333333 0.25833333333333336 0.4713541666666667 0.27870370370370373 0.47291666666666665 0.287962962962963 0.4822916666666667 0.3138888888888889 0.5 0.3509259259259259 0.5052083333333334 0.3712962962962963 0.5130208333333334 0.38333333333333336 0.5213541666666667 0.3851851851851852 0.5244791666666667 0.3814814814814815 0.5260416666666666 0.37222222222222223 0.5213541666666667 0.34814814814814815 0.49895833333333334 0.3148148148148148 0.4864583333333333 0.2851851851851852 0.4765625 0.26851851851851855 0.4671875 0.24351851851851852
0 0.33697916666666666 0.12314814814814815 0.32708333333333334 0.16203703703703703 0.32708333333333334 0.16944444444444445 0.32916666666666666 0.17222222222222222 0.3333333333333333 0.17222222222222222 0.3375 0.16296296296296298 0.34010416666666665 0.15 0.3453125 0.14166666666666666 0.359375 0.0962962962962963 0.384375 0.053703703703703705 0.3880208333333333 0.03425925925925926 0.3880208333333333 0.025 0.3848958333333333 0.018518518518518517 0.37604166666666666 0.014814814814814815 0.3703125 0.024074074074074074 0.3645833333333333 0.03888888888888889 0.35989583333333336 0.06111111111111111
0 0.30520833333333336 0.13055555555555556 0.3046875 0.15092592592592594 0.3104166666666667 0.15833333333333333 0.3140625 0.1574074074074074 0.3229166666666667 0.1388888888888889 0.3265625 0.12314814814814815 0.328125 0.1037037037037037 0.33489583333333334 0.07962962962962963 0.3333333333333333 0.07592592592592592 0.334375 0.06944444444444445 0.3375 0.06388888888888888 0.3385416666666667 0.03518518518518519 0.3416666666666667 0.024074074074074074 0.3375 0.026851851851851852 0.33958333333333335 0.02962962962962963 0.3338541666666667 0.040740740740740744 0.33489583333333334 0.044444444444444446 0.33177083333333335 0.05555555555555555 0.3260416666666667 0.06851851851851852 0.31927083333333334 0.09444444444444444 0.30833333333333335 0.11666666666666667
0 0.28958333333333336 0.24259259259259258 0.29010416666666666 0.26666666666666666 0.28489583333333335 0.32592592592592595 0.284375 0.3537037037037037 0.28177083333333336 0.37037037037037035 0.2828125 0.375 0.2864583333333333 0.37592592592592594 0.28958333333333336 0.37222222222222223 0.3 0.3194444444444444 0.3020833333333333 0.28703703703703703 0.3104166666666667 0.2351851851851852 0.3109375 0.2222222222222222 0.30833333333333335 0.2074074074074074 0.30104166666666665 0.20462962962962963 0.2947916666666667 0.21296296296296297
0 0.21770833333333334 0.537962962962963 0.21614583333333334 0.5435185185185185 0.2171875 0.5694444444444444 0.22083333333333333 0.575925925925926 0.21979166666666666 0.5796296296296296 0.22395833333333334 0.5907407407407408 0.2234375 0.5972222222222222 0.240625 0.6842592592592592 0.24375 0.6907407407407408 0.24791666666666667 0.6907407407407408 0.24895833333333334 0.6851851851851852 0.2453125 0.6657407407407407 0.24322916666666666 0.6203703703703703 0.23802083333333332 0.5916666666666667 0.23958333333333334 0.5685185185185185 0.23645833333333333 0.549074074074074 0.23333333333333334 0.537962962962963 0.22864583333333333 0.5324074074074074 0.22447916666666667 0.5314814814814814
0 0.4630208333333333 0.5018518518518519 0.4625 0.5222222222222223 0.4708333333333333 0.5824074074074074 0.47291666666666665 0.6101851851851852 0.4786458333333333 0.6453703703703704 0.48333333333333334 0.65 0.4859375 0.6472222222222223 0.4859375 0.6351851851851852 0.48333333333333334 0.5879629629629629 0.4786458333333333 0.5574074074074075 0.4817708333333333 0.5148148148148148 0.48125 0.4898148148148148 0.47760416666666666 0.48148148148148145 0.46979166666666666 0.48148148148148145
0 0.2869791666666667 0.8194444444444444 0.28802083333333334 0.8314814814814815 0.2942708333333333 0.8388888888888889 0.29791666666666666 0.8388888888888889 0.3098958333333333 0.8166666666666667 0.3151041666666667 0.7972222222222223 0.3359375 0.7592592592592593 0.3484375 0.7287037037037037 0.3489583333333333 0.7203703703703703 0.3421875 0.7203703703703703 0.32708333333333334 0.7425925925925926 0.3078125 0.7842592592592592 0.2947916666666667 0.7981481481481482
0 0.35833333333333334 0.8333333333333334 0.35833333333333334 0.8481481481481481 0.36354166666666665 0.8611111111111112 0.384375 0.8583333333333333 0.3859375 0.8490740740740741 0.3890625 0.8444444444444444 0.4125 0.8379629629629629 0.43385416666666665 0.825925925925926 0.44947916666666665 0.8222222222222222 0.4515625 0.8148148148148148 0.4479166666666667 0.8111111111111111 0.42604166666666665 0.8111111111111111 0.40208333333333335 0.8194444444444444 0.4 0.8231481481481482 0.384375 0.8222222222222222 0.3807291666666667 0.8148148148148148 0.378125 0.8148148148148148
0 0.5552083333333333 0.5305555555555556 0.5541666666666667 0.5333333333333333 0.55625 0.5407407407407407 0.5604166666666667 0.5398148148148149 0.5838541666666667 0.5537037037037037 0.6005208333333333 0.5740740740740741 0.61875 0.6037037037037037 0.6348958333333333 0.6111111111111112 0.6395833333333333 0.5990740740740741 0.6401041666666667 0.5944444444444444 0.6369791666666667 0.5842592592592593 0.6307291666666667 0.5731481481481482 0.6223958333333334 0.5657407407407408 0.6083333333333333 0.5601851851851852 0.5796875 0.5361111111111111 0.5671875 0.5370370370370371
0 0.5151041666666667 0.4074074074074074 0.5145833333333333 0.41574074074074074 0.5203125 0.4324074074074074 0.5307291666666667 0.4898148148148148 0.5333333333333333 0.5416666666666666 0.540625 0.5657407407407408 0.5473958333333333 0.5638888888888889 0.5510416666666667 0.5564814814814815 0.5526041666666667 0.5398148148148149 0.5473958333333333 0.5166666666666667 0.540625 0.46574074074074073 0.5328125 0.4361111111111111 0.5270833333333333 0.42685185185185187 0.5213541666666667 0.4083333333333333
0 0.5619791666666667 0.7824074074074074 0.5619791666666667 0.7916666666666666 0.5651041666666666 0.7972222222222223 0.5864583333333333 0.8222222222222222 0.6005208333333333 0.8333333333333334 0.6296875 0.8481481481481481 0.6380208333333334 0.8601851851851852 0.6578125 0.8583333333333333 0.6630208333333333 0.8490740740740741 0.6619791666666667 0.8296296296296296 0.6432291666666666 0.8203703703703704 0.615625 0.8222222222222222 0.58125 0.7972222222222223 0.56875 0.7814814814814814
0 0.39321614583333336 0.05413148148148148 0.407871875 0.0454462962962963 0.42904114583333336 0.04062037037037037 0.4415260416666667 0.037725 0.45292499999999997 0.03483055555555555 0.46486666666666665 0.015528703703703704 0.47789375 0.005877777777777778 0.48766458333333335 0.010702777777777776 0.48820729166666665 0.027109259259259257 0.47789375 0.0454462962962963 0.45943854166666664 0.04930648148148148 0.436640625 0.056062037037037035 0.4154713541666667 0.06088703703703703 0.4035296875 0.06088703703703703
0 0.494178125 0.007807407407407408 0.5023203125 0.007807407407407408 0.5055770833333333 0.01938888888888889 0.5023203125 0.04255092592592592 0.49526354166666664 0.06088703703703703 0.48820729166666665 0.0763287037037037 0.48223645833333334 0.09756018518518518 0.4757223958333333 0.11879259259259259 0.4643239583333333 0.15257037037037038 0.4556390625 0.15932592592592593 0.45672447916666664 0.12940833333333332 0.4643239583333333 0.10142037037037037 0.47300885416666666 0.07536388888888888 0.47952239583333334 0.05220185185185185 0.48332187499999996 0.035795370370370366 0.48603593749999996 0.017458333333333333
0 0.47182656250000005 0.13781388888888887 0.48169375 0.11107129629629629 0.4925494791666667 0.08404907407407407 0.5001489583333333 0.06667777777777778 0.5158901041666667 0.057991666666666664 0.5224036458333333 0.05316666666666667 0.5278317708333333 0.035795370370370366 0.5294604166666667 0.020353703703703704 0.5256609375 0.013598148148148147 0.5153473958333333 0.01649351851851852 0.5066625 0.02421388888888889 0.5034057291666667 0.037725 0.49634947916666666 0.05992222222222222 0.4898354166666667 0.07825833333333333 0.4811505208333333 0.09466481481481481
0 0.35196302083333336 0.40203055555555556 0.3584765625 0.3875537037037037 0.36770416666666667 0.3836935185185185 0.3742182291666667 0.39334444444444444 0.3698755208333333 0.4165064814814815 0.3622765625 0.4290527777777778 0.354134375 0.44256388888888887 0.35033437500000003 0.4609 0.3476208333333333 0.4869574074074074 0.3514203125 0.5178398148148149 0.354134375 0.5371416666666667 0.34436354166666666 0.5139796296296296 0.3411067708333333 0.48309722222222223 0.34327812500000005 0.45414444444444446
0 0.3917234375 0.4035212962962963 0.37747499999999995 0.4116814814814815 0.3769322916666667 0.43291296296296294 0.3823598958333333 0.44449351851851854 0.39701614583333333 0.44352870370370373 0.41221458333333333 0.423262037037037 0.42632760416666665 0.4126462962962963 0.44206875 0.4010648148148148 0.45889583333333334 0.39430925925925925 0.46920885416666663 0.3904490740740741 0.46920885416666663 0.38079814814814816 0.4512963541666667 0.38079814814814816 0.43338385416666664 0.3885194444444444 0.4192708333333333 0.40299537037037036 0.4040723958333333 0.40396018518518517
0 0.3521604166666667 0.4903537037037037 0.37638906250000004 0.48309722222222223 0.39701614583333333 0.4734462962962963 0.4181854166666667 0.46765555555555555 0.4322984375 0.46958611111111115 0.45292499999999997 0.46572592592592593 0.4572671875 0.4522148148148148 0.4572671875 0.4367731481481481 0.43609791666666664 0.4271222222222222 0.4274130208333334 0.43580833333333335 0.4051578125 0.44642407407407403 0.3856171875 0.45414444444444446 0.37638906250000004 0.46572592592592593 0.35630572916666664 0.46765555555555555 0.34327812500000005 0.47248148148148145
0 0.40002708333333337 0.4443324074074074 0.4154713541666667 0.41940185185185186 0.43609791666666664 0.4010648148148148 0.4578098958333333 0.39623981481481485 0.47463697916666664 0.39334444444444444 0.4925494791666667 0.395275 0.5017770833333334 0.4010648148148148 0.5001489583333333 0.4213314814814815 0.48874999999999996 0.43580833333333335 0.4735515625 0.4396685185185185 0.46215260416666665 0.4290527777777778 0.4464109375 0.4300175925925926 0.4322984375 0.4300175925925926 0.4192708333333333 0.43580833333333335 0.4051578125 0.44256388888888887
0 0.25078072916666666 0.40275185185185186 0.24230677083333332 0.4082185185185185 0.23986927083333331 0.4226648148148148 0.24352552083333334 0.43205462962962965 0.2528697916666667 0.4313324074074074 0.2605890625 0.4226648148148148 0.2703390625 0.4154416666666667 0.27683958333333336 0.40894074074074077 0.28374583333333336 0.40316203703703707 0.29065260416666666 0.3988277777777778 0.29796510416666666 0.3944944444444444 0.307309375 0.3814925925925926 0.3207161458333333 0.3677685185185185 0.32152864583333335 0.3583777777777778 0.313403125 0.3583777777777778 0.3036526041666667 0.3713796296296296 0.29674635416666667 0.3757138888888889 0.28821458333333333 0.38077037037037037 0.2821208333333333 0.3858259259259259 0.2756208333333333 0.3901601851851852 0.26993281249999995 0.3923268518518519 0.2646515625 0.3973833333333333 0.25693229166666665 0.3988277777777778
0 0.22263177083333333 0.44824444444444445 0.21630625 0.46239166666666665 0.21508697916666666 0.4790055555555556 0.2159 0.49128518518518516 0.220775 0.49706296296296293 0.22605625000000001 0.49706296296296293 0.23621302083333334 0.4811722222222223 0.23783802083333333 0.4652814814814815 0.23783802083333333 0.45227962962962964 0.23905677083333332 0.43566666666666665 0.24108802083333333 0.419775 0.24149427083333333 0.39666111111111113 0.24149427083333333 0.37210185185185185 0.24149427083333333 0.3591009259259259 0.24311927083333332 0.3446537037037037 0.24433802083333334 0.3330972222222222 0.24352552083333334 0.3229842592592592 0.23865052083333332 0.3244296296296296 0.23418177083333333 0.3359861111111111 0.23661927083333334 0.3475435185185185 0.23580677083333335 0.3591009259259259 0.23540052083333332 0.3670462962962963 0.23377552083333333 0.38077037037037037 0.23174427083333335 0.3944944444444444 0.2289 0.4168861111111111 0.22686875 0.43855555555555553
0 0.7451265625 0.7887092592592593 0.7362791666666666 0.7989212962962964 0.73101875 0.8137296296296296 0.7332109375000001 0.8277592592592593 0.7446083333333333 0.8316555555555556 0.7590744791666667 0.8246416666666667 0.767403125 0.8098324074074075 0.7744171875 0.795024074074074 0.7827463541666667 0.7786574074074074 0.7871296875 0.7576138888888888 0.7893213541666667 0.7303342592592592 0.7893213541666667 0.7022768518518518 0.7888833333333333 0.6851296296296296 0.7844994791666667 0.684350925925926 0.7805541666666667 0.6976 0.7796776041666666 0.7186435185185185 0.7809927083333333 0.7435842592592593 0.7774859375 0.766187037037037 0.7695953125 0.7809953703703704 0.7586359374999999 0.7864509259259259 0.7503067708333333 0.7864509259259259
0 0.6232401041666668 0.8104481481481481 0.628003125 0.8004805555555555 0.6372083333333334 0.8028185185185185 0.6459760416666666 0.8035981481481481 0.6525515624999999 0.7981416666666667 0.669209375 0.8012592592592592 0.6827984375 0.8028185185185185 0.6950729166666666 0.8051564814814814 0.7126078125 0.8121712962962963 0.7226901041666667 0.8137296296296296 0.7305807291666666 0.8230824074074073 0.7402244791666667 0.8300972222222223 0.7446083333333333 0.8433472222222222 0.7441697916666666 0.8612731481481481 0.7362791666666666 0.868287037037037 0.7248817708333333 0.8675083333333333 0.7091005208333333 0.8620518518518518 0.7047171875 0.8573759259259259 0.710415625 0.8480231481481482 0.7007718749999999 0.8425675925925925 0.6858671875 0.8371120370370371 0.6766614583333334 0.8332148148148147 0.6700859375 0.8316555555555556 0.66131875 0.8269796296296297 0.6468526041666667 0.821524074074074 0.6315098958333334 0.8168472222222223 0.6244958333333333 0.8168472222222223
