0 0.22760416666666666 0.20277777777777778 0.22708333333333333 0.2101851851851852 0.23229166666666667 0.22407407407407406 0.2546875 0.24814814814814815 0.259375 0.26296296296296295 0.2713541666666667 0.27870370370370373 0.271875 0.275 0.26458333333333334 0.2638888888888889 0.2598958333333333 0.23981481481481481 0.2671875 0.23055555555555557 0.2791666666666667 0.20185185185185187 0.28802083333333334 0.1685185185185185 0.30364583333333334 0.13240740740740742 0.3265625 0.09074074074074075 0.3416666666666667 0.05185185185185185 0.3333333333333333 0.05092592592592592 0.321875 0.062037037037037036 0.31354166666666666 0.06388888888888888 0.3020833333333333 0.0787037037037037 0.2859375 0.10925925925925926 0.2682291666666667 0.15092592592592594 0.25104166666666666 0.18055555555555555 0.2421875 0.2111111111111111 0.23333333333333334 0.2111111111111111 0.22864583333333333 0.20092592592592592
0 0.24427083333333333 0.30833333333333335 0.24895833333333334 0.3175925925925926 0.25677083333333334 0.32037037037037036 0.265625 0.33796296296296297 0.26145833333333335 0.38055555555555554 0.27708333333333335 0.4925925925925926 0.27708333333333335 0.5203703703703704 0.2713541666666667 0.5611111111111111 0.271875 0.5694444444444444 0.275 0.5722222222222222 0.28854166666666664 0.5351851851851852 0.29375 0.5037037037037037 0.29322916666666665 0.4777777777777778 0.2869791666666667 0.42962962962962964 0.2869791666666667 0.3972222222222222 0.2890625 0.38055555555555554 0.28541666666666665 0.3490740740740741 0.2864583333333333 0.337037037037037 0.29296875 0.29398148148148145 0.27734375 0.33796296296296297 0.2671875 0.32037037037037036 0.25364583333333335 0.3101851851851852 0.24895833333333334 0.30833333333333335 0.2453125 0.3111111111111111
0 0.5354166666666667 0.3814814814814815 0.5322916666666667 0.38425925925925924 0.5052083333333334 0.3851851851851852 0.5072916666666667 0.4185185185185185 0.5140625 0.425 0.5302083333333333 0.42962962962962964 0.5838541666666667 0.4222222222222222 0.6104166666666667 0.4101851851851852 0.6140625 0.40370370370370373 0.6260416666666667 0.39537037037037037 0.6291666666666667 0.3861111111111111 0.6276041666666666 0.37962962962962965 0.621875 0.37962962962962965 0.6125 0.387037037037037 0.5552083333333333 0.39444444444444443 0.5432291666666667 0.39166666666666666 0.5390625 0.3824074074074074
0 0.6666666666666666 0.15833333333333333 0.6682291666666667 0.17222222222222222 0.6755208333333333 0.1814814814814815 0.6932291666666667 0.17592592592592593 0.7 0.17037037037037037 0.7010416666666667 0.17314814814814813 0.7005208333333334 0.1685185185185185 0.7041666666666667 0.1638888888888889 0.7182291666666667 0.15555555555555556 0.7229166666666667 0.15555555555555556 0.734375 0.16666666666666666 0.7390625 0.1814814814814815 0.7380208333333333 0.20277777777777778 0.7317708333333334 0.21666666666666667 0.7125 0.23796296296296296 0.7151041666666667 0.24537037037037038 0.7239583333333334 0.24351851851851852 0.7380208333333333 0.22962962962962963 0.7463541666666667 0.20555555555555555 0.7479166666666667 0.19166666666666668 0.7463541666666667 0.16574074074074074 0.7411458333333333 0.15 0.7286458333333333 0.13425925925925927 0.7192708333333333 0.12962962962962962 0.6927083333333334 0.1287037037037037 0.6734375 0.14444444444444443
0 0.5770833333333333 0.09814814814814815 0.5755208333333334 0.1111111111111111 0.5770833333333333 0.12777777777777777 0.6026041666666667 0.14444444444444443 0.6140625 0.14351851851851852 0.625 0.14814814814814814 0.6385416666666667 0.15925925925925927 0.6447916666666667 0.1685185185185185 0.6546875 0.2 0.653125 0.24722222222222223 0.65 0.2518518518518518 0.65 0.26944444444444443 0.6541666666666667 0.2722222222222222 0.6567708333333333 0.2564814814814815 0.6557291666666667 0.24351851851851852 0.659375 0.23425925925925925 0.6640625 0.22453703703703703 0.6697916666666667 0.21203703703703702 0.6703125 0.18055555555555555 0.6635416666666667 0.1712962962962963 0.6604166666666667 0.15555555555555556 0.6421875 0.12962962962962962 0.609375 0.09537037037037037 0.5791666666666667 0.09259259259259259
0 0.28229166666666666 0.24537037037037038 0.2833333333333333 0.2564814814814815 0.290625 0.25833333333333336 0.3 0.2490740740740741 0.3104166666666667 0.24444444444444444 0.32916666666666666 0.22037037037037038 0.35208333333333336 0.18425925925925926 0.3640625 0.17037037037037037 0.371875 0.16666666666666666 0.38385416666666666 0.14629629629629629 0.390625 0.14074074074074075 0.4015625 0.15648148148148147 0.4005208333333333 0.14814814814814814 0.3932291666666667 0.13796296296296295 0.3890625 0.12314814814814815 0.3848958333333333 0.08333333333333333 0.3796875 0.075 0.37447916666666664 0.075 0.378125 0.07685185185185185 0.3828125 0.10092592592592593 0.38177083333333334 0.10925925925925926 0.3578125 0.1287037037037037 0.34270833333333334 0.1574074074074074
0 0.4427083333333333 0.38055555555555554 0.4432291666666667 0.39537037037037037 0.4473958333333333 0.3962962962962963 0.4546875 0.3731481481481482 0.4666666666666667 0.35462962962962963 0.48020833333333335 0.31574074074074077 0.5 0.26944444444444443 0.5135416666666667 0.24722222222222223 0.5197916666666667 0.2212962962962963 0.5213541666666667 0.20185185185185187 0.5119791666666667 0.19074074074074074 0.509375 0.18333333333333332 0.49270833333333336 0.21851851851851853 0.4817708333333333 0.2601851851851852 0.4510416666666667 0.33796296296296297
0 0.6276041666666666 0.6351851851851852 0.6270833333333333 0.6388888888888888 0.6328125 0.6444444444444445 0.671875 0.6435185185185185 0.6942708333333333 0.65 0.7151041666666667 0.6666666666666666 0.7286458333333333 0.6824074074074075 0.7322916666666667 0.6888888888888889 0.7322916666666667 0.6935185185185185 0.728125 0.6972222222222222 0.728125 0.7027777777777777 0.7375 0.7 0.7546875 0.7129629629629629 0.7671875 0.7148148148148148 0.775 0.6944444444444444 0.7838541666666666 0.6925925925925925 0.7713541666666667 0.687037037037037 0.7552083333333334 0.6574074074074074 0.7515625 0.6435185185185185 0.7380208333333333 0.6518518518518519 0.7098958333333333 0.6277777777777778 0.6854166666666667 0.6166666666666667 0.6645833333333333 0.6157407407407407 0.6317708333333333 0.6305555555555555
0 0.453125 0.22777777777777777 0.453125 0.23333333333333334 0.4583333333333333 0.23703703703703705 0.49270833333333336 0.1712962962962963 0.5140625 0.1398148148148148 0.5244791666666667 0.09907407407407408 0.5135416666666667 0.0787037037037037 0.509375 0.06296296296296296 0.5052083333333334 0.07222222222222222 0.5046875 0.08796296296296297 0.4890625 0.11851851851851852 0.47760416666666666 0.16203703703703703 0.46770833333333334 0.18981481481481483 0.46197916666666666 0.19907407407407407
0 0.43385416666666665 0.19166666666666668 0.4328125 0.24351851851851852 0.4265625 0.287962962962963 0.4197916666666667 0.3194444444444444 0.41875 0.3435185185185185 0.4140625 0.3638888888888889 0.415625 0.3731481481481482 0.4203125 0.3731481481481482 0.4239583333333333 0.36666666666666664 0.44479166666666664 0.30277777777777776 0.44583333333333336 0.27870370370370373 0.4552083333333333 0.23703703703703705 0.45260416666666664 0.22870370370370371 0.46041666666666664 0.1935185185185185 0.46145833333333336 0.17222222222222222 0.45989583333333334 0.1527777777777778 0.4546875 0.14722222222222223 0.446875 0.14629629629629629 0.4390625 0.1648148148148148
0 0.7557666666666666 0.5605694444444445 0.7608572916666667 0.5869416666666667 0.7721458333333333 0.5830055555555556 0.7836557291666666 0.5743462962962963 0.7936161458333333 0.562537962962963 0.8024692708333333 0.5464 0.8051255208333333 0.544037962962963 0.7962718750000001 0.5700166666666667 0.7774578125 0.5900907407407407 0.7628494791666667 0.5944203703703704 0.7579802083333332 0.6046546296296297 0.7531104166666667 0.6141009259259259 0.7524463541666666 0.6436222222222222 0.7489052083333333 0.6160694444444444 0.747134375 0.6113453703703704 0.725221875 0.5893037037037037 0.709728125 0.5586018518518518 0.6904713541666666 0.5027398148148148 0.6774119791666667 0.4673148148148148 0.67475625 0.4448796296296297 0.6721 0.40651296296296296 0.6732067708333334 0.38761944444444446 0.6754203125 0.37226851851851855 0.6776333333333333 0.35534351851851853 0.682503125 0.38565185185185186 0.6856015625 0.39509814814814814 0.6909140625 0.4108425925925926 0.6960046875 0.43721481481481483 0.6982182291666666 0.4572888888888889 0.7068505208333333 0.48484166666666667 0.7269921875 0.5265648148148149 0.740715625 0.5419148148148148 0.7502333333333334 0.551362037037037 0.7564307291666666 0.5608083333333334
0 0.6756416666666667 0.46392962962962964 0.6776333333333333 0.4828731481481482 0.6756416666666667 0.4950759259259259 0.6800682291666666 0.510425925925926 0.6776333333333333 0.5218407407407407 0.6721 0.5226287037037036 0.6652385416666667 0.49271388888888884 0.6590411458333333 0.4513842592592593 0.65660625 0.41910833333333336 0.65395 0.3836833333333333 0.6557208333333333 0.35495 0.664353125 0.3403861111111111 0.64753125 0.31991851851851855 0.6672307291666667 0.33212037037037034 0.6692223958333333 0.33526944444444445 0.6774119791666667 0.33920555555555554 0.6871510416666666 0.3258222222222222 0.6948979166666667 0.32385462962962963 0.6831671875 0.33841851851851856 0.6782973958333333 0.3474712962962963 0.6760843750000001 0.35652407407407405 0.6751989583333333 0.36951388888888886 0.6736494791666666 0.3848638888888889 0.6709932291666667 0.40415092592592594 0.6721 0.4297361111111111 0.6760843750000001 0.4553203703703704
0 0.32675208333333333 0.8687527777777778 0.32244791666666667 0.8968499999999999 0.31056614583333336 0.920136111111111 0.30789895833333336 0.9244481481481481 0.30838385416666664 0.913236111111111 0.3134760416666667 0.898575 0.31929583333333333 0.8804638888888888 0.32099322916666667 0.8636462962962963 0.31517343750000004 0.8571777777777777 0.31323333333333336 0.8455351851851852 0.29601666666666665 0.8390666666666666 0.2707979166666667 0.816212962962963 0.2868020833333333 0.8274240740740741 0.2989265625 0.8313055555555555 0.30523125 0.8321675925925925 0.31614322916666665 0.8338925925925926 0.31978072916666667 0.8183685185185184 0.3331177083333333 0.7929268518518519 0.343059375 0.7830083333333333 0.35372916666666665 0.7804212962962963 0.3653682291666666 0.7692101851851851 0.3787052083333334 0.7536861111111111 0.3864645833333333 0.7377305555555556 0.395921875 0.714875925925926 0.40610625 0.6894342592592593 0.41289583333333335 0.6743416666666666 0.43302239583333335 0.6519185185185186 0.4335072916666666 0.6670111111111111 0.42938489583333334 0.6937462962962962 0.41580572916666664 0.7109953703703704 0.40901614583333334 0.7278129629629629 0.40513645833333334 0.7536861111111111 0.4027114583333333 0.7636037037037037 0.389859375 0.7752472222222223 0.3835546875 0.7890453703703704 0.37531041666666665 0.8045694444444444 0.36148854166666666 0.8231120370370371 0.35663854166666664 0.8399296296296297 0.346696875 0.8576092592592592 0.3367546875 0.8670962962962964
0 0.47224479166666666 0.610637962962963 0.47042604166666663 0.6317925925925926 0.45902916666666665 0.6606842592592592 0.4464197916666667 0.6904388888888888 0.43769010416666665 0.7145870370370371 0.4364776041666667 0.7352851851851852 0.4338104166666667 0.7512407407407408 0.4219286458333333 0.7710759259259259 0.4228984375 0.7861694444444445 0.4323557291666667 0.8301527777777779 0.429203125 0.8353277777777778 0.4253234375 0.8077296296296296 0.4195036458333333 0.7887564814814815 0.4168364583333333 0.7736638888888889 0.40786458333333336 0.7671953703703704 0.40107447916666666 0.7766824074074075 0.3908901041666667 0.7878935185185185 0.38604062499999997 0.8051425925925926 0.383615625 0.8103175925925926 0.3845854166666667 0.7913435185185185 0.39113281250000004 0.7792694444444445 0.40301458333333334 0.7702138888888889 0.4068942708333333 0.7572777777777778 0.407621875 0.7417537037037037 0.41198645833333336 0.7257981481481481 0.4209588541666667 0.70855 0.42799062499999996 0.6951824074074074 0.43356822916666665 0.6874203703703704 0.44205520833333334 0.6693092592592593 0.44932968749999996 0.6494731481481482 0.45805937500000005 0.6257555555555556 0.46363645833333333 0.6011768518518518 0.47188125 0.5791842592592593 0.47794322916666665 0.5740101851851852 0.48158072916666667 0.5830657407407408 0.478428125 0.5938462962962964 0.4738208333333333 0.6059203703703704
0 0.48042864583333333 0.5739953703703703 0.4854604166666666 0.5510657407407407 0.4852177083333334 0.5437351851851853 0.4941901041666667 0.5376981481481482 0.5116489583333333 0.5389916666666666 0.5082541666666667 0.5325231481481482 0.49685729166666665 0.5325231481481482 0.4854604166666666 0.5376981481481482 0.4806104166666667 0.5320916666666666 0.47794322916666665 0.5135500000000001 0.4777005208333333 0.4829333333333333 0.476003125 0.5182935185185185 0.4750333333333333 0.5333861111111111 0.46897135416666663 0.5420101851851852 0.46266666666666667 0.5566712962962963 0.4578166666666667 0.5734888888888889 0.45805937500000005 0.5847009259259259 0.45199687499999996 0.601087037037037 0.44472239583333334 0.6200601851851851 0.4369630208333334 0.6360157407407407 0.434053125 0.6532638888888889 0.43356822916666665 0.6718064814814815 0.43259791666666664 0.6864685185185185 0.4410848958333334 0.6666324074074074 0.4507848958333333 0.6424842592592593 0.459271875 0.6110046296296296 0.46751614583333334 0.5851314814814815 0.4735786458333333 0.5730574074074074
0 0.3819182291666667 0.5087935185185185 0.38992031250000003 0.4933111111111111 0.4073791666666667 0.47175 0.3964671875 0.4760620370370371 0.3850703125 0.4898611111111111 0.3777958333333334 0.5040907407407408 0.3695510416666667 0.5023666666666667 0.36470156249999997 0.5058157407407406 0.3613067708333333 0.5213398148148148 0.3610640625 0.544625925925926 0.3610640625 0.5692046296296296 0.3591244791666667 0.5886101851851852 0.3591244791666667 0.6062898148148148 0.3603369791666667 0.6239694444444444 0.3603369791666667 0.6420805555555555 0.35815416666666666 0.658036111111111 0.3537895833333333 0.6765787037037038 0.3482125 0.6933953703703704 0.3448177083333333 0.7145259259259259 0.3455447916666667 0.7235814814814815 0.34869739583333337 0.7244435185185185 0.3511223958333333 0.7201314814814814 0.35427447916666666 0.7158194444444445 0.3566994791666667 0.7050388888888889 0.359609375 0.6951203703703703 0.3627614583333333 0.6886527777777778 0.36591406249999997 0.6770092592592593 0.36712656250000003 0.6662287037037038 0.37221875 0.6494111111111112 0.37197604166666665 0.6330250000000001 0.37464375 0.6157768518518518 0.37294583333333337 0.5993907407407407 0.3777958333333334 0.5838666666666666 0.3807057291666667 0.5692046296296296 0.383615625 0.555837037037037 0.38434322916666663 0.5463509259259259 0.38167552083333334 0.5213398148148148 0.38143333333333335 0.5122842592592594
0 0.3607005208333333 0.4850833333333333 0.3617916666666667 0.5170277777777778 0.3598515625 0.541175925925926 0.3610640625 0.5799851851851852 0.35815416666666666 0.5985277777777778 0.35791197916666667 0.6226759259259259 0.357184375 0.6420805555555555 0.35233489583333333 0.6532925925925926 0.3557296875 0.6645046296296296 0.35621458333333333 0.6688166666666666 0.35063697916666664 0.6584675925925926 0.34700000000000003 0.6545861111111111 0.33996770833333334 0.6519990740740741 0.3300255208333333 0.6472555555555555 0.3142640625 0.6343185185185185 0.312809375 0.6226759259259259 0.32372083333333335 0.633887962962963 0.33293541666666665 0.6394935185185185 0.3382703125 0.6420805555555555 0.336815625 0.6213824074074074 0.3406953125 0.6071518518518519 0.34457499999999996 0.5920592592592593 0.3457875 0.5761046296296296 0.34603020833333337 0.5610120370370371 0.34603020833333337 0.5385888888888889 0.34651510416666664 0.5187527777777778 0.34651510416666664 0.5002101851851851 0.34700000000000003 0.49374166666666663 0.35160729166666665 0.48296111111111106 0.35063697916666664 0.4730435185185185 0.35403229166666667 0.4579509259259259 0.3632463541666667 0.4618314814814815 0.3610640625 0.47175 0.3613067708333333 0.4838240740740741
