0 0.4330880208333333 0.08444814814814815 0.44410677083333333 0.07751296296296296 0.45145208333333336 0.06445 0.45414583333333336 0.05225740740740741 0.450228125 0.04137222222222223 0.44116822916666665 0.037017592592592595 0.4343125 0.03963055555555556 0.42304895833333334 0.04442037037037037 0.4147239583333333 0.0531287037037037 0.40664374999999997 0.06227222222222223 0.3934213541666667 0.06488518518518518 0.38289270833333333 0.07011018518518518 0.37089479166666667 0.07533518518518519 0.3586520833333333 0.07925462962962963 0.35375520833333335 0.0809962962962963 0.35350989583333337 0.09275277777777778 0.3564484375 0.09580092592592593 0.36624270833333333 0.09275277777777778 0.37016041666666666 0.0914462962962963 0.3748125 0.09188148148148148 0.3868104166666667 0.08796296296296297 0.4002776041666667 0.08752777777777777 0.4152135416666667 0.08143148148148148 0.42329375 0.08186666666666666 0.42696666666666666 0.08230185185185185
0 0.40000677083333336 0.4212 0.41465625 0.41628425925925927 0.4255817708333333 0.4102796296296296 0.436109375 0.40462777777777775 0.442465625 0.39438333333333336 0.4502125 0.3919111111111111 0.4553770833333333 0.38237314814814816 0.4549796875 0.37318888888888885 0.4523973958333333 0.36965648148148145 0.44981510416666665 0.3685972222222222 0.44504791666666665 0.37283611111111115 0.43869166666666665 0.37884074074074076 0.43094479166666666 0.38343333333333335 0.420615625 0.388025 0.409690625 0.39403055555555555 0.3945942708333333 0.39932870370370366 0.3781072916666667 0.4028611111111111 0.3705588541666666 0.4035675925925926 0.36440104166666665 0.4000351851851852 0.35288020833333333 0.3986222222222222 0.3419552083333333 0.4039212962962963 0.33083125 0.41345833333333337 0.32904375 0.42440925925925926 0.33043385416666665 0.43429999999999996 0.3312286458333333 0.4417175925925926 0.3371875 0.44207037037037034 0.34473593750000003 0.44525 0.3570515625 0.4424240740740741 0.3628119791666667 0.43995092592592594 0.37333958333333334 0.43429999999999996 0.38247708333333336 0.4297074074074074 0.3888333333333333 0.426175 0.3975734375 0.4222898148148148
0 0.38386770833333334 0.4512166666666667 0.3789015625 0.44348333333333334 0.37532604166666667 0.4388916666666667 0.3721479166666667 0.4374787037037037 0.3699630208333333 0.43641944444444447 0.3657916666666667 0.4385388888888889 0.3608255208333333 0.4431305555555556 0.3602296875 0.44772222222222224 0.3610244791666667 0.45408055555555554 0.363209375 0.45831944444444445 0.364996875 0.4675037037037037 0.3699630208333333 0.4763351851851852 0.3767166666666667 0.48128055555555554 0.38148385416666664 0.4826935185185185 0.38625104166666663 0.4879916666666666 0.39320364583333334 0.4961166666666667 0.40174479166666666 0.5053009259259259 0.4102864583333333 0.513425 0.4184307291666666 0.5233157407407408 0.4255817708333333 0.5293212962962963 0.4307463541666667 0.5325 0.4343213541666667 0.5388583333333333 0.4388901041666667 0.5409777777777778 0.44405468750000004 0.5413314814814815 0.44405468750000004 0.535325925925926 0.4418697916666667 0.5289675925925925 0.43829427083333333 0.5264953703703704 0.43412291666666664 0.5197833333333334 0.42836250000000003 0.5109527777777777 0.42160885416666666 0.5010620370370371 0.41386197916666667 0.49258425925925925 0.40512187499999996 0.4826935185185185 0.3989640625 0.47492222222222225 0.3936010416666667 0.465737962962963 0.3892307291666667 0.45973240740740745 0.38645 0.45514074074074073
0 0.31281354166666664 0.5531916666666666 0.31593125 0.5482814814814815 0.318121875 0.5407888888888889 0.31913281250000003 0.5297009259259259 0.3184588541666667 0.5177138888888889 0.31475156249999997 0.5096222222222223 0.31020156249999997 0.5048277777777779 0.3041348958333333 0.5036287037037037 0.29874218750000003 0.5018305555555556 0.2921697916666667 0.4943388888888889 0.28660885416666665 0.47995462962962965 0.2879567708333333 0.46946574074074077 0.2913270833333333 0.4628722222222222 0.2972255208333333 0.46257314814814815 0.3021125 0.4655694444444444 0.30699947916666664 0.4685666666666667 0.313403125 0.4781564814814815 0.318121875 0.49014351851851856 0.322503125 0.4982351851851852 0.3243567708333333 0.507525 0.32587343750000003 0.5171148148148148 0.32587343750000003 0.5276037037037037 0.32418854166666666 0.5344962962962962 0.32368281250000003 0.5437861111111111 0.3211552083333334 0.5512777777777778 0.31778489583333336 0.5569712962962963 0.31475156249999997 0.5596685185185185 0.313403125 0.5593694444444445 0.3112125 0.5563722222222222
0 0.2562953125 0.6195620370370369 0.2517453125 0.6192074074074074 0.2479578125 0.616588888888889 0.245959375 0.6150916666666666 0.24259270833333335 0.6147175925925926 0.24059375 0.611163888888889 0.23870052083333335 0.6070481481481481 0.23806927083333335 0.6023703703703703 0.23975208333333334 0.5960101851851852 0.24248750000000002 0.5896490740740741 0.2455385416666667 0.5870305555555556 0.25006197916666667 0.5847851851851852 0.2530078125 0.5855333333333334 0.2566895833333333 0.5866564814814815 0.26005625 0.5887138888888889 0.2648953125 0.5900231481481482 0.26815625 0.5920814814814814 0.271628125 0.5935777777777778 0.2770984375 0.5984416666666666 0.2807807291666667 0.5995648148148148 0.284146875 0.605550925925926 0.2874083333333333 0.6102277777777778 0.29045885416666667 0.6188333333333333 0.29298385416666667 0.6285620370370371 0.2927734375 0.6401611111111112 0.2919317708333333 0.6515722222222222 0.28793437499999996 0.6603657407407408 0.28330520833333334 0.667287037037037 0.28004427083333333 0.6728999999999999 0.27762447916666666 0.6770157407407408 0.2752046875 0.6788861111111111 0.2720489583333333 0.678699074074074 0.2707864583333333 0.6753314814814815 0.2707864583333333 0.6714027777777778 0.2738375 0.6670999999999999 0.2773088541666667 0.6657907407407407 0.27878177083333333 0.6637324074074075 0.2807807291666667 0.6601777777777778 0.28341041666666666 0.6541916666666667 0.28456770833333334 0.6482055555555556 0.28593541666666666 0.6414703703703704 0.28635625 0.6345481481481482 0.2851989583333333 0.6278138888888889 0.282884375 0.6248203703703704 0.28004427083333333 0.6199564814814815 0.2770984375 0.6156537037037036 0.272890625 0.6145305555555556 0.269103125 0.6149046296296297 0.2642640625 0.6156537037037036 0.2612130208333333 0.6145305555555556 0.25826770833333335 0.6180851851851852
0 0.326175 0.7649490740740741 0.32029375000000004 0.761737962962963 0.3176239583333333 0.7563972222222222 0.319459375 0.7463092592592593 0.3241307291666667 0.7347388888888889 0.329303125 0.728211111111111 0.33480885416666667 0.7234638888888889 0.34014791666666666 0.7193101851851852 0.345153125 0.7118925925925926 0.34732187499999995 0.7053657407407407 0.3478223958333333 0.6940907407407408 0.3478223958333333 0.6837064814814815 0.3468213541666667 0.6765861111111111 0.345153125 0.6676851851851852 0.34415208333333336 0.662048148148148 0.34148229166666666 0.6543342592592593 0.34465260416666665 0.6531472222222222 0.3476557291666667 0.6575972222222223 0.34915729166666665 0.6638287037037036 0.3526609375 0.6736194444444444 0.3548296875 0.6816296296296296 0.35633125 0.6893444444444444 0.3574994791666667 0.698837962962963 0.35816666666666663 0.7080361111111111 0.35599791666666664 0.7166398148148149 0.3523270833333333 0.7288046296296297 0.3496578125 0.7391888888888889 0.3433177083333333 0.7495731481481481 0.3379786458333333 0.759363888888889 0.331471875 0.7655944444444445
0 0.3191911458333333 0.7825231481481482 0.3144161458333333 0.7886472222222223 0.31052395833333335 0.7970175925925926 0.30645052083333335 0.8044222222222221 0.30174375 0.8110222222222222 0.29757968749999997 0.8131148148148148 0.29341614583333336 0.8103777777777778 0.2899765625 0.808125 0.2870796875 0.8050657407407408 0.2836401041666667 0.8000759259259259 0.2809244791666667 0.7968564814814815 0.2779375 0.7888083333333333 0.27467864583333335 0.7820472222222222 0.27259687499999996 0.7772185185185185 0.2705151041666667 0.7722287037037037 0.26630572916666667 0.7577064814814815 0.2625942708333333 0.7541648148148149 0.25852135416666666 0.7498194444444444 0.2549005208333333 0.7462777777777778 0.2510984375 0.7453120370370371 0.24892604166666665 0.7490138888888889 0.2459390625 0.7538435185185185 0.24494322916666667 0.7612481481481481 0.24666302083333333 0.7670425925925926 0.2484734375 0.7736425925925926 0.250103125 0.7789546296296296 0.25336145833333334 0.7828175925925925 0.2566203125 0.7870027777777777 0.2599692708333333 0.7927981481481481 0.26359010416666667 0.7960175925925925 0.2665770833333333 0.7998805555555555 0.2707411458333333 0.8048703703703703 0.27445260416666667 0.8105046296296297 0.27843541666666666 0.8158166666666666 0.28341354166666666 0.8191972222222221 0.2883015625 0.8204851851851852 0.295271875 0.8196796296296297 0.3008838541666667 0.8219333333333333 0.30568125 0.8166212962962963 0.31047864583333334 0.8100222222222222 0.3134661458333333 0.8040657407407407 0.3173583333333333 0.7973055555555556 0.3203453125 0.7913490740740741 0.3203453125 0.7863592592592593 0.31998333333333334 0.7842666666666667
0 0.27065052083333335 0.8107407407407408 0.26802552083333336 0.8067166666666666 0.26585312499999997 0.8006 0.2618703125 0.796737037037037 0.25806875 0.7899759259259259 0.2552625 0.7857907407407407 0.25200364583333335 0.7820879629629629 0.24892604166666665 0.7772592592592593 0.24657291666666667 0.773074074074074 0.24268020833333334 0.770337962962963 0.23896927083333336 0.7696935185185185 0.23371927083333333 0.7688888888888888 0.23036979166666666 0.7679231481481481 0.2272921875 0.7701768518518519 0.22448593749999998 0.7733962962962964 0.22249479166666666 0.7777425925925926 0.22168020833333332 0.7811222222222222 0.22267552083333333 0.7890101851851852 0.22693020833333336 0.7957712962962963 0.23199895833333334 0.7991509259259258 0.23733958333333333 0.8004388888888889 0.24005520833333333 0.8018879629629629 0.24259010416666668 0.8039805555555556 0.247115625 0.8031759259259259 0.24928802083333332 0.8031759259259259 0.25309010416666666 0.8036583333333334 0.25580572916666666 0.8052685185185186 0.2591546875 0.8084870370370371 0.2619609375 0.8117064814814815 0.263409375 0.8158916666666667 0.2646765625 0.8191111111111111 0.26494791666666667 0.8218481481481481 0.26630572916666667 0.8250675925925925 0.2674822916666667 0.8258722222222222 0.26938333333333336 0.8257111111111112 0.27128437499999997 0.8195944444444445
0 0.49560208333333333 0.5362722222222222 0.48725 0.538875 0.48237812500000005 0.5463009259259259 0.47333020833333334 0.551663888888889 0.46474635416666665 0.5553768518518518 0.45848229166666665 0.5628037037037037 0.45407447916666666 0.5727046296296295 0.4427067708333333 0.5871444444444445 0.4371390625 0.5970453703703703 0.43017916666666667 0.6028212962962963 0.4215953125 0.6098351851851851 0.41324322916666667 0.624275 0.41324322916666667 0.6370638888888889 0.416259375 0.6403648148148149 0.41904322916666664 0.6432527777777778 0.42484322916666667 0.6407768518518518 0.43157083333333335 0.6358268518518518 0.43690677083333335 0.6296379629629629 0.44061875 0.623862037037037 0.44433072916666666 0.6189111111111111 0.44641875000000003 0.6123101851851851 0.4515223958333333 0.6003462962962963 0.45546666666666663 0.5920953703703703 0.461034375 0.5826064814814815 0.46590624999999997 0.5751805555555556 0.4724020833333333 0.5673416666666667 0.4793619791666667 0.5632157407407408 0.48840989583333333 0.5524888888888889 0.493978125 0.5508388888888889 0.4967619791666667 0.5434129629629629
0 0.4750359375 0.592762037037037 0.47308177083333336 0.5855 0.4697604166666667 0.582025 0.46780625 0.5823731481481481 0.46350781249999995 0.5841101851851852 0.4590140625 0.5896694444444444 0.4566692708333333 0.5921018518518518 0.454715625 0.5973138888888889 0.4490489583333333 0.6073898148148148 0.4449458333333334 0.6181611111111112 0.44045208333333336 0.6258055555555556 0.4357630208333333 0.6344916666666667 0.4285333333333333 0.6431777777777777 0.42189010416666667 0.652212037037037 0.41876406250000003 0.6584666666666666 0.41251145833333336 0.6720175925925926 0.40977604166666665 0.6820935185185185 0.4064546875 0.6893898148148149 0.4027421875 0.7005092592592592 0.40430520833333333 0.7053731481481481 0.4064546875 0.7046787037037037 0.41036249999999996 0.7005092592592592 0.4129026041666667 0.693212037037037 0.41583333333333333 0.6841787037037037 0.4191546875 0.6789666666666666 0.4242348958333333 0.6702796296296297 0.42970572916666666 0.6626361111111112 0.4347859375 0.6567287037037037 0.44123385416666666 0.6490851851851851 0.4439692708333334 0.642136111111111 0.4474859375 0.6337962962962963 0.4533479166666667 0.6240675925925926 0.4570598958333333 0.6188555555555556 0.46487552083333333 0.609475 0.4707369791666667 0.600787962962963 0.47386354166666667 0.5969657407407407
0 0.44157552083333335 0.6787324074074074 0.4371307291666667 0.688 0.4330276041666667 0.6939074074074074 0.4287286458333333 0.6946018518518519 0.4254072916666667 0.6925175925925926 0.4232578125 0.6893898148148149 0.4220859375 0.6841787037037037 0.42286718749999996 0.6765342592592593 0.4250166666666667 0.6720175925925926 0.42814270833333334 0.6664574074074074 0.43341822916666667 0.6612462962962963 0.4355671875 0.6584666666666666 0.44084270833333333 0.6515166666666667 0.44435989583333335 0.647 0.4486583333333333 0.6390083333333334 0.45217552083333334 0.6331018518518519 0.45393385416666665 0.6303222222222222 0.4590140625 0.6226777777777778 0.46487552083333333 0.6136444444444444 0.471128125 0.6070425925925926 0.4754265625 0.6028731481481481 0.479334375 0.5990509259259259 0.4834375 0.5903638888888888 0.4887130208333333 0.583762962962963 0.49359739583333334 0.5858472222222223 0.49418385416666666 0.5924490740740741 0.49125260416666666 0.5976611111111112 0.48832187499999996 0.6032203703703704 0.4844140625 0.6098222222222222 0.48265572916666666 0.6167712962962963 0.4783572916666667 0.6237203703703704 0.47523125 0.6296268518518519 0.46878333333333333 0.6379657407407407 0.463703125 0.6414407407407408 0.4558875 0.6515166666666667 0.4488536458333333 0.6647203703703704 0.4437739583333334 0.6730592592592592
0 0.47592447916666664 0.8823601851851851 0.4786942708333333 0.8760277777777777 0.47974947916666666 0.8711027777777778 0.479221875 0.8675842592592592 0.47750729166666667 0.8645351851851851 0.47144010416666665 0.8612518518518519 0.4664286458333333 0.8612518518518519 0.4602296875 0.8596101851851852 0.4564046875 0.8619555555555556 0.45231614583333335 0.8650046296296297 0.4478317708333333 0.8673500000000001 0.4440072916666667 0.869225925925926 0.43912708333333333 0.869225925925926 0.43728072916666666 0.8687574074074075 0.43530260416666666 0.8675842592592592 0.4327963541666667 0.864300925925926 0.43015885416666666 0.8598444444444444 0.430290625 0.8549194444444445 0.4281802083333333 0.851400925925926 0.42659791666666663 0.8497592592592592 0.4262020833333333 0.8539814814814815 0.42725729166666665 0.8607824074074074 0.4285760416666667 0.8680537037037037 0.4308182291666667 0.8746203703703704 0.4329286458333333 0.88025 0.43807239583333335 0.8854092592592592 0.44018229166666667 0.8896314814814815 0.44611718749999996 0.8905694444444445 0.451525 0.8919768518518519 0.4564046875 0.8929148148148148 0.46036145833333336 0.895025925925926 0.4665604166666667 0.8931490740740741 0.47183593749999997 0.8903351851851852 0.4726270833333333 0.8882240740740741 0.475396875 0.883299074074074
0 0.4382041666666667 0.8470842592592592 0.4324010416666667 0.8387361111111111 0.4304223958333333 0.8328722222222221 0.4288401041666667 0.8248981481481481 0.42580625 0.8211453703703704 0.42119010416666663 0.820911111111111 0.4188161458333333 0.822787037037037 0.41696979166666664 0.8314648148148148 0.420003125 0.837562962962963 0.42277291666666666 0.8438953703703704 0.42554270833333335 0.8467101851851851 0.4281802083333333 0.8497592592592592 0.431609375 0.8546842592592593 0.4329286458333333 0.8596101851851852 0.43371979166666663 0.8617212962962962 0.4358302083333333 0.864300925925926 0.439259375 0.8659425925925925 0.44242447916666666 0.8668805555555555 0.4458536458333333 0.8664120370370371 0.44941458333333334 0.8640666666666666 0.45284375000000004 0.8621898148148148 0.45482239583333334 0.8624240740740741 0.459965625 0.8591407407407406 0.4635270833333333 0.8598444444444444 0.468275 0.8600787037037037 0.47236354166666666 0.8610175925925926 0.474078125 0.8607824074074074 0.4781666666666667 0.863362962962963 0.4801447916666667 0.8659425925925925 0.48291458333333337 0.869225925925926 0.48713541666666665 0.8708675925925926 0.48977291666666667 0.8725101851851852 0.49610364583333333 0.8727444444444444 0.5028302083333334 0.870399074074074 0.5077098958333334 0.8659425925925925 0.5082375 0.8621898148148148 0.5073145833333333 0.8556231481481481 0.5049401041666667 0.8499935185185186 0.5011156250000001 0.8436611111111111 0.49913697916666666 0.8403777777777778 0.494653125 0.8359212962962963 0.4909598958333333 0.8349833333333334 0.4858161458333334 0.8352175925925925 0.48001302083333336 0.8359212962962963 0.477903125 0.8359212962962963 0.4732869791666667 0.8335759259259259 0.4678791666666667 0.8347490740740741 0.46326302083333337 0.8352175925925925 0.4583833333333333 0.8361555555555555 0.4561411458333334 0.8373287037037037 0.45020625 0.8403777777777778 0.4478317708333333 0.8417851851851852 0.44255625 0.8448342592592593 0.44044635416666666 0.8464759259259259
0 0.5960036458333333 0.856874074074074 0.6018562500000001 0.8553259259259259 0.6044817708333333 0.8506564814814814 0.6035145833333334 0.8457416666666666 0.6013031249999999 0.8440212962962963 0.596328125 0.8442666666666666 0.5914911458333333 0.845987037037037 0.5841666666666666 0.845987037037037 0.5779479166666667 0.8462333333333334 0.569103125 0.8454953703703704 0.5594291666666666 0.8472157407407408 0.5537630208333333 0.8489361111111111 0.548096875 0.8472157407407408 0.5433979166666667 0.8442666666666666 0.5384229166666666 0.8442666666666666 0.5346916666666667 0.8435296296296296 0.5287489583333334 0.8408259259259259 0.5243265625 0.8391055555555555 0.5197661458333334 0.8410722222222222 0.5152052083333333 0.8454953703703704 0.5116125 0.8477074074074074 0.5064989583333334 0.8526222222222222 0.5071901041666667 0.858275 0.5081572916666667 0.8624527777777777 0.5102302083333333 0.8666305555555556 0.512303125 0.8688425925925927 0.5150671875 0.8695805555555556 0.5186604166666666 0.8725296296296297 0.5229447916666666 0.8725296296296297 0.5259848958333333 0.8735120370370371 0.530821875 0.8744953703703704 0.5338625 0.8732666666666667 0.5357968750000001 0.8730203703703704 0.5398046875 0.870562962962963 0.544365625 0.8695805555555556 0.5514135416666667 0.8681055555555556 0.5587380208333333 0.8685972222222222 0.5659244791666667 0.8661398148148148 0.5708994791666666 0.8636814814814814 0.575875 0.8622074074074074 0.5818171875 0.8607324074074074 0.5894182291666666 0.8592583333333333
0 0.6649802083333333 0.862862037037037 0.658575 0.8699333333333333 0.6514166666666666 0.8759629629629629 0.6389833333333333 0.8826629629629629 0.6288109375000001 0.8846731481481481 0.6229713541666667 0.881323148148148 0.6208989583333333 0.8706027777777777 0.6233479166666667 0.8612231481481482 0.6288109375000001 0.8511731481481482 0.6342739583333333 0.8484935185185185 0.6425630208333334 0.8484935185185185 0.6480260416666667 0.850837962962963 0.6533005208333333 0.852512962962963 0.6583864583333334 0.850837962962963 0.6662984375 0.8471527777777778 0.6734572916666667 0.8434685185185186 0.6849484375 0.8427981481481481 0.6902229166666667 0.842462962962963 0.6953088541666667 0.842462962962963 0.6994536458333334 0.8404527777777777 0.70001875 0.8451435185185185 0.6921067708333334 0.849162962962963 0.6830645833333333 0.8535185185185185 0.6764713541666667 0.8575379629629629 0.6689359375 0.8615583333333333
0 0.7685885416666667 0.8549083333333334 0.7712260416666666 0.8481583333333333 0.7704723958333334 0.8414583333333333 0.7682119791666667 0.8367685185185185 0.7657630208333334 0.8330833333333334 0.7627489583333333 0.8314083333333334 0.7552140625 0.8330833333333334 0.746925 0.8314083333333334 0.739578125 0.8364333333333333 0.7297822916666666 0.8397833333333333 0.7218708333333334 0.844137962962963 0.7122630208333334 0.8431333333333333 0.7037859375 0.8448083333333334 0.6988885416666667 0.844137962962963 0.692671875 0.849162962962963 0.680615625 0.8565333333333334 0.6749640625000001 0.8645731481481482 0.679296875 0.8649083333333333 0.6857015625 0.8618925925925927 0.6913531249999999 0.859212962962963 0.6970046875 0.8578731481481482 0.7039744791666667 0.8598833333333333 0.7124515625 0.8588777777777777 0.7218708333333334 0.8568675925925926 0.7278989583333334 0.8551935185185185 0.7361875 0.852512962962963 0.742215625 0.8545231481481481 0.7501276041666666 0.8578731481481482 0.7548369791666667 0.8602175925925926 0.7625604166666666 0.8588777777777777 0.7667046875000001 0.8585425925925926
0 0.7820109375000001 0.8130462962962963 0.7761239583333333 0.8219703703703704 0.7678354166666667 0.8293407407407407 0.7648213541666667 0.8340305555555556 0.7606765625 0.8333601851851852 0.7561557291666666 0.8333601851851852 0.7535182291666668 0.8293407407407407 0.7527651041666666 0.8243157407407408 0.7540833333333333 0.8159407407407407 0.7580395833333333 0.8089055555555557 0.7612421875000001 0.8038805555555556 0.7674583333333334 0.7941657407407406 0.7742401041666667 0.7844509259259259 0.7808333333333334 0.7747361111111112 0.7864848958333333 0.7683712962962963 0.7915708333333333 0.7566462962962963 0.7959036458333333 0.7482712962962963 0.8030619791666667 0.7355416666666666 0.8109739583333333 0.7261620370370371 0.8175671875 0.7197962962962963 0.8222770833333333 0.7120916666666667 0.8262328125 0.7107518518518519 0.830565625 0.7137666666666667 0.8294354166666668 0.7201314814814814 0.8262328125 0.7275018518518519 0.8207697916666666 0.7305166666666666 0.8186979166666667 0.7378861111111111 0.8158718749999999 0.7469314814814815 0.8094671874999999 0.7549712962962963 0.8062645833333334 0.7643509259259259 0.8002364583333333 0.778086111111111 0.7927015625 0.7904805555555556 0.78573125 0.8048861111111112
0 0.7189036458333333 0.7418805555555555 0.7139588541666666 0.7276870370370371 0.7083072916666667 0.7095972222222222 0.7037859375 0.6948574074074074 0.7011489583333332 0.6871527777777777 0.6977578125 0.6714074074074075 0.6934255208333333 0.6553277777777778 0.6892807291666667 0.6392481481481482 0.6870203125 0.6312083333333334 0.6849484375 0.6231685185185185 0.680615625 0.6227833333333334 0.6783546875 0.6274731481481481 0.6808036458333333 0.6426796296296297 0.6832526041666667 0.6537342592592593 0.6849484375 0.6671342592592593 0.6875854166666666 0.6798638888888889 0.6911645833333334 0.6919240740740741 0.6951208333333334 0.7056592592592592 0.6987 0.718724074074074 0.6996416666666666 0.7307842592592593 0.7024677083333334 0.7478685185185185 0.7066119791666666 0.7646185185185185 0.7109447916666666 0.7743333333333333 0.7188567708333333 0.7780185185185186 0.7218708333333334 0.7683037037037037 0.7226239583333334 0.7595935185185185 0.7213052083333333 0.750549074074074
0 0.7177260416666668 0.44591574074074075 0.7182911458333333 0.4331990740740741 0.7190447916666667 0.42214351851851856 0.7169729166666666 0.4147740740740741 0.7122630208333334 0.4114240740740741 0.7084958333333333 0.41443888888888886 0.7077421875 0.4241537037037037 0.7071770833333333 0.43822407407407404 0.7079307291666667 0.44693333333333335 0.7058583333333334 0.4529638888888889 0.7052932291666667 0.4596638888888889 0.7058583333333334 0.4720583333333333 0.70811875 0.5068981481481482 0.7079307291666667 0.5229777777777778 0.7096260416666667 0.5414027777777778 0.7077421875 0.5615027777777778 0.7052932291666667 0.5782527777777778 0.7071770833333333 0.6050518518518518 0.7124515625 0.6248166666666667 0.7243197916666666 0.6264916666666667 0.7278989583333334 0.6137620370370371 0.7292171875 0.5996925925925926 0.7297822916666666 0.5832777777777778 0.7278989583333334 0.5735629629629629 0.726203125 0.5648527777777779 0.7250729166666667 0.5574824074074074 0.7239427083333333 0.5403981481481481 0.7226239583333334 0.5293425925925926 0.72149375 0.5169481481481482 0.7231890624999999 0.5012027777777778 0.7231890624999999 0.4874685185185185 0.7213052083333333 0.478087962962963 0.7197984374999999 0.4646888888888889 0.7186682291666667 0.45061851851851853
0 0.8133286458333333 0.4559620370370371 0.8021203124999999 0.45832685185185185 0.7913828125 0.4479425925925926 0.781021875 0.44157685185185186 0.7648213541666667 0.4325324074074074 0.7533302083333333 0.4295175925925926 0.7420270833333333 0.4261675925925926 0.73223125 0.4258324074074074 0.7243197916666666 0.4254972222222222 0.7207401041666667 0.4198027777777778 0.7226239583333334 0.41243240740740744 0.7267682291666666 0.4090824074074074 0.7326083333333333 0.4097527777777778 0.740896875 0.4107574074074074 0.7491854166666666 0.4151120370370371 0.7601114583333334 0.41611759259259257 0.7695307291666666 0.4191324074074074 0.7855427083333333 0.42214722222222223 0.794396875 0.42181203703703707 0.8036276041666667 0.42315277777777777 0.8111625 0.4248277777777778 0.8190744791666666 0.4338722222222222 0.8209583333333333 0.4476074074074074 0.8177557291666666 0.45330185185185184
0 0.81345625 0.6763953703703703 0.8134046875000001 0.6620537037037038 0.809690625 0.6437074074074074 0.8076276041666667 0.6316 0.8041197916666667 0.6180231481481482 0.8004057291666666 0.5971092592592593 0.7985489583333333 0.5813314814814815 0.7964854166666666 0.5677555555555556 0.7968984375 0.5534462962962963 0.793803125 0.5373018518518518 0.7896765625000001 0.5384018518518519 0.7888515625 0.5457407407407407 0.7896765625000001 0.5582157407407408 0.7894703125 0.5710583333333333 0.7894703125 0.5864685185185184 0.7905020833333333 0.6033472222222223 0.7921526041666667 0.6231601851851852 0.793803125 0.6418731481481481 0.793596875 0.6528805555555556 0.7960729166666667 0.6686583333333332 0.7975171875 0.6807666666666666 0.7995807291666667 0.6906731481481482 0.8041197916666667 0.6972777777777778 0.809690625 0.6928749999999999 0.8125791666666667 0.6829685185185185
0 0.8274869791666667 0.6312527777777778 0.8241854166666667 0.6085037037037037 0.821090625 0.5905250000000001 0.8163447916666667 0.5732796296296296 0.8142817708333333 0.5611712962962964 0.81325 0.5413574074074075 0.8109802083333334 0.5204435185185184 0.8074729166666667 0.49769444444444444 0.8039651041666667 0.4855861111111111 0.8002510416666666 0.4668731481481482 0.7990130208333334 0.4569666666666667 0.7957119791666667 0.45072870370370366 0.7903473958333334 0.44779351851851856 0.7868395833333334 0.4474268518518519 0.789521875 0.4635712962962963 0.7924104166666667 0.4749453703703704 0.7948864583333334 0.48852129629629626 0.7963307291666666 0.5065009259259259 0.7988067708333334 0.5329185185185186 0.8021083333333333 0.5508981481481482 0.8023145833333333 0.5648407407407408 0.8012828125 0.580250925925926 0.8012828125 0.5879564814814815 0.8023145833333333 0.6015324074074074 0.8060286458333333 0.6198787037037038 0.8107739583333333 0.6374907407407407 0.8126307291666667 0.6462962962962963 0.8182020833333333 0.6517999999999999 0.8258359375000001 0.6455629629629629 0.8276932291666667 0.6356555555555556
0 0.6038421875 0.5710018518518518 0.5914270833333333 0.5765092592592592 0.5828229166666666 0.5835037037037036 0.5720057291666667 0.588312962962963 0.5592223958333334 0.5900620370370371 0.5493885416666667 0.5948703703703704 0.5398010416666666 0.6018657407407407 0.5309505208333333 0.6027398148148148 0.5262796875 0.6036138888888889 0.5240671874999999 0.6088601851851851 0.5257880208333333 0.6158546296296297 0.5307046875 0.6158546296296297 0.5361135416666667 0.6127944444444444 0.542996875 0.6136694444444445 0.5552890625 0.6097342592592593 0.5693015625 0.6092972222222223 0.5847895833333333 0.6079861111111111 0.6024901041666666 0.6058 0.6137984375 0.5918101851851851 0.6142901041666666 0.5769462962962962 0.6098651041666667 0.572137037037037
0 0.6397958333333332 0.34810833333333335 0.6398572916666667 0.33589629629629625 0.6346947916666666 0.3297759259259259 0.6285489583333334 0.33327407407407406 0.6255989583333333 0.34245462962962964 0.6219109374999999 0.35207222222222223 0.6187151041666666 0.36693611111111113 0.6174859375 0.3787398148148148 0.6152734375000001 0.3905435185185185 0.6108484375 0.4071564814814815 0.6074067708333334 0.4246435185185185 0.6037192708333333 0.44081944444444443 0.59929375 0.45786944444444444 0.5960979166666667 0.465737962962963 0.5924104166666667 0.4779796296296296 0.5943770833333333 0.4862861111111111 0.5990479166666667 0.4849740740740741 0.6024901041666666 0.47317037037037035 0.6051942708333333 0.4583064814814815 0.6155192708333334 0.43251296296296293 0.6228947916666667 0.40759351851851855 0.6337114583333334 0.382675 0.639365625 0.36300185185185185
0 0.674828125 0.2650694444444444 0.6686208333333333 0.24534351851851852 0.6622286458333334 0.2278564814814815 0.6570661458333333 0.20512314814814814 0.6514119791666667 0.18588703703703705 0.6514119791666667 0.16708888888888887 0.6462494791666666 0.15397314814814814 0.6413322916666666 0.14522962962962965 0.6351864583333333 0.13867222222222222 0.6310072916666667 0.14216944444444446 0.6292864583333333 0.15266203703703704 0.6300239583333334 0.17014907407407406 0.6339572916666667 0.18457592592592595 0.6405947916666667 0.1981277777777778 0.6479703125 0.22086111111111112 0.6533786458333334 0.25015185185185185 0.6639494791666666 0.2685138888888889 0.6703416666666667 0.27638333333333337 0.6745208333333333 0.2947444444444445 0.6818958333333334 0.29605555555555557 0.6826333333333333 0.286437962962963 0.6779625 0.2720111111111111 0.674275 0.2658907407407407
0 0.80741875 0.13898425925925928 0.8067197916666667 0.12975185185185187 0.8057213541666666 0.11998796296296295 0.8026265625 0.11324166666666667 0.7954385416666666 0.11253148148148148 0.79234375 0.11892222222222223 0.7893489583333333 0.12726666666666667 0.7866536458333333 0.13525555555555555 0.78515625 0.14572962962962963 0.7842572916666666 0.15602685185185183 0.7859546875 0.1686314814814815 0.78885 0.18836296296296295 0.7899479166666666 0.2016777777777778 0.790646875 0.2174787037037037 0.7919447916666668 0.23292407407407406 0.7930427083333333 0.2480138888888889 0.7957380208333333 0.2625712962962963 0.7975104166666667 0.2795212962962963 0.7984088541666666 0.2891074074074074 0.8026015624999999 0.2953212962962963 0.8061958333333333 0.2891074074074074 0.8066947916666667 0.28023148148148147 0.805396875 0.27099907407407403 0.805496875 0.26087962962962963 0.805496875 0.244725 0.8042989583333333 0.22590648148148149 0.8046979166666667 0.20957314814814815 0.8026015624999999 0.1909324074074074 0.8026015624999999 0.16924722222222222 0.8047979166666667 0.15930555555555556 0.8074932291666667 0.1479435185185185
0 0.7785671875 0.13381944444444446 0.7853557291666667 0.13385370370370372 0.7891494791666667 0.12604166666666666 0.7915453125 0.11823055555555555 0.7913458333333333 0.11201666666666667 0.7887500000000001 0.10402777777777777 0.7840578125000001 0.09763703703703704 0.7773692708333333 0.09319814814814814 0.7708802083333333 0.08876018518518519 0.7648901041666666 0.089825 0.757203125 0.08751759259259259 0.7517119791666667 0.08591944444444445 0.7447239583333333 0.08006111111111111 0.7387338541666666 0.07739814814814815 0.7318453125000001 0.07437962962962963 0.72545625 0.07189444444444444 0.7165963541666667 0.06781111111111111 0.7090088541666667 0.06603611111111111 0.6965546875 0.06337314814814815 0.6899661458333333 0.059644444444444444 0.6849744791666666 0.05893425925925926 0.6839760416666666 0.06497037037037037 0.6852739583333334 0.07153981481481482 0.6924614583333334 0.0758 0.6997494791666666 0.07970555555555554 0.7064380208333334 0.08467685185185185 0.7125281250000001 0.08716203703703704 0.7218125000000001 0.08893796296296295 0.7292000000000001 0.09160092592592593 0.7360885416666666 0.09390833333333334 0.7427770833333334 0.10083240740740741 0.7507635416666666 0.11130648148148148 0.7578520833333333 0.11965092592592594 0.760746875 0.12568703703703704 0.7650395833333333 0.13296574074074075 0.7704307291666667 0.13332037037037037
