0 0.2760416666666667 0.37592592592592594 0.3026041666666667 0.32314814814814813 0.3140625 0.30925925925925923 0.3255208333333333 0.25925925925925924 0.31875 0.25 0.309375 0.24351851851851852 0.2947916666666667 0.26944444444444443 0.28854166666666664 0.2833333333333333 0.28854166666666664 0.29444444444444445 0.28020833333333334 0.325 0.2515625 0.3888888888888889 0.24739583333333334 0.40370370370370373 0.2453125 0.42314814814814816 0.23854166666666668 0.4444444444444444 0.24010416666666667 0.4601851851851852 0.24375 0.46296296296296297 0.2484375 0.4583333333333333 0.25416666666666665 0.43796296296296294 0.2635416666666667 0.42314814814814816 0.2760416666666667 0.37592592592592594
0 0.3885416666666667 0.22777777777777777 0.39114583333333336 0.2361111111111111 0.39895833333333336 0.2361111111111111 0.415625 0.24351851851851852 0.42135416666666664 0.24259259259259258 0.42604166666666665 0.2361111111111111 0.4265625 0.22870370370370371 0.4239583333333333 0.225 0.38385416666666666 0.19537037037037036 0.36302083333333335 0.175 0.32864583333333336 0.13055555555555556 0.3104166666666667 0.125 0.30364583333333334 0.13703703703703704 0.30364583333333334 0.15 0.3171875 0.16944444444444445 0.3536458333333333 0.19537037037037036 0.37135416666666665 0.21481481481481482 0.3729166666666667 0.22037037037037038 0.3885416666666667 0.22777777777777777
0 0.446875 0.3 0.4552083333333333 0.26944444444444443 0.4625 0.22314814814814815 0.4984375 0.10185185185185185 0.5057291666666667 0.0962962962962963 0.5145833333333333 0.0824074074074074 0.4875 0.10555555555555556 0.4796875 0.10833333333333334 0.46770833333333334 0.09537037037037037 0.4640625 0.08425925925925926 0.4546875 0.0712962962962963 0.4546875 0.07592592592592592 0.4661458333333333 0.09722222222222222 0.45364583333333336 0.13796296296296295 0.45 0.18888888888888888 0.4348958333333333 0.26296296296296295 0.43125 0.27037037037037037 0.4276041666666667 0.287962962962963 0.42552083333333335 0.3148148148148148 0.421875 0.3296296296296296 0.42135416666666664 0.34074074074074073 0.4239583333333333 0.34814814814814815 0.4276041666666667 0.3490740740740741 0.43333333333333335 0.3416666666666667 0.43802083333333336 0.3194444444444444 0.446875 0.3
0 0.49375 0.4203703703703704 0.49635416666666665 0.42777777777777776 0.5020833333333333 0.4324074074074074 0.5057291666666667 0.4287037037037037 0.50625 0.4185185185185185 0.5041666666666667 0.39444444444444443 0.5046875 0.3675925925925926 0.5005208333333333 0.3314814814814815 0.5 0.25833333333333336 0.5041666666666667 0.22870370370370371 0.5041666666666667 0.21203703703703702 0.49947916666666664 0.18518518518518517 0.5 0.17777777777777778 0.48333333333333334 0.17685185185185184 0.48020833333333335 0.1824074074074074 0.47760416666666666 0.19814814814814816 0.47708333333333336 0.22870370370370371 0.48072916666666665 0.24351851851851852 0.4822916666666667 0.33055555555555555 0.48541666666666666 0.3712962962962963 0.49270833333333336 0.40555555555555556 0.49375 0.4203703703703704
0 0.6286458333333333 0.687962962962963 0.6265625 0.6777777777777778 0.6114583333333333 0.6601851851851852 0.5942708333333333 0.6472222222222223 0.5682291666666667 0.6351851851851852 0.5552083333333333 0.6212962962962963 0.5411458333333333 0.6138888888888889 0.5322916666666667 0.6138888888888889 0.5276041666666667 0.6259259259259259 0.5265625 0.6305555555555555 0.53125 0.6416666666666667 0.5447916666666667 0.6564814814814814 0.5682291666666667 0.6611111111111111 0.603125 0.6814814814814815 0.6286458333333333 0.687962962962963
0 0.7125 0.5731481481481482 0.7510416666666667 0.575925925925926 0.7682291666666666 0.5833333333333334 0.7708333333333334 0.5907407407407408 0.7875 0.5916666666666667 0.8026041666666667 0.5888888888888889 0.809375 0.5833333333333334 0.8135416666666667 0.575925925925926 0.8140625 0.5592592592592592 0.8130208333333333 0.5509259259259259 0.8083333333333333 0.5453703703703704 0.7963541666666667 0.537962962962963 0.7817708333333333 0.5342592592592592 0.6979166666666666 0.5407407407407407 0.6708333333333333 0.5518518518518518 0.6640625 0.5583333333333333 0.659375 0.5694444444444444 0.6458333333333334 0.5833333333333334 0.6421875 0.5953703703703703 0.6453125 0.6 0.653125 0.5990740740740741 0.665625 0.5907407407407408 0.6828125 0.5879629629629629 0.7125 0.5731481481481482
0 0.8260416666666667 0.7333333333333333 0.8296875 0.7407407407407407 0.8348958333333333 0.7425925925925926 0.8375 0.7388888888888889 0.8375 0.7277777777777777 0.8333333333333334 0.7129629629629629 0.8338541666666667 0.662962962962963 0.8369791666666667 0.6046296296296296 0.840625 0.5824074074074074 0.8390625 0.5481481481481482 0.8317708333333333 0.5287037037037037 0.8182291666666667 0.5305555555555556 0.8130208333333333 0.5481481481481482 0.815625 0.562962962962963 0.8104166666666667 0.5888888888888889 0.8161458333333333 0.612037037037037 0.815625 0.6851851851851852 0.8182291666666667 0.7064814814814815 0.8260416666666667 0.7333333333333333
0 0.6890625 0.11296296296296296 0.7052083333333333 0.09722222222222222 0.7067708333333333 0.07962962962962963 0.7020833333333333 0.0712962962962963 0.6869791666666667 0.07037037037037037 0.6739583333333333 0.07407407407407407 0.6630208333333333 0.08425925925925926 0.6276041666666666 0.09537037037037037 0.6088541666666667 0.11018518518518519 0.5947916666666667 0.1361111111111111 0.5947916666666667 0.15 0.5989583333333334 0.15185185185185185 0.609375 0.1388888888888889 0.6416666666666667 0.1175925925925926 0.6619791666666667 0.11296296296296296 0.6890625 0.11296296296296296
0 0.7520833333333333 0.23055555555555557 0.7671875 0.2675925925925926 0.7796875 0.2833333333333333 0.7828125 0.29444444444444445 0.7854166666666667 0.29074074074074074 0.7916666666666666 0.29444444444444445 0.7921875 0.28425925925925927 0.7869791666666667 0.2722222222222222 0.7828125 0.25092592592592594 0.7723958333333333 0.225 0.753125 0.14629629629629629 0.75 0.11481481481481481 0.7442708333333333 0.09537037037037037 0.7328125 0.07407407407407407 0.7244791666666667 0.07685185185185185 0.7197916666666667 0.0824074074074074 0.7177083333333333 0.08796296296296297 0.721875 0.11851851851851852 0.7369791666666666 0.16111111111111112 0.7473958333333334 0.20925925925925926 0.75 0.21388888888888888 0.7520833333333333 0.23055555555555557
0 0.453125 0.6833333333333333 0.4890625 0.6425925925925926 0.4979166666666667 0.6268518518518519 0.5072916666666667 0.5962962962962963 0.5151041666666667 0.5805555555555556 0.515625 0.5638888888888889 0.5135416666666667 0.5611111111111111 0.50625 0.5638888888888889 0.4953125 0.5861111111111111 0.4828125 0.600925925925926 0.4708333333333333 0.625 0.44427083333333334 0.6592592592592592 0.4322916666666667 0.6675925925925926 0.4197916666666667 0.6666666666666666 0.4015625 0.7018518518518518 0.39791666666666664 0.7046296296296296 0.40625 0.7287037037037037 0.415625 0.7277777777777777 0.4322916666666667 0.7157407407407408 0.453125 0.6833333333333333
0 0.3651041666666667 0.7648148148148148 0.38229166666666664 0.7870370370370371 0.3885416666666667 0.8009259259259259 0.390625 0.799074074074074 0.3890625 0.7842592592592592 0.37395833333333334 0.7490740740740741 0.3494791666666667 0.7277777777777777 0.3307291666666667 0.7185185185185186 0.3234375 0.7194444444444444 0.309375 0.7138888888888889 0.3020833333333333 0.7046296296296296 0.2713541666666667 0.7111111111111111 0.2677083333333333 0.7212962962962963 0.26927083333333335 0.7407407407407407 0.27708333333333335 0.7490740740740741 0.28802083333333334 0.7546296296296297 0.328125 0.7490740740740741 0.346875 0.7509259259259259 0.3651041666666667 0.7648148148148148
0 0.3734375 0.9212962962962963 0.3927083333333333 0.9212962962962963 0.40520833333333334 0.9296296296296296 0.41302083333333334 0.9296296296296296 0.4171875 0.924074074074074 0.41354166666666664 0.9101851851851852 0.396875 0.8962962962962963 0.3921875 0.887962962962963 0.34375 0.8629629629629629 0.3260416666666667 0.8444444444444444 0.30520833333333336 0.8027777777777778 0.2833333333333333 0.7796296296296297 0.2713541666666667 0.7768518518518519 0.26458333333333334 0.7861111111111111 0.26197916666666665 0.7953703703703704 0.2640625 0.8175925925925925 0.2828125 0.8527777777777777 0.2875 0.8601851851851852 0.3229166666666667 0.8916666666666667 0.3453125 0.9074074074074074 0.3734375 0.9212962962962963
0 0.5 0.7972222222222223 0.5145833333333333 0.7944444444444444 0.5223958333333333 0.7796296296296297 0.521875 0.7685185185185185 0.4947916666666667 0.7453703703703703 0.48072916666666665 0.7537037037037037 0.4609375 0.7537037037037037 0.42604166666666665 0.7425925925925926 0.40572916666666664 0.7435185185185185 0.4083333333333333 0.7592592592592593 0.4203125 0.7712962962962963 0.43125 0.7768518518518519 0.475 0.7833333333333333 0.4921875 0.7953703703703704 0.5 0.7972222222222223
0 0.6130208333333333 0.7768518518518519 0.634375 0.7564814814814815 0.6354166666666666 0.7481481481481481 0.6291666666666667 0.7472222222222222 0.6140625 0.7555555555555555 0.5760416666666667 0.787962962962963 0.5661458333333333 0.7944444444444444 0.559375 0.7935185185185185 0.5432291666666667 0.8203703703703704 0.5432291666666667 0.8296296296296296 0.5484375 0.8398148148148148 0.5614583333333333 0.8351851851851851 0.575 0.812962962962963 0.6104166666666667 0.7824074074074074 0.6130208333333333 0.7768518518518519
0 0.6203125 0.8842592592592593 0.6255208333333333 0.8768518518518519 0.6234375 0.8722222222222222 0.5994791666666667 0.8685185185185185 0.5786458333333333 0.8703703703703703 0.5583333333333333 0.8648148148148148 0.5515625 0.8592592592592593 0.5473958333333333 0.8490740740740741 0.5328125 0.8407407407407408 0.5192708333333333 0.8398148148148148 0.5145833333333333 0.8472222222222222 0.5135416666666667 0.8574074074074074 0.5182291666666666 0.8703703703703703 0.5265625 0.8805555555555555 0.5375 0.8870370370370371 0.5958333333333333 0.8962962962962963 0.6203125 0.8842592592592593
0 0.5526041666666667 0.7768518518518519 0.5630208333333333 0.7462962962962963 0.5671875 0.725 0.55625 0.7138888888888889 0.5489583333333333 0.7185185185185186 0.5364583333333334 0.7361111111111112 0.5265625 0.762962962962963 0.5276041666666667 0.7675925925925926 0.525 0.7768518518518519 0.5151041666666667 0.7981481481481482 0.4713541666666667 0.8462962962962963 0.4671875 0.8472222222222222 0.46458333333333335 0.8527777777777777 0.4640625 0.8564814814814815 0.4666666666666667 0.8611111111111112 0.48854166666666665 0.8564814814814815 0.5208333333333334 0.8287037037037037 0.5425348958333333 0.7864194444444444 0.5526041666666667 0.7768518518518519
0 0.6474182291666666 0.2864416666666667 0.6638723958333334 0.3114064814814815 0.6727010416666667 0.3328055555555556 0.6895567708333333 0.3577712962962963 0.7200567708333333 0.36704444444444445 0.7533661458333333 0.37774351851851856 0.7517609375000001 0.36561759259259263 0.7349057291666666 0.35063796296296296 0.7328989583333333 0.33851203703703703 0.7136359375 0.32852592592592594 0.6955765625 0.3199666666666667 0.6775171875 0.3028472222222222 0.675109375 0.2850148148148148 0.6654776041666667 0.2564824074074074 0.6562473958333332 0.24507037037037036 0.6522338541666667 0.21582500000000002 0.6520875 0.24566203703703704 0.6498260416666667 0.24221666666666666 0.6442078124999999 0.2564824074074074 0.6373854166666667 0.25933611111111116 0.640996875 0.2671824074074074 0.6474182291666666 0.2864416666666667
0 0.6076875 0.2657555555555556 0.6177208333333333 0.3114064814814815 0.6237401041666666 0.3442185185185185 0.6305630208333334 0.34350555555555556 0.6341744791666667 0.3663314814814815 0.6385890624999999 0.3634777777777778 0.6442078124999999 0.3577712962962963 0.6357796874999999 0.32923981481481485 0.6281546875 0.2892944444444444 0.6169177083333334 0.2436435185185185 0.6121020833333334 0.2001324074074074 0.6112994791666666 0.18158611111111111 0.6032729166666667 0.17373981481481482 0.6076875 0.15448055555555557 0.5992598958333333 0.16874722222222224 0.5896281250000001 0.1758796296296296 0.5779901041666666 0.16446666666666665 0.5798338541666667 0.1707324074074074 0.5888255208333334 0.18158611111111111 0.5888255208333334 0.1951388888888889 0.5912333333333333 0.21653796296296296 0.5896281250000001 0.23437037037037037 0.5964505208333333 0.22795092592592595 0.6076875 0.2657555555555556
0 0.6574510416666667 0.3577712962962963 0.664675 0.3599111111111111 0.6674838541666667 0.3991425925925926 0.6686880208333333 0.36419074074074076 0.6678854166666667 0.3542046296296296 0.6755104166666667 0.33779907407407406 0.6682864583333333 0.31426018518518517 0.6498260416666667 0.2907212962962963 0.6393916666666667 0.26932222222222224 0.6329708333333334 0.2308037037037037 0.6233390624999999 0.18586574074074075 0.6185234375 0.18158611111111111 0.6177208333333333 0.1559074074074074 0.6129046875 0.14520833333333333 0.6076875 0.1559074074074074 0.6072302083333334 0.152 0.6072864583333334 0.1765935185185185 0.6145098958333333 0.22509722222222223 0.6197270833333334 0.2643287037037037 0.6321682291666666 0.3114064814814815 0.6397932291666667 0.33494537037037037 0.6574510416666667 0.3577712962962963
0 0.6885416666666667 0.2962962962962963 0.6890625 0.3 0.6953125 0.2962962962962963 0.759375 0.32222222222222224 0.7947916666666667 0.3453703703703704 0.8026041666666667 0.3472222222222222 0.8229166666666666 0.3435185185185185 0.8427083333333333 0.31851851851851853 0.8463541666666666 0.30833333333333335 0.8453125 0.2962962962962963 0.8385416666666666 0.2972222222222222 0.8265625 0.31203703703703706 0.79375 0.30833333333333335 0.7833333333333333 0.2953703703703704 0.7817708333333333 0.2972222222222222 0.7648484375 0.2930935185185185 0.7524052083333334 0.2571537037037037 0.7425541666666666 0.2636046296296296 0.7342583333333333 0.2562324074074074 0.7218151041666666 0.24886018518518518 0.7249260416666666 0.23135092592592593 0.708853125 0.23042962962962962 0.7197916666666667 0.21296296296296297 0.7088541666666667 0.21666666666666667 0.7036458333333333 0.22407407407407406 0.7041666666666667 0.2388888888888889 0.709375 0.25555555555555554 0.7083333333333334 0.2675925925925926 0.7057291666666666 0.2777777777777778 0.6916666666666667 0.29074074074074074 0.6885416666666667 0.2962962962962963
0 0.8213625 0.45159814814814814 0.8296583333333333 0.4497555555555555 0.8353614583333333 0.47463703703703697 0.8239552083333332 0.5114981481481482 0.8405463541666667 0.4774018518518519 0.8363984375 0.44514722222222225 0.8410645833333333 0.4359324074074074 0.8379536458333334 0.42210925925925924 0.8524713541666666 0.39814907407407407 0.8540265625 0.371425 0.8421015625 0.33087685185185184 0.8452125 0.38985555555555557 0.8374354166666667 0.41750185185185185 0.8281026041666667 0.3999925925925926 0.8120296875 0.39446296296296296 0.8026973958333333 0.36866018518518523 0.8021791666666667 0.39446296296296296 0.7721072916666666 0.39077685185185185 0.7492942708333333 0.3760324074074074 0.7207145833333333 0.3740787037037037 0.7487755208333333 0.40367870370370373 0.7674411458333333 0.42118796296296296 0.7886984375 0.43316759259259263 0.78610625 0.45528425925925925 0.803215625 0.4442259259259259 0.8213625 0.45159814814814814
