0 0.7192708333333333 0.058333333333333334 0.7286458333333333 0.05740740740740741 0.7421875 0.04537037037037037 0.7442708333333333 0.025925925925925925 0.7395833333333334 0.012962962962962963 0.7182291666666667 0.016666666666666666 0.7052083333333333 0.026851851851851852 0.6744791666666666 0.03611111111111111 0.6489583333333333 0.053703703703703705 0.6479166666666667 0.06296296296296296 0.65 0.06666666666666667 0.6645833333333333 0.05925925925925926 0.696875 0.05277777777777778 0.7130208333333333 0.053703703703703705 0.7192708333333333 0.058333333333333334
0 0.446875 0.2222222222222222 0.4484375 0.21203703703703702 0.4453125 0.19166666666666668 0.44427083333333334 0.15 0.43802083333333336 0.11851851851851852 0.43645833333333334 0.07037037037037037 0.4395833333333333 0.06018518518518518 0.43645833333333334 0.049074074074074076 0.4348958333333333 0.028703703703703703 0.4317708333333333 0.013888888888888888 0.4239583333333333 0.008333333333333333 0.41510416666666666 0.012962962962962963 0.41302083333333334 0.025 0.41302083333333334 0.06388888888888888 0.42239583333333336 0.10648148148148148 0.43125 0.18888888888888888 0.4375 0.22037037037037038 0.44375 0.22592592592592592 0.446875 0.2222222222222222
0 0.45625 0.4305555555555556 0.45989583333333334 0.43333333333333335 0.47239583333333335 0.412962962962963 0.4791666666666667 0.3925925925925926 0.4822916666666667 0.35 0.4791666666666667 0.3055555555555556 0.4744791666666667 0.28425925925925927 0.4671875 0.26851851851851855 0.46197916666666666 0.26944444444444443 0.45677083333333335 0.27870370370370373 0.4588541666666667 0.30462962962962964 0.46979166666666666 0.3333333333333333 0.47291666666666665 0.3490740740740741 0.4713541666666667 0.38333333333333336 0.46458333333333335 0.4111111111111111 0.45625 0.4305555555555556
0 0.24739583333333334 0.3638888888888889 0.246875 0.35648148148148145 0.24479166666666666 0.3537037037037037 0.24010416666666667 0.3592592592592593 0.22291666666666668 0.4537037037037037 0.215625 0.46574074074074073 0.21145833333333333 0.48518518518518516 0.2125 0.5018518518518519 0.2203125 0.5092592592592593 0.22916666666666666 0.49907407407407406 0.23645833333333333 0.47685185185185186 0.24270833333333333 0.3888888888888889 0.24739583333333334 0.3638888888888889
0 0.4354166666666667 0.5675925925925925 0.4427083333333333 0.5851851851851851 0.44583333333333336 0.5879629629629629 0.45208333333333334 0.5861111111111111 0.4552083333333333 0.5740740740740741 0.45260416666666664 0.5527777777777778 0.44375 0.525 0.4354166666666667 0.48518518518518516 0.43020833333333336 0.4703703703703704 0.41510416666666666 0.44351851851851853 0.4119791666666667 0.4388888888888889 0.4078125 0.4388888888888889 0.40572916666666664 0.4425925925925926 0.40677083333333336 0.44814814814814813 0.4140625 0.4638888888888889 0.42916666666666664 0.5138888888888888 0.43385416666666665 0.5407407407407407 0.4354166666666667 0.5675925925925925
0 0.784375 0.7074074074074074 0.7947916666666667 0.7287037037037037 0.7984375 0.7305555555555555 0.803125 0.7277777777777777 0.8067708333333333 0.7212962962962963 0.8067708333333333 0.7092592592592593 0.803125 0.6935185185185185 0.7942708333333334 0.674074074074074 0.778125 0.6175925925925926 0.7765625 0.6064814814814815 0.7708333333333334 0.5953703703703703 0.765625 0.575925925925926 0.7635416666666667 0.5731481481481482 0.7583333333333333 0.575 0.7578125 0.5814814814814815 0.7671875 0.6212962962962963 0.7671875 0.6277777777777778 0.7817708333333333 0.6824074074074075 0.7817708333333333 0.6944444444444444 0.784375 0.7074074074074074
0 0.42135416666666664 0.6787037037037037 0.42604166666666665 0.637962962962963 0.4296875 0.6259259259259259 0.4296875 0.6157407407407407 0.43385416666666665 0.5916666666666667 0.43697916666666664 0.5833333333333334 0.4354166666666667 0.5712962962962963 0.43125 0.575925925925926 0.4197916666666667 0.6111111111111112 0.41302083333333334 0.6601851851851852 0.40572916666666664 0.6777777777777778 0.4015625 0.6981481481481482 0.4010416666666667 0.7185185185185186 0.4046875 0.7240740740740741 0.4114583333333333 0.7268518518518519 0.4192708333333333 0.7074074074074074 0.42135416666666664 0.6962962962962963 0.42135416666666664 0.6787037037037037
0 0.4734375 0.8611111111111112 0.48125 0.8638888888888889 0.49114583333333334 0.8611111111111112 0.4953125 0.8546296296296296 0.4973958333333333 0.8453703703703703 0.496875 0.8379629629629629 0.49375 0.8324074074074074 0.4786458333333333 0.8212962962962963 0.46822916666666664 0.8240740740740741 0.4375 0.8203703703703704 0.4046875 0.8111111111111111 0.4015625 0.8138888888888889 0.4010416666666667 0.8175925925925925 0.4041666666666667 0.8231481481481482 0.4359375 0.8388888888888889 0.45416666666666666 0.8435185185185186 0.46875 0.8527777777777777 0.4734375 0.8611111111111112
0 0.6114583333333333 0.6648148148148149 0.6192708333333333 0.6574074074074074 0.6229166666666667 0.6509259259259259 0.6234375 0.6425925925925926 0.6151041666666667 0.6416666666666667 0.6072916666666667 0.6518518518518519 0.5927083333333333 0.662962962962963 0.5760416666666667 0.6935185185185185 0.5520833333333334 0.7287037037037037 0.54375 0.7518518518518519 0.5442708333333334 0.7611111111111111 0.55 0.7694444444444445 0.5557291666666667 0.7675925925925926 0.565625 0.7564814814814815 0.5791666666666667 0.7212962962962963 0.6114583333333333 0.6648148148148149
0 0.5453125 0.6472222222222223 0.5526041666666667 0.6388888888888888 0.553125 0.6268518518518519 0.5515625 0.6231481481481481 0.5380208333333333 0.6148148148148148 0.534375 0.6175925925925926 0.5322916666666667 0.6148148148148148 0.5317708333333333 0.6240740740740741 0.5260416666666666 0.6240740740740741 0.5098958333333333 0.6157407407407407 0.5015625 0.6166666666666667 0.490625 0.6083333333333333 0.478125 0.6046296296296296 0.4666666666666667 0.5907407407407408 0.4625 0.5898148148148148 0.4578125 0.5935185185185186 0.45729166666666665 0.5990740740740741 0.46041666666666664 0.6046296296296296 0.48541666666666666 0.6277777777777778 0.4973958333333333 0.6342592592592593 0.5359375 0.6481481481481481 0.5453125 0.6472222222222223
0 0.41875 0.23703703703703705 0.4390625 0.2518518518518518 0.44427083333333334 0.25092592592592594 0.44375 0.23981481481481481 0.434375 0.23148148148148148 0.41770833333333335 0.20833333333333334 0.3958333333333333 0.18796296296296297 0.3770833333333333 0.16111111111111112 0.36614583333333334 0.1537037037037037 0.3609375 0.15462962962962962 0.35885416666666664 0.15925925925925927 0.3572916666666667 0.16944444444444445 0.3651041666666667 0.19166666666666668 0.3890625 0.20833333333333334 0.3963541666666667 0.21851851851851853 0.4041666666666667 0.2222222222222222 0.41875 0.23703703703703705
0 0.34375 0.38981481481481484 0.3453125 0.39351851851851855 0.346875 0.3824074074074074 0.353125 0.3768518518518518 0.36041666666666666 0.36018518518518516 0.3703125 0.3101851851851852 0.38125 0.2861111111111111 0.3885416666666667 0.2657407407407407 0.39114583333333336 0.25 0.39895833333333336 0.23055555555555557 0.3963541666666667 0.22037037037037038 0.3921875 0.22037037037037038 0.3885416666666667 0.22777777777777777 0.38645833333333335 0.23703703703703705 0.36875 0.2722222222222222 0.3541666666666667 0.3138888888888889 0.34427083333333336 0.32685185185185184 0.34270833333333334 0.337037037037037 0.34427083333333336 0.35 0.3421875 0.3768518518518518 0.34427083333333336 0.38796296296296295 0.34010416666666665 0.3925925925925926 0.3411458333333333 0.39444444444444443 0.34375 0.38981481481481484
0 0.311971875 0.09635925925925926 0.32226770833333335 0.10780092592592593 0.33685312500000003 0.12686851851851852 0.3437171875 0.13449537037037038 0.34500416666666667 0.12686851851851852 0.3325635416666667 0.10780092592592593 0.32527083333333334 0.09407129629629629 0.31283020833333336 0.08339351851851852 0.3016765625 0.07042685185185185 0.2952416666666667 0.06051203703703703 0.2909515625 0.04754537037037037 0.2845166666666667 0.03686759259259259 0.27422135416666665 0.03534259259259259 0.26649947916666666 0.04449444444444445 0.2677864583333333 0.05364722222222222 0.27550833333333336 0.06661388888888889 0.28709062500000004 0.07347777777777777 0.29953125 0.08491851851851852 0.311971875 0.09635925925925926
0 0.2991026041666667 0.10246111111111111 0.3089692708333333 0.10856296296296297 0.3179776041666667 0.1184787037037037 0.3325635416666667 0.13525833333333334 0.34457499999999996 0.14059722222222223 0.3394270833333334 0.12991944444444442 0.3244125 0.11085092592592592 0.3068239583333333 0.09102037037037038 0.29266770833333333 0.08110555555555556 0.27979791666666665 0.06890185185185185 0.26864427083333337 0.06661388888888889 0.2547703125 0.06499629629629629 0.25148489583333333 0.0765287037037037 0.2553458333333333 0.08873240740740741 0.26564166666666666 0.10322407407407408 0.277653125 0.09941018518518518 0.28666197916666664 0.09864814814814815 0.2991026041666667 0.10246111111111111
0 0.3021052083333334 0.18483518518518519 0.31025625 0.18483518518518519 0.32183854166666664 0.19475 0.3338505208333334 0.2016148148148148 0.34886510416666666 0.20466574074074073 0.3608765625 0.20847962962962963 0.37203020833333333 0.20619074074074076 0.36902708333333334 0.19703888888888887 0.35958958333333335 0.19551296296296297 0.34629114583333337 0.18864814814814815 0.33556614583333333 0.18330925925925926 0.32398385416666664 0.1756824074074074 0.31240104166666666 0.16958055555555554 0.3016765625 0.15813981481481482 0.29009375 0.15051296296296296 0.27936927083333335 0.15127500000000002 0.27136927083333334 0.16312962962962962 0.27250520833333336 0.17339444444444443 0.2789401041666667 0.17873333333333336 0.285375 0.18712314814814815 0.29567031250000003 0.18636018518518518 0.3021052083333334 0.18483518518518519
0 0.27636614583333335 0.20771666666666666 0.28322968750000005 0.21992037037037038 0.2948125 0.22678425925925924 0.30596614583333337 0.2328861111111111 0.31540416666666665 0.24585277777777778 0.3231255208333333 0.26339537037037036 0.3282734375 0.2817 0.33084739583333334 0.31754814814814813 0.33127656250000004 0.29161574074074076 0.3304182291666667 0.2694962962962963 0.3265578125 0.24890370370370368 0.322696875 0.23212314814814816 0.31626197916666665 0.22373333333333334 0.3081109375 0.20847962962962963 0.30070625 0.193325 0.29438333333333333 0.18712314814814815 0.2802270833333333 0.17797037037037036 0.27550833333333336 0.18636018518518518 0.2690734375 0.19475 0.27636614583333335 0.20771666666666666
0 0.33470833333333333 0.34042962962962964 0.3304182291666667 0.3573324074074074 0.332134375 0.375637962962963 0.3334213541666667 0.3939435185185185 0.33556614583333333 0.39241759259259257 0.33556614583333333 0.41224814814814814 0.3359953125 0.42445185185185186 0.34285885416666667 0.4313166666666667 0.34629114583333337 0.4221638888888889 0.34457499999999996 0.39928240740740745 0.34285885416666667 0.374875 0.34285885416666667 0.3519935185185185 0.3441458333333333 0.32606111111111113 0.34629114583333337 0.31690833333333335 0.34843593749999996 0.27724722222222226 0.3514390625 0.2528407407407407 0.3527255208333333 0.23682314814814814 0.34929375 0.2200435185185185 0.3437171875 0.20783981481481484 0.33470833333333333 0.2063148148148148 0.33467604166666665 0.20430462962962964 0.3287026041666667 0.21458055555555558 0.3265578125 0.2290722222222222 0.32741562500000004 0.25653055555555554 0.3338505208333334 0.27407314814814815 0.332134375 0.3061074074074074 0.33470833333333333 0.34042962962962964
0 0.5809041666666667 0.5061138888888889 0.6024015625000001 0.48519999999999996 0.5999682291666667 0.4751037037037037 0.5865828125 0.48952777777777784 0.5699526041666666 0.501787037037037 0.5545395833333333 0.5097203703703704 0.5391260416666667 0.5104407407407408 0.5289854166666667 0.5039509259259259 0.5168171874999999 0.5140472222222223 0.513978125 0.529912037037037 0.5253348958333334 0.5421722222222223 0.5427765625000001 0.541450925925926 0.5602177083333333 0.522700925925926 0.5809041666666667 0.5061138888888889
0 0.5573786458333333 0.5457777777777778 0.5809041666666667 0.5176527777777779 0.59550625 0.494575925925926 0.5873942708333334 0.5003444444444444 0.5654911458333333 0.520537037037037 0.5500776041666666 0.5356814814814814 0.5297968750000001 0.5428935185185185 0.5164114583333334 0.5428935185185185 0.5042432291666666 0.5537111111111112 0.49815885416666666 0.5666916666666667 0.501809375 0.5825574074074075 0.5184395833333333 0.5775092592592593 0.5391260416666667 0.5616435185185186 0.5573786458333333 0.5457777777777778
0 0.5581901041666666 0.5594805555555555 0.5752255208333333 0.5327972222222223 0.5853661458333334 0.5140472222222223 0.5658963541666666 0.5371240740740741 0.5427765625000001 0.5652490740740741 0.5253348958333334 0.5724611111111112 0.5164531250000001 0.5805444444444445 0.5078937499999999 0.5998648148148149 0.5091104166666667 0.6142888888888889 0.5184395833333333 0.6200574074074074 0.5293911458333334 0.6056342592592593 0.5395317708333334 0.5760666666666667 0.5581901041666666 0.5594805555555555
0 0.6189828125 0.45548055555555556 0.6166635416666666 0.482287037037037 0.6209161458333334 0.49465925925925924 0.6243953125 0.49465925925925924 0.626328125 0.47335185185185186 0.6309677083333334 0.44379537037037037 0.6363796875 0.40324166666666666 0.6448848958333334 0.36956111111111106 0.6464312499999999 0.3468787037037037 0.6417921875 0.3262583333333333 0.634446875 0.3262583333333333 0.6259416666666666 0.34137962962962964 0.62516875 0.36543703703703706 0.6259416666666666 0.3901814814814815 0.6236223958333333 0.4135518518518519 0.6193697916666667 0.43554722222222225 0.6189828125 0.45548055555555556
0 0.6456583333333333 0.3455037037037037 0.6472046875 0.361312962962963 0.6472046875 0.38055925925925926 0.6499109375 0.3998046296296296 0.6522302083333333 0.42454907407407405 0.6580291666666667 0.4369222222222222 0.6676942708333333 0.45135648148148144 0.6719468749999999 0.4444824074074074 0.6657614583333333 0.4169888888888889 0.6599625 0.3812462962962963 0.6576427083333333 0.3393175925925926 0.6564828125 0.31182407407407403 0.6514572916666667 0.2836425925925926 0.6441119791666666 0.2719574074074074 0.6397390625 0.26265925925925926 0.6321270833333333 0.26852037037037035 0.6321270833333333 0.2857046296296296 0.634446875 0.302887962962963 0.6379260416666667 0.3214462962962963 0.642565625 0.32969444444444446 0.6456583333333333 0.3455037037037037
0 0.6588026041666667 0.36543703703703706 0.6618953125 0.39499351851851855 0.6661479166666666 0.4190509259259259 0.6680807291666666 0.4121768518518519 0.6661479166666666 0.39086944444444444 0.6622817708333333 0.362 0.663828125 0.33656851851851854 0.6688541666666666 0.3214462962962963 0.6723333333333333 0.30220092592592596 0.6700140625 0.28020555555555554 0.6669213541666666 0.26852037037037035 0.6609593749999999 0.27069907407407406 0.6557098958333333 0.27333148148148145 0.6518437499999999 0.28982870370370367 0.6568697916666667 0.30976203703703703 0.65725625 0.33519351851851853 0.6588026041666667 0.36543703703703706
