0 0.30625 0.4787037037037037 0.26927083333333335 0.4842592592592593 0.240625 0.5037037037037037 0.23125 0.5074074074074074 0.22083333333333333 0.5212962962962963 0.21666666666666667 0.5148148148148148 0.21614583333333334 0.5398148148148149 0.21875 0.5462962962962963 0.22239583333333332 0.549074074074074 0.23333333333333334 0.5453703703703704 0.24427083333333333 0.5361111111111111 0.25052083333333336 0.5203703703703704 0.259375 0.5120370370370371 0.2786458333333333 0.5046296296296297 0.2828125 0.5055555555555555 0.29583333333333334 0.49722222222222223 0.309375 0.4925925925925926 0.3109375 0.4898148148148148 0.3104166666666667 0.48333333333333334 0.3067708333333333 0.47962962962962963
0 0.5588541666666667 0.6277777777777778 0.5307291666666667 0.6555555555555556 0.5270833333333333 0.662962962962963 0.5182291666666666 0.700925925925926 0.5192708333333333 0.7240740740740741 0.5213541666666667 0.7379629629629629 0.5239583333333333 0.7435185185185185 0.5333333333333333 0.7462962962962963 0.5375 0.7398148148148148 0.5380208333333333 0.7064814814814815 0.5354166666666667 0.6953703703703704 0.5354166666666667 0.6805555555555556 0.5411458333333333 0.6638888888888889 0.5572916666666666 0.6444444444444445 0.5614583333333333 0.6305555555555555 0.5604166666666667 0.6277777777777778
0 0.7072916666666667 0.524074074074074 0.6578125 0.5611111111111111 0.6421875 0.5685185185185185 0.6385416666666667 0.5731481481481482 0.6333333333333333 0.587037037037037 0.6317708333333333 0.5935185185185186 0.6333333333333333 0.6037037037037037 0.6375 0.6083333333333333 0.6416666666666667 0.6083333333333333 0.6510416666666666 0.6 0.6651041666666667 0.5768518518518518 0.6817708333333333 0.5638888888888889 0.709375 0.5351851851851852 0.7088541666666667 0.524074074074074
0 0.7005208333333334 0.06759259259259259 0.6890625 0.07685185185185185 0.6791666666666667 0.09537037037037037 0.6739583333333333 0.11388888888888889 0.6458333333333334 0.16574074074074074 0.6421875 0.1787037037037037 0.634375 0.1935185185185185 0.6348958333333333 0.2037037037037037 0.6385416666666667 0.20555555555555555 0.6421875 0.20277777777777778 0.6541666666666667 0.1814814814814815 0.6578125 0.1814814814814815 0.6885416666666667 0.12314814814814815 0.7046875 0.1 0.7088541666666667 0.08518518518518518 0.7088541666666667 0.07592592592592592 0.7015625 0.06759259259259259
0 0.5869791666666667 0.012037037037037037 0.5838541666666667 0.012962962962962963 0.5796875 0.019444444444444445 0.5776041666666667 0.03425925925925926 0.5864583333333333 0.05 0.5916666666666667 0.05462962962962963 0.6229166666666667 0.058333333333333334 0.6395833333333333 0.06481481481481481 0.6645833333333333 0.06574074074074074 0.6697916666666667 0.06944444444444445 0.6755208333333333 0.06851851851851852 0.678125 0.06388888888888888 0.6776041666666667 0.05925925925925926 0.671875 0.05462962962962963 0.6416666666666667 0.040740740740740744 0.6223958333333334 0.03611111111111111 0.6010416666666667 0.016666666666666666 0.5890625 0.012037037037037037
0 0.7518760416666667 0.7840611111111111 0.7585052083333333 0.7646037037037038 0.7695541666666668 0.7554305555555556 0.7739734375 0.7606722222222222 0.7699223958333333 0.7829490740740741 0.7695541666666668 0.7881898148148149 0.7658713541666666 0.8039148148148147 0.7632932291666666 0.8085009259259259 0.7574005208333333 0.8170185185185185 0.744878125 0.8360194444444444 0.7356708333333334 0.8432259259259259 0.7290416666666667 0.8504333333333333 0.7190973958333333 0.8609166666666667 0.7121 0.8779518518518519 0.7051026041666667 0.8772962962962964 0.7062072916666666 0.8628824074074074 0.7109953125 0.8582953703703703 0.7257270833333334 0.8386398148148148 0.7404588541666667 0.8104666666666667 0.7485614583333333 0.7927768518518518
0 0.31096822916666667 0.035787962962962966 0.32498177083333335 0.038455555555555555 0.33810572916666665 0.036081481481481485 0.35211927083333333 0.039643518518518515 0.3610166666666667 0.03687314814814815 0.37325104166666667 0.026980555555555556 0.3810364583333333 0.02025277777777778 0.39193593750000005 0.02500185185185185 0.3961619791666667 0.035686111111111106 0.39349270833333333 0.04320462962962963 0.38681979166666663 0.04716203703703704 0.3756979166666667 0.04716203703703704 0.3607942708333333 0.049536111111111114 0.3492276041666667 0.05745 0.33810572916666665 0.05309722222222222 0.3223125 0.05032777777777778 0.31074583333333333 0.05072314814814815 0.30718697916666665 0.04834907407407407
0 0.3990536458333333 0.03410277777777778 0.4141796875 0.022231481481481484 0.4192958333333333 0.027375925925925925 0.4241890625 0.03726851851851852 0.423521875 0.049536111111111114 0.41885052083333335 0.055471296296296296 0.41395729166666667 0.06298981481481482 0.4072838541666667 0.06417777777777778 0.396384375 0.061407407407407404 0.39060104166666665 0.06496851851851851 0.37169375000000004 0.06853055555555557 0.3601270833333333 0.0653648148148148 0.3496723958333333 0.0653648148148148 0.33966302083333333 0.06694722222222221 0.3298755208333333 0.06813425925925926 0.3285411458333333 0.06061574074074074 0.33588125 0.053493518518518524 0.35078489583333333 0.05468055555555556 0.37169375000000004 0.051118518518518515 0.3817036458333333 0.04637037037037037 0.3954947916666667 0.041621296296296295
0 0.4310848958333333 0.039247222222222225 0.42552395833333334 0.048744444444444444 0.4190734375 0.05665833333333334 0.41684895833333335 0.06457314814814816 0.4275260416666667 0.0653648148148148 0.4368682291666667 0.06101203703703704 0.44331875000000004 0.05665833333333334 0.4546635416666666 0.05151481481481482 0.4651177083333333 0.049931481481481486 0.47868645833333334 0.05468055555555556 0.482690625 0.05665833333333334 0.48980833333333335 0.05824166666666667 0.49670416666666667 0.06417777777777778 0.5056015625 0.05824166666666667 0.5084932291666667 0.04795277777777778 0.5064911458333333 0.039643518518518515 0.5022651041666667 0.0317287037037037 0.49603697916666667 0.02658425925925926 0.4911432291666667 0.026188888888888887 0.4773520833333333 0.030146296296296296 0.4702338541666667 0.03133333333333334 0.460446875 0.030937037037037037 0.4504369791666667 0.03133333333333334 0.4406494791666667 0.035686111111111106
0 0.7299729166666666 0.04046018518518519 0.7399869791666667 0.03055 0.7464895833333334 0.036102777777777775 0.760275 0.04767037037037037 0.7683380208333334 0.06062592592592592 0.771459375 0.07173148148148148 0.7839442708333333 0.08653796296296296 0.793828125 0.09671851851851852 0.8000703125 0.10689814814814814 0.8057927083333334 0.11430092592592592 0.8164567708333333 0.12679444444444443 0.8234791666666667 0.13512314814814813 0.8325828125 0.14484074074074074 0.8354442708333334 0.15409444444444445 0.8315427083333333 0.16288611111111112 0.826340625 0.1619611111111111 0.8185375 0.14993055555555557 0.8128151041666667 0.1411388888888889 0.800590625 0.12679444444444443 0.7868052083333333 0.11430092592592592 0.7813432291666668 0.10597222222222223 0.7805630208333334 0.10180833333333333 0.7670375 0.0957925925925926 0.7537723958333333 0.08607592592592593 0.7386864583333334 0.07497037037037037 0.7332244791666667 0.0652537037037037 0.7288026041666666 0.048133333333333334
0 0.730103125 0.07867222222222221 0.7397270833333334 0.09486759259259259 0.7542927083333333 0.10736018518518518 0.7698984375 0.12124166666666666 0.7779619791666667 0.1355861111111111 0.7816031250000001 0.15085555555555555 0.786025 0.16427407407407407 0.7935677083333333 0.17584259259259258 0.8011109375000001 0.17908148148148148 0.8065729166666666 0.1818574074074074 0.8107343749999999 0.16658796296296297 0.8068328124999999 0.14530277777777778 0.8000703125 0.1281824074074074 0.7901864583333332 0.11892870370370372 0.7761411458333334 0.10365925925925926 0.7613151041666666 0.09162870370370371 0.7490906249999999 0.08052314814814815 0.7373859374999999 0.0726574074074074 0.7308833333333333 0.06895555555555555 0.7285427083333332 0.0758962962962963
0 0.8107343749999999 0.17584259259259258 0.8185375 0.18555925925925926 0.8206182291666667 0.19527592592592594 0.8193177083333333 0.20776944444444442 0.8164567708333333 0.2207259259259259 0.8151562499999999 0.22674074074074074 0.8133354166666666 0.23692037037037036 0.8128151041666667 0.2609814814814815 0.8128151041666667 0.2651462962962963 0.8109947916666667 0.2868935185185185 0.80839375 0.31343611111111114 0.8065729166666666 0.32315370370370367 0.807353125 0.3388861111111111 0.8037119791666666 0.34860277777777776 0.7985098958333333 0.34860277777777776 0.7985098958333333 0.3282435185185185 0.79955 0.316212962962963 0.800590625 0.28845 0.8034515624999999 0.25976203703703704 0.8026713541666666 0.2273712962962963 0.8003302083333333 0.21395277777777777 0.7966890625 0.2107138888888889 0.7982494791666667 0.19590740740740742 0.7990296874999999 0.1829509259259259 0.8021510416666667 0.17924907407407406 0.8099541666666668 0.17647314814814816 0.8112546875 0.17554722222222224
0 0.7922979166666667 0.5287314814814814 0.7919822916666667 0.5146935185185185 0.7960859374999999 0.5231166666666667 0.7976640625000001 0.5427703703703703 0.8023989583333333 0.570286111111111 0.8052401041666666 0.6067870370370371 0.8087119791666667 0.6292490740740742 0.81186875 0.6472185185185185 0.812815625 0.665187962962963 0.8080807291666667 0.6848416666666667 0.7970328125 0.6825953703703703 0.7910354166666667 0.6663111111111111 0.7897729166666667 0.650587037037037 0.7900885416666666 0.6241944444444444 0.7910354166666667 0.5961175925925926 0.7891416666666667 0.577025 0.7904041666666667 0.5444546296296296
0 0.7913510416666667 0.47257685185185183 0.7878786458333333 0.45516944444444446 0.7945078124999999 0.44393796296296295 0.7979796875 0.44843055555555555 0.7992427083333333 0.46303055555555556 0.8008208333333333 0.4866157407407407 0.8049244791666667 0.5090777777777777 0.811553125 0.5444546296296296 0.81439375 0.5663555555555555 0.8203916666666667 0.5848861111111111 0.8229166666666666 0.6101564814814815 0.8178661458333334 0.6241944444444444 0.8090276041666667 0.620825 0.8023989583333333 0.6073481481481482 0.7998739583333333 0.5686018518518519 0.7979796875 0.5337861111111112 0.7954546874999999 0.5090777777777777 0.7938765624999999 0.48493148148148146
0 0.7130682291666666 0.502900925925926 0.7070708333333333 0.4821231481481481 0.7121213541666667 0.4680842592592593 0.719696875 0.4984083333333333 0.7269572916666667 0.5163777777777777 0.7342171875 0.5467009259259259 0.7458963541666667 0.5792712962962964 0.7553661458333334 0.598925 0.7667296875 0.6185796296296296 0.7695708333333333 0.6337407407407408 0.7705177083333333 0.6511490740740741 0.7626265624999999 0.6618185185185185 0.7487375000000001 0.6562027777777777 0.7443182291666666 0.6399175925925926 0.7408458333333333 0.6152101851851852 0.7370583333333334 0.5910638888888889 0.7297979166666667 0.5674787037037037 0.7234848958333333 0.5371546296296296 0.716540625 0.5090777777777777
0 0.7007578124999999 0.4809203703703704 0.6976010416666667 0.4579768518518519 0.7048609375 0.4540462962962963 0.7073864583333334 0.4737 0.7152776041666667 0.5062694444444444 0.7244317708333334 0.5382777777777779 0.7279041666666667 0.554000925925926 0.7320078124999999 0.5759018518518519 0.7354796875 0.5933092592592593 0.7357953125000001 0.6039787037037038 0.7313765624999999 0.6146481481481482 0.7263260416666667 0.6157712962962963 0.717803125 0.6073481481481482 0.7143307291666667 0.5927481481481481 0.7136994791666668 0.577025 0.7136994791666668 0.5613018518518519 0.7143307291666667 0.548386111111111 0.7118057291666666 0.5298546296296297 0.7070708333333333 0.5158157407407408 0.7045453125000001 0.4927925925925926
0 0.6960229166666667 0.5921861111111112 0.6824494791666668 0.5888175925925926 0.6751895833333333 0.5949944444444445 0.6726640625000001 0.6118407407407408 0.6792932291666667 0.6185796296296296 0.685921875 0.6230712962962963 0.7004421875 0.6253175925925926 0.7095958333333333 0.6197027777777778 0.7222223958333333 0.6298101851851853 0.7376895833333333 0.643287037037037 0.7452651041666667 0.650587037037037 0.7534723958333333 0.6567648148148149 0.750946875 0.6460953703703703 0.7411614583333334 0.6253175925925926 0.7282197916666667 0.6152101851851852 0.719065625 0.6090333333333333 0.7058083333333334 0.6011712962962963
0 0.7736744791666667 0.7679574074074074 0.780934375 0.7576648148148148 0.7863005208333332 0.7475574074074074 0.7954546874999999 0.7458731481481482 0.7998739583333333 0.7615962962962963 0.7938765624999999 0.7778805555555556 0.7863005208333332 0.7919194444444445 0.779040625 0.7969731481481481 0.7727270833333333 0.8076425925925926 0.7563130208333334 0.825612037037037 0.7525255208333334 0.825612037037037 0.7582072916666667 0.8121351851851851 0.7632578124999999 0.7969731481481481 0.7705177083333333 0.7778805555555556
0 0.6055869791666667 0.8125703703703704 0.6237375000000001 0.8065194444444445 0.6442552083333334 0.796412037037037 0.6597223958333333 0.7806888888888889 0.6695078124999999 0.7683342592592594 0.6748739583333333 0.7683342592592594 0.6818182291666666 0.75205 0.6900255208333334 0.7498037037037037 0.6938130208333334 0.75935 0.6900255208333334 0.7677731481481482 0.6796088541666666 0.7790037037037036 0.6739265625 0.7857425925925926 0.6663510416666667 0.796412037037037 0.6442552083333334 0.8132583333333333 0.6275255208333334 0.8312277777777778 0.6152145833333333 0.8430203703703704 0.6019640625 0.8644685185185185 0.5887411458333334 0.8749231481481482 0.5778036458333333 0.8723092592592593 0.5693151041666666 0.8612740740740741 0.5689885416666667 0.8493666666666667 0.5755182291666666 0.8357175925925926 0.5890677083333333 0.8188740740740741 0.5991890625 0.8124851851851852 0.6080041666666667 0.8124851851851852
0 0.6583651041666666 0.8418092592592592 0.6751791666666667 0.8441324074074075 0.6888916666666667 0.8415185185185186 0.7021145833333333 0.8365824074074074 0.7120723958333334 0.8307740740740741 0.7182755208333333 0.8307740740740741 0.7163166666666666 0.8365824074074074 0.7109296875 0.8423898148148148 0.691340625 0.8525546296296297 0.67566875 0.850812037037037 0.6639151041666668 0.8548777777777778 0.6580385416666666 0.8691074074074073 0.6382859375 0.8760777777777777 0.6343682291666667 0.8673657407407407 0.6350208333333334 0.8569101851851851 0.64269375 0.8455842592592593 0.6464484375 0.8412287037037037 0.6560796875 0.8377435185185186
0 0.6572223958333333 0.8223518518518519 0.6441630208333333 0.8235138888888889 0.6395916666666667 0.8267083333333334 0.6355109375 0.8249657407407407 0.6314296875000001 0.8272888888888889 0.620165625 0.833387037037037 0.6128197916666667 0.8421 0.6124932291666667 0.8580722222222222 0.6151052083333333 0.8641712962962963 0.6250630208333334 0.8650416666666667 0.6286546875 0.8606861111111112 0.6364901041666666 0.8540064814814815 0.6425302083333333 0.8467462962962963 0.6492234375 0.8380342592592592 0.655753125 0.838324074074074 0.6616296875 0.838324074074074 0.6740364583333334 0.839486111111111 0.7027677083333334 0.8319351851851852 0.707175 0.8240944444444445 0.7058692708333333 0.8206092592592593 0.6947687499999999 0.825837037037037 0.6843208333333333 0.8269981481481482 0.672240625 0.8200287037037037 0.6648947916666667 0.8206092592592593 0.6603239583333332 0.8206092592592593
0 0.5058098958333334 0.8187703703703704 0.5172302083333333 0.8159518518518518 0.5282822916666666 0.8181361111111111 0.5459651041666667 0.8227240740740741 0.5525963541666666 0.8249083333333332 0.5613151041666666 0.8225055555555556 0.5686833333333333 0.8177 0.5769109375 0.8205398148148149 0.5818223958333333 0.8231611111111111 0.5834192708333333 0.8292777777777778 0.5830505208333334 0.8345203703703704 0.5815770833333332 0.8434777777777778 0.5751916666666667 0.8543999999999999 0.5672093749999999 0.8543999999999999 0.5562802083333334 0.8522157407407408 0.5406848958333333 0.8439148148148148 0.5349135416666667 0.8395453703703704 0.5288963541666667 0.8347388888888889 0.515265625 0.827312037037037 0.5077744791666666 0.8249083333333332 0.4993015625 0.8231611111111111 0.4941442708333333 0.8194472222222222 0.5010208333333334 0.8177
0 0.49881041666666665 0.8335064814814815 0.5047046875 0.8279666666666666 0.5087572916666666 0.8270935185185185 0.5160020833333333 0.8284037037037038 0.528159375 0.8367055555555556 0.5340536458333334 0.8404194444444445 0.5459651041666667 0.8478462962962963 0.5616833333333333 0.8570222222222221 0.5680692708333334 0.8613907407407407 0.5718760416666666 0.8659787037037037 0.5803489583333333 0.874062037037037 0.5882083333333333 0.8766833333333334 0.5926291666666667 0.8812703703703704 0.5918921874999999 0.8841111111111112 0.584646875 0.8828 0.5797348958333333 0.8782120370370371 0.5770333333333333 0.8766833333333334 0.5636484374999999 0.872750925925926 0.5514911458333334 0.8648861111111111 0.5432635416666667 0.8613907407407407 0.5341765625 0.8561481481481481 0.528159375 0.8533083333333333 0.523615625 0.8576768518518519 0.514896875 0.858550925925926 0.5066697916666667 0.8568037037037036 0.5028625 0.8543999999999999 0.4970911458333333 0.8454435185185185 0.4972140625 0.8373611111111111
