0 0.3601723958333333 0.8492657407407407 0.39246458333333334 0.8548 0.4095828125 0.8672537037037037 0.41230625000000004 0.8790157407407407 0.422421875 0.8541083333333334 0.4375953125 0.8132879629629629 0.4360390625 0.8305851851851852 0.427090625 0.8596435185185185 0.416975 0.8797074074074074 0.41853125 0.9018472222222222 0.41347343750000004 0.9129175925925926 0.42281093750000004 0.9350574074074074 0.422421875 0.9440518518518519 0.41502968749999997 0.9336731481481481 0.4088052083333333 0.9184527777777778 0.3928536458333333 0.923987037037037 0.36756458333333336 0.9122259259259259 0.33877395833333335 0.8893935185185184 0.31270729166666666 0.8631027777777778 0.2866401041666667 0.8354277777777778 0.27380104166666663 0.8153638888888889 0.26952135416666667 0.7946074074074074 0.26407447916666665 0.7759277777777778 0.2632963541666667 0.7586305555555556 0.27380104166666663 0.7620898148148149 0.28858541666666665 0.7918407407407407 0.30687135416666667 0.8167472222222222 0.32515677083333333 0.840962962962963 0.3485005208333333 0.8506490740740741
0 0.26455625 0.5650916666666667 0.2759432291666667 0.5448425925925926 0.28708229166666666 0.531637037037037 0.27495260416666667 0.5382398148148148 0.2628234375 0.5532064814814814 0.25960572916666663 0.5606898148148147 0.251684375 0.5606898148148147 0.24896145833333333 0.5549675925925927 0.243515625 0.5351583333333333 0.2383171875 0.5294351851851852 0.2336140625 0.5351583333333333 0.24252552083333334 0.5391203703703704 0.24599114583333334 0.5558472222222223 0.24797135416666669 0.5668527777777778 0.24623854166666667 0.5809388888888889 0.24401041666666667 0.5998675925925926 0.24698125 0.617475 0.25465468750000003 0.6425666666666666 0.25960572916666663 0.6654574074074073 0.26752656249999995 0.6980314814814815 0.27346770833333334 0.7266444444444444 0.27841822916666664 0.7446925925925926 0.2799036458333333 0.7574583333333332 0.2823791666666667 0.7719851851851852 0.2885671875 0.7731648148148148 0.2912901041666667 0.7437666666666667 0.29054791666666663 0.7151537037037037 0.2838640625 0.6794972222222222 0.2776755208333333 0.6500037037037038 0.2717348958333333 0.6165490740740741 0.2702494791666667 0.592337962962963 0.2662890625 0.5747296296296296 0.26381354166666665 0.5646055555555556
0 0.32891614583333334 0.7053185185185186 0.3187671875 0.7163796296296296 0.3009442708333333 0.7190203703703704 0.2969838541666666 0.7185805555555556 0.2957458333333333 0.733987037037037 0.29327083333333337 0.7449925925925925 0.29277552083333336 0.7291453703703703 0.2940130208333333 0.7194611111111111 0.29327083333333337 0.7102166666666666 0.2900526041666666 0.7018527777777778 0.29054791666666663 0.6961305555555556 0.2851020833333333 0.6820435185185185 0.2873296875 0.6802833333333334 0.29252812499999997 0.6890870370370371 0.3004494791666667 0.6802833333333334 0.31134114583333333 0.6697185185185186 0.32347031249999997 0.6714787037037037 0.33535208333333333 0.6732398148148149 0.3549078125 0.6692777777777779 0.37619583333333334 0.6710388888888889 0.3888203125 0.6776416666666666 0.3982265625 0.6838046296296296 0.4054052083333334 0.6846851851851852 0.4046625 0.6882064814814816 0.39624635416666665 0.6939296296296296 0.37099739583333335 0.6974509259259258 0.35515520833333336 0.6965703703703704 0.3405505208333333 0.6996518518518519 0.33287656250000003 0.7049342592592592 0.32842083333333333 0.7066953703703703
0 0.4551604166666667 0.6965166666666667 0.46258645833333334 0.7080157407407408 0.4752109375 0.7256231481481481 0.48436979166666666 0.736187962962963 0.47125052083333335 0.7128574074074073 0.4596161458333333 0.699212037037037 0.4556557291666667 0.6921685185185186 0.45813072916666664 0.685125 0.4576359375 0.6758814814814815 0.4690223958333333 0.6710388888888889 0.47917187499999997 0.6657564814814815 0.49352864583333333 0.6565120370370371 0.47694375 0.6635555555555556 0.46159635416666667 0.6697185185185186 0.4566458333333333 0.666637037037037 0.4432786458333334 0.6512296296296296 0.4311494791666667 0.6459472222222222 0.4133265625 0.6428657407407407 0.38436458333333334 0.6428657407407407 0.37248281250000004 0.6375842592592592 0.349709375 0.6353824074074074 0.34129322916666666 0.6419861111111111 0.325203125 0.6428657407407407 0.32198489583333334 0.6503500000000001 0.326440625 0.6609138888888889 0.33857031249999997 0.6622351851851852 0.3514421875 0.6622351851851852 0.3714927083333333 0.6657564814814815 0.38684010416666664 0.6732398148148149 0.4024348958333333 0.6776416666666666 0.4200098958333333 0.6807231481481482 0.42916875 0.6899675925925925 0.44204114583333337 0.6974509259259258 0.4529328125 0.6965703703703704
0 0.2871442708333333 0.6107037037037036 0.287515625 0.6282398148148148 0.28850572916666667 0.6405648148148148 0.2850401041666667 0.6520101851851853 0.2855348958333333 0.6388046296296296 0.2833072916666667 0.6172342592592593 0.28355468749999996 0.6093111111111111 0.2798416666666667 0.6018277777777779 0.27711874999999997 0.5930240740740741 0.27167291666666665 0.5877416666666666 0.26870260416666664 0.5806981481481481 0.27711874999999997 0.5842194444444444 0.28107916666666666 0.5762962962962963 0.28850572916666667 0.5604490740740741 0.30088229166666663 0.5538462962962963 0.31449687499999995 0.5384388888888889 0.3521229166666667 0.48960648148148145 0.36375729166666665 0.4781611111111111 0.3721734375 0.46055370370370374 0.3795994791666667 0.4574722222222222 0.38182760416666667 0.4658361111111111 0.3788567708333333 0.47728055555555554 0.3731635416666667 0.48960648148148145 0.3696979166666667 0.49929074074074076 0.36425208333333337 0.5124972222222222 0.336528125 0.5450712962962964 0.32489375000000004 0.5582777777777779 0.31400208333333335 0.5811675925925925 0.30533802083333333 0.5974555555555555 0.2929614583333333 0.6089
0 0.47867656249999996 0.49023518518518516 0.48406041666666666 0.5127490740740741 0.48950625 0.547525 0.48802135416666664 0.5611712962962964 0.484803125 0.5422425925925926 0.4808427083333333 0.5109888888888889 0.47019843749999995 0.49558148148148146 0.45980208333333333 0.4911796296296297 0.4375234375 0.48897870370370367 0.42440416666666664 0.47137037037037033 0.40286822916666665 0.4643277777777778 0.38380781249999996 0.4625666666666667 0.3659848958333333 0.44980092592592597 0.33949843749999997 0.4242694444444445 0.33058697916666663 0.4093027777777778 0.32217083333333335 0.39213518518518514 0.3224182291666667 0.3815703703703704 0.3286067708333333 0.3771685185185185 0.34098385416666666 0.3908138888888889 0.35039010416666666 0.4009388888888889 0.36672760416666667 0.41326481481481486 0.3852927083333333 0.4229490740740741 0.39469947916666664 0.43439444444444447 0.4088088541666667 0.4370351851851852 0.42217604166666667 0.4352740740740741 0.4375234375 0.4387962962962963 0.45064270833333336 0.4392361111111111 0.4662380208333333 0.4480398148148148 0.4739114583333333 0.4520018518518518 0.4781197916666667 0.4630064814814815 0.4833177083333334 0.44892037037037036 0.4927244791666666 0.44143703703703707 0.48455572916666667 0.4586046296296296 0.48208020833333337 0.46564814814814814 0.4798526041666667 0.4748925925925926 0.48034739583333336 0.4902990740740741
0 0.4121505208333333 0.43192592592592594 0.40905677083333336 0.4269101851851852 0.4041057291666667 0.43351388888888887 0.40039270833333335 0.43395370370370373 0.40682864583333334 0.42074814814814815 0.40682864583333334 0.41062314814814815 0.40905677083333336 0.4018194444444444 0.40262031249999997 0.3859722222222222 0.3979171875 0.35691944444444446 0.40905677083333336 0.3916944444444444 0.41351197916666665 0.3982981481481481 0.4201958333333333 0.3960962962962963 0.4315822916666667 0.39961851851851854 0.4454447916666667 0.40754166666666664 0.4573265625 0.4154657407407407 0.47193124999999997 0.41678611111111113 0.4857932291666666 0.415025 0.5006458333333333 0.4154657407407407 0.512775 0.41590555555555553 0.5142604166666667 0.42074814814814815 0.5221812499999999 0.4260305555555556 0.5286171875 0.4308722222222222 0.5318354166666667 0.4392361111111111 0.5246567708333333 0.43791574074074074 0.5140125 0.4387962962962963 0.5090619791666666 0.4431981481481481 0.5001505208333333 0.44671944444444445 0.49321927083333333 0.44671944444444445 0.48628854166666663 0.4471601851851852 0.4739114583333333 0.44980092592592597 0.4617822916666666 0.4431981481481481 0.4484151041666667 0.43835555555555555 0.4340578125 0.4330731481481481 0.42440416666666664 0.4330731481481481 0.4172255208333333 0.43351388888888887
0 0.3505755208333333 0.31860925925925926 0.33485729166666667 0.3283305555555555 0.31356875 0.32745 0.30193437500000003 0.33141203703703703 0.28831979166666666 0.33581388888888886 0.27965625000000005 0.34065555555555554 0.2702494791666667 0.34417777777777775 0.2581203125 0.3397759259259259 0.2556447916666667 0.3481388888888889 0.2511890625 0.36442685185185186 0.252921875 0.3754314814814815 0.2477234375 0.36662777777777783 0.24896145833333333 0.3494601851851852 0.25737760416666666 0.33185185185185184 0.25440729166666665 0.3256888888888889 0.2526744791666667 0.31424444444444444 0.24797135416666669 0.31072222222222223 0.24203020833333333 0.27814814814814814 0.24549583333333333 0.25569722222222224 0.24500052083333335 0.2860712962962963 0.2553973958333333 0.30764074074074077 0.2601005208333333 0.3027990740740741 0.27520052083333335 0.29179351851851854 0.29054791666666663 0.2983972222222222 0.31233125 0.30059814814814817 0.34104531250000003 0.2865111111111111 0.36555156250000004 0.27374537037037033 0.37174010416666664 0.2772675925925926 0.38312708333333334 0.26582222222222224 0.3900578125 0.2715444444444444 0.3880776041666667 0.2812287037037037 0.37941406250000004 0.2904731481481482 0.3690171875 0.30191851851851853
0 0.6452255208333334 0.7532592592592593 0.6537921875 0.7576120370370371 0.6604 0.7654462962962963 0.6586869791666667 0.7702333333333333 0.64963125 0.7697981481481481 0.6395963541666667 0.762399074074074 0.6285828124999999 0.7615287037037037 0.6058208333333333 0.7375907407407407 0.5886880208333333 0.7219212962962962 0.5715557291666666 0.7040768518518519 0.5598072916666667 0.6962425925925926 0.5502619791666666 0.6766564814814815 0.5328848958333333 0.6723037037037036 0.5240739583333334 0.668387037037037 0.5390036458333333 0.6688222222222222 0.5485489583333333 0.6692574074074074 0.5517307291666668 0.6688222222222222 0.5556468750000001 0.6557648148148149 0.5549125 0.6509768518518518 0.5524651041666666 0.6292148148148148 0.5531989583333333 0.6104990740740741 0.5556468750000001 0.6292148148148148 0.5583390625 0.6522824074074074 0.5649473958333334 0.6575055555555556 0.5776744791666667 0.6640342592592593 0.5901567708333334 0.6853611111111112 0.6036177083333333 0.7075583333333333 0.6207505208333333 0.7293212962962963 0.6391067708333333 0.7428129629629631 0.6454703125000001 0.7523888888888889 0.6469390625 0.7519537037037037
0 0.5891776041666666 0.6776444444444445 0.5913802083333334 0.6558824074074073 0.5994572916666667 0.6080055555555555 0.6070442708333333 0.5797148148148148 0.6185479166666668 0.5592583333333333 0.6283380208333333 0.5405425925925925 0.6322536458333333 0.5231333333333333 0.6288270833333333 0.5122518518518518 0.6224635416666667 0.5057231481481482 0.61756875 0.5065944444444445 0.6080234375 0.5279212962962962 0.599946875 0.5414138888888889 0.5923593749999999 0.5649166666666667 0.5901567708333334 0.5823259259259259 0.5859958333333334 0.5953833333333334 0.5806114583333333 0.6093111111111111 0.5766953125000001 0.6228037037037037 0.5737583333333334 0.6467425925925926 0.5735135416666667 0.655012037037037 0.5791427083333333 0.6658925925925926 0.586975 0.6759037037037037
0 0.7149796875 0.7925592592592593 0.7108187499999999 0.8120055555555555 0.7088609375 0.8281092592592592 0.7095953125 0.8389907407407408 0.7135114583333333 0.8198398148148148 0.71375625 0.8046064814814815 0.7208536458333333 0.7924194444444445 0.7289307291666667 0.7858907407407407 0.7372520833333333 0.7715277777777778 0.7396994791666667 0.7606462962962963 0.7477765625 0.7414962962962963 0.7592796875 0.7053703703703703 0.7649088541666667 0.6675046296296296 0.7649088541666667 0.6461777777777777 0.7651536458333333 0.6265916666666668 0.7609932291666667 0.6218037037037037 0.7590348958333333 0.6474833333333334 0.7543848958333333 0.6566231481481482 0.7519369791666667 0.6735981481481481 0.7494895833333334 0.68535 0.743615625 0.7153814814814814 0.7286859375 0.7349675925925926 0.7203640625 0.7488953703703704 0.7122875000000001 0.7693518518518518 0.7076369791666667 0.7771861111111111 0.6914838541666666 0.7723981481481482 0.6821833333333333 0.7649990740740741 0.6927072916666667 0.7797972222222223 0.7093505208333333 0.7819731481481481 0.7152244791666666 0.7932898148148149
0 0.6898072916666667 0.5700074074074074 0.6794432291666667 0.5889796296296296 0.6751760416666667 0.6209611111111112 0.6706036458333333 0.6361388888888888 0.6742614583333334 0.6052407407407407 0.6818817708333333 0.5792222222222222 0.6885880208333333 0.5645861111111111 0.6834062500000001 0.5532027777777777 0.6846255208333333 0.5396518518518518 0.6760906250000001 0.5326046296296296 0.6684697916666666 0.5125481481481482 0.6666411458333333 0.5055018518518518 0.6821869791666667 0.5304361111111111 0.6910265624999999 0.5282685185185185 0.7096203125 0.5098379629629629 0.7224229166666666 0.5147166666666667 0.7474182291666666 0.5092962962962962 0.7775953125 0.49791296296296295 0.7943604166666667 0.4892398148148148 0.8056390625 0.48436111111111113 0.813259375 0.4870712962962963 0.8251473958333333 0.48056666666666664 0.8297197916666667 0.4876129629629629 0.8266713541666667 0.49411851851851857 0.8102109375000001 0.5087537037037037 0.8035052083333334 0.5174268518518519 0.7900932291666667 0.5255574074074074 0.7638786458333333 0.5315203703703704 0.7449796875000001 0.542362037037037 0.7202890624999999 0.5542870370370371 0.7090109375 0.566212962962963 0.694684375 0.5672962962962963
0 0.6808911458333333 0.5792935185185185 0.6867588541666667 0.6046990740740741 0.6922458333333333 0.6263814814814814 0.6864541666666667 0.6204185185185186 0.680053125 0.5971101851851852 0.6745661458333333 0.5792222222222222 0.6675552083333333 0.5759694444444444 0.6507901041666667 0.5629601851851851 0.6395119791666667 0.5396518518518518 0.6306723958333333 0.5212212962962963 0.6233567708333333 0.502249074074074 0.6084203125 0.4892398148148148 0.5971421874999999 0.4680990740740741 0.5852541666666667 0.4578 0.5831203125 0.44912685185185186 0.593484375 0.44370648148148145 0.6050671875 0.4567157407407407 0.6236614583333334 0.4702675925925926 0.6361588541666666 0.49140740740740746 0.6538385416666667 0.5136324074074073 0.6696890625 0.5261 0.6782239583333334 0.5342305555555557 0.6834062500000001 0.5477824074074075 0.6870640625 0.5629601851851851 0.6867588541666667 0.5716333333333333
0 0.7224229166666666 0.5027490740740741 0.7276046875 0.47817129629629623 0.7263854166666667 0.4581148148148148 0.7151072916666668 0.4277592592592593 0.7071817708333333 0.392525 0.7035239583333334 0.3453657407407407 0.698646875 0.30850555555555553 0.698646875 0.2873648148148148 0.6895026041666666 0.25971944444444445 0.6770046875 0.24454166666666668 0.6776145833333334 0.22126203703703703 0.6827963541666667 0.18440185185185184 0.7001713541666666 0.17030833333333334 0.6882833333333332 0.1735611111111111 0.6797484375 0.19090648148148148 0.6736520833333334 0.21692592592592594 0.6718229166666667 0.23698240740740742 0.6651166666666666 0.24565555555555554 0.6602395833333333 0.24836574074074075 0.648046875 0.23372962962962962 0.6300625 0.2239722222222222 0.6200036458333333 0.22939351851851852 0.6349395833333333 0.2364398148148148 0.6468276041666667 0.2489074074074074 0.6584109374999999 0.2575805555555556 0.6584109374999999 0.2667953703703704 0.6611541666666666 0.2971509259259259 0.6687744791666667 0.3188333333333333 0.6763953125000001 0.34376851851851853 0.684015625 0.3665351851851852 0.68736875 0.39092777777777776 0.6974276041666666 0.42616203703703703 0.709315625 0.4554333333333333 0.7181557291666666 0.4798268518518518 0.7175458333333334 0.49608888888888886 0.7132786458333332 0.5085555555555555 0.7196796875 0.5128925925925926
0 0.8493041666666666 0.4939435185185185 0.8483135416666666 0.4669611111111111 0.8519713541666667 0.444737037037037 0.8483135416666666 0.40299814814814816 0.8498375 0.37318425925925924 0.8461796874999999 0.32656666666666667 0.8501427083333333 0.29675370370370374 0.8470942708333333 0.26477129629629625 0.8394739583333333 0.24688333333333334 0.8556291666666667 0.22086481481481482 0.86050625 0.2094814814814815 0.8480088541666666 0.22682685185185186 0.8361208333333334 0.24146296296296293 0.8285005208333334 0.24200462962962963 0.823928125 0.24905185185185186 0.8102109375000001 0.2311638888888889 0.8004567708333333 0.22411666666666666 0.8163072916666666 0.24308888888888888 0.8233182291666666 0.25826666666666664 0.8205749999999999 0.2723601851851852 0.8248427083333334 0.297837037037037 0.8281953125 0.3254824074074074 0.8306338541666667 0.35312777777777776 0.8285005208333334 0.37372592592592596 0.8251473958333333 0.4019138888888889 0.8263666666666667 0.4301009259259259 0.8349015625 0.468587037037037 0.8370354166666666 0.49352222222222225 0.8428270833333333 0.5065314814814814
0 0.7635734375 0.4722675925925926 0.7577822916666667 0.49243796296296294 0.7529052083333333 0.5043638888888888 0.7492473958333333 0.5043638888888888 0.7440651041666667 0.496775 0.7465036458333334 0.47129814814814813 0.7492473958333333 0.45720370370370367 0.7519906249999999 0.4333537037037037 0.7580869791666667 0.40082962962962965 0.773328125 0.35800648148148145 0.7830822916666667 0.3303611111111111 0.7925317708333334 0.2940425925925926 0.8001520833333333 0.27073425925925926 0.802590625 0.26422962962962965 0.7980182291666666 0.24417314814814814 0.7922265625 0.2262851851851852 0.8053338541666667 0.2436314814814815 0.8062484375000001 0.2588092592592593 0.8163072916666666 0.26477129629629625 0.8190510416666666 0.2653138888888889 0.8220989583333334 0.2571824074074074 0.8214895833333333 0.27398703703703703 0.8202703125 0.2853703703703704 0.8217942708333333 0.30922037037037037 0.8156979166666667 0.3292768518518519 0.8041145833333334 0.35150185185185184 0.7937510416666667 0.3796888888888889 0.7830822916666667 0.41654907407407404 0.773328125 0.44419444444444445 0.7644880208333333 0.46641944444444444
0 0.75061875 0.35033981481481485 0.7428458333333333 0.3693898148148148 0.7349208333333334 0.3699314814814815 0.7330916666666667 0.35367037037037036 0.7388833333333333 0.3330712962962963 0.7449796875000001 0.31409907407407406 0.7562578125 0.2853703703703704 0.7678411458333334 0.25772500000000004 0.7739375000000001 0.2230324074074074 0.7830822916666667 0.19321944444444444 0.7907026041666666 0.1644898148148148 0.7995421875000001 0.1411814814814815 0.8135640624999999 0.12979814814814813 0.8135640624999999 0.121125 0.8108208333333333 0.09498055555555555 0.8062484375000001 0.07980277777777778 0.8135640624999999 0.09769074074074074 0.8184411458333333 0.12967314814814815 0.8230135416666666 0.13834629629629627 0.8285005208333334 0.14756111111111112 0.8403880208333334 0.15731851851851852 0.8528859375 0.17357962962962964 0.8513619791666667 0.18767407407407408 0.8480088541666666 0.17845833333333336 0.8422171875 0.167075 0.8330723958333334 0.1594861111111111 0.8269760416666667 0.15569166666666664 0.8233182291666666 0.17195370370370372 0.8147833333333333 0.19688888888888886 0.8062484375000001 0.20881388888888888 0.7952750000000001 0.22616018518518516 0.78460625 0.24892685185185187 0.7736328125 0.2830768518518519 0.7678411458333334 0.3134324074074074 0.7608302083333334 0.3313203703703704 0.7538192708333333 0.34107777777777776
0 0.7694067708333333 0.09296481481481482 0.7686197916666667 0.10350925925925926 0.7717666666666666 0.11949722222222221 0.7762614583333334 0.14187870370370373 0.7755124999999999 0.1576 0.7740140624999999 0.14214537037037037 0.76951875 0.12269444444444444 0.7656234375000001 0.10644074074074074 0.7603791666666667 0.11496666666666666 0.7492911458333332 0.12056296296296296 0.7380536458333334 0.1208287037037037 0.7307114583333333 0.11523333333333333 0.7200734375 0.11390092592592593 0.7121317708333332 0.11283518518518518 0.6962494791666667 0.11683240740740741 0.6824645833333334 0.11949722222222221 0.6742234375 0.12429259259259258 0.6703276041666667 0.11923055555555556 0.6650833333333334 0.12242777777777779 0.6575916666666667 0.12482592592592594 0.6524973958333333 0.12296111111111112 0.64995 0.11736481481481482 0.6538458333333333 0.10697314814814815 0.6623864583333333 0.10297685185185186 0.6679302083333333 0.10031203703703705 0.672875 0.09311759259259259 0.6860604166666667 0.09071944444444445 0.7025421875000001 0.0861898148148148 0.7146791666666666 0.08805555555555555 0.7301119791666667 0.08272592592592592 0.738203125 0.08032777777777778 0.7500401041666667 0.07766388888888888 0.75828125 0.07659814814814815 0.7663723958333333 0.08272592592592592 0.7701182291666666 0.07952870370370371 0.7809067708333333 0.06833796296296298 0.7915447916666667 0.06354166666666666 0.7858510416666667 0.0694037037037037 0.7719161458333333 0.07979537037037038 0.7674213541666667 0.08752222222222222
0 0.6379255208333333 0.08231018518518518 0.6362026041666666 0.10257407407407408 0.6309583333333334 0.1185611111111111 0.6249651041666666 0.12708796296296296 0.6177729166666667 0.14014444444444443 0.6125286458333333 0.1574638888888889 0.6090822916666667 0.17611574074074074 0.59889375 0.19769814814814815 0.5909520833333333 0.21901481481481483 0.5851088541666667 0.22141296296296298 0.5813624999999999 0.2360675925925926 0.5783661458333333 0.24059722222222224 0.5752192708333334 0.23686666666666667 0.5770177083333333 0.22647499999999998 0.5821119791666667 0.2142185185185185 0.5816625 0.20302685185185185 0.5882552083333333 0.17638148148148147 0.5990432291666666 0.15666388888888888 0.61013125 0.12921944444444444 0.6162744791666667 0.1052388888888889 0.6194208333333333 0.08045833333333333 0.6267630208333334 0.07033333333333333 0.6281114583333333 0.06686944444444444 0.6165739583333333 0.06393796296296296 0.6014406250000001 0.06473796296296297 0.6089322916666667 0.059941666666666664 0.6191213541666667 0.059941666666666664 0.6275119791666667 0.06527037037037038 0.6318572916666666 0.07139907407407407 0.6381505208333333 0.07486296296296296 0.6490885416666666 0.07459629629629629 0.6595770833333333 0.07353055555555556 0.664071875 0.07619537037037037 0.6516359375 0.07832685185185186 0.6418963541666667 0.07779351851851851 0.6377010416666666 0.0793925925925926
0 0.37429114583333334 0.09930092592592593 0.3499333333333333 0.08757037037037037 0.33182447916666663 0.08303425925925927 0.3183067708333333 0.08348796296296296 0.305809375 0.09165185185185185 0.3012182291666667 0.09664166666666667 0.2984125 0.08530185185185185 0.30351354166666666 0.07441666666666667 0.31269583333333334 0.07350925925925926 0.31550104166666665 0.07350925925925926 0.3055541666666667 0.07033425925925926 0.29790260416666664 0.07305648148148147 0.29305625 0.08348796296296296 0.295096875 0.09482685185185184 0.29764739583333333 0.10299166666666666 0.2966270833333333 0.11977314814814814 0.2984125 0.12975185185185187 0.3027484375 0.14426574074074072 0.31167552083333333 0.16694351851851852 0.3223875 0.18009722222222221 0.3185619791666667 0.16694351851851852 0.3063192708333334 0.15152222222222222 0.30402395833333334 0.13836944444444443 0.3014734375 0.12521574074074074 0.3139708333333333 0.13247314814814815 0.32493802083333334 0.13020462962962964 0.33871093750000003 0.12612314814814815 0.35222864583333335 0.12249444444444446 0.3667671875 0.12657685185185186 0.377734375 0.13474074074074074 0.3940578125 0.14381203703703704 0.4060453125 0.14925462962962963 0.414971875 0.15923333333333334 0.4244088541666667 0.16104722222222223 0.4305302083333334 0.15651203703703703 0.4177776041666667 0.13882314814814814 0.40374947916666665 0.12113333333333334 0.39227239583333334 0.11160925925925926 0.38105 0.10752685185185186 0.3736536458333333 0.10117685185185185
0 0.39278229166666667 0.10836944444444445 0.3945677083333334 0.09573425925925926 0.3902317708333333 0.08484907407407408 0.38564114583333337 0.06715925925925925 0.39252760416666665 0.058541666666666665 0.40476979166666666 0.05944907407407407 0.39584322916666664 0.06534537037037036 0.3920171875 0.07260277777777778 0.39635312500000003 0.08575555555555556 0.39788333333333337 0.08757037037037037 0.40910572916666665 0.08394166666666666 0.4259395833333333 0.08620925925925925 0.4394572916666667 0.09255925925925926 0.4478739583333333 0.09664166666666667 0.46139166666666664 0.09890925925925927 0.47618489583333334 0.10208425925925926 0.48868229166666666 0.11070185185185186 0.49556875 0.11841203703703704 0.5050057291666666 0.12249444444444446 0.5085765624999999 0.13428703703703704 0.49965 0.13610092592592593 0.49148802083333337 0.12884444444444443 0.4840916666666667 0.13065833333333332 0.47618489583333334 0.13292685185185185 0.4619020833333333 0.12566944444444444 0.4506796875 0.12385555555555557 0.4333359375 0.11886574074074074 0.42236875 0.12022685185185185 0.4063 0.11841203703703704 0.3981385416666667 0.11569074074074073
