0 0.6296875 0.33240740740740743 0.6229166666666667 0.34629629629629627 0.6171875 0.3685185185185185 0.615625 0.38981481481481484 0.603125 0.4351851851851852 0.5984375 0.4675925925925926 0.5947916666666667 0.4787037037037037 0.5953125 0.4898148148148148 0.6 0.4898148148148148 0.603125 0.4824074074074074 0.60625 0.4648148148148148 0.6166666666666667 0.4351851851851852 0.6239583333333333 0.4064814814814815 0.6291666666666667 0.3907407407407407 0.6364583333333333 0.3768518518518518 0.6395833333333333 0.3648148148148148 0.6411458333333333 0.3416666666666667 0.634375 0.33240740740740743
0 0.6380208333333334 0.13703703703703704 0.628125 0.14722222222222223 0.6276041666666666 0.1638888888888889 0.6302083333333334 0.17685185185185184 0.6427083333333333 0.20833333333333334 0.6541666666666667 0.2518518518518518 0.6729166666666667 0.29444444444444445 0.6786458333333333 0.2972222222222222 0.68125 0.29444444444444445 0.6807291666666667 0.2851851851851852 0.675 0.2712962962962963 0.671875 0.25462962962962965 0.6536458333333334 0.19537037037037036 0.6484375 0.15833333333333333 0.6390625 0.14166666666666666 0.6385416666666667 0.13703703703703704
0 0.4390625 0.03518518518518519 0.4239583333333333 0.041666666666666664 0.41510416666666666 0.05185185185185185 0.40260416666666665 0.058333333333333334 0.3859375 0.06481481481481481 0.37864583333333335 0.06481481481481481 0.36822916666666666 0.07407407407407407 0.35625 0.07685185185185185 0.353125 0.08055555555555556 0.35260416666666666 0.08888888888888889 0.35625 0.09351851851851851 0.35989583333333336 0.09351851851851851 0.3953125 0.08703703703703704 0.4140625 0.08055555555555556 0.4244791666666667 0.08055555555555556 0.43072916666666666 0.08425925925925926 0.4395833333333333 0.08148148148148149 0.45416666666666666 0.06111111111111111 0.45208333333333334 0.044444444444444446 0.4484375 0.03796296296296296 0.44375 0.03518518518518519
0 0.6049479166666667 0.5675925925925925 0.5864583333333333 0.575925925925926 0.5651041666666666 0.5916666666666667 0.5552083333333333 0.5916666666666667 0.5291666666666667 0.600925925925926 0.525 0.6046296296296296 0.5244791666666667 0.6111111111111112 0.5291666666666667 0.6138888888888889 0.603125 0.6037037037037037 0.6125 0.5944444444444444 0.6161458333333333 0.5842592592592593 0.6151041666666667 0.575 0.6078125 0.5675925925925925
0 0.7114583333333333 0.412962962962963 0.7083333333333334 0.4148148148148148 0.7067708333333333 0.42314814814814816 0.7072916666666667 0.44907407407407407 0.7052083333333333 0.4759259259259259 0.7088541666666667 0.5407407407407407 0.7072916666666667 0.562037037037037 0.7041666666666667 0.575 0.7041666666666667 0.5898148148148148 0.7067708333333333 0.6092592592592593 0.7104166666666667 0.6222222222222222 0.7135416666666666 0.6259259259259259 0.7203125 0.6259259259259259 0.7244791666666667 0.6222222222222222 0.7270833333333333 0.612037037037037 0.7286458333333333 0.5833333333333334 0.7223958333333333 0.5296296296296297 0.7208333333333333 0.46296296296296297 0.7171875 0.4444444444444444 0.7192708333333333 0.42314814814814816 0.7177083333333333 0.41574074074074074 0.7135416666666666 0.412962962962963
0 0.68125 0.6222222222222222 0.6776041666666667 0.6268518518518519 0.6776041666666667 0.6305555555555555 0.6848958333333334 0.6657407407407407 0.6854166666666667 0.6768518518518518 0.6885416666666667 0.6833333333333333 0.6885416666666667 0.6888888888888889 0.6958333333333333 0.7138888888888889 0.6989583333333333 0.7305555555555555 0.7005208333333334 0.7518518518518519 0.7041666666666667 0.7666666666666667 0.7078125 0.7731481481481481 0.7125 0.7787037037037037 0.7171875 0.7768518518518519 0.721875 0.7712962962962963 0.7223958333333333 0.7657407407407407 0.7213541666666666 0.7481481481481481 0.7182291666666667 0.7333333333333333 0.7114583333333333 0.7222222222222222 0.6947916666666667 0.6574074074074074 0.6817708333333333 0.6231481481481481
0 0.24739583333333334 0.5712962962962963 0.24114583333333334 0.575 0.23854166666666668 0.5796296296296296 0.23802083333333332 0.5898148148148148 0.24010416666666667 0.5972222222222222 0.2484375 0.612037037037037 0.265625 0.6222222222222222 0.2864583333333333 0.6481481481481481 0.290625 0.6620370370370371 0.28802083333333334 0.6861111111111111 0.2911458333333333 0.6898148148148148 0.29739583333333336 0.6601851851851852 0.29635416666666664 0.6453703703703704 0.29322916666666665 0.6333333333333333 0.284375 0.6185185185185185 0.2703125 0.6018518518518519 0.2552083333333333 0.5768518518518518 0.24791666666666667 0.5712962962962963
0 0.30052083333333335 0.44351851851851853 0.2942708333333333 0.4462962962962963 0.290625 0.4537037037037037 0.29010416666666666 0.4685185185185185 0.2921875 0.4861111111111111 0.30104166666666665 0.5074074074074074 0.3104166666666667 0.5416666666666666 0.3307291666666667 0.6 0.3333333333333333 0.6046296296296296 0.3375 0.6037037037037037 0.3380208333333333 0.5935185185185186 0.33177083333333335 0.5740740740740741 0.32916666666666666 0.5527777777777778 0.31666666666666665 0.5111111111111111 0.31145833333333334 0.4666666666666667 0.303125 0.44351851851851853
0 0.3802083333333333 0.44074074074074077 0.36875 0.44537037037037036 0.3645833333333333 0.45092592592592595 0.3651041666666667 0.4583333333333333 0.37135416666666665 0.475 0.3802083333333333 0.4861111111111111 0.3921875 0.4935185185185185 0.4234375 0.5351851851851852 0.42864583333333334 0.5388888888888889 0.4375 0.5527777777777778 0.4432291666666667 0.5555555555555556 0.44479166666666664 0.5527777777777778 0.4432291666666667 0.5425925925925926 0.42864583333333334 0.5138888888888888 0.39895833333333336 0.4740740740740741 0.3854166666666667 0.44537037037037036 0.38125 0.44074074074074077
0 0.7321614583333333 0.4111111111111111 0.7239583333333334 0.4111111111111111 0.7213541666666666 0.41574074074074074 0.7244791666666667 0.42407407407407405 0.7635416666666667 0.43333333333333335 0.7786458333333334 0.4398148148148148 0.7854166666666667 0.4444444444444444 0.7927083333333333 0.4546296296296296 0.8145833333333333 0.4564814814814815 0.8182291666666667 0.4537037037037037 0.8203125 0.4444444444444444 0.8203125 0.43796296296296294 0.8177083333333334 0.4305555555555556 0.80625 0.4222222222222222 0.7822916666666667 0.4203703703703704 0.7520833333333333 0.41203703703703703 0.7348958333333333 0.4111111111111111
0 0.7938036458333334 0.11907037037037037 0.7972046875000001 0.111375 0.8023057291666666 0.1144 0.806084375 0.12078611111111112 0.8070291666666667 0.13120555555555555 0.8074067708333333 0.1483472222222222 0.8045729166666666 0.15943888888888888 0.801171875 0.17725277777777776 0.8026838541666667 0.19943518518518516 0.8047619791666667 0.2263240740740741 0.8045729166666666 0.265312962962963 0.806084375 0.2784212962962963 0.8066510416666667 0.29052129629629625 0.8023057291666666 0.2952268518518519 0.7977713541666667 0.2908574074074074 0.7973932291666667 0.27035462962962964 0.7958817708333333 0.2485074074074074 0.7926703125 0.21859351851851852 0.7911588541666668 0.1937222222222222 0.7879468749999999 0.17456388888888888 0.7847348958333333 0.15876666666666667 0.7860572916666667 0.13792777777777776 0.7890802083333334 0.1265
0 0.6948026041666666 0.06320185185185184 0.7033046875 0.0675712962962963 0.7187973958333332 0.06824351851851852 0.7371239583333333 0.07597407407407408 0.7528052083333333 0.08504907407407407 0.762440625 0.08975462962962963 0.771509375 0.08841018518518519 0.7783109375 0.09311574074074074 0.7890802083333334 0.10319907407407407 0.7922921875 0.11059351851851852 0.7922921875 0.12101203703703704 0.7881359375 0.1260537037037037 0.7807671875000001 0.1321037037037037 0.7701869791666667 0.12975092592592594 0.758284375 0.1159712962962963 0.7528052083333333 0.10487962962962963 0.7399578125 0.09412407407407407 0.7331562500000001 0.0857212962962963 0.7203088541666667 0.08807407407407408 0.70519375 0.08370462962962963 0.6991479166666666 0.07698240740740742 0.6898901041666666 0.07731851851851852 0.6846 0.0739574074074074 0.6853557291666666 0.0618574074074074 0.6895125 0.05883240740740741
0 0.357640625 0.40894722222222224 0.370859375 0.4119953703703704 0.3848125 0.4098175925925926 0.4029270833333333 0.40546296296296297 0.41859375000000004 0.3941407407407408 0.436953125 0.3836888888888889 0.44356249999999997 0.3745435185185185 0.4506614583333333 0.37193055555555554 0.45702604166666666 0.3741083333333333 0.45580208333333333 0.3845601851851852 0.45384375 0.39065648148148147 0.4452760416666666 0.3954472222222222 0.4376875 0.40633425925925926 0.42618229166666666 0.41330185185185186 0.4063541666666667 0.4241888888888889 0.38921875 0.427237037037037 0.379671875 0.43246296296296294 0.3698802083333333 0.4420435185185185 0.3564166666666667 0.4524944444444445 0.34001562500000004 0.4551074074074074 0.33365104166666665 0.4494462962962963 0.332671875 0.4350759259259259 0.34270833333333334 0.4154787037037037 0.35298958333333336 0.4111240740740741
0 0.44111458333333337 0.6507166666666667 0.4298541666666667 0.6585555555555556 0.4247135416666667 0.670749074074074 0.4232447916666667 0.6846842592592592 0.42618229166666666 0.6960064814814815 0.43989062500000004 0.692087037037037 0.4462552083333333 0.6737972222222223 0.44992708333333337 0.6607324074074075 0.46559375000000003 0.6367814814814815 0.47734375 0.6189268518518519 0.48346354166666666 0.6080398148148148 0.4905625 0.5993296296296295 0.4947239583333333 0.5914916666666667 0.49105208333333333 0.5819111111111112 0.4849322916666667 0.5919268518518518 0.47807812499999996 0.6023787037037037 0.4697552083333333 0.6119592592592593 0.4584947916666666 0.6293777777777777 0.45041666666666663 0.6402648148148148 0.4416041666666667 0.6507166666666667
0 0.4358973958333333 0.5963916666666667 0.42441249999999997 0.6045564814814816 0.4169338541666667 0.6192861111111111 0.4129276041666667 0.6278398148148148 0.41426302083333333 0.6378175925925925 0.42094010416666666 0.6420944444444444 0.4276177083333333 0.6401935185185185 0.44177343750000003 0.6297398148148149 0.4481838541666667 0.6145351851851851 0.44871770833333335 0.6083583333333333 0.46233958333333336 0.5869759259259258 0.47516041666666664 0.5636935185185185 0.4901177083333333 0.5513398148148149 0.49786302083333334 0.543737037037037 0.49252135416666665 0.5351842592592593 0.486378125 0.5413611111111111 0.47302343750000003 0.5499138888888889 0.46207291666666667 0.5617925925925926 0.4529916666666667 0.5750972222222223 0.44337604166666666 0.5884018518518519
0 0.4719552083333333 0.5817490740740741 0.4759614583333333 0.5884018518518519 0.4743588541666667 0.5983796296296297 0.47168802083333333 0.6093083333333333 0.4668802083333333 0.6150101851851852 0.45779895833333334 0.6292648148148148 0.44364322916666665 0.6439944444444444 0.432425 0.6553981481481482 0.42654895833333334 0.6668018518518518 0.4161322916666667 0.6891342592592592 0.4094552083333333 0.704338888888889 0.40384635416666664 0.7052898148148148 0.4025109375 0.6957861111111111 0.4078526041666667 0.6891342592592592 0.41639947916666664 0.6691777777777778 0.4236109375 0.6520722222222223 0.43135677083333335 0.6411435185185185 0.43669895833333333 0.6340166666666667 0.44764947916666664 0.619762037037037 0.4513890625 0.6074074074074074 0.4561963541666667 0.5960037037037037 0.46260677083333335 0.5846 0.46875 0.5793731481481481
0 0.22106145833333332 0.7348092592592593 0.2289375 0.7306472222222222 0.23996458333333334 0.7197490740740741 0.245740625 0.7272222222222222 0.24994114583333332 0.7403 0.2518666666666667 0.7636527777777777 0.2551921875 0.7810898148148148 0.2567671875 0.7701916666666667 0.25641718750000003 0.7515092592592593 0.2548416666666667 0.7265990740740741 0.24906614583333334 0.705737037037037 0.24048958333333334 0.698887037037037 0.2329635416666667 0.6939046296296296 0.22018645833333333 0.7007555555555556 0.21248489583333333 0.7169462962962964 0.21195989583333336 0.7237972222222222 0.21476041666666665 0.7315814814814814
0 0.26884427083333334 0.7480842592592593 0.27584531250000005 0.750575 0.27584531250000005 0.7636527777777777 0.2735697916666667 0.8116037037037037 0.2768953125 0.8271722222222222 0.28214635416666667 0.8358907407407407 0.2921229166666667 0.8427416666666666 0.30104947916666663 0.840562037037037 0.30525 0.8430527777777778 0.29789895833333335 0.8517712962962963 0.28774739583333336 0.8533277777777778 0.27024427083333336 0.8393157407407408 0.26184322916666664 0.8100472222222223 0.2595677083333333 0.7863824074074074 0.26079270833333335 0.7608499999999999 0.26481875 0.7496407407407407
0 0.2805713541666667 0.8044425925925925 0.2760203125 0.8122268518518518 0.2786458333333333 0.8246814814814815 0.284421875 0.8334 0.29614843750000003 0.840562037037037 0.3112010416666667 0.8505259259259259 0.32555364583333335 0.8455435185185185 0.3371052083333333 0.8309092592592592 0.34148125 0.8187657407407408 0.3322046875 0.8262388888888889 0.31277656249999997 0.8321546296296296 0.305425 0.82655 0.29807395833333333 0.8156518518518519 0.2900229166666667 0.8072444444444444
0 0.40265260416666665 0.8307037037037037 0.41660104166666667 0.8414796296296296 0.4365270833333333 0.8435055555555555 0.4513296875 0.8475564814814814 0.46584739583333334 0.8485694444444445 0.477803125 0.8637620370370371 0.48463489583333336 0.8754092592592593 0.4854890625 0.8809796296296296 0.4823578125 0.8900944444444444 0.4712557291666667 0.8921203703703704 0.4584463541666667 0.8789537037037037 0.44705989583333333 0.8642685185185185 0.4325421875 0.8571787037037037 0.41859375000000004 0.8500888888888889 0.40692239583333334 0.8440120370370371 0.3955359375 0.8435055555555555 0.39126614583333336 0.8384416666666668 0.390696875 0.8318583333333334 0.39582083333333334 0.8288194444444444
0 0.5210713541666666 0.8445185185185186 0.5133859375000001 0.8505953703703704 0.5142395833333333 0.8632555555555556 0.5236333333333333 0.8774342592592593 0.5424213541666667 0.8728768518518518 0.5577927083333333 0.8652805555555556 0.5765802083333333 0.8673064814814815 0.589959375 0.8597101851851852 0.6027692708333333 0.8592037037037038 0.6096010416666666 0.8495824074074074 0.6044770833333334 0.8445185185185186 0.5936598958333333 0.848062962962963 0.580565625 0.8475564814814814 0.56519375 0.8475564814814814 0.552384375 0.8475564814814814 0.5387203125000001 0.8440120370370371 0.5307499999999999 0.8399601851851852
0 0.4854890625 0.8379351851851852 0.49659062499999995 0.8364157407407407 0.5051307291666667 0.8419861111111111 0.5111083333333333 0.8475564814814814 0.5131010416666667 0.8581916666666667 0.5125317708333333 0.8723703703703704 0.505984375 0.8743962962962962 0.49602135416666665 0.8764222222222222 0.4883354166666667 0.8703453703703703 0.4797958333333333 0.8627490740740741 0.4655625 0.8465435185185186 0.45332239583333334 0.8450249999999999 0.4302645833333333 0.8440120370370371 0.4183088541666667 0.8384416666666668 0.4225791666666667 0.8293259259259259 0.43225729166666665 0.8394546296296296 0.4536067708333333 0.8384416666666668 0.4672708333333333 0.8384416666666668 0.4780880208333333 0.8399601851851852
0 0.6795421875 0.8551305555555556 0.6866583333333334 0.8522620370370371 0.6934130208333333 0.8466833333333333 0.7059567708333333 0.8428212962962962 0.7083692708333333 0.8381009259259259 0.6967901041666666 0.840675 0.6847286458333334 0.8453962962962963 0.6702552083333334 0.8492583333333333 0.6610880208333333 0.8484 0.6480619791666666 0.8514037037037037 0.6347942708333334 0.8496870370370371 0.6268338541666666 0.8552657407407408 0.6215265624999999 0.8634194444444445 0.620803125 0.8689990740740741 0.6251453125 0.8797268518518518 0.6381713541666667 0.8805851851851852 0.6531276041666667 0.8754361111111111 0.6632593750000001 0.8655657407407408 0.6750796875 0.8621324074074074
0 0.6808692708333334 0.8574120370370371 0.675803125 0.8634194444444445 0.6801453125 0.8672824074074074 0.6876234375 0.8574120370370371 0.6979963541666667 0.8548370370370371 0.7115052083333333 0.8556953703703704 0.7226015625 0.8578407407407407 0.7411765625 0.8548370370370371 0.7501015624999999 0.8586990740740741 0.7652994791666666 0.8599870370370369 0.7703651041666667 0.8471129629629629 0.7652994791666666 0.8350962962962963 0.75444375 0.8312342592592592 0.7464833333333334 0.829088888888889 0.7334567708333334 0.835525925925926 0.7209130208333333 0.841962962962963 0.7066807291666667 0.8449666666666666 0.6975140625 0.8466833333333333
0 0.7715713541666667 0.784887037037037 0.7599921875 0.7994777777777778 0.7520317708333334 0.8196472222222223 0.7570973958333334 0.8308055555555556 0.7694 0.8265138888888889 0.7804968750000001 0.8183601851851852 0.7870098958333334 0.7994777777777778 0.79810625 0.7793083333333334 0.8053432291666667 0.760425925925926 0.8125802083333333 0.7432601851851852 0.8207817708333334 0.7286694444444444 0.8301901041666666 0.7170824074074074 0.8282598958333334 0.7080703703703703 0.8207817708333334 0.7145074074074074 0.8145098958333333 0.7196574074074075 0.8010010416666666 0.7385398148148149 0.790628125 0.7608546296296296 0.7783255208333333 0.77845
0 0.8007598958333334 0.4597537037037037 0.8024484375000001 0.48936388888888893 0.8075145833333334 0.5181166666666667 0.8152338541666667 0.5606018518518519 0.8195760416666666 0.5867796296296296 0.8256067708333333 0.6017990740740741 0.82801875 0.6223981481481482 0.8265713541666667 0.6391342592592593 0.8246416666666666 0.6494342592592592 0.8164395833333333 0.6558712962962963 0.8072729166666667 0.6417092592592593 0.8002776041666666 0.6022287037037037 0.8014838541666667 0.5764796296296296 0.7988302083333333 0.5451527777777778 0.7944880208333333 0.49794722222222226 0.7925583333333334 0.4734861111111111 0.7886984375 0.4516 0.7947291666666667 0.45074166666666665
0 0.7920755208333333 0.5360648148148148 0.7973828125 0.5537351851851852 0.7976239583333334 0.5696138888888889 0.7997947916666667 0.5872083333333333 0.8017249999999999 0.603087037037037 0.8041369791666667 0.6266898148148149 0.8120979166666668 0.653725 0.8135453125000001 0.6687453703703704 0.8128213541666667 0.6833361111111111 0.81185625 0.6889148148148149 0.8111328125 0.6936351851851852 0.8060671875 0.6953518518518519 0.7988302083333333 0.6910611111111111 0.7952114583333334 0.6700324074074074 0.7930406249999999 0.6318388888888888 0.7908692708333334 0.6073777777777778 0.7899046875 0.5704722222222223 0.7896635416666666 0.5554518518518519 0.7889395833333332 0.5472981481481481
