0 0.7947916666666667 0.3824074074074074 0.7942708333333334 0.4351851851851852 0.7953125 0.4388888888888889 0.7989583333333333 0.4398148148148148 0.8020833333333334 0.43148148148148147 0.8114583333333333 0.3527777777777778 0.8255208333333334 0.28703703703703703 0.8255208333333334 0.27314814814814814 0.8197916666666667 0.2638888888888889 0.8135416666666667 0.262037037037037 0.8083333333333333 0.26666666666666666 0.8041666666666667 0.2759259259259259 0.7994791666666666 0.29907407407407405 0.8005208333333333 0.3296296296296296
0 0.7848958333333333 0.5916666666666667 0.7848958333333333 0.6 0.7885416666666667 0.6148148148148148 0.7885416666666667 0.725 0.790625 0.7388888888888889 0.7973958333333333 0.7546296296296297 0.8057291666666667 0.7537037037037037 0.8130208333333333 0.7435185185185185 0.8114583333333333 0.7222222222222222 0.8036458333333333 0.6925925925925925 0.7989583333333333 0.6305555555555555 0.7927083333333333 0.5953703703703703 0.790625 0.5898148148148148 0.7864583333333334 0.5888888888888889
0 0.6703125 0.5518518518518518 0.6682291666666667 0.5611111111111111 0.6723958333333333 0.5657407407407408 0.6848958333333334 0.562037037037037 0.6973958333333333 0.5638888888888889 0.7208333333333333 0.5564814814814815 0.7489583333333333 0.5592592592592592 0.7671875 0.5509259259259259 0.7697916666666667 0.5370370370370371 0.7692708333333333 0.5324074074074074 0.7645833333333333 0.5268518518518519 0.746875 0.5203703703703704 0.7276041666666667 0.5351851851851852
0 0.5776041666666667 0.5740740740740741 0.5776041666666667 0.5879629629629629 0.5869791666666667 0.6064814814814815 0.596875 0.6166666666666667 0.6078125 0.6194444444444445 0.6182291666666667 0.6277777777777778 0.6526041666666667 0.6814814814814815 0.6604166666666667 0.700925925925926 0.6671875 0.7046296296296296 0.6708333333333333 0.7 0.6697916666666667 0.687962962962963 0.6604166666666667 0.6694444444444444 0.6567708333333333 0.6537037037037037 0.6270833333333333 0.6064814814814815 0.5958333333333333 0.5694444444444444 0.5833333333333334 0.5657407407407408
0 0.35572916666666665 0.6777777777777778 0.3536458333333333 0.6851851851851852 0.35625 0.6981481481481482 0.3578125 0.700925925925926 0.365625 0.700925925925926 0.37447916666666664 0.6972222222222222 0.3880208333333333 0.6814814814814815 0.40989583333333335 0.6814814814814815 0.4197916666666667 0.6851851851851852 0.4276041666666667 0.6777777777777778 0.4354166666666667 0.6796296296296296 0.44635416666666666 0.6712962962962963 0.45625 0.6712962962962963 0.4583333333333333 0.6638888888888889 0.4557291666666667 0.6592592592592592 0.4515625 0.6592592592592592 0.4453125 0.6638888888888889 0.4234375 0.6694444444444444 0.39895833333333336 0.6611111111111111 0.3703125 0.6592592592592592
0 0.30625 0.725925925925926 0.30572916666666666 0.7333333333333333 0.325 0.7731481481481481 0.3265625 0.7824074074074074 0.334375 0.7981481481481482 0.3484375 0.8074074074074075 0.3541666666666667 0.8027777777777778 0.3541666666666667 0.787962962962963 0.3484375 0.7768518518518519 0.3416666666666667 0.7675925925925926 0.3333333333333333 0.7620370370370371 0.315625 0.7351851851851852
0 0.24895833333333334 0.7046296296296296 0.24947916666666667 0.7129629629629629 0.2546875 0.725 0.2713541666666667 0.7851851851851852 0.28020833333333334 0.8083333333333333 0.28177083333333336 0.8203703703703704 0.2916666666666667 0.8462962962962963 0.2953125 0.8490740740740741 0.30364583333333334 0.8444444444444444 0.3067708333333333 0.8314814814814815 0.2994791666666667 0.7981481481481482 0.2942708333333333 0.7962962962962963 0.2859375 0.7814814814814814 0.2713541666666667 0.7361111111111112 0.2625 0.7231481481481481 0.2557291666666667 0.7064814814814815 0.2526041666666667 0.7027777777777777
0 0.44635416666666666 0.862037037037037 0.44635416666666666 0.8657407407407407 0.4552083333333333 0.8638888888888889 0.4901041666666667 0.8481481481481481 0.5041666666666667 0.8490740740740741 0.5125 0.8555555555555555 0.5229166666666667 0.8555555555555555 0.5322916666666667 0.850925925925926 0.5359375 0.837037037037037 0.5276041666666667 0.825925925925926 0.5166666666666667 0.8212962962962963 0.5020833333333333 0.8314814814814815 0.48854166666666665 0.8305555555555556 0.4744791666666667 0.8361111111111111
0 0.23645833333333333 0.5203703703703704 0.2265625 0.6157407407407407 0.22395833333333334 0.6314814814814815 0.21770833333333334 0.6481481481481481 0.21927083333333333 0.6712962962962963 0.22447916666666667 0.6787037037037037 0.22864583333333333 0.6787037037037037 0.2328125 0.674074074074074 0.2390625 0.65 0.23802083333333332 0.5990740740740741 0.24166666666666667 0.5675925925925925 0.240625 0.5583333333333333 0.24322916666666666 0.5444444444444444 0.240625 0.525
0 0.609375 0.775 0.6088541666666667 0.7861111111111111 0.6223958333333334 0.8027777777777778 0.66875 0.8101851851851852 0.678125 0.8194444444444444 0.6833333333333333 0.8296296296296296 0.6890625 0.8490740740740741 0.6932291666666667 0.8472222222222222 0.6932291666666667 0.837037037037037 0.6828125 0.8101851851851852 0.671875 0.7972222222222223 0.6479166666666667 0.7861111111111111 0.6421875 0.7796296296296297 0.6213541666666667 0.7666666666666667 0.6114583333333333 0.7675925925925926
0 0.4325453125 0.05322777777777778 0.44838854166666664 0.04972037037037037 0.4632364583333333 0.04807037037037037 0.4753 0.04642037037037037 0.48736406250000003 0.0381712962962963 0.49896406249999997 0.024971296296296297 0.5152036458333333 0.019197222222222223 0.5240192708333333 0.01837222222222222 0.5323713541666667 0.028271296296296298 0.5314432291666666 0.04972037037037037 0.51984375 0.05797037037037037 0.5017479166666666 0.05879444444444444 0.4882921875 0.05632037037037037 0.46973229166666663 0.06126944444444445 0.4572046875 0.06374444444444444 0.44189270833333333 0.06704444444444445 0.4358609375 0.06951944444444445 0.4293651041666667 0.05961944444444444
0 0.5131255208333333 0.05842407407407407 0.5059239583333334 0.07364444444444444 0.49896406249999997 0.09509259259259259 0.4910760416666667 0.11324166666666667 0.4808682291666667 0.12809074074074073 0.4743723958333333 0.15283981481481482 0.4581322916666667 0.18418796296296297 0.46602031250000003 0.18418796296296297 0.4757640625 0.17263888888888887 0.49246770833333336 0.13551574074074074 0.5012838541666667 0.11819166666666667 0.5105635416666667 0.1066425925925926 0.5281953125 0.09509259259259259 0.5342270833333332 0.07529444444444444 0.5360833333333334 0.05714537037037037 0.5319072916666666 0.051370370370370365 0.5235552083333334 0.051370370370370365
0 0.49225 0.25511944444444445 0.4855083333333334 0.26860092592592594 0.4813322916666667 0.280975 0.4836520833333333 0.29994907407407406 0.48272395833333337 0.32717314814814813 0.47901197916666666 0.35604629629629625 0.4739083333333333 0.3824444444444445 0.4650921875 0.40801851851851856 0.46462864583333335 0.4220425925925926 0.47622812499999995 0.37832037037037036 0.4836520833333333 0.35687129629629627 0.4882921875 0.32717314814814813 0.49339583333333337 0.31149907407407407 0.4985 0.294175 0.5012838541666667 0.27850092592592596 0.5012838541666667 0.25787685185185183 0.4998916666666667 0.2512768518518519
0 0.42419531250000003 0.5416277777777777 0.4191572916666667 0.5360203703703704 0.4275088541666667 0.5153962962962964 0.43075677083333336 0.48982314814814815 0.4432848958333333 0.46507407407407403 0.45302864583333335 0.45105 0.466484375 0.41392685185185185 0.4688041666666667 0.39742777777777777 0.4808682291666667 0.3718537037037037 0.49061197916666666 0.35782962962962966 0.49896406249999997 0.35782962962962966 0.5045317708333333 0.3726787037037037 0.49896406249999997 0.4007277777777778 0.4943239583333333 0.42300185185185185 0.47715625 0.441975 0.46602031250000003 0.456825 0.4609166666666667 0.47332407407407406 0.4553484375 0.4947722222222223 0.4446765625 0.5203462962962964 0.435396875 0.5203462962962964 0.42890104166666665 0.5393203703703704
0 0.44131302083333335 0.558699074074074 0.4516364583333334 0.5492194444444445 0.45952447916666667 0.5384953703703704 0.4748364583333334 0.5285953703703704 0.48875625 0.5153962962962964 0.5022119791666666 0.5079722222222223 0.5119557291666667 0.4972472222222223 0.5221635416666667 0.4914731481481482 0.5291234375 0.49559722222222224 0.5314432291666666 0.5120962962962963 0.5221635416666667 0.5269453703703704 0.5017479166666666 0.5360203703703704 0.487828125 0.5393203703703704 0.4753 0.5426203703703704 0.45906041666666664 0.5549944444444445 0.4465328125 0.5657185185185185 0.44235677083333336 0.5665435185185185
0 0.52815625 0.3152416666666667 0.5305151041666667 0.3413305555555556 0.5323713541666667 0.36030462962962967 0.5291234375 0.3891777777777778 0.5291234375 0.40897685185185184 0.526803125 0.4345509259259259 0.518915625 0.44444999999999996 0.518915625 0.46837407407407405 0.5230916666666666 0.47827314814814814 0.5337630208333334 0.4766231481481482 0.5360833333333334 0.45187499999999997 0.5356192708333333 0.41805185185185184 0.5360833333333334 0.38505370370370373 0.5370114583333333 0.35865462962962963 0.5337630208333334 0.3339064814814815 0.5319072916666666 0.3141074074074074
0 0.5515369791666667 0.4087648148148148 0.5453630208333333 0.4197018518518519 0.540259375 0.43537592592592594 0.5379390625 0.44692499999999996 0.5365473958333333 0.46589907407407405 0.5328354166666667 0.49312222222222224 0.5314432291666666 0.5162212962962963 0.52773125 0.5360203703703704 0.51984375 0.5665435185185185 0.5193796875 0.5731435185185185 0.5263395833333333 0.5756185185185185 0.5309791666666667 0.5500444444444444 0.5323713541666667 0.5360203703703704 0.5388671875 0.5162212962962963 0.5407229166666667 0.5030222222222223 0.5439708333333333 0.48404814814814817 0.550003125 0.456825 0.5583546875 0.443625 0.5643869791666667 0.41887685185185186 0.5643869791666667 0.40897685185185184 0.5578906250000001 0.4032027777777778
0 0.6266895833333332 0.2610574074074074 0.6367692708333333 0.27190092592592596 0.6446572916666666 0.27355092592592595 0.6534734375000001 0.27355092592592595 0.6766729166666666 0.287575 0.6878088541666667 0.2851 0.7003364583333334 0.28015 0.7100802083333334 0.280975 0.7202880208333333 0.29500000000000004 0.7193598958333334 0.31397314814814814 0.7063682291666668 0.3246981481481481 0.6910567708333333 0.31644814814814815 0.6813130208333333 0.30654907407407406 0.6664651041666667 0.3032490740740741 0.6562572916666666 0.29747407407407406 0.6446572916666666 0.2917 0.6372333333333333 0.284275 0.6293458333333334 0.282625 0.62099375 0.27767592592592594 0.6205296874999999 0.2677759259259259 0.6237776041666667 0.2636509259259259
0 0.5836859375 0.3196953703703704 0.5922260416666667 0.3345972222222222 0.6024338541666666 0.34449722222222223 0.6117140625 0.34862129629629635 0.6177458333333333 0.35192129629629626 0.6284177083333333 0.3535712962962963 0.6344494791666667 0.3428472222222222 0.6395536458333333 0.3354222222222222 0.6428015625000001 0.32799814814814815 0.6516171875 0.32304814814814814 0.6599692708333333 0.3197481481481481 0.6673932291666667 0.32799814814814815 0.6660010416666666 0.34449722222222223 0.661825 0.35439629629629626 0.653009375 0.3601712962962963 0.6460494791666667 0.36347129629629626 0.6358416666666666 0.36347129629629626 0.6284177083333333 0.3651203703703704 0.6080020833333334 0.3618212962962963 0.5987223958333333 0.35604629629629625 0.5871223958333334 0.3370722222222222 0.5848026041666666 0.3312972222222222 0.5838744791666667 0.32387314814814816
0 0.6563333333333333 0.35755 0.6557932291666667 0.3692453703703704 0.6539375 0.3791453703703703 0.6418734374999999 0.41709259259259257 0.6386255208333333 0.4269925925925926 0.6293458333333334 0.4558657407407407 0.6265619791666667 0.46494074074074077 0.6251697916666666 0.4748398148148148 0.6274895833333333 0.4847398148148148 0.63259375 0.48143981481481485 0.63259375 0.46659074074074075 0.6344494791666667 0.4583407407407407 0.6381614583333334 0.45009166666666667 0.6428015625000001 0.44019166666666665 0.6488333333333334 0.4245175925925926 0.6539375 0.41049351851851856 0.662753125 0.38904444444444447 0.6669291666666666 0.38162037037037033 0.6752807291666667 0.3684203703703704 0.6780645833333333 0.3576962962962963 0.6780645833333333 0.3436722222222222 0.6757447916666667 0.3378972222222222 0.6720328125 0.3337722222222222 0.6664651041666667 0.3362472222222222 0.660896875 0.3461472222222222 0.6571854166666667 0.35192129629629626
0 0.3787901041666667 0.20247129629629632 0.38714166666666666 0.21814537037037038 0.3885338541666667 0.22721944444444445 0.3894614583333333 0.23629444444444445 0.3917817708333333 0.2503185185185185 0.3941015625 0.26021759259259264 0.4024536458333333 0.26269259259259264 0.4080213541666666 0.26269259259259264 0.41451718750000005 0.2610425925925926 0.4154453125 0.2511435185185185 0.4112692708333333 0.23876851851851852 0.4080213541666666 0.22721944444444445 0.3964213541666667 0.21237037037037038 0.39038958333333335 0.2049453703703704 0.3811098958333333 0.1892712962962963 0.3681182291666667 0.18349722222222223 0.35512604166666667 0.18349722222222223 0.34909427083333333 0.18762129629629629 0.3407427083333333 0.1983462962962963 0.34027864583333334 0.21072037037037036 0.3472385416666667 0.1958712962962963 0.35559010416666664 0.1892712962962963 0.3639421875 0.18844629629629628 0.37229375 0.19092129629629628 0.37646979166666666 0.1975212962962963
0 0.35930208333333336 0.24784351851851852 0.3704380208333333 0.2527935185185185 0.37693385416666664 0.2569175925925926 0.38714166666666666 0.2668175925925926 0.3922458333333333 0.27176666666666666 0.40198958333333334 0.2824916666666667 0.40848541666666666 0.28744166666666665 0.4191572916666667 0.30064074074074076 0.4219411458333333 0.3154898148148148 0.42797291666666665 0.32621388888888886 0.4349328125 0.32621388888888886 0.4432848958333333 0.3229148148148148 0.446996875 0.3088898148148148 0.44235677083333336 0.29486574074074073 0.4298291666666667 0.2775416666666667 0.42147708333333334 0.2758916666666667 0.41498125 0.27011759259259255 0.4057015625 0.2643425925925926 0.3959578125 0.2618675925925926 0.3885338541666667 0.2569175925925926 0.3811098958333333 0.2519685185185185 0.373221875 0.2428935185185185 0.36626197916666664 0.23876851851851852 0.35976614583333333 0.2404185185185185
0 0.7166447916666667 0.27536388888888885 0.7247291666666666 0.270987037037037 0.7323098958333334 0.26349814814814815 0.7445234374999999 0.26499629629629634 0.7457869791666667 0.27323333333333333 0.7533682291666667 0.270237962962963 0.7643182291666667 0.2605037037037037 0.7799015625 0.25975462962962964 0.7938 0.25825648148148145 0.8060135416666667 0.25825648148148145 0.8203333333333334 0.26275 0.8093828125000001 0.2657453703703704 0.7984328125 0.2687398148148148 0.7887458333333334 0.27323333333333333 0.7761109375 0.28221851851851854 0.7609489583333333 0.28221851851851854 0.7462083333333334 0.2979435185185185 0.7327312500000001 0.30393425925925927 0.7205171875 0.2986925925925926 0.715884375 0.2927018518518518 0.7137786458333333 0.2859629629629629
0 0.4862458333333333 0.7795833333333334 0.49764375 0.7901203703703704 0.5094968750000001 0.8071425925925927 0.5272770833333333 0.8233537037037036 0.5423218750000001 0.8338916666666666 0.558734375 0.8509129629629629 0.5564546875 0.862261111111111 0.5728671875 0.8727981481481482 0.5856322916666666 0.8727981481481482 0.5956625 0.8598296296296296 0.5974859375 0.8460500000000001 0.583353125 0.829837962962963 0.5728671875 0.8152481481481482 0.5596463541666666 0.8217324074074074 0.5382187500000001 0.8136268518518518 0.5213505208333333 0.7820148148148148 0.5090411458333334 0.7803935185185186 0.5145119791666667 0.7941731481481481 0.49992291666666666 0.7690453703703704 0.49034895833333336 0.7601296296296297
0 0.253025 0.5019666666666667 0.24266302083333333 0.5081083333333333 0.24179947916666666 0.5249962962962963 0.24957083333333333 0.5372787037037037 0.2616598958333333 0.5242287037037038 0.27763489583333334 0.5119462962962963 0.2974953125 0.5065731481481482 0.3164927083333334 0.4973611111111111 0.33721666666666666 0.4950583333333333 0.33074010416666666 0.4820083333333333 0.309584375 0.48124074074074075 0.2901557291666667 0.4820083333333333 0.2759078125 0.4942907407407407 0.26209166666666667 0.49966388888888885
0 0.2338796875 0.3554981481481481 0.2249609375 0.36904166666666666 0.23273229166666667 0.39360648148148153 0.24266302083333333 0.4035851851851852 0.250434375 0.41509999999999997 0.25906927083333336 0.42661481481481484 0.2746125 0.4365935185185185 0.280225 0.44427037037037037 0.2918828125 0.47651111111111105 0.29619999999999996 0.4926305555555556 0.3022447916666666 0.47958148148148144 0.293609375 0.4534814814814815 0.28713333333333335 0.43429074074074075 0.2707265625 0.42277592592592594 0.25906927083333336 0.39667685185185186 0.253025 0.372112037037037 0.24438958333333333 0.36290092592592593 0.2383453125 0.35752685185185185
0 0.227275 0.42249444444444445 0.22452916666666667 0.43122037037037036 0.223665625 0.43966388888888885 0.22323385416666666 0.45041111111111115 0.22582447916666668 0.45885462962962964 0.2275515625 0.4642287037037037 0.23100520833333332 0.46883425925925926 0.23489114583333331 0.46883425925925926 0.23705 0.46576388888888887 0.23877708333333333 0.4603907407407407 0.23920885416666668 0.4488759259259259 0.2409359375 0.4388962962962963 0.24050416666666666 0.42815 0.23791354166666664 0.41202962962962963 0.23618645833333335 0.4043527777777778 0.23402760416666668 0.39667685185185186 0.22971041666666667 0.3797888888888889 0.22539270833333333 0.3644361111111111 0.22323385416666666 0.34831574074074073 0.221075 0.32605462962962967 0.2154625 0.31300462962962966 0.21157656249999998 0.3237509259259259 0.21632604166666666 0.3429425925925926 0.22150677083333334 0.3913027777777778
