0 0.5045140625 0.5195268518518519 0.5052083333333334 0.5528824074074075 0.4975692708333333 0.5751203703703703 0.48715260416666667 0.6492444444444444 0.4805171875 0.6703425925925927 0.485146875 0.6833833333333333 0.5045140625 0.6356546296296296 0.5121526041666666 0.5924157407407407 0.5184026041666666 0.5467055555555556 0.5260416666666666 0.5145851851851851 0.5232640625 0.47752314814814817 0.5474536458333333 0.4325981481481482 0.5158177083333333 0.47034629629629626 0.4953703125 0.43465648148148145 0.5061729166666666 0.4669148148148148 0.5003473958333333 0.5059370370370371 0.5045140625 0.5195268518518519
0 0.26581770833333335 0.4282222222222222 0.28665104166666666 0.4227314814814815 0.26118854166666666 0.4199861111111111 0.24459895833333334 0.39390555555555556 0.25270052083333333 0.4234175925925926 0.24340260416666668 0.4360685185185185 0.23923593750000002 0.462012037037037 0.24479166666666666 0.48795555555555553 0.2420140625 0.5163694444444444 0.24131927083333335 0.56455 0.24074062499999999 0.6021166666666666 0.24228385416666667 0.6378064814814814 0.25 0.645062037037037 0.259375 0.6040833333333333 0.26284739583333333 0.5534314814814815 0.26006927083333337 0.5151342592592593 0.26195989583333334 0.4998527777777778 0.265625 0.462012037037037 0.26581770833333335 0.4282222222222222
0 0.2899307291666667 0.6769722222222222 0.30034739583333336 0.6720305555555556 0.3065203125 0.6722731481481481 0.3357640625 0.7078574074074074 0.3100692708333333 0.6695592592592593 0.2920140625 0.6559703703703703 0.26909739583333336 0.6856203703703704 0.26006927083333337 0.718975925925926 0.26145833333333335 0.7535675925925925 0.2760416666666667 0.7802472222222222 0.2809026041666666 0.7325648148148147 0.2815973958333334 0.7177407407407407 0.27874218749999996 0.7024722222222222 0.2809026041666666 0.6917972222222222 0.2899307291666667 0.6769722222222222
0 0.42326406250000004 0.8981092592592592 0.43854166666666666 0.896874074074074 0.4484953125 0.8953342592592592 0.453125 0.9289638888888888 0.453125 0.8761166666666667 0.470871875 0.8383685185185185 0.4500385416666666 0.8665074074074074 0.440625 0.8647537037037036 0.415625 0.8622824074074074 0.4118442708333333 0.8658203703703704 0.3937114583333334 0.8623879629629629 0.3802083333333333 0.8425157407407408 0.37827916666666667 0.8315037037037037 0.3836807291666667 0.7980416666666666 0.3753473958333334 0.8264555555555556 0.3709489583333333 0.8390527777777778 0.37604166666666666 0.859812037037037 0.38923593749999996 0.8783425925925926 0.41284739583333335 0.8869907407407408 0.42326406250000004 0.8981092592592592
0 0.3234953125 0.3451018518518518 0.32673593749999996 0.373062962962963 0.32831770833333335 0.3937916666666667 0.31365729166666667 0.40614537037037035 0.33468385416666663 0.4013814814814815 0.3389276041666667 0.40275370370370367 0.36728385416666665 0.42948055555555553 0.34529322916666666 0.3937916666666667 0.34756927083333333 0.36565092592592596 0.34479166666666666 0.3335296296296296 0.346875 0.2853490740740741 0.35104166666666664 0.22234351851851852 0.34479166666666666 0.18404629629629632 0.34355729166666665 0.15917499999999998 0.33645833333333336 0.1543212962962963 0.33391197916666665 0.1605472222222222 0.33229166666666665 0.19022314814814814 0.33229166666666665 0.22605 0.33090260416666667 0.2804074074074074 0.3319828125 0.3279435185185185 0.3234953125 0.3451018518518518
0 0.3885416666666667 0.41753703703703704 0.39131927083333334 0.380475 0.3961807291666667 0.3532962962962963 0.38784739583333333 0.3545314814814815 0.3795140625 0.3829462962962963 0.3725692708333333 0.43112685185185184 0.35520833333333335 0.4595407407407407 0.3440973958333334 0.48548425925925925 0.33950625 0.510512962962963 0.3510802083333333 0.5194351851851852 0.3586036458333333 0.5105138888888889 0.36076406250000004 0.5003092592592592 0.36354166666666665 0.49166203703703704 0.38090260416666666 0.43977499999999997 0.3885416666666667 0.41753703703703704
0 0.3954859375 0.43112685185185184 0.3973765625 0.4778175925925926 0.3846453125 0.5162527777777778 0.40432083333333335 0.4881203703703703 0.432484375 0.5052787037037038 0.44984583333333333 0.49704259259259265 0.4305557291666667 0.49704259259259265 0.4151234375 0.4860611111111111 0.415625 0.4644824074074074 0.42326406250000004 0.4410101851851852 0.41770833333333335 0.41753703703703704 0.41770833333333335 0.38788796296296296 0.4107640625 0.3619444444444444 0.39965260416666665 0.3397074074074074 0.384375 0.3310592592592592 0.371875 0.34835462962962965 0.3645833333333333 0.37839537037037035 0.3836807291666667 0.3520611111111111 0.39479166666666665 0.35082592592592593 0.403125 0.36688611111111114 0.4065973958333334 0.3940648148148148 0.3954859375 0.43112685185185184
0 0.4350692708333333 0.10127407407407407 0.46770833333333334 0.09262685185185186 0.48020833333333335 0.08274351851851852 0.4954859375 0.08892037037037037 0.49672083333333333 0.07551111111111111 0.4797453125 0.06796203703703704 0.4554395833333333 0.06658888888888889 0.43368072916666667 0.07038888888888889 0.4149307291666667 0.07409537037037037 0.40297083333333333 0.07894351851851852 0.3898536458333333 0.07551111111111111 0.3740354166666667 0.08374722222222222 0.36284739583333336 0.09129166666666666 0.34317135416666666 0.044620370370370366 0.36006927083333334 0.10498055555555556 0.36053229166666667 0.15855277777777776 0.3690203125 0.12492222222222223 0.38645833333333335 0.12104074074074073 0.403125 0.10621574074074074 0.4350692708333333 0.10127407407407407
0 0.4427083333333333 0.571962962962963 0.4427083333333333 0.5966712962962962 0.44131927083333333 0.6226148148148148 0.44502291666666666 0.6394574074074074 0.45034739583333333 0.6399101851851852 0.45034739583333333 0.6275555555555555 0.45729166666666665 0.5843166666666667 0.46817135416666666 0.5385666666666667 0.47465260416666666 0.5077222222222223 0.4864583333333333 0.4718953703703704 0.49618072916666667 0.44471666666666665 0.4899307291666667 0.4200083333333333 0.478125 0.43209907407407405 0.4711807291666667 0.4546 0.46493072916666667 0.47683703703703706 0.46145833333333336 0.4966037037037037 0.45381927083333334 0.5299592592592592 0.4427083333333333 0.571962962962963
0 0.5635416666666667 0.27299537037037036 0.540625 0.3063509259259259 0.5246526041666667 0.32982407407407405 0.503125 0.3570027777777778 0.484375 0.36688611111111114 0.47646614583333335 0.394162962962963 0.44560208333333334 0.3831814814814815 0.48020833333333335 0.4135805555555555 0.5017359375 0.3990064814814815 0.509375 0.380475 0.5322916666666667 0.3421777777777778 0.5538192708333334 0.3112925925925926 0.5635416666666667 0.27299537037037036
0 0.6267359375 0.1699074074074074 0.6378473958333333 0.16002407407407407 0.6517359375 0.14767037037037037 0.6559026041666667 0.13531666666666667 0.6595291666666667 0.1150712962962963 0.6888505208333334 0.1157574074074074 0.6618442708333333 0.1082074074074074 0.6440973958333333 0.09207777777777779 0.628125 0.11307962962962963 0.615625 0.1439638888888889 0.6052083333333333 0.16743703703703702 0.5912421875 0.18841388888888888 0.5739583333333333 0.22055925925925926 0.559375 0.2550074074074074 0.5704859375000001 0.277387962962963 0.5871526041666667 0.24403148148148146 0.6038192708333334 0.20944074074074073 0.6145833333333334 0.18771574074074074 0.6267359375 0.1699074074074074
0 0.3107640625 0.41630185185185187 0.3100692708333333 0.3940648148148148 0.30590260416666665 0.35823796296296295 0.303240625 0.3389888888888889 0.3155864583333334 0.30673148148148144 0.2937885416666666 0.34174444444444446 0.2880015625 0.33144907407407403 0.27411250000000004 0.3479212962962963 0.2853010416666667 0.3589027777777778 0.2829859375 0.3953 0.2913192708333333 0.4237148148148148 0.29618072916666666 0.45336388888888884 0.29270833333333335 0.5077222222222223 0.28229166666666666 0.5472546296296296 0.30104166666666665 0.5311944444444445 0.3121526041666666 0.49536759259259255 0.3121526041666666 0.4669537037037037 0.3107640625 0.43977499999999997 0.3107640625 0.41630185185185187
0 0.390625 0.5391953703703704 0.40682864583333334 0.5268398148148148 0.4021989583333333 0.5158583333333333 0.37604166666666666 0.5151342592592593 0.3538192708333333 0.5163694444444444 0.3354552083333333 0.5275277777777778 0.3100692708333333 0.527487962962963 0.2857640625 0.5435481481481482 0.27411250000000004 0.5618444444444445 0.2679395833333333 0.5707666666666666 0.26979166666666665 0.5987657407407407 0.27874218749999996 0.6023379629629629 0.3017359375 0.5917296296296296 0.33993072916666667 0.5694916666666667 0.3753473958333334 0.5509611111111111 0.390625 0.5391953703703704
0 0.6927083333333334 0.9450509259259259 0.7069828125 0.945737037037037 0.6973380208333333 0.9450509259259259 0.6927083333333334 0.9333833333333333 0.6857640625 0.8906972222222223 0.6788192708333334 0.8659888888888889 0.6621526041666667 0.8635175925925926 0.6434026041666667 0.873400925925926 0.6232640625 0.8845194444444444 0.6079859375000001 0.8845194444444444 0.5913192708333334 0.8931675925925926 0.5760416666666667 0.9098768518518519 0.5913192708333334 0.9178759259259259 0.6128473958333333 0.9191111111111111 0.6399307291666666 0.9067574074074074 0.6614583333333334 0.9030509259259258 0.6819057291666667 0.9045574074074074 0.6927083333333334 0.9450509259259259
0 0.7711807291666666 0.8647537037037036 0.7475692708333334 0.859812037037037 0.7225692708333333 0.8721657407407407 0.7065973958333333 0.8758722222222223 0.6767359375 0.8561055555555556 0.6833333333333333 0.8691361111111111 0.7003473958333333 0.9042861111111111 0.7239583333333334 0.9129342592592593 0.7454859375 0.9178759259259259 0.7725692708333334 0.9042861111111111 0.7788192708333334 0.8795787037037037 0.7711807291666666 0.8647537037037036
0 0.8260416666666667 0.7906296296296296 0.8350692708333334 0.7572731481481482 0.828125 0.7375064814814815 0.8204859375000001 0.7572731481481482 0.8114583333333333 0.7918648148148149 0.8003473958333333 0.8227500000000001 0.7920140625 0.8437518518518518 0.7802083333333333 0.874637037037037 0.7725692708333334 0.9104629629629629 0.759375 0.9376546296296296 0.7815973958333333 0.9228175925925927 0.7920140625 0.8956388888888889 0.8003473958333333 0.8573407407407407 0.8086807291666667 0.8326333333333333 0.8190973958333333 0.8116314814814815 0.8260416666666667 0.7906296296296296
0 0.8170140625 0.7127990740740741 0.8010416666666667 0.7412129629629629 0.7975692708333334 0.76345 0.7934026041666667 0.7807462962962963 0.7802083333333333 0.7980416666666666 0.7677083333333333 0.8301620370370371 0.7711807291666666 0.8536351851851852 0.7857640625 0.844987037037037 0.8045140624999999 0.8066898148148148 0.8274307291666666 0.727624074074074 0.834375 0.7016805555555556 0.8427083333333333 0.6621472222222222 0.8170140625 0.7127990740740741
0 0.8267359375000001 0.6930324074074075 0.8309026041666667 0.667088888888889 0.8392359375 0.6399101851851852 0.8454859375 0.6065537037037037 0.8447916666666667 0.5830814814814814 0.8364583333333333 0.5954351851851852 0.828125 0.6176731481481481 0.8239583333333333 0.6324972222222222 0.8184026041666667 0.6621472222222222 0.809375 0.6893259259259259 0.7954859375000001 0.7029157407407407 0.7760416666666666 0.7300944444444444 0.7665895833333334 0.748488888888889 0.7395833333333334 0.7663333333333333 0.767746875 0.7553518518518518 0.7815973958333333 0.770862962962963 0.7913192708333334 0.7572731481481482 0.7982640624999999 0.7436842592592592 0.8267359375000001 0.6930324074074075
0 0.8392359375 0.5818462962962963 0.8503473958333333 0.5682564814814814 0.8489583333333334 0.5311944444444445 0.8336807291666666 0.5262527777777777 0.8177083333333334 0.5694916666666667 0.8024307291666666 0.6226148148148148 0.7760416666666666 0.6695592592592593 0.7628473958333333 0.7029157407407407 0.7552083333333334 0.7320990740740742 0.7829859375 0.6930324074074075 0.8038192708333334 0.652263888888889 0.8225692708333334 0.6250851851851852 0.8260416666666667 0.6077898148148149 0.8392359375 0.5818462962962963
0 0.753125 0.49413240740740744 0.7735338541666666 0.5118425925925926 0.7704473958333333 0.5413546296296297 0.7839505208333333 0.5001749999999999 0.8121140625 0.485075 0.7835645833333333 0.485075 0.7702546874999999 0.45865370370370373 0.7371526041666667 0.42618518518518517 0.6836807291666667 0.3903583333333333 0.6674385416666666 0.3903203703703704 0.641396875 0.40070092592592593 0.6537421875 0.4116824074074074 0.6704859375000001 0.410125 0.7003473958333333 0.4224787037037037 0.7315973958333333 0.45583518518518523 0.753125 0.49413240740740744
0 0.7892359375000001 0.42989166666666667 0.8086807291666667 0.4546 0.8246526041666667 0.4718953703703704 0.8440973958333333 0.47313055555555555 0.8392359375 0.4508935185185185 0.8107640625 0.40518333333333334 0.7857640625 0.3619444444444444 0.753125 0.32858796296296294 0.7212578125 0.2974175925925926 0.7193286458333333 0.31183055555555556 0.7357640624999999 0.3446490740740741 0.7600692708333334 0.3681212962962963 0.7864583333333334 0.4076546296296296 0.7892359375000001 0.42989166666666667
0 0.8329859375 0.47930740740740746 0.8149307291666666 0.49783888888888894 0.8017359375 0.5138990740740741 0.7892359375000001 0.5287240740740741 0.7746526041666667 0.5386074074074074 0.7368828125 0.5831805555555556 0.7484567708333334 0.586612962962963 0.7696760416666667 0.5804351851851852 0.8059026041666667 0.5336657407407408 0.8302083333333333 0.5262527777777777 0.8510416666666667 0.49289722222222215 0.8329859375 0.47930740740740746
0 0.7454859375 0.13743796296296296 0.7670140624999999 0.1633814814814815 0.7892359375000001 0.15349814814814813 0.7920140625 0.13373148148148148 0.7621526041666667 0.08802129629629629 0.7260416666666667 0.06949074074074074 0.6774307291666666 0.06084259259259259 0.6420140624999999 0.05927037037037037 0.6114583333333333 0.0543212962962963 0.6142359375 0.0744324074074074 0.6579859375 0.09419814814814814 0.6899307291666666 0.10531666666666667 0.7232640625 0.12137777777777778 0.7454859375 0.13743796296296296
0 0.7899307291666666 0.130025 0.8059411458333333 0.1716287037037037 0.8163192708333333 0.1868537037037037 0.8179010416666667 0.20251388888888888 0.8271604166666666 0.21212314814814814 0.85648125 0.1798648148148148 0.8383489583333333 0.18810092592592592 0.8267359375000001 0.15473333333333333 0.8111494791666666 0.13766481481481482 0.7947916666666667 0.09172777777777778 0.7663192708333334 0.06207777777777777 0.7559802083333333 0.061481481481481484 0.7328317708333334 0.04912685185185185 0.7336807291666666 0.06084259259259259 0.7517359375 0.07196111111111111 0.7677083333333333 0.08555092592592592 0.7899307291666666 0.130025
0 0.8160880208333333 0.36712314814814817 0.81539375 0.4054212962962963 0.8299770833333333 0.42395185185185186 0.84664375 0.4585435185185185 0.84664375 0.4437185185185185 0.8362270833333334 0.40418518518518515 0.8362270833333334 0.3634175925925926 0.8348380208333332 0.3189425925925926 0.8327546874999999 0.28064537037037035 0.8202546875 0.24111203703703704 0.8090276041666667 0.21418148148148147 0.8140432291666666 0.18947407407407407 0.8035880208333332 0.21146296296296296 0.7908953125 0.21349537037037036 0.7594520833333332 0.1609814814814815 0.7866510416666667 0.2224175925925926 0.7931713541666666 0.26087870370370375 0.8028937500000001 0.2929990740740741 0.8092208333333333 0.33925740740740745 0.8160880208333333 0.36712314814814817
0 0.8456791666666666 0.22790833333333332 0.8560958333333333 0.2306537037037037 0.8653552083333333 0.24987129629629629 0.8587963541666667 0.22035925925925925 0.8321760416666667 0.21486851851851851 0.8270833333333333 0.24691388888888888 0.8309026041666667 0.2693888888888889 0.8413192708333334 0.29903888888888885 0.8447916666666667 0.28421388888888893 0.8447916666666667 0.2669185185185185 0.8456791666666666 0.22790833333333332
