0 0.24010416666666667 0.3219138888888889 0.24322916666666666 0.29074074074074074 0.24166666666666667 0.2574074074074074 0.23854166666666668 0.25 0.23541666666666666 0.25 0.23229166666666667 0.2574074074074074 0.23333333333333334 0.2712962962962963 0.228125 0.35 0.225 0.36666666666666664 0.21770833333333334 0.38425925925925924 0.215625 0.4 0.21510416666666668 0.41944444444444445 0.228125 0.42685185185185187 0.23802083333333332 0.4 0.23958333333333334 0.3861111111111111 0.23854166666666668 0.362962962962963 0.24010416666666667 0.3219138888888889
0 0.35052083333333334 0.4546296296296296 0.35885416666666664 0.42314814814814816 0.36041666666666666 0.39351851851851855 0.3572916666666667 0.37962962962962965 0.35208333333333336 0.38425925925925924 0.35104166666666664 0.40370370370370373 0.34479166666666666 0.4287037037037037 0.33697916666666666 0.45 0.325 0.46944444444444444 0.3140625 0.4759259259259259 0.30416666666666664 0.4935185185185185 0.3020833333333333 0.5009259259259259 0.30364583333333334 0.5120370370370371 0.3067708333333333 0.5166666666666667 0.3151041666666667 0.5148148148148148 0.325 0.5046296296296297 0.35052083333333334 0.4546296296296296
0 0.48072916666666665 0.5101851851851852 0.4864583333333333 0.5092592592592593 0.4859375 0.5 0.48385416666666664 0.49722222222222223 0.46197916666666666 0.487962962962963 0.4546875 0.48148148148148145 0.4348958333333333 0.4759259259259259 0.4161458333333333 0.462037037037037 0.403125 0.4638888888888889 0.4 0.4722222222222222 0.4 0.48055555555555557 0.4041666666666667 0.487962962962963 0.415625 0.49537037037037035 0.4354166666666667 0.49166666666666664 0.4453125 0.4981481481481482 0.48072916666666665 0.5101851851851852
0 0.40572916666666664 0.43148148148148147 0.4265625 0.4083333333333333 0.4328125 0.38981481481481484 0.4322916666666667 0.38055555555555554 0.42864583333333334 0.36666666666666664 0.4265625 0.36574074074074076 0.4276041666666667 0.36018518518518516 0.4239583333333333 0.3712962962962963 0.4119791666666667 0.38055555555555554 0.4041666666666667 0.39444444444444443 0.3958333333333333 0.4185185185185185 0.3546875 0.4861111111111111 0.3546875 0.49166666666666664 0.359375 0.49444444444444446 0.36875 0.48333333333333334 0.3765625 0.4787037037037037 0.3890625 0.462037037037037 0.40572916666666664 0.43148148148148147
0 0.5583333333333333 0.3787037037037037 0.5479166666666667 0.362962962962963 0.5255208333333333 0.35555555555555557 0.49583333333333335 0.337037037037037 0.475 0.3287037037037037 0.4703125 0.3314814814814815 0.4708333333333333 0.3398148148148148 0.5151041666666667 0.3712962962962963 0.5380208333333333 0.3972222222222222 0.5526041666666667 0.4 0.5588541666666667 0.3925925925925926 0.5583333333333333 0.3787037037037037
0 0.6588541666666666 0.5259259259259259 0.678125 0.525 0.6807291666666667 0.5092592592592593 0.6734375 0.4981481481481482 0.6619791666666667 0.49074074074074076 0.6427083333333333 0.4925925925925926 0.6333333333333333 0.4898148148148148 0.6171875 0.47314814814814815 0.6052083333333333 0.45185185185185184 0.6 0.43703703703703706 0.5947916666666667 0.43796296296296294 0.5942708333333333 0.4462962962962963 0.6041666666666666 0.4740740740740741 0.6109375 0.487962962962963 0.6223958333333334 0.5009259259259259 0.6432291666666666 0.5120370370370371 0.6588541666666666 0.5259259259259259
0 0.7885416666666667 0.6398148148148148 0.790625 0.6453703703703704 0.8026041666666667 0.6175925925925926 0.809375 0.5833333333333334 0.8109375 0.5481481481481482 0.8140625 0.5333333333333333 0.8140625 0.5138888888888888 0.8109375 0.49444444444444446 0.8067708333333333 0.4898148148148148 0.7963541666666667 0.4898148148148148 0.79375 0.5175925925925926 0.79375 0.5296296296296297 0.796875 0.537962962962963 0.7994791666666666 0.5555555555555556 0.8005208333333333 0.5824074074074074 0.7973958333333333 0.612037037037037 0.7885416666666667 0.6398148148148148
0 0.34010416666666665 0.8861111111111111 0.36875 0.8972222222222223 0.37395833333333334 0.8962962962962963 0.37604166666666666 0.8916666666666667 0.3734375 0.8814814814814815 0.36302083333333335 0.8768518518518519 0.3463541666666667 0.8592592592592593 0.3182291666666667 0.8462962962962963 0.3177083333333333 0.8416666666666667 0.30572916666666666 0.8305555555555556 0.3026041666666667 0.8231481481481482 0.29583333333333334 0.8268518518518518 0.28802083333333334 0.8231481481481482 0.28229166666666666 0.8240740740740741 0.2755208333333333 0.8277777777777777 0.27291666666666664 0.8361111111111111 0.2734375 0.8490740740740741 0.27708333333333335 0.8555555555555555 0.2864583333333333 0.8629629629629629 0.29375 0.8657407407407407 0.30625 0.8648148148148148 0.34010416666666665 0.8861111111111111
0 0.4317708333333333 0.23981481481481481 0.4359375 0.2564814814814815 0.446875 0.2564814814814815 0.45416666666666666 0.23703703703703705 0.4510416666666667 0.19814814814814816 0.4515625 0.17962962962962964 0.4588541666666667 0.12962962962962962 0.45989583333333334 0.09444444444444444 0.4666666666666667 0.08611111111111111 0.465625 0.08055555555555556 0.45989583333333334 0.07685185185185185 0.45625 0.06388888888888888 0.45260416666666664 0.06388888888888888 0.4505208333333333 0.06944444444444445 0.45208333333333334 0.08703703703703704 0.4484375 0.09537037037037037 0.44166666666666665 0.16296296296296298 0.4348958333333333 0.19814814814814816 0.43020833333333336 0.21296296296296297 0.4317708333333333 0.23981481481481481
0 0.365625 0.15648148148148147 0.38385416666666666 0.12037037037037036 0.390625 0.09259259259259259 0.3885416666666667 0.08611111111111111 0.378125 0.08518518518518518 0.36354166666666665 0.10648148148148148 0.35572916666666665 0.13796296296296295 0.3375 0.1824074074074074 0.3234375 0.22407407407407406 0.3223958333333333 0.2324074074074074 0.3255208333333333 0.2351851851851852 0.32864583333333336 0.23333333333333334 0.3375 0.21574074074074073 0.3494791666666667 0.19907407407407407 0.365625 0.15648148148148147
0 0.29856875 0.10542777777777777 0.311103125 0.10245648148148148 0.3236375 0.09651388888888889 0.34035 0.09651388888888889 0.35371979166666667 0.09502777777777778 0.36541875 0.08314259259259259 0.3704322916666667 0.0653138888888889 0.3704322916666667 0.054913888888888894 0.36541875 0.04748611111111111 0.3495416666666667 0.0489712962962963 0.33784322916666665 0.06085740740740741 0.32698020833333336 0.0772 0.3127744791666667 0.08462777777777777 0.29606197916666666 0.0935425925925926 0.2793494791666667 0.10245648148148148 0.2626369791666667 0.11582777777777777 0.24759583333333335 0.12622777777777777 0.24592447916666668 0.14702777777777776 0.25845885416666664 0.13959907407407407 0.2726645833333333 0.13217037037037038 0.286034375 0.11434259259259259 0.29856875 0.10542777777777777
0 0.43728229166666666 0.09502777777777778 0.4498166666666667 0.0935425925925926 0.4648578125 0.08908518518518518 0.4606796875 0.07868518518518519 0.44229583333333333 0.0772 0.42474791666666667 0.0772 0.4105421875 0.06828518518518518 0.4021859375 0.06234259259259259 0.39633697916666666 0.05342870370370371 0.38881614583333335 0.04748611111111111 0.3804598958333333 0.046 0.36994479166666666 0.04773796296296297 0.36625416666666666 0.06382870370370371 0.37210364583333333 0.08165648148148147 0.3896515625 0.09057129629629629 0.4055286458333333 0.0876 0.4188984375 0.09205648148148149 0.43728229166666666 0.09502777777777778
0 0.5050755208333333 0.25681296296296297 0.5223104166666667 0.25811666666666666 0.5428458333333332 0.2620287037037037 0.5600807291666666 0.27115648148148147 0.5556802083333333 0.2639842592592593 0.5377119791666666 0.25159722222222225 0.5285442708333333 0.24768518518518517 0.5179098958333334 0.24442592592592594 0.5058088541666667 0.23595 0.5003083333333334 0.22617037037037038 0.48820729166666665 0.2137824074074074 0.47830625 0.20987037037037037 0.4718541666666667 0.2157037037037037 0.4702390625 0.22617037037037038 0.4684057291666667 0.23268981481481482 0.47537291666666665 0.24442592592592594 0.48674062500000004 0.25681296296296297 0.5050755208333333 0.25681296296296297
0 0.5465125000000001 0.2848481481481482 0.5593468749999999 0.29201944444444444 0.5743817708333334 0.29593148148148146 0.5883161458333334 0.29593148148148146 0.5989505208333333 0.2926712962962963 0.5993171875000001 0.2828916666666667 0.5861161458333334 0.2809361111111111 0.5670479166666667 0.27506851851851855 0.5523796875 0.26594074074074076 0.5303776041666667 0.2600731481481482 0.5127760416666667 0.25811666666666666 0.5032421875 0.2561611111111111 0.5055109375 0.25852592592592594 0.5036088541666667 0.2652888888888889 0.5032421875 0.28028425925925926 0.5087427083333333 0.2874555555555556 0.5219437499999999 0.2881074074074074 0.534778125 0.2874555555555556 0.5465125000000001 0.2848481481481482
0 0.6687098958333333 0.376487037037037 0.6837901041666666 0.3834814814814815 0.6975588541666667 0.3887277777777778 0.7116557291666666 0.3846472222222222 0.7244411458333333 0.3747388888888889 0.7250963541666666 0.3642472222222222 0.7218182291666667 0.35025833333333334 0.7136223958333333 0.34792685185185185 0.7011651041666667 0.3496759259259259 0.6887072916666667 0.35958425925925924 0.6775609374999999 0.3636638888888889 0.6611697916666667 0.3624981481481481 0.6503510416666667 0.3619157407407408 0.6401885416666667 0.365412962962963 0.6290421875 0.36482962962962967 0.6244984375 0.3706212962962963 0.6224859375 0.3729898148148148 0.6267473958333334 0.38231574074074076 0.6342875 0.3753212962962963 0.6519906249999999 0.3753212962962963 0.6687098958333333 0.376487037037037
0 0.7149338541666667 0.41087685185185185 0.7221463541666666 0.4196194444444445 0.7323088541666666 0.42253425925925925 0.7441109375 0.41903703703703704 0.7460776041666667 0.4062138888888889 0.745421875 0.3986361111111111 0.7398489583333333 0.39164166666666667 0.728375 0.3863962962962963 0.7182119791666667 0.3852305555555555 0.7090328125 0.3852305555555555 0.6896911458333334 0.3893101851851852 0.6673984374999999 0.3782361111111111 0.6526458333333333 0.3747388888888889 0.6398380208333333 0.37901203703703706 0.6503510416666667 0.3834814814814815 0.6654312499999999 0.38406481481481486 0.6742828125 0.3910592592592593 0.693296875 0.3992194444444444 0.7070661458333334 0.4038824074074074 0.7149338541666667 0.41087685185185185
0 0.6592026041666668 0.8876453703703704 0.6706765625000001 0.8928907407407407 0.6719880208333334 0.8864796296296297 0.6775609374999999 0.8754055555555555 0.6906744791666667 0.873074074074074 0.6991979166666666 0.8789027777777778 0.7172286458333333 0.8870620370370371 0.7368984375000001 0.9022166666666667 0.7516510416666667 0.9121259259259259 0.7578796874999999 0.9039657407407408 0.7532901041666666 0.8847305555555556 0.7368984375000001 0.8847305555555556 0.7264078125 0.873074074074074 0.717884375 0.8672453703703704 0.7165729166666667 0.8579194444444445 0.704115625 0.8561703703703704 0.6844458333333333 0.8503416666666667 0.662153125 0.8433472222222222 0.6464171875000001 0.8415990740740741 0.6349432291666666 0.8503416666666667 0.6287145833333334 0.8649138888888889 0.6296979166666666 0.8771537037037037 0.631009375 0.8858962962962963 0.6319927083333333 0.8998851851851851 0.637565625 0.8899768518518518 0.6460895833333333 0.8952222222222223 0.6592026041666668 0.8876453703703704
0 0.6503510416666667 0.8333444444444444 0.6562520833333333 0.8228527777777778 0.6677260416666667 0.8053666666666667 0.6746109375 0.7838009259259259 0.6814953125 0.7709777777777778 0.6860848958333333 0.7593203703703704 0.6939526041666666 0.7348398148148148 0.6952640625 0.7167712962962963 0.6923135416666667 0.6969537037037037 0.6860848958333333 0.6887935185185186 0.6778890625 0.6934564814814814 0.6713322916666667 0.7062796296296296 0.6677260416666667 0.7237657407407407 0.6644479166666667 0.7424166666666666 0.6624807291666667 0.768062962962963 0.6578911458333334 0.7861324074074074 0.6546130208333333 0.7966240740740741 0.6487119791666667 0.8106120370370371 0.641171875 0.8205212962962963 0.6323208333333333 0.8251842592592592 0.6211744791666667 0.8298472222222222 0.6097489583333334 0.8200583333333333 0.6080609375 0.8251842592592592 0.6119953124999999 0.8327611111111111 0.6215020833333333 0.8380074074074074 0.6401885416666667 0.8397555555555556 0.6503510416666667 0.8333444444444444
0 0.7408322916666666 0.8525787037037037 0.7487005208333334 0.8484990740740741 0.7559125000000001 0.8450018518518518 0.7641083333333333 0.8432527777777777 0.7762380208333333 0.8426703703703703 0.7867286458333334 0.8426703703703703 0.7936130208333334 0.8397555555555556 0.7991864583333333 0.8333444444444444 0.80148125 0.8263499999999999 0.797875 0.8158583333333332 0.7923020833333333 0.8100296296296297 0.7857453125 0.8100296296296297 0.7752546875 0.8123611111111111 0.7575515625 0.8193555555555555 0.7467333333333334 0.8234351851851851 0.7408322916666666 0.8257666666666666 0.7309973958333333 0.8321787037037037 0.7224739583333334 0.842087037037037 0.71683125 0.8546703703703703 0.7169010416666667 0.8607388888888888 0.7205067708333334 0.8642361111111111 0.7264078125 0.8630703703703704 0.7323088541666666 0.8584074074074074 0.7408322916666666 0.8525787037037037
0 0.7814833333333334 0.7634 0.7745989583333334 0.7913777777777777 0.7723041666666667 0.8065324074074074 0.7654197916666666 0.8141092592592594 0.7647640625 0.815275 0.7772218750000001 0.8012870370370371 0.7880401041666667 0.7861324074074074 0.7926296875 0.7733092592592592 0.7955802083333333 0.7610685185185184 0.7985307291666667 0.7511601851851852 0.801153125 0.741250925925926 0.8041036458333333 0.729011111111111 0.8073822916666666 0.7185194444444444 0.8090213541666667 0.7074453703703705 0.8090213541666667 0.6928731481481482 0.8073822916666666 0.6858787037037037 0.8041036458333333 0.6823814814814815 0.7979536458333333 0.6800351851851851 0.7903348958333333 0.691125 0.7896791666666666 0.6998675925925926 0.7900067708333334 0.7220166666666666 0.7896791666666666 0.7342564814814815 0.7844338541666667 0.7511601851851852 0.7814833333333334 0.7634
