0 0.4797619791666667 0.7166231481481481 0.4948661458333333 0.6999564814814815 0.5042411458333333 0.6962527777777777 0.5084078125 0.6832898148148148 0.5031994791666666 0.6777342592592592 0.4891369791666667 0.6860675925925925 0.4724703125 0.6869935185185185 0.4349703125 0.7045861111111111 0.4021578125 0.7064379629629629 0.38715260416666664 0.7168425925925926 0.36582343749999996 0.6841925925925926 0.3834078125 0.7397712962962962 0.37624010416666664 0.7918490740740741 0.38963281250000004 0.7539046296296296 0.40736614583333336 0.7527342592592592 0.4334078125 0.7342157407407407 0.4797619791666667 0.7166231481481481
0 0.3697916666666667 0.5101851851851852 0.3770833333333333 0.5037037037037037 0.3807291666666667 0.49537037037037035 0.39114583333333336 0.487962962962963 0.3932291666666667 0.4787037037037037 0.3885416666666667 0.4740740740740741 0.37864583333333335 0.48055555555555557 0.36354166666666665 0.48333333333333334 0.32708333333333334 0.5046296296296297 0.30833333333333335 0.5046296296296297 0.28958333333333336 0.5157407407407407 0.2869791666666667 0.5 0.2864583333333333 0.5361111111111111 0.28854166666666664 0.5444444444444444 0.3 0.55 0.3140625 0.549074074074074 0.3203125 0.537962962962963 0.3697916666666667 0.5101851851851852
0 0.2635416666666667 0.2518518518518518 0.2598958333333333 0.24814814814814815 0.2598958333333333 0.24074074074074073 0.2671875 0.23055555555555557 0.27395833333333336 0.2111111111111111 0.28072916666666664 0.2 0.2869791666666667 0.17037037037037037 0.2947916666666667 0.15833333333333333 0.3020833333333333 0.1361111111111111 0.325 0.09444444444444444 0.334375 0.06851851851851852 0.3390625 0.06296296296296296 0.3416666666666667 0.05185185185185185 0.3338541666666667 0.05092592592592592 0.32083333333333336 0.062037037037037036 0.31354166666666666 0.06388888888888888 0.3026041666666667 0.07777777777777778 0.2786458333333333 0.125 0.2671875 0.15462962962962962 0.25104166666666666 0.18333333333333332 0.2421875 0.2212962962962963 0.24010416666666667 0.225 0.2359375 0.2222222222222222 0.24739583333333334 0.24074074074074073 0.2578125 0.25092592592592594 0.2713541666666667 0.275 0.2713541666666667 0.2712962962962963 0.265625 0.26296296296296295 0.2635416666666667 0.2518518518518518
0 0.5197916666666667 0.23796296296296296 0.5333333333333333 0.23333333333333334 0.553125 0.20185185185185187 0.5541666666666667 0.18518518518518517 0.5484375 0.17314814814814813 0.5197916666666667 0.18796296296296297 0.5151041666666667 0.20277777777777778 0.5026041666666666 0.2222222222222222 0.44583333333333336 0.26296296296296295 0.434375 0.26481481481481484 0.4296875 0.2712962962962963 0.4296875 0.27685185185185185 0.43697916666666664 0.28425925925925927 0.4510416666666667 0.2824074074074074 0.46145833333333336 0.2851851851851852 0.47604166666666664 0.27870370370370373 0.5197916666666667 0.23796296296296296
0 0.559375 0.3074074074074074 0.5640625 0.29444444444444445 0.5682291666666667 0.26296296296296295 0.5729166666666666 0.1787037037037037 0.5755208333333334 0.15925925925925927 0.5859375 0.1175925925925926 0.5875 0.08981481481481482 0.5875494791666667 0.07870925925925926 0.6133432291666666 0.06811944444444444 0.5796875 0.06944444444444445 0.5508432291666666 0.05885925925925926 0.5682041666666666 0.07738981481481481 0.5604166666666667 0.10185185185185185 0.5578125 0.125 0.5567708333333333 0.1787037037037037 0.5479166666666667 0.2675925925925926 0.5484375 0.3 0.5453125 0.325 0.5489583333333333 0.3351851851851852 0.553125 0.33611111111111114 0.5567708333333333 0.3287037037037037 0.559375 0.3074074074074074
0 0.6036458333333333 0.3287037037037037 0.6197916666666666 0.25462962962962965 0.6255208333333333 0.23796296296296296 0.634375 0.22407407407407406 0.6385416666666667 0.20555555555555555 0.6401041666666667 0.16296296296296298 0.6390625 0.1537037037037037 0.634375 0.14722222222222223 0.6133432291666666 0.11047685185185185 0.6247520833333333 0.1501861111111111 0.61875 0.16111111111111112 0.6130208333333333 0.18703703703703703 0.6088541666666667 0.1925925925925926 0.6119791666666666 0.20277777777777778 0.6083333333333333 0.22592592592592592 0.5916666666666667 0.28888888888888886 0.5854166666666667 0.32407407407407407 0.5822916666666667 0.36666666666666664 0.5828125 0.3731481481481482 0.5875 0.3787037037037037 0.5953125 0.3648148148148148 0.5958333333333333 0.35555555555555557 0.6036458333333333 0.3287037037037037
0 0.6979166666666666 0.8212962962962963 0.7609375 0.8462962962962963 0.7828125 0.8601851851851852 0.8026041666666667 0.8583333333333333 0.8090276041666667 0.8604657407407408 0.8100197916666667 0.8931157407407407 0.8139880208333333 0.8445824074074074 0.8278770833333333 0.7766351851851852 0.8100197916666667 0.8119324074074074 0.7786458333333334 0.7944444444444444 0.771875 0.787962962962963 0.7697916666666667 0.7888888888888889 0.7682291666666666 0.7972222222222223 0.7630208333333334 0.8 0.74375 0.7981481481481482 0.7260416666666667 0.7925925925925926 0.7005208333333334 0.7787037037037037 0.6739583333333333 0.7712962962962963 0.6619791666666667 0.7620370370370371 0.6505208333333333 0.7638888888888888 0.65 0.7712962962962963 0.6567708333333333 0.7861111111111111 0.6692708333333334 0.7953703703703704 0.6723958333333333 0.8027777777777778 0.68125 0.8111111111111111 0.6979166666666666 0.8212962962962963
0 0.7703125 0.44907407407407407 0.7770833333333333 0.42777777777777776 0.7786458333333334 0.41574074074074074 0.8057291666666667 0.3333333333333333 0.8067708333333333 0.30833333333333335 0.8201885416666667 0.2660851851851852 0.7998510416666667 0.29255833333333336 0.7963791666666666 0.2828509259259259 0.7844744791666667 0.24931851851851852 0.7884427083333333 0.2899111111111111 0.7817708333333333 0.30648148148148147 0.778125 0.32314814814814813 0.7802083333333333 0.3314814814814815 0.7739583333333333 0.3398148148148148 0.7734375 0.35462962962962963 0.7692708333333333 0.37592592592592594 0.7494791666666667 0.4462962962962963 0.746875 0.4648148148148148 0.746875 0.537962962962963 0.7479166666666667 0.5444444444444444 0.7520833333333333 0.5481481481481482 0.7578125 0.5361111111111111 0.7661458333333333 0.4675925925925926 0.7703125 0.44907407407407407
0 0.8307291666666666 0.4998694444444445 0.8348958333333333 0.49246203703703706 0.8354166666666667 0.4688509259259259 0.8411458333333334 0.41838796296296293 0.8432291666666667 0.34709166666666663 0.8515625 0.26098055555555555 0.8487104166666666 0.23429814814814814 0.8581348958333332 0.17341018518518517 0.8432541666666666 0.2307685185185185 0.8325890625 0.2360824074074074 0.7963791666666666 0.20960925925925925 0.8266369791666667 0.24667129629629628 0.8234375 0.2637583333333333 0.8203125 0.29709166666666664 0.8234375 0.31283240740740736 0.8244791666666667 0.34246203703703704 0.8208333333333333 0.3832027777777778 0.8197916666666667 0.44986944444444443 0.8270833333333333 0.4952398148148148 0.8307291666666666 0.4998694444444445
0 0.41909739583333333 0.5769046296296296 0.4350692708333333 0.5892583333333333 0.440625 0.5966712962962962 0.45173593749999996 0.5966712962962962 0.45729166666666665 0.5880231481481482 0.46215260416666665 0.5731981481481482 0.45173593749999996 0.5620796296296297 0.41770833333333335 0.5583731481481482 0.3802083333333333 0.5472546296296296 0.36770833333333336 0.5571379629629629 0.3572916666666667 0.5654324074074074 0.3767359375 0.5670212962962964 0.3829859375 0.5707277777777777 0.39340260416666667 0.5657861111111111 0.41006927083333333 0.5682564814814814 0.41909739583333333 0.5769046296296296
0 0.5128473958333334 0.5731981481481482 0.515625 0.5657861111111111 0.5310020833333333 0.49939722222222227 0.5126489583333333 0.5488138888888889 0.4899307291666667 0.5410777777777778 0.46215260416666665 0.5410777777777778 0.43854166666666666 0.5349009259259259 0.4010416666666667 0.5299592592592592 0.38159739583333335 0.5299592592592592 0.378125 0.5447842592592592 0.42118072916666666 0.5534314814814815 0.4371526041666666 0.5620796296296297 0.45451406250000004 0.5571379629629629 0.48020833333333335 0.5756694444444445 0.5128473958333334 0.5731981481481482
0 0.55233125 0.6321296296296297 0.5895338541666667 0.6444833333333334 0.5913192708333334 0.6300268518518518 0.5677083333333334 0.6077898148148149 0.5295140625 0.5843166666666667 0.5017359375 0.579375 0.48020833333333335 0.5855518518518518 0.4719744791666667 0.6052898148148148 0.44766875 0.607937037037037 0.4708333333333333 0.620987962962963 0.46750989583333336 0.655587962962963 0.476934375 0.6326444444444445 0.491815625 0.6321296296296297 0.515625 0.6109509259259259 0.55233125 0.6321296296296297
0 0.6732640624999999 0.14574907407407406 0.6822916666666666 0.13215925925925925 0.6892359375 0.10868703703703704 0.6927083333333334 0.08841574074074074 0.7239583333333334 0.08223888888888889 0.6860119791666667 0.08181296296296296 0.66641875 0.046941666666666666 0.6739583333333333 0.08150740740740742 0.6649307291666666 0.12227592592592591 0.6538192708333334 0.1531611111111111 0.6420140624999999 0.1852814814814815 0.640625 0.20381296296296295 0.6302083333333334 0.23469814814814813 0.6163192708333334 0.2668185185185185 0.6197916666666666 0.29506203703703704 0.6309026041666667 0.26187685185185183 0.6399307291666666 0.24087499999999998 0.6559026041666667 0.20628333333333335 0.6704859375000001 0.1655148148148148 0.6732640624999999 0.14574907407407406
0 0.8052083333333333 0.6497935185185185 0.8177083333333334 0.6955027777777778 0.8197916666666667 0.7041509259259259 0.8295140624999999 0.7313296296296297 0.834375 0.7251527777777778 0.8329859375 0.6843842592592593 0.828125 0.6399101851851852 0.8267359375000001 0.5694916666666667 0.8239583333333333 0.5126638888888889 0.8204859375000001 0.45583518518518523 0.8059026041666667 0.42742037037037034 0.7885416666666667 0.4487657407407407 0.7961807291666666 0.4966037037037037 0.7975692708333334 0.5336657407407408 0.8017359375 0.5484898148148148 0.8010416666666667 0.6102601851851852 0.8052083333333333 0.6497935185185185
0 0.3732640625 0.9030509259259258 0.38784739583333333 0.9030509259259258 0.4045140625 0.9018157407407408 0.42326406250000004 0.8931675925925926 0.4371526041666666 0.8956388888888889 0.45381927083333334 0.8894611111111111 0.4663192708333333 0.8771074074074073 0.4767359375 0.873400925925926 0.49270833333333336 0.8654324074074075 0.4475692708333333 0.8622824074074074 0.42118072916666666 0.8659888888888889 0.3885416666666667 0.8659888888888889 0.3704859375 0.8783425925925926 0.3732640625 0.9030509259259258
0 0.32673593749999996 0.838037962962963 0.3100692708333333 0.838037962962963 0.3045140625 0.8627462962962963 0.3177083333333333 0.8775712962962964 0.3482640625 0.8862185185185185 0.36284739583333336 0.882512962962963 0.37395833333333334 0.8689231481481482 0.38923593749999996 0.8553333333333333 0.4270833333333333 0.858025 0.42604166666666665 0.8392731481481481 0.4142359375 0.8429796296296297 0.3982640625 0.8417444444444444 0.3642359375 0.8528629629629629 0.3454859375 0.8491564814814815 0.32673593749999996 0.838037962962963
