0 0.5375 0.22407407407407406 0.5369791666666667 0.23148148148148148 0.5739583333333333 0.30833333333333335 0.5828125 0.3296296296296296 0.584375 0.3425925925925926 0.5916666666666667 0.36018518518518516 0.6005208333333333 0.36944444444444446 0.603125 0.3787037037037037 0.603125 0.40555555555555556 0.6072916666666667 0.38981481481481484 0.6083333333333333 0.3731481481481482 0.6140625 0.36574074074074076 0.6244791666666667 0.3648148148148148 0.6255208333333333 0.36018518518518516 0.6145833333333334 0.35555555555555557 0.6083333333333333 0.33425925925925926 0.5859375 0.29814814814814816 0.5791666666666667 0.27870370370370373 0.5635416666666667 0.24814814814814815 0.553125 0.2388888888888889 0.5447916666666667 0.22407407407407406
0 0.3223958333333333 0.6564814814814814 0.321875 0.6611111111111111 0.32760416666666664 0.6722222222222223 0.34375 0.6972222222222222 0.34739583333333335 0.7129629629629629 0.34791666666666665 0.7240740740740741 0.34479166666666666 0.7407407407407407 0.3494791666666667 0.7712962962962963 0.35208333333333336 0.7648148148148148 0.3515625 0.7398148148148148 0.35520833333333335 0.7185185185185186 0.375 0.7129629629629629 0.3854166666666667 0.6990740740740741 0.44166666666666665 0.6574074074074074 0.45260416666666664 0.6425925925925926 0.4671875 0.6046296296296296 0.46770833333333334 0.5916666666666667 0.465625 0.5879629629629629 0.4588541666666667 0.5907407407407408 0.44895833333333335 0.6101851851851852 0.4328125 0.6231481481481481 0.42604166666666665 0.6333333333333333 0.4034984375 0.6556796296296297 0.3771192708333333 0.659461111111111 0.3724390625 0.641311111111111 0.36435520833333335 0.665511111111111 0.3524421875 0.6738287037037037 0.34223072916666664 0.6813916666666667 0.3265625 0.6601851851851852
0 0.25245677083333334 0.5750972222222223 0.2503296875 0.5955157407407408 0.2443729166666667 0.6106398148148148 0.24139479166666666 0.6363518518518518 0.228125 0.6564814814814814 0.228125 0.6620370370370371 0.23541666666666666 0.649074074074074 0.24479166666666666 0.6481481481481481 0.2520833333333333 0.6537037037037037 0.25885416666666666 0.6777777777777778 0.2635416666666667 0.6796296296296296 0.2677083333333333 0.674074074074074 0.2613916666666667 0.6703814814814815 0.25798802083333333 0.6597944444444445 0.26522083333333335 0.6476953703703704 0.271603125 0.6265203703703704 0.28351614583333334 0.6265203703703704 0.27500677083333336 0.6106398148148148 0.28011250000000004 0.5849287037037036 0.2911458333333333 0.5685185185185185 0.328125 0.5314814814814814 0.3390625 0.525 0.34322916666666664 0.512962962962963 0.3385416666666667 0.5064814814814815 0.3338541666666667 0.5055555555555555 0.3104166666666667 0.5148148148148148 0.2984375 0.524074074074074 0.2613916666666667 0.5788787037037036
0 0.259375 0.7342592592592593 0.25729166666666664 0.7361111111111112 0.2635416666666667 0.7722222222222223 0.25926458333333335 0.8643981481481481 0.268625 0.8409546296296296 0.26947552083333337 0.806925 0.27458125 0.8107055555555556 0.2911458333333333 0.8138888888888889 0.32760416666666664 0.8092592592592592 0.3597932291666667 0.8104703703703704 0.3774151041666666 0.8058296296296297 0.38633489583333336 0.8046703703703704 0.38720520833333333 0.7984833333333333 0.39166666666666666 0.7972222222222223 0.4039567708333333 0.7872694444444445 0.4088541666666667 0.7851851851851852 0.4109375 0.7824074074074074 0.4166666666666667 0.7814814814814814 0.4211729166666667 0.7730416666666666 0.4306276041666666 0.7625962962962963 0.4324161458333334 0.761687962962963 0.44212604166666664 0.75215 0.44647031249999997 0.742612037037037 0.45106979166666666 0.7367083333333333 0.45158072916666664 0.738525 0.45163333333333333 0.7390425925925926 0.4510416666666667 0.7398148148148148 0.45677083333333335 0.7287037037037037 0.4588541666666667 0.7092592592592593 0.4546875 0.7083333333333334 0.44427083333333334 0.725925925925926 0.43020833333333336 0.7388888888888889 0.41770833333333335 0.7620370370370371 0.39479166666666665 0.7787037037037037 0.3927083333333333 0.7833333333333333 0.3854166666666667 0.7842592592592592 0.3572916666666667 0.7814814814814814 0.3463541666666667 0.7759259259259259 0.31354166666666666 0.7555555555555555 0.30625 0.7425925925925926 0.2947916666666667 0.7537037037037037 0.26979166666666665 0.7564814814814815 0.2630208333333333 0.7481481481481481
0 0.36298437499999997 0.8146111111111111 0.3528140625 0.8312805555555556 0.3504796875 0.8426925925925925 0.351646875 0.8587722222222223 0.3560244791666667 0.8660342592592593 0.368865625 0.8639592592592593 0.3828739583333334 0.8489166666666667 0.3925046875 0.8390611111111111 0.3965901041666667 0.820387962962963 0.4126416666666667 0.8043074074074075 0.42723333333333335 0.7892648148148148 0.44095 0.7721472222222222 0.44912135416666665 0.7571046296296297 0.4488296875 0.735837037037037 0.397465625 0.7944518518518519 0.3644880208333333 0.8110509259259259
0 0.3069385416666667 0.8142222222222222 0.31370781249999996 0.8281685185185186 0.320128125 0.830762037037037 0.33676302083333337 0.8354305555555556 0.34960416666666666 0.8447675925925926 0.3577755208333333 0.8649972222222222 0.37207552083333334 0.8660342592592593 0.3942557291666667 0.8727777777777778 0.4105984375 0.8769277777777778 0.42227239583333337 0.8826333333333334 0.4254822916666667 0.8883388888888888 0.43744791666666666 0.8919703703703703 0.44591145833333334 0.8971574074074073 0.4488296875 0.9122 0.4418255208333333 0.9199805555555555 0.428984375 0.9153120370370371 0.42227239583333337 0.911162962962963 0.42227239583333337 0.919462037037037 0.3758697916666666 0.9059759259259259 0.3472692708333333 0.8945638888888889 0.34201614583333334 0.9044194444444444 0.3358875 0.9007879629629629 0.33267708333333335 0.8914518518518518 0.31020572916666667 0.8712212962962963 0.30728697916666664 0.8613657407407407 0.30086666666666667 0.8644787037037036 0.2935708333333333 0.8810768518518518 0.30378489583333335 0.8836703703703704 0.31137291666666667 0.8852268518518518 0.29298697916666666 0.8930074074074074 0.28510729166666665 0.8836703703703704 0.29298697916666666 0.8618851851851852 0.302909375 0.8561787037037037 0.3078708333333333 0.8515101851851852 0.31108125 0.8385425925925926 0.3084546875 0.822462037037037
0 0.5927083333333333 0.7759259259259259 0.590625 0.8018518518518518 0.5958333333333333 0.8083333333333333 0.5994791666666667 0.8101851851851852 0.6026041666666667 0.8074074074074075 0.6119791666666666 0.7916666666666666 0.6229166666666667 0.7444444444444445 0.6307291666666667 0.7268518518518519 0.640625 0.6888888888888889 0.6385416666666667 0.6759259259259259 0.6348958333333333 0.6694444444444444 0.6307291666666667 0.6731481481481482 0.6208333333333333 0.7101851851851851 0.6083333333333333 0.7453703703703703 0.6041666666666666 0.7546296296296297 0.5979166666666667 0.7601851851851852
0 0.4427083333333333 0.4898148148148148 0.440625 0.4935185185185185 0.45450364583333336 0.4916694444444445 0.45677083333333335 0.49722222222222223 0.46458333333333335 0.5324074074074074 0.47552083333333334 0.5518518518518518 0.48385416666666664 0.5907407407407408 0.48802083333333335 0.6296296296296297 0.49322916666666666 0.6425925925925926 0.4953125 0.6601851851851852 0.4979166666666667 0.6638888888888889 0.5010416666666667 0.662962962962963 0.5036458333333333 0.6546296296296297 0.5020833333333333 0.6398148148148148 0.503125 0.6 0.49114583333333334 0.5444444444444444 0.4859375 0.5092592592592593 0.4666666666666667 0.4675925925925926 0.4640625 0.475 0.4552083333333333 0.48518518518518516
0 0.47760416666666666 0.8888888888888888 0.47760416666666666 0.8944444444444445 0.48125 0.8972222222222223 0.5458333333333333 0.899074074074074 0.5588541666666667 0.9092592592592592 0.5729166666666666 0.9148148148148149 0.5890625 0.9120370370370371 0.5911458333333334 0.9 0.5885416666666666 0.8851851851851852 0.5848958333333333 0.8796296296296297 0.5760416666666667 0.8703703703703703 0.559375 0.8657407407407407 0.5041666666666667 0.8685185185185185 0.496875 0.8712962962962963 0.49375 0.8768518518518519
0 0.5328125 0.8222222222222222 0.5317708333333333 0.8324074074074074 0.5348958333333333 0.8398148148148148 0.55625 0.8657407407407407 0.571875 0.8685185185185185 0.5927083333333333 0.8888888888888888 0.63125 0.9037037037037037 0.6557291666666667 0.9231481481481482 0.6619791666666667 0.9314814814814815 0.6697916666666667 0.9351851851851852 0.6859375 0.9351851851851852 0.6916666666666667 0.9101851851851852 0.6932291666666667 0.8916666666666667 0.7015625 0.8768518518518519 0.7010416666666667 0.8740740740740741 0.6942708333333333 0.8796296296296297 0.6890625 0.8796296296296297 0.6822916666666666 0.8722222222222222 0.6614583333333334 0.8638888888888889 0.6552083333333333 0.8564814814814815 0.6494791666666667 0.8564814814814815 0.6453125 0.8638888888888889 0.6203125 0.8611111111111112 0.5580729166666667 0.8324074074074074 0.5416666666666666 0.8212962962962963
0 0.5015625 0.42962962962962964 0.503125 0.4703703703703704 0.5 0.5407407407407407 0.509375 0.5796296296296296 0.5135416666666667 0.5879629629629629 0.521875 0.5907407407407408 0.5302083333333333 0.5833333333333334 0.5348958333333333 0.5564814814814815 0.534375 0.5481481481481482 0.5322916666666667 0.5453703703703704 0.5322916666666667 0.5333333333333333 0.5369791666666667 0.5018518518518519 0.5354166666666667 0.5009259259259259 0.5322916666666667 0.44166666666666665 0.5338541666666666 0.4361111111111111 0.5364583333333334 0.4351851851851852 0.5375 0.42777777777777776 0.5369791666666667 0.40185185185185185 0.5411458333333333 0.35462962962962963 0.5385416666666667 0.3287037037037037 0.5421875 0.30833333333333335 0.5401041666666667 0.2916666666666667 0.5364583333333334 0.29074074074074074 0.5328125 0.2953703703703704 0.5203125 0.337037037037037 0.5166666666666667 0.3527777777777778 0.5130208333333334 0.40185185185185185
0 0.42291666666666666 0.19907407407407407 0.425 0.20925925925925926 0.4375 0.2111111111111111 0.440625 0.22314814814814815 0.4432291666666667 0.25277777777777777 0.4479166666666667 0.26296296296296295 0.459375 0.3296296296296296 0.46822916666666664 0.3592592592592593 0.4744791666666667 0.36944444444444446 0.4817708333333333 0.375 0.4859375 0.38981481481481484 0.4953125 0.38981481481481484 0.49375 0.37592592592592594 0.48541666666666666 0.35833333333333334 0.4703125 0.30648148148148147 0.46510416666666665 0.2722222222222222 0.46510416666666665 0.23148148148148148 0.4583333333333333 0.20555555555555555 0.46145833333333336 0.19537037037037036 0.47760416666666666 0.17685185185185184 0.478125 0.17314814814814813 0.45677083333333335 0.19074074074074074 0.4510416666666667 0.19166666666666668 0.43854166666666666 0.20462962962962963
0 0.6375 0.35462962962962963 0.6375 0.36203703703703705 0.6505208333333333 0.3962962962962963 0.6447916666666667 0.45185185185185184 0.6494791666666667 0.4759259259259259 0.65 0.5064814814814815 0.659375 0.5314814814814814 0.6619791666666667 0.5481481481481482 0.6614583333333334 0.5675925925925925 0.6552083333333333 0.5824074074074074 0.6505208333333333 0.5861111111111111 0.6416666666666667 0.5851851851851851 0.640625 0.5907407407407408 0.6447916666666667 0.5953703703703703 0.6541666666666667 0.5953703703703703 0.6619791666666667 0.5916666666666667 0.6661458333333333 0.5851851851851851 0.6708333333333333 0.575925925925926 0.675 0.5564814814814815 0.6755208333333333 0.5324074074074074 0.6697916666666667 0.49166666666666664 0.6734375 0.4398148148148148 0.6723958333333333 0.39351851851851855 0.6807291666666667 0.3768518518518518 0.684375 0.3611111111111111 0.69375 0.33796296296296297 0.6854166666666667 0.3472222222222222 0.6708333333333333 0.37777777777777777 0.6614583333333334 0.3888888888888889 0.6541666666666667 0.387037037037037
0 0.35379791666666666 0.4159851851851852 0.3616989583333333 0.40474722222222226 0.37434062500000004 0.4096638888888889 0.3806614583333333 0.39842592592592596 0.41266041666666664 0.40474722222222226 0.43557343750000005 0.41247314814814817 0.4600666666666667 0.41317592592592595 0.45967135416666666 0.3998305555555556 0.4675723958333334 0.39912777777777775 0.48455989583333337 0.4005324074074074 0.49680625 0.4110685185185185 0.5031270833333333 0.43213981481481484 0.49759635416666664 0.4496990740740741 0.4802140625 0.46023518518518514 0.46796770833333334 0.46023518518518514 0.4663875 0.47709259259259257 0.4640171875 0.45531851851851857 0.44110416666666663 0.44478240740740743 0.40475937500000003 0.4391638888888889 0.38224166666666665 0.43565185185185185 0.3731557291666666 0.42511574074074077 0.36288437500000004 0.42933055555555555 0.3549833333333333 0.42792592592592593
0 0.4326177083333333 0.3189592592592593 0.44110416666666663 0.3457472222222222 0.44900520833333335 0.3668185185185185 0.447425 0.37524722222222223 0.447425 0.3857824074074074 0.43241302083333333 0.40474722222222226 0.4308328125 0.4089611111111111 0.4430796875 0.39912777777777775 0.45295572916666665 0.39702037037037036 0.4600666666666667 0.40825925925925927 0.48455989583333337 0.41247314814814817 0.4987817708333333 0.42933055555555555 0.5031270833333333 0.4658537037037037 0.499571875 0.5276638888888888 0.5007567708333334 0.5417111111111111 0.5102380208333334 0.4644490740740741 0.5110281249999999 0.4180925925925926 0.5027322916666667 0.39280648148148145 0.47191822916666665 0.3647111111111111 0.4565109375 0.3626037037037037 0.454140625 0.36400925925925925 0.4458447916666667 0.3464490740740741 0.4403140625 0.33310370370370374
0 0.5339411458333333 0.5665222222222223 0.53473125 0.604450925925926 0.5327557291666667 0.6241175925925926 0.5363114583333334 0.6479981481481482 0.5398666666666667 0.655725 0.5216942708333333 0.7020814814814815 0.5359161458333334 0.6774981481481481 0.5450026041666667 0.6550222222222222 0.5548786458333334 0.6515101851851851 0.5588291666666667 0.6325462962962963 0.5572489583333333 0.6002361111111111 0.5497432291666667 0.5594981481481481 0.5497432291666667 0.530700925925926 0.5426322916666667 0.49628425925925923 0.5359161458333334 0.48434351851851853 0.5351260416666667 0.5222722222222222
0 0.5509921875 0.5331944444444444 0.5623848958333333 0.5285935185185185 0.5718661458333333 0.5552842592592593 0.5746312499999999 0.5728435185185186 0.5714708333333333 0.6016416666666667 0.5758166666666666 0.6388675925925925 0.5746312499999999 0.6711768518518518 0.5746312499999999 0.7062962962962962 0.5730510416666666 0.7231527777777778 0.5754213541666666 0.7470342592592593 0.5694958333333333 0.7435222222222222 0.5643598958333332 0.711212962962963 0.5584343749999999 0.6866296296296296 0.5592244791666666 0.6458916666666666 0.5580390625 0.6002361111111111 0.5505333333333333 0.5644148148148148
0 0.5349958333333333 0.4358722222222222 0.5442125 0.4399796296296296 0.563175 0.4603490740740741 0.5718661458333333 0.49265833333333336 0.579371875 0.5298842592592592 0.5801619791666667 0.578349074074074 0.5738411458333333 0.604337037037037 0.5758166666666666 0.5699203703703704 0.5679156249999999 0.5397175925925926 0.5611994791666667 0.5172416666666666 0.5481630208333333 0.5003842592592592 0.5351260416666667 0.4842296296296296 0.5307807291666667 0.45824166666666666
0 0.5819192708333334 0.5015962962962963 0.579371875 0.5243796296296297 0.579371875 0.5665222222222223 0.5746312499999999 0.607962962962963 0.5738411458333333 0.6543194444444445 0.569890625 0.6859268518518519 0.5770015625 0.7091055555555555 0.5817421875 0.714725 0.588853125 0.7133194444444444 0.5924083333333333 0.7119148148148149 0.5959640625 0.7013796296296296 0.5931984375 0.6655583333333334 0.5971489583333334 0.6515101851851851 0.5928036458333333 0.6564268518518519 0.5884578125 0.622712962962963 0.5924083333333333 0.578462962962963 0.5939885416666667 0.5391296296296296 0.5904333333333334 0.5299981481481482 0.5880630208333333 0.5068194444444445
0 0.5777296875 0.39941203703703704 0.5709864583333334 0.4306666666666667 0.5699807291666666 0.4527222222222222 0.5823854166666667 0.4461648148148148 0.5957963541666668 0.4455694444444444 0.6045135416666666 0.43841574074074074 0.6011604166666668 0.4557027777777778 0.6246296875 0.469412962962963 0.6457515625 0.48610370370370365 0.6521213541666667 0.49683333333333335 0.6524567708333334 0.5176962962962962 0.641728125 0.5033898148148148 0.6269765625 0.4896796296296297 0.6075307291666667 0.4926601851851852 0.5874145833333333 0.49444907407407407 0.5719921874999999 0.488487962962963 0.5626046875 0.4723935185185185 0.5646161458333334 0.4551064814814815 0.5686395833333333 0.44199259259259255 0.5706510416666667 0.419937037037037
0 0.5919088541666666 0.5109694444444445 0.6001546875 0.533887962962963 0.6001546875 0.5440212962962963 0.6142359375 0.5768064814814815 0.6283177083333332 0.6203212962962963 0.6346875 0.648337037037037 0.6363640625 0.6697972222222222 0.6494395833333333 0.7001972222222221 0.6541333333333333 0.7049666666666667 0.6457515625 0.7646722222222222 0.6504453125 0.7664601851851852 0.6561447916666666 0.7342712962962963 0.6588270833333334 0.7062555555555555 0.6668734374999999 0.6996981481481481 0.6822958333333333 0.711024074074074 0.6993947916666666 0.7151962962962963 0.6806197916666666 0.7044666666666666 0.6698911458333333 0.691949074074074 0.6665380208333332 0.6657203703703704 0.6631854166666666 0.6478379629629629 0.6631854166666666 0.6299555555555555 0.65815625 0.6383009259259259 0.6407223958333332 0.5917083333333333 0.6330114583333334 0.5547509259259259 0.6159125 0.5189851851851852 0.6108833333333333 0.5201777777777778 0.5998192708333333 0.4945731481481482 0.5924437499999999 0.49516851851851856
