0 0.28854166666666664 0.5398148148148149 0.28854166666666664 0.549074074074074 0.29739583333333336 0.575 0.30104166666666665 0.5990740740740741 0.3151041666666667 0.6574074074074074 0.3234375 0.7027777777777777 0.3223958333333333 0.7212962962962963 0.3255208333333333 0.737037037037037 0.3333333333333333 0.7638888888888888 0.3375 0.7703703703703704 0.32760416666666664 0.8055555555555556 0.3296875 0.8064814814814815 0.3338541666666667 0.8 0.3453125 0.7731481481481481 0.353125 0.7703703703703704 0.35625 0.7787037037037037 0.359375 0.775 0.38645833333333335 0.7787037037037037 0.359375 0.7657407407407407 0.35520833333333335 0.7564814814814815 0.3515625 0.7083333333333334 0.34322916666666664 0.6888888888888889 0.33125 0.6194444444444445 0.3234375 0.5888888888888889 0.3078125 0.5601851851851852 0.30052083333333335 0.5398148148148149 0.2953125 0.5351851851851852
0 0.24895833333333334 0.6453703703703704 0.24895833333333334 0.6787037037037037 0.25729166666666664 0.7398148148148148 0.26145833333333335 0.7962962962962963 0.26510416666666664 0.8148148148148148 0.2635416666666667 0.8222222222222222 0.26510416666666664 0.8296296296296296 0.2703125 0.8342592592592593 0.27708333333333335 0.8583333333333333 0.28541666666666665 0.8731481481481481 0.2859375 0.8805555555555555 0.28125 0.8925925925925926 0.28072916666666664 0.9037037037037037 0.2828125 0.9046296296296297 0.28802083333333334 0.9009259259259259 0.29322916666666665 0.8824074074074074 0.3026041666666667 0.8768518518518519 0.30625 0.8703703703703703 0.3109375 0.8685185185185185 0.3229166666666667 0.8722222222222222 0.31145833333333334 0.8629629629629629 0.30104166666666665 0.8027777777777778 0.30104166666666665 0.787962962962963 0.2890625 0.7796296296296297 0.2760416666666667 0.7361111111111112 0.2708333333333333 0.700925925925926 0.27239583333333334 0.65 0.2703125 0.6212962962962963 0.2760416666666667 0.5962962962962963 0.27291666666666664 0.5833333333333334 0.2671875 0.5805555555555556 0.2604166666666667 0.587037037037037
0 0.23541666666666666 0.43148148148148147 0.23489583333333333 0.45925925925925926 0.24322916666666666 0.47314814814814815 0.25729166666666664 0.5083333333333333 0.2625 0.5481481481481482 0.26197916666666665 0.5564814814814815 0.26666666666666666 0.5592592592592592 0.26197916666666665 0.5138888888888888 0.2640625 0.5055555555555555 0.26324479166666664 0.49688796296296295 0.2703125 0.4898148148148148 0.28125 0.4740740740740741 0.30364583333333334 0.4287037037037037 0.32447916666666665 0.4 0.3333333333333333 0.38333333333333336 0.34010416666666665 0.3638888888888889 0.34791666666666665 0.32592592592592595 0.34739583333333335 0.30925925925925923 0.34427083333333336 0.30462962962962964 0.3390625 0.30648148148148147 0.33177083333333335 0.33240740740740743 0.29010416666666666 0.4064814814814815 0.26535885416666666 0.4245259259259259 0.24580520833333336 0.4639962962962963 0.237878125 0.4499 0.24010416666666667 0.42962962962962964 0.2359375 0.42777777777777776
0 0.3692708333333333 0.1259259259259259 0.3692708333333333 0.13240740740740742 0.3734375 0.13518518518518519 0.38125 0.13148148148148148 0.3921875 0.11574074074074074 0.39895833333333336 0.11481481481481481 0.4234375 0.14629629629629629 0.4348958333333333 0.1537037037037037 0.4515625 0.17222222222222222 0.46927083333333336 0.2 0.4901041666666667 0.22314814814814815 0.4953125 0.21944444444444444 0.5151041666666667 0.21666666666666667 0.5151041666666667 0.20555555555555555 0.5052083333333334 0.19907407407407407 0.49947916666666664 0.18333333333333332 0.4625 0.14629629629629629 0.45674375 0.1346287037037037 0.4533520833333334 0.1313814814814815 0.44947916666666665 0.12962962962962962 0.4427083333333333 0.12037037037037036 0.43697916666666664 0.10092592592592593 0.41770833333333335 0.0824074074074074 0.4133338541666667 0.06456481481481482 0.42284635416666666 0.05516666666666666 0.43645833333333334 0.062037037037037036 0.43645833333333334 0.05555555555555555 0.43333333333333335 0.05185185185185185 0.4166666666666667 0.05 0.4083333333333333 0.05648148148148148 0.39895833333333336 0.07222222222222222 0.3932291666666667 0.09722222222222222 0.3821338541666667 0.11607314814814815 0.3765625 0.12407407407407407
0 0.5114583333333333 0.15 0.5104166666666666 0.16203703703703703 0.5197916666666667 0.1814814814814815 0.5143166666666666 0.15945833333333334 0.5272208333333334 0.1471851851851852 0.5419260416666667 0.17386759259259257 0.5421875 0.18796296296296297 0.5447916666666667 0.19444444444444445 0.5484375 0.18703703703703703 0.5578125 0.18333333333333332 0.5760416666666667 0.19907407407407407 0.6140625 0.27037037037037037 0.6208333333333333 0.2916666666666667 0.6270833333333333 0.29444444444444445 0.6296875 0.29074074074074074 0.6302083333333334 0.275 0.6229166666666667 0.2537037037037037 0.621875 0.24074074074074073 0.6125 0.2175925925925926 0.603125 0.20092592592592592 0.56875 0.15555555555555556 0.5640625 0.13796296296296295 0.5374244791666667 0.12182777777777778 0.5281213541666667 0.11062037037037037 0.5320229166666667 0.12396203703703702 0.5265625 0.14074074074074075
0 0.45677083333333335 0.07314814814814814 0.459375 0.09444444444444444 0.459375 0.11203703703703703 0.4593984375 0.12663055555555555 0.4583333333333333 0.1388888888888889 0.46041666666666664 0.13796296296296295 0.4630208333333333 0.12685185185185185 0.46927083333333336 0.12222222222222222 0.48385416666666664 0.12314814814814815 0.5145833333333333 0.1111111111111111 0.5296875 0.11388888888888889 0.5859375 0.09444444444444444 0.6010416666666667 0.09444444444444444 0.6072916666666667 0.08611111111111111 0.6072916666666667 0.0787037037037037 0.6020833333333333 0.07314814814814814 0.5697916666666667 0.06481481481481481 0.5057291666666667 0.07592592592592592 0.48385416666666664 0.07037037037037037 0.4639 0.0855398148148148 0.46089895833333333 0.07646759259259259 0.4623994791666667 0.06312592592592593 0.4713541666666667 0.05277777777777778 0.4609375 0.05555555555555555
0 0.6145833333333334 0.10462962962962963 0.6145833333333334 0.11203703703703703 0.61875 0.11666666666666667 0.6317708333333333 0.11203703703703703 0.6494791666666667 0.11574074074074074 0.6859375 0.11018518518518519 0.7213541666666666 0.11203703703703703 0.7359375 0.10648148148148148 0.7479166666666667 0.09722222222222222 0.7536130208333333 0.09189444444444445 0.7728375 0.11041111111111111 0.7562833333333334 0.08524722222222221 0.7536458333333333 0.07314814814814814 0.7484375 0.040740740740740744 0.7477390625000001 0.06103240740740741 0.72504375 0.06245648148148148 0.7148979166666667 0.05343518518518518 0.7132958333333334 0.06578055555555556 0.7002124999999999 0.07290185185185184 0.6833333333333333 0.06944444444444445 0.6815223958333333 0.06910370370370371 0.665625 0.06944444444444445 0.6541666666666667 0.07592592592592592 0.6416666666666667 0.07777777777777778 0.61875 0.0962962962962963
0 0.6838541666666667 0.21666666666666667 0.6822916666666666 0.225 0.6854166666666667 0.2324074074074074 0.7026041666666667 0.24074074074074073 0.7083333333333334 0.2490740740740741 0.7151041666666667 0.25277777777777777 0.7178588541666666 0.25706203703703706 0.7268463541666667 0.26238981481481477 0.7369791666666666 0.2601851851851852 0.7625453125 0.27215555555555554 0.7885416666666667 0.2851851851851852 0.79375 0.2935185185185185 0.8122239583333334 0.3001231481481481 0.7848958333333333 0.31203703703703706 0.7796875 0.3138888888888889 0.7835151041666666 0.3178796296296296 0.7911458333333333 0.3138888888888889 0.8182291666666667 0.30092592592592593 0.8234375 0.29259259259259257 0.828125 0.2722222222222222 0.8145833333333333 0.2518518518518518 0.7947916666666667 0.2388888888888889 0.7802083333333333 0.24259259259259258 0.7208333333333333 0.2175925925925926 0.69375 0.21296296296296297
0 0.8131338541666667 0.22386296296296296 0.8042401041666667 0.2230675925925926 0.8064213541666666 0.23248796296296295 0.8145234375 0.23802870370370371 0.8223135416666667 0.25686851851851855 0.8266760416666667 0.26795092592592595 0.8347781249999999 0.27460092592592594 0.8378942708333333 0.27570925925925927 0.8344666666666666 0.29011574074074076 0.82044375 0.3028601851851852 0.8288572916666667 0.3039685185185185 0.8385171875 0.28956203703703703 0.8425682291666666 0.27681666666666666 0.8503588541666667 0.27238425925925924 0.8550328125 0.26518055555555553 0.8612651041666666 0.26628888888888885 0.8625114583333333 0.2518814814814815 0.8593953125 0.24024537037037036 0.8587718750000001 0.25520648148148145 0.8569026041666666 0.2546527777777778 0.8540979166666667 0.23636666666666667 0.8484890625 0.2166861111111111 0.843503125 0.2061574074074074 0.8416333333333333 0.17900555555555556 0.8357130208333333 0.1945212962962963 0.8235598958333333 0.17346481481481482 0.8061098958333334 0.13412222222222223 0.7920874999999999 0.0964425925925926 0.7818041666666667 0.07261574074074074 0.7783765625 0.06929074074074075 0.7771302083333332 0.07593981481481482 0.7702744791666666 0.06264166666666668 0.7643541666666667 0.051559259259259256 0.7609260416666667 0.051559259259259256 0.7574984375 0.04490925925925926 0.7574984375 0.05211296296296296 0.7649770833333334 0.07926481481481482 0.7743255208333333 0.10697037037037038 0.7883479166666666 0.13523055555555555 0.8008124999999999 0.1723564814814815 0.8095374999999999 0.2028324074074074
0 0.39242187500000003 0.3191564814814815 0.3939890625 0.305775 0.404934375 0.29539537037037034 0.40894739583333334 0.2785268518518519 0.429378125 0.2571175925925926 0.4443364583333333 0.25517129629629626 0.4665916666666667 0.24315833333333334 0.48702239583333334 0.23148055555555555 0.49723802083333335 0.21655925925925926 0.5114666666666666 0.20877407407407408 0.5209520833333333 0.21072037037037036 0.5246005208333333 0.2152611111111111 0.5275192708333333 0.1990425925925926 0.5293432291666667 0.18022777777777776 0.5304380208333334 0.1983935185185185 0.526425 0.2191537037037037 0.5297083333333333 0.23342685185185186 0.5271546874999999 0.24770000000000003 0.5140203125 0.2639185185185185 0.49504895833333334 0.2691092592592592 0.47534739583333335 0.267162962962963 0.4472552083333333 0.2807861111111111 0.4268244791666667 0.30219537037037036 0.4177036458333333 0.30998055555555554 0.41259583333333333 0.30673703703703703 0.4042046875 0.32490277777777776 0.39727239583333335 0.3274972222222222
0 0.47995052083333334 0.27299351851851855 0.4862927083333333 0.2739861111111111 0.4921302083333333 0.2668490740740741 0.5038046875 0.2668490740740741 0.5121963541666666 0.2902046296296296 0.519128125 0.32004814814814814 0.5121963541666666 0.38297777777777775 0.4976026041666667 0.4076314814814815 0.4943192708333333 0.40827962962962966 0.49285989583333334 0.3998462962962963 0.5023453125 0.3713 0.5067234375 0.3304287037037037 0.49723802083333335 0.3096675925925926 0.4881171875 0.29863888888888884 0.48702239583333334 0.2811222222222222
0 0.5415130208333333 0.22682962962962963 0.5362755208333333 0.2331138888888889 0.5289786458333333 0.26165925925925926 0.5253302083333333 0.26749814814814815 0.5209520833333333 0.30253148148148146 0.516209375 0.35573055555555555 0.5096421875 0.3888166666666667 0.49468385416666666 0.410875 0.4895760416666667 0.42709444444444444 0.4895760416666667 0.44201574074074074 0.4895760416666667 0.45045 0.49067083333333333 0.4540287037037037 0.4735234375 0.47997962962962964 0.46695625 0.48841388888888887 0.4921302083333333 0.45532685185185184 0.4957786458333333 0.4507851851851852 0.5012510416666667 0.4579212962962963 0.5038046875 0.45857037037037035 0.507453125 0.4968472222222223 0.5096421875 0.5072277777777778 0.5067234375 0.4579212962962963 0.51766875 0.4417027777777778 0.5224114583333334 0.38232962962962963 0.5318973958333334 0.312912037037037 0.5384645833333334 0.27009351851851854 0.5446666666666666 0.24738611111111114 0.5461260416666666 0.23246481481481482
0 0.5432635416666667 0.25432037037037036 0.5468557291666667 0.2649027777777778 0.5548817708333333 0.26944444444444443 0.5592598958333334 0.2746342592592593 0.5661921875 0.2746342592592593 0.5756776041666666 0.2908537037037037 0.5873526041666667 0.3187509259259259 0.5720291666666667 0.29215092592592595 0.55670625 0.28177129629629627 0.55670625 0.30512685185185184 0.5537875 0.3245898148148148 0.5457609375000001 0.3511888888888889 0.5384645833333334 0.3813675925925926 0.5351807291666667 0.41705 0.5318973958333334 0.4436490740740741 0.5213171875 0.4832231481481481 0.5121963541666666 0.5000916666666667 0.5107369791666667 0.47868240740740736 0.51766875 0.44754166666666667 0.5216817708333333 0.3920611111111111 0.5267895833333334 0.3570277777777778 0.5318973958333334 0.3161555555555555 0.5362755208333333 0.2830685185185185 0.5410182291666668 0.27009351851851854 0.5413833333333333 0.27009351851851854
0 0.4627364583333333 0.6578611111111111 0.48155000000000003 0.6383009259259259 0.4855630208333333 0.6032675925925925 0.4979677083333333 0.5766685185185185 0.5081828125 0.5354601851851852 0.5154796875 0.501075925925926 0.522046875 0.48031574074074074 0.5256953125 0.45760833333333334 0.5337213541666667 0.4433361111111111 0.5362755208333333 0.4465796296296296 0.5344510416666667 0.47253055555555556 0.5340864583333332 0.47966666666666663 0.5344510416666667 0.49329074074074075 0.527884375 0.527675 0.5173036458333333 0.56725 0.5100072916666667 0.5854148148148148 0.510371875 0.5974287037037037 0.5081828125 0.6149453703703703 0.5023453125 0.6363546296296296 0.49723802083333335 0.6486805555555556 0.5081828125 0.6694416666666666 0.5151145833333334 0.6804703703703704 0.5008864583333333 0.6603583333333334 0.4939541666666667 0.6493296296296296 0.4866578125 0.6460861111111111 0.480090625 0.645437037037037
0 0.36772083333333333 0.44481666666666664 0.3787828125 0.4242611111111111 0.3795588541666667 0.4132212962962963 0.39779635416666664 0.38424074074074077 0.42612291666666663 0.36078055555555555 0.4397041666666667 0.32972962962962965 0.43271927083333334 0.3173092592592593 0.44280833333333336 0.31868981481481484 0.45095677083333335 0.29867962962962963 0.46143385416666666 0.2931592592592593 0.46376197916666667 0.27245925925925923 0.46570208333333335 0.29246944444444445 0.4746270833333333 0.3048898148148148 0.4765671875 0.3159296296296296 0.47074687499999995 0.33456018518518515 0.4560015625 0.35664074074074076 0.4400921875 0.36975092592592596 0.416421875 0.4008009259259259 0.39934895833333334 0.4297814814814815 0.39003593750000004 0.4408222222222222 0.38654375 0.44220185185185185 0.37684270833333333 0.4580722222222222 0.36791822916666667 0.4594518518518519
0 0.4102135416666667 0.4173611111111111 0.41486979166666665 0.4028712962962963 0.43310729166666667 0.3801009259259259 0.45095677083333335 0.35733055555555554 0.4660901041666667 0.3373203703703704 0.475403125 0.31247962962962966 0.4839395833333333 0.29936944444444447 0.49053645833333337 0.29936944444444447 0.49635677083333335 0.31247962962962966 0.4909244791666667 0.3373203703703704 0.4703588541666667 0.37389074074074075 0.45522552083333334 0.38493055555555555 0.44358437500000003 0.40770092592592594 0.45056875 0.41598148148148145 0.43543593750000004 0.42150185185185185 0.4268989583333333 0.43668148148148145 0.42263072916666666 0.4394416666666667 0.41913854166666664 0.4691120370370371 0.4187505208333333 0.486362962962963 0.4175864583333333 0.45738240740740743 0.4187505208333333 0.43599166666666667 0.4113776041666667 0.4277111111111111 0.4063333333333333 0.4242611111111111
0 0.37827187500000004 0.5005351851851851 0.37606666666666666 0.527787037037037 0.3721864583333333 0.541587037037037 0.37102239583333335 0.6057583333333334 0.36791822916666667 0.6630296296296296 0.36093333333333333 0.6609592592592592 0.36326197916666664 0.6795898148148148 0.36209739583333334 0.6968398148148148 0.3648140625 0.7154703703703703 0.3648140625 0.7244407407407407 0.37684270833333333 0.7327203703703703 0.3861557291666667 0.7154703703703703 0.3908119791666667 0.6789 0.38460364583333334 0.6167990740740741 0.38576770833333335 0.5843685185185186 0.3908119791666667 0.5678074074074074 0.3915880208333334 0.5381370370370371 0.3884838541666667 0.5298574074074074 0.38809583333333336 0.5050166666666667 0.3830515625 0.4960462962962963
0 0.38758125 0.5722518518518519 0.398184375 0.575398148148148 0.40672135416666666 0.565737962962963 0.402453125 0.5781583333333333 0.40788541666666667 0.6029981481481482 0.4102135416666667 0.6368092592592592 0.40555729166666665 0.6657898148148148 0.4102135416666667 0.7175407407407407 0.4125416666666667 0.7334101851851852 0.4106015625 0.7396203703703703 0.4137057291666667 0.7589407407407407 0.4106015625 0.7734314814814816 0.402453125 0.7596314814814815 0.3974083333333333 0.7306509259259258 0.39352812499999995 0.6940796296296297 0.3919760416666667 0.6533694444444444 0.38887187500000003 0.6292185185185185 0.3861557291666667 0.6112787037037037 0.3877078125 0.582987962962963
0 0.427921875 0.47295185185185185 0.425346875 0.4815564814814815 0.42340677083333333 0.49397685185185186 0.41797447916666663 0.503637037037037 0.41331770833333337 0.5360675925925926 0.41215364583333336 0.5733277777777778 0.41098958333333335 0.5967879629629629 0.40788541666666667 0.6133481481481482 0.4063333333333333 0.6374990740740741 0.4094375 0.6506092592592593 0.4175864583333333 0.6512990740740741 0.42340677083333333 0.6326685185185186 0.42379479166666667 0.5933379629629629 0.42263072916666666 0.5615981481481481 0.430003125 0.5215768518518519 0.43155520833333333 0.4946666666666667 0.43388333333333334 0.4746564814814815
0 0.4698140625 0.5336351851851852 0.4598817708333333 0.5498675925925925 0.4463005208333334 0.5719481481481481 0.43854010416666667 0.5850583333333333 0.42961510416666665 0.5878185185185185 0.4257348958333333 0.5926481481481481 0.4218546875 0.6243888888888889 0.42767499999999997 0.6682166666666667 0.44164427083333335 0.704787037037037 0.45444947916666667 0.7330777777777778 0.4653140625 0.7827583333333333 0.4672541666666667 0.8062185185185186 0.45871770833333336 0.8282990740740741 0.4684182291666667 0.848999074074074 0.4746270833333333 0.8262287037037037 0.47928333333333334 0.7896583333333334 0.47617916666666665 0.749637962962963 0.466478125 0.7192777777777778 0.45910572916666664 0.6785666666666667 0.4556135416666667 0.6357861111111112 0.44785260416666667 0.5992157407407408 0.44280833333333336 0.5888648148148149
0 0.408371875 0.6704490740740741 0.4144817708333333 0.6620064814814814 0.4195265625 0.6475157407407407 0.4187505208333333 0.6613166666666667 0.4249588541666667 0.6661462962962963 0.43543593750000004 0.6861564814814815 0.4451364583333334 0.7158268518518518 0.45522552083333334 0.7379074074074075 0.4629859375 0.7751685185185185 0.466478125 0.7958685185185185 0.46337395833333334 0.8138092592592593 0.45871770833333336 0.824849074074074 0.452509375 0.7875888888888889 0.4420322916666667 0.749637962962963 0.43155520833333333 0.7296277777777779 0.42767499999999997 0.735837962962963 0.42146666666666666 0.7199675925925927 0.41215364583333336 0.697887037037037 0.4094375 0.6861564814814815
0 0.41395781249999997 0.7708518518518518 0.4210786458333333 0.7931324074074074 0.42340677083333333 0.8055527777777778 0.4210786458333333 0.8145231481481481 0.4094375 0.8186629629629629 0.39585624999999997 0.8165925925925925 0.4152578125 0.8241833333333334 0.4199145833333333 0.8283231481481482 0.42728697916666664 0.8497138888888889 0.43582395833333337 0.8628240740740741 0.4397041666666667 0.8731740740740741 0.4397041666666667 0.8621333333333334 0.4560015625 0.8752435185185186 0.4804473958333333 0.901463888888889 0.4917005208333334 0.9131944444444444 0.507221875 0.9200944444444444 0.5145942708333333 0.9166444444444445 0.5308916666666667 0.9131944444444444 0.5312796875 0.9076740740740741 0.5258473958333333 0.8993944444444445 0.5130421875000001 0.8987046296296296 0.5064458333333334 0.8904240740740741 0.4851036458333333 0.8766240740740741 0.46259791666666666 0.8552333333333334 0.45638958333333335 0.8345333333333333 0.4513447916666667 0.8221129629629629 0.4420322916666667 0.8103824074074074 0.42845104166666664 0.8055527777777778 0.425346875 0.791062037037037
0 0.4850192708333333 0.6489333333333333 0.4808354166666666 0.6582231481481481 0.48122343749999996 0.6761638888888888 0.4788953125 0.6865138888888889 0.480059375 0.7389546296296297 0.48199947916666663 0.772075 0.4788953125 0.8024361111111111 0.47268697916666663 0.8403861111111111 0.4722989583333333 0.8597064814814814 0.48316354166666664 0.8735064814814815 0.49053645833333337 0.8721268518518519 0.49635677083333335 0.8652268518518519 0.5014010416666667 0.841075925925926 0.4979088541666667 0.799675925925926 0.49752083333333336 0.7403342592592593 0.49946093750000004 0.6989342592592593 0.49635677083333335 0.6761638888888888 0.493640625 0.6775435185185185 0.49325260416666666 0.6547731481481481
0 0.4937083333333333 0.865738888888889 0.4979088541666667 0.8672972222222223 0.5076098958333334 0.8576370370370371 0.5161463541666667 0.8548768518518519 0.5281755208333333 0.8528064814814814 0.546025 0.8452166666666666 0.5638744791666667 0.8369361111111111 0.5774557291666667 0.8258962962962962 0.5844401041666667 0.8307259259259259 0.59608125 0.8245157407407407 0.6022895833333333 0.8272759259259259 0.60539375 0.8369361111111111 0.5968572916666666 0.8424564814814814 0.5879322916666666 0.8472861111111111 0.5809479166666667 0.861087037037037 0.5681427083333334 0.8638462962962963 0.5417567708333333 0.8735064814814815 0.5273994791666666 0.8886870370370371 0.5130421875000001 0.8942074074074075 0.5033411458333333 0.8928268518518518 0.49635677083333335 0.885237037037037 0.4948046875 0.8728166666666667
0 0.5282666666666667 0.8843194444444445 0.52993125 0.8994537037037037 0.5309755208333333 0.9045601851851851 0.5286255208333334 0.9152388888888888 0.5288869791666666 0.9365962962962963 0.5307145833333333 0.9189537037037038 0.535675 0.9101324074074074 0.5469026041666667 0.9152388888888888 0.5615239583333334 0.9101324074074074 0.5730119791666667 0.9092037037037037 0.5722286458333333 0.9040962962962963 0.5858057291666667 0.8962037037037037 0.6121765625 0.8859888888888889 0.6325416666666667 0.8762388888888889 0.6487296874999999 0.8590601851851851 0.6518630208333334 0.8418814814814815 0.6636124999999999 0.8344527777777777 0.6698786458333333 0.8233101851851852 0.668834375 0.8154166666666667 0.6586515625 0.8154166666666667 0.6469020833333333 0.8298101851851852 0.6419411458333334 0.8316666666666667 0.62288125 0.8539527777777778 0.60199375 0.8674175925925927 0.5829338541666667 0.8655601851851852 0.5651791666666667 0.8627740740740741 0.5469026041666667 0.8678814814814815 0.5369807291666666 0.8743814814814814
0 0.6068145833333334 0.8430703703703704 0.6002364583333333 0.820512037037037 0.6011765625 0.7912694444444445 0.6152718749999999 0.7578499999999999 0.6411135416666667 0.7294425925925926 0.6636661458333334 0.6968583333333334 0.6523895833333333 0.6809833333333333 0.6693041666666667 0.6843259259259259 0.6805807291666667 0.6667805555555556 0.6927968750000001 0.658425 0.6977484374999999 0.6526287037037037 0.7023828125 0.6347740740740742 0.7058583333333334 0.6162324074074074 0.7039276041666667 0.6388935185185185 0.7089479166666667 0.6182925925925926 0.7023828125 0.6546888888888889 0.7089479166666667 0.6691092592592592 0.7124234375 0.6739166666666667 0.7166713541666667 0.6794101851851853 0.7112651041666667 0.6903981481481481 0.7058583333333334 0.710312962962963 0.6907973958333333 0.7302277777777777 0.6645369791666667 0.7480824074074074 0.6421385416666666 0.7686842592592592 0.6274635416666666 0.7865388888888889 0.6181953124999999 0.8119472222222223 0.6124026041666667 0.8414759259259259 0.6127890625 0.8565842592592593 0.6089270833333333 0.863450925925926
0 0.6800494791666666 0.7386240740740742 0.6819151041666667 0.7463537037037037 0.6919557291666667 0.7305592592592592 0.7081755208333332 0.7250657407407408 0.7251671875 0.6921027777777777 0.7328911458333334 0.6557064814814815 0.734821875 0.6337314814814814 0.7386838541666666 0.6248046296296296 0.7413869791666666 0.6096962962962963 0.7425453125 0.5877212962962963 0.7402286458333334 0.5753601851851852 0.7464072916666668 0.5678064814814815 0.7614682291666667 0.5533851851851851 0.7587651041666666 0.552012037037037 0.7487244791666666 0.5588796296296297 0.7390697916666666 0.5719268518518519 0.7321187499999999 0.5705537037037037 0.7278708333333334 0.5691796296296296 0.7240088541666666 0.5554453703703703 0.7147406249999999 0.5348444444444443 0.7224640625000001 0.561625925925926 0.7236229166666667 0.5726138888888889 0.720146875 0.5904685185185186 0.7147406249999999 0.6083231481481481 0.71010625 0.61725 0.7155130208333333 0.6234305555555555 0.7189885416666667 0.6570805555555556 0.7143541666666666 0.6859222222222223 0.7035411458333333 0.7147648148148148 0.6865494791666666 0.7305592592592592
