0 0.37447916666666664 0.13703703703703704 0.37395833333333334 0.14537037037037037 0.3807291666666667 0.17962962962962964 0.4005208333333333 0.2490740740740741 0.4015625 0.2675925925925926 0.4119791666666667 0.2898148148148148 0.4203125 0.28703703703703703 0.4234375 0.27685185185185185 0.42239583333333336 0.2601851851851852 0.4192708333333333 0.24814814814814815 0.4010416666666667 0.20833333333333334 0.3807291666666667 0.1398148148148148
0 0.31666666666666665 0.3509259259259259 0.31614583333333335 0.362962962962963 0.321875 0.37222222222222223 0.3338541666666667 0.3648148148148148 0.34322916666666664 0.3490740740740741 0.34427083333333336 0.3416666666666667 0.35208333333333336 0.325 0.36354166666666665 0.30833333333333335 0.396875 0.2796296296296296 0.3984375 0.275 0.3958333333333333 0.27037037037037037 0.38958333333333334 0.27037037037037037 0.37135416666666665 0.2796296296296296 0.3609375 0.2898148148148148 0.33958333333333335 0.32037037037037036 0.32395833333333335 0.33611111111111114
0 0.2890625 0.0962962962962963 0.2911458333333333 0.11388888888888889 0.3109375 0.11203703703703703 0.3296875 0.09444444444444444 0.3802083333333333 0.06944444444444445 0.3828125 0.062037037037037036 0.3807291666666667 0.05925925925925926 0.3567708333333333 0.05925925925925926 0.334375 0.07037037037037037 0.3072916666666667 0.07592592592592592 0.30052083333333335 0.07962962962962963
0 0.4296875 0.08055555555555556 0.43125 0.09722222222222222 0.446875 0.10092592592592593 0.46822916666666664 0.08796296296296297 0.5171875 0.07037037037037037 0.5213541666666667 0.06759259259259259 0.5234375 0.06018518518518518 0.5203125 0.05555555555555555 0.4427083333333333 0.06481481481481481
0 0.51875 0.1685185185185185 0.5234375 0.20462962962962963 0.5380208333333333 0.22962962962962963 0.559375 0.2824074074074074 0.5739583333333333 0.3101851851851852 0.5802083333333333 0.3148148148148148 0.5833333333333334 0.30185185185185187 0.5760416666666667 0.287962962962963 0.5677083333333334 0.2601851851851852 0.5494791666666666 0.2212962962962963 0.5401041666666667 0.17962962962962964 0.5296875 0.16111111111111112
0 0.5552083333333333 0.07314814814814814 0.5546875 0.08055555555555556 0.5666666666666667 0.1 0.6036458333333333 0.12129629629629629 0.6223958333333334 0.12407407407407407 0.6416666666666667 0.11296296296296296 0.6447916666666667 0.10740740740740741 0.6447916666666667 0.10092592592592593 0.6421875 0.09722222222222222 0.6182291666666667 0.10740740740740741 0.6026041666666667 0.10277777777777777 0.5869791666666667 0.0824074074074074 0.5807291666666666 0.06759259259259259 0.5697916666666667 0.05740740740740741 0.5598958333333334 0.062037037037037036
0 0.6177083333333333 0.28425925925925927 0.6182291666666667 0.32037037037037036 0.6213541666666667 0.34074074074074073 0.6234375 0.3425925925925926 0.6255208333333333 0.33796296296296297 0.6239583333333333 0.3194444444444444 0.625 0.29444444444444445 0.6307291666666667 0.26851851851851855 0.6489583333333333 0.2351851851851852 0.6614583333333334 0.22314814814814815 0.6697916666666667 0.20462962962962963 0.6744791666666666 0.18611111111111112 0.6744791666666666 0.1787037037037037 0.6697916666666667 0.16944444444444445 0.6619791666666667 0.1675925925925926 0.6421875 0.19722222222222222 0.640625 0.21574074074074073 0.6302083333333334 0.23703703703703705
0 0.7395833333333334 0.08703703703703704 0.7380208333333333 0.09722222222222222 0.74375 0.11851851851851852 0.7614583333333333 0.14814814814814814 0.7755208333333333 0.19907407407407407 0.7859375 0.225 0.790625 0.22685185185185186 0.7942708333333334 0.21296296296296297 0.7869791666666667 0.1925925925925926 0.7791666666666667 0.15092592592592594 0.7661458333333333 0.10277777777777777 0.75625 0.08333333333333333 0.7520833333333333 0.07962962962962963 0.7442708333333333 0.08055555555555556
0 0.7890625 0.22777777777777777 0.7901041666666667 0.24444444444444444 0.7859375 0.2722222222222222 0.7859375 0.28888888888888886 0.790625 0.3101851851851852 0.7953125 0.31574074074074077 0.7927083333333333 0.2898148148148148 0.796875 0.2657407407407407 0.8104166666666667 0.2388888888888889 0.815625 0.21666666666666667 0.815625 0.20833333333333334 0.8098958333333334 0.19722222222222222 0.8036458333333333 0.1962962962962963
0 0.6661458333333333 0.32592592592592595 0.6640625 0.3296296296296296 0.665625 0.3453703703703704 0.6854166666666667 0.3509259259259259 0.7078125 0.33425925925925926 0.7395833333333334 0.3277777777777778 0.765625 0.30648148148148147 0.7635416666666667 0.3037037037037037 0.7598958333333333 0.30648148148148147 0.7567708333333333 0.30185185185185187 0.7385416666666667 0.30462962962962964 0.7171875 0.3101851851851852 0.709375 0.31574074074074077 0.68125 0.31666666666666665
0 0.5703125 0.3314814814814815 0.5703125 0.34629629629629627 0.5755208333333334 0.36203703703703705 0.6109375 0.40370370370370373 0.6265625 0.41203703703703703 0.6427083333333333 0.412962962962963 0.646875 0.4083333333333333 0.6453125 0.4027777777777778 0.6260416666666667 0.39444444444444443 0.609375 0.3814814814814815 0.6005208333333333 0.3685185185185185 0.5927083333333333 0.3425925925925926 0.584375 0.3296296296296296 0.5755208333333334 0.325
0 0.7145833333333333 0.8694444444444445 0.7135416666666666 0.8731481481481481 0.715625 0.8777777777777778 0.7208333333333333 0.8787037037037037 0.7322916666666667 0.8666666666666667 0.7380208333333333 0.8657407407407407 0.7515625 0.8546296296296296 0.7765625 0.825 0.7984375 0.8074074074074075 0.8072916666666666 0.7888888888888889 0.8057291666666667 0.7787037037037037 0.8026041666666667 0.7722222222222223 0.7984375 0.7703703703703704 0.7744791666666667 0.7861111111111111 0.7697916666666667 0.8037037037037037 0.759375 0.8212962962962963 0.75625 0.8222222222222222 0.7515625 0.8314814814814815 0.7359375 0.8416666666666667 0.7296875 0.8546296296296296
0 0.2203125 0.4351851851851852 0.221875 0.487962962962963 0.228125 0.5185185185185185 0.24635416666666668 0.549074074074074 0.25625 0.5537037037037037 0.25729166666666664 0.549074074074074 0.24635416666666668 0.5370370370370371 0.240625 0.524074074074074 0.2328125 0.4935185185185185 0.234375 0.4685185185185185 0.24010416666666667 0.44814814814814813 0.23854166666666668 0.41574074074074074 0.2265625 0.41574074074074074
0 0.21666666666666667 0.6296296296296297 0.2140625 0.6342592592592593 0.21510416666666668 0.6518518518518519 0.22864583333333333 0.6962962962962963 0.23854166666666668 0.7472222222222222 0.24947916666666667 0.7777777777777778 0.2557291666666667 0.7824074074074074 0.2578125 0.7787037037037037 0.24114583333333334 0.6916666666666667 0.2390625 0.6546296296296297 0.2359375 0.6407407407407407 0.228125 0.625
0 0.21666666666666667 0.2361111111111111 0.21510416666666668 0.2490740740740741 0.21666666666666667 0.2537037037037037 0.2203125 0.2537037037037037 0.23229166666666667 0.2175925925925926 0.240625 0.20462962962962963 0.24270833333333333 0.19166666666666668 0.24947916666666667 0.18425925925925926 0.2677083333333333 0.15 0.27291666666666664 0.125 0.2713541666666667 0.11574074074074074 0.2635416666666667 0.11203703703703703 0.2526041666666667 0.1259259259259259 0.23802083333333332 0.17962962962962964
0 0.24270833333333333 0.19722222222222222 0.2421875 0.2064814814814815 0.2484375 0.23333333333333334 0.2552083333333333 0.24444444444444444 0.275 0.30648148148148147 0.2859375 0.3333333333333333 0.2916666666666667 0.3453703703703704 0.29635416666666664 0.34629629629629627 0.29791666666666666 0.3416666666666667 0.296875 0.33425925925925926 0.2911458333333333 0.3194444444444444 0.2869791666666667 0.29444444444444445 0.2765625 0.26481481481481484 0.2598958333333333 0.19907407407407407 0.2526041666666667 0.18611111111111112 0.246875 0.18888888888888888
0 0.5479166666666667 0.774074074074074 0.5453125 0.7833333333333333 0.5463541666666667 0.7944444444444444 0.5505208333333333 0.799074074074074 0.5578125 0.7962962962962963 0.565625 0.787962962962963 0.5708333333333333 0.7787037037037037 0.575 0.7638888888888888 0.5880208333333333 0.7425925925925926 0.6145833333333334 0.7129629629629629 0.6270833333333333 0.7055555555555556 0.6286458333333333 0.6972222222222222 0.6229166666666667 0.6925925925925925 0.5947916666666667 0.7046296296296296 0.5557291666666667 0.7574074074074074
0 0.2641765625 0.5507314814814814 0.25379010416666664 0.577225 0.2623703125 0.5908722222222222 0.27953072916666666 0.5748166666666666 0.2908203125 0.5547462962962962 0.29398124999999997 0.545112037037037 0.32017291666666664 0.5314638888888888 0.3368817708333333 0.5362814814814815 0.3377848958333333 0.5113935185185184 0.32107604166666665 0.5170138888888889 0.3111416666666667 0.5121962962962964 0.28585260416666664 0.5402953703703703 0.2714020833333333 0.549125925925926
0 0.34049427083333333 0.5314638888888888 0.3490744791666666 0.5282527777777778 0.360815625 0.5459148148148147 0.363525 0.577225 0.36623489583333335 0.5980981481481482 0.38113697916666667 0.6205768518518519 0.4082317708333333 0.6583092592592593 0.4122963541666667 0.6695490740740742 0.421328125 0.6791824074074074 0.42584375 0.6904222222222222 0.4208765625 0.6992527777777777 0.4122963541666667 0.6848018518518518 0.4037161458333333 0.6848018518518518 0.389265625 0.6679425925925926 0.36894427083333337 0.6302111111111112 0.34817135416666667 0.6029148148148148 0.3377848958333333 0.5716046296296297 0.3359786458333333 0.5483231481481481
0 0.30617395833333333 0.39337962962962963 0.3183666666666667 0.40060555555555555 0.32243125 0.4246898148148148 0.33236562500000005 0.456 0.34726822916666666 0.5065768518518519 0.32288281249999995 0.45037962962962963 0.31069010416666665 0.43432314814814815 0.3003036458333333 0.41505555555555557 0.3003036458333333 0.3981972222222222
0 0.32785 0.3901685185185185 0.3197213541666667 0.3981972222222222 0.3237859375 0.4246898148148148 0.3382364583333333 0.4776759259259259 0.34726822916666666 0.509787962962963 0.34862291666666667 0.5250416666666666 0.364428125 0.549125925925926 0.3585578125 0.5154083333333332 0.3576546875 0.49292870370370373 0.34365572916666665 0.4551962962962963 0.3427520833333333 0.41505555555555557 0.3355270833333333 0.3877601851851852
0 0.5632598958333334 0.48187870370370367 0.5609531249999999 0.4969166666666666 0.5640291666666666 0.518788888888889 0.5809458333333333 0.5310916666666666 0.5947875 0.56185 0.6120885416666667 0.5844064814814814 0.6363109375 0.6076462962962963 0.6136265625 0.5700527777777779 0.5909427083333333 0.5290416666666666 0.5828682291666667 0.5140046296296297 0.5797927083333333 0.4969166666666666 0.5682583333333333 0.48871388888888895
0 0.5855598958333333 0.5680018518518518 0.5801770833333334 0.5823555555555555 0.5894046875 0.606962037037037 0.607090625 0.6117472222222222 0.6309281250000001 0.6267842592592593 0.6551505208333332 0.6541250000000001 0.6739895833333333 0.6780481481481482 0.6747588541666667 0.6643777777777778 0.653996875 0.6274675925925925 0.6347729166666666 0.6096962962962963 0.6147802083333332 0.5980768518518519 0.6055526041666667 0.574837037037037 0.5944026041666667 0.5673185185185184
0 0.6974427083333333 0.3670481481481481 0.7047479166666667 0.37730092592592596 0.6974427083333333 0.4107935185185185 0.6816791666666667 0.4217296296296296 0.6693760416666666 0.4531712962962963 0.6578416666666667 0.49144814814814813 0.6401557291666666 0.5208388888888889 0.6451536458333333 0.4969166666666666 0.6516901041666666 0.4552222222222222 0.6620708333333333 0.42446388888888886 0.6689916666666667 0.4073759259259259 0.6751432291666667 0.39370555555555553 0.6786036458333334 0.3814018518518518 0.6886 0.3684148148148148
0 0.6755276041666666 0.43950092592592593 0.6732208333333334 0.4736768518518519 0.6732208333333334 0.5037518518518519 0.6674536458333333 0.5269907407407407 0.6505364583333333 0.5420287037037037 0.6413088541666667 0.5290416666666666 0.6509208333333334 0.5078527777777778 0.6620708333333333 0.4852962962962963 0.6674536458333333 0.4606898148148148
0 0.6624552083333334 0.5625342592592593 0.6574572916666667 0.5782546296296296 0.6689916666666667 0.6014944444444444 0.67745 0.6226833333333334 0.6851395833333334 0.6479731481481482 0.6886 0.6746305555555555 0.700903125 0.6965027777777777 0.7089770833333334 0.716325 0.7158979166666666 0.705388888888889 0.7016718750000001 0.6876175925925926 0.6901375000000001 0.6472898148148148 0.6878307291666667 0.6028611111111112 0.6789880208333333 0.5775712962962963 0.6720671874999999 0.5666351851851852 0.665146875 0.5611666666666666
0 0.6636088541666666 0.5386111111111112 0.6697604166666667 0.5563824074074074 0.6751432291666667 0.5741537037037037 0.6809104166666666 0.5857731481481482 0.6878307291666667 0.606962037037037 0.689753125 0.6233666666666666 0.6912911458333333 0.6431888888888889 0.6962895833333334 0.6623268518518518 0.6997494791666666 0.6780481481481482 0.7097463541666666 0.6869333333333334 0.7158979166666666 0.6889842592592592 0.7185890625 0.6773648148148148 0.7139755208333334 0.6541250000000001 0.7097463541666666 0.6356703703703703 0.7035942708333334 0.62405 0.6943671874999999 0.609012962962963 0.689753125 0.5953425925925926 0.6862932291666667 0.5796212962962963 0.6816791666666667 0.563900925925926 0.6793723958333333 0.5495472222222222 0.6728364583333334 0.5345092592592593 0.6693760416666666 0.5317759259259259 0.6628395833333334 0.5331425925925926
0 0.7105151041666667 0.5386111111111112 0.7085927083333333 0.5536481481481482 0.7012875 0.5563824074074074 0.6993651041666666 0.5727861111111111 0.6966739583333333 0.5885074074074074 0.7012875 0.6042287037037037 0.7097463541666666 0.6199490740740741 0.7166666666666667 0.6308851851851852 0.7274322916666667 0.6384037037037037 0.7331994791666666 0.6445555555555555 0.7374286458333333 0.658225925925926 0.7381973958333333 0.6705296296296297 0.7331994791666666 0.6821490740740741 0.723971875 0.6746305555555555 0.7151286458333334 0.6630111111111111 0.71166875 0.6534416666666667 0.7078239583333333 0.6425055555555556 0.7032098958333334 0.6288351851851852 0.6997494791666666 0.6185824074074073 0.6959046875 0.6096962962962963 0.6943671874999999 0.6035444444444444 0.6909067708333333 0.5953425925925926 0.6920598958333334 0.5830388888888889 0.6928291666666666 0.5714194444444445 0.6966739583333333 0.5570657407407407 0.700903125 0.5427120370370371
0 0.7621328125000001 0.3020740740740741 0.771721875 0.3007111111111111 0.7793932291666666 0.31230277777777776 0.7755572916666666 0.3300314814814815 0.7579135416666667 0.3395777777777778 0.7498588541666666 0.3416240740740741 0.743721875 0.35321574074074075 0.7425713541666668 0.37435370370370374 0.7487083333333333 0.39003703703703707 0.7540781249999999 0.4050388888888889 0.7548453125000001 0.41526759259259255 0.7479411458333334 0.3941287037037037 0.7391192708333333 0.3757175925925926 0.7360510416666667 0.35526111111111114 0.7372015624999999 0.3395777777777778
0 0.7571463541666666 0.3634444444444444 0.7582973958333333 0.3463972222222222 0.7675026041666667 0.34298703703703703 0.779009375 0.34094166666666664 0.7855302083333334 0.3416240740740741 0.7851463541666667 0.35526111111111114 0.7824614583333334 0.3695805555555555 0.7740234375 0.3798092592592593 0.7655848958333333 0.38526388888888885 0.7602151041666667 0.39140092592592596 0.7617494791666667 0.409812037037037 0.7667354166666667 0.4261768518518519 0.7671192708333333 0.4459518518518518 0.7671192708333333 0.46368055555555554 0.7659682291666667 0.47936388888888887 0.764434375 0.48822870370370375 0.7617494791666667 0.4841370370370371 0.7598317708333333 0.46299907407407404 0.7602151041666667 0.45004351851851854 0.7567630208333332 0.437087037037037 0.7529276041666667 0.4220861111111111 0.7513932291666666 0.41049351851851856 0.7510098958333333 0.39140092592592596 0.7510098958333333 0.3845824074074074 0.7544614583333333 0.3716268518518519
0 0.7966531250000001 0.37708148148148146 0.7912833333333332 0.38935555555555557 0.7912833333333332 0.41253981481481483 0.7905161458333333 0.4268592592592592 0.7889822916666667 0.44663425925925926 0.7932010416666666 0.45890740740740743 0.7978041666666668 0.4541342592592592 0.8004890625000001 0.46709074074074075 0.8008723958333334 0.4780009259259259 0.8012557291666667 0.4950472222222222 0.7962697916666667 0.5127768518518518 0.7855302083333334 0.526413888888889 0.7740234375 0.5298240740740741 0.7605984375 0.5345972222222223 0.7552286458333334 0.5332333333333333 0.7663520833333333 0.5393703703703704 0.7836119791666667 0.5393703703703704 0.7966531250000001 0.537324074074074 0.8123791666666667 0.5107305555555556 0.8204338541666666 0.4691361111111111 0.821584375 0.450725 0.8238859375 0.4459518518518518 0.82311875 0.43095092592592593 0.8204338541666666 0.40844814814814817 0.8146807291666666 0.3866277777777778 0.807009375 0.3777638888888889
0 0.7306807291666666 0.48004629629629636 0.726078125 0.49845740740740735 0.7268453125 0.5127768518518518 0.7314479166666668 0.5318694444444444 0.7345166666666666 0.5659638888888888 0.7421880208333334 0.5925564814814815 0.7456395833333332 0.6150592592592593 0.7479411458333334 0.638925 0.7556125 0.6511990740740741 0.7548453125000001 0.626650925925926 0.7533109375 0.5959666666666666 0.7506260416666667 0.5680092592592593 0.7460234375 0.544825 0.743721875 0.5298240740740741 0.7460234375 0.5127768518518518 0.7467906249999999 0.5018666666666667 0.7414208333333333 0.4814101851851852 0.7360510416666667 0.4766370370370371
0 0.7978041666666668 0.739162037037037 0.8077765625000001 0.7377981481481481 0.8081598958333333 0.7221148148148149 0.8024067708333333 0.7023398148148149 0.8008723958333334 0.664837037037037 0.79511875 0.6409703703703704 0.7836119791666667 0.6150592592592593 0.7797765625 0.5768731481481482 0.7709546875 0.5536898148148148 0.7648177083333334 0.5380064814814816 0.7552286458333334 0.5325509259259259 0.7467906249999999 0.5318694444444444 0.7456395833333332 0.5468703703703703 0.7494755208333334 0.5816472222222222 0.7586807291666666 0.5973305555555555 0.7713385416666667 0.6211962962962964 0.779009375 0.6409703703703704 0.7920505208333334 0.667563888888889 0.7909 0.6914296296296296 0.7947354166666667 0.7118861111111111 0.7974203125 0.7214333333333334
0 0.3259375 0.85445 0.31411093749999996 0.8721101851851852 0.31836875000000003 0.8914537037037037 0.3339796875 0.8990222222222222 0.3476984375 0.8906120370370371 0.35810572916666666 0.8889305555555556 0.37797395833333336 0.8922944444444444 0.39358489583333334 0.8931351851851852 0.40730364583333334 0.90575 0.4134536458333333 0.8981814814814815 0.4091958333333333 0.8906120370370371 0.3869625 0.8771564814814814 0.35479427083333337 0.8620185185185185 0.33918333333333334 0.8569722222222222
0 0.23747552083333331 0.7989444444444445 0.2346375 0.8191277777777778 0.24504479166666665 0.8334250000000001 0.2540328125 0.8435166666666667 0.2630208333333333 0.860337037037037 0.2639666666666666 0.8418351851851852 0.280996875 0.8502444444444445 0.2975541666666667 0.8594953703703704 0.3126921875 0.8645416666666667 0.3226260416666667 0.863700925925926 0.357159375 0.8594953703703704 0.35905156250000003 0.842675925925926 0.3339796875 0.8401527777777777 0.3103265625 0.8409935185185186 0.28809270833333334 0.8342657407407407 0.2724817708333333 0.8174462962962963 0.27768541666666663 0.797262037037037 0.2644401041666667 0.8048314814814814 0.253559375 0.797262037037037 0.2440984375 0.7964212962962963
