0 0.2125 0.3101851851851852 0.21145833333333333 0.3277777777777778 0.21354166666666666 0.33425925925925926 0.21875 0.3388888888888889 0.22447916666666667 0.3388888888888889 0.23489583333333333 0.3175925925925926 0.25052083333333336 0.1962962962962963 0.24947916666666667 0.18888888888888888 0.24583333333333332 0.18888888888888888 0.24270833333333333 0.1962962962962963 0.23697916666666666 0.21666666666666667 0.225 0.2796296296296296 0.21666666666666667 0.29444444444444445
0 0.2791666666666667 0.36944444444444446 0.28125 0.38055555555555554 0.3140625 0.4425925925925926 0.3338541666666667 0.4981481481481482 0.3453125 0.5101851851851852 0.35208333333333336 0.5064814814814815 0.35520833333333335 0.49537037037037035 0.35104166666666664 0.4777777777777778 0.3463541666666667 0.4648148148148148 0.325 0.4287037037037037 0.31614583333333335 0.40555555555555556 0.30520833333333336 0.38796296296296295 0.2869791666666667 0.3675925925925926 0.28229166666666666 0.36574074074074076
0 0.43385416666666665 0.5092592592592593 0.43333333333333335 0.5212962962962963 0.43645833333333334 0.5268518518518519 0.4505208333333333 0.5287037037037037 0.46041666666666664 0.5212962962962963 0.5208333333333334 0.49444444444444446 0.5244791666666667 0.49166666666666664 0.5260416666666666 0.48518518518518516 0.525 0.48148148148148145 0.5213541666666667 0.48055555555555557 0.4703125 0.49537037037037035 0.44635416666666666 0.49537037037037035
0 0.371875 0.887962962962963 0.371875 0.8944444444444445 0.375 0.8962962962962963 0.4390625 0.8953703703703704 0.4583333333333333 0.8824074074074074 0.4635416666666667 0.8731481481481481 0.4635416666666667 0.8638888888888889 0.4625 0.8564814814814815 0.43854166666666666 0.8564814814814815 0.4192708333333333 0.8703703703703703 0.39895833333333336 0.8731481481481481
0 0.49895833333333334 0.8731481481481481 0.49947916666666664 0.8916666666666667 0.5020833333333333 0.8962962962962963 0.5098958333333333 0.8981481481481481 0.5208333333333334 0.8722222222222222 0.5244791666666667 0.837037037037037 0.5364583333333334 0.7962962962962963 0.5421875 0.762962962962963 0.5484375 0.7425925925925926 0.5463541666666667 0.7342592592592593 0.540625 0.737037037037037 0.5291666666666667 0.7666666666666667
0 0.2864583333333333 0.07777777777777778 0.2869791666666667 0.09537037037037037 0.3020833333333333 0.10833333333333334 0.3338541666666667 0.10092592592592593 0.3734375 0.11296296296296296 0.3807291666666667 0.11851851851851852 0.3859375 0.11574074074074074 0.384375 0.10555555555555556 0.3536458333333333 0.08518518518518518 0.3015625 0.07037037037037037 0.2942708333333333 0.07037037037037037
0 0.3848958333333333 0.06759259259259259 0.38645833333333335 0.10555555555555556 0.39166666666666666 0.11666666666666667 0.4015625 0.15833333333333333 0.4036458333333333 0.17777777777777778 0.4239583333333333 0.24537037037037038 0.4276041666666667 0.25 0.43072916666666666 0.2490740740740741 0.4328125 0.24444444444444444 0.4322916666666667 0.2361111111111111 0.4109375 0.1388888888888889 0.4088541666666667 0.11388888888888889 0.40989583333333335 0.09814814814814815 0.40625 0.07592592592592592 0.3984375 0.05925925925925926 0.3880208333333333 0.062037037037037036
0 0.40208333333333335 0.05185185185185185 0.40208333333333335 0.06111111111111111 0.40572916666666664 0.07314814814814814 0.4161458333333333 0.08888888888888889 0.4864583333333333 0.11851851851851852 0.49375 0.1259259259259259 0.4973958333333333 0.12222222222222222 0.4942708333333333 0.1111111111111111 0.4765625 0.09166666666666666 0.42552083333333335 0.05277777777777778 0.4088541666666667 0.04537037037037037
0 0.55625 0.09444444444444444 0.55625 0.10462962962962963 0.5598958333333334 0.1111111111111111 0.5859375 0.13425925925925927 0.6130208333333333 0.14351851851851852 0.6296875 0.15462962962962962 0.6489583333333333 0.1537037037037037 0.6536458333333334 0.14351851851851852 0.6536458333333334 0.1361111111111111 0.6494791666666667 0.12685185185185185 0.6307291666666667 0.11388888888888889 0.6161458333333333 0.12037037037037036 0.6067708333333334 0.11851851851851852 0.5723958333333333 0.1037037037037037 0.5604166666666667 0.09259259259259259
0 0.5859375 0.36574074074074076 0.5854166666666667 0.375 0.5875 0.38055555555555554 0.596875 0.38796296296296295 0.6072916666666667 0.38981481481481484 0.6578125 0.37407407407407406 0.6786458333333333 0.3537037037037037 0.68125 0.3453703703703704 0.675 0.34074074074074073 0.6354166666666666 0.362962962962963 0.6208333333333333 0.3638888888888889 0.6026041666666667 0.35462962962962963 0.5901041666666667 0.3592592592592593
0 0.6755208333333333 0.3925925925925926 0.675 0.4 0.6770833333333334 0.40370370370370373 0.7140625 0.42962962962962964 0.7322916666666667 0.45185185185185184 0.74375 0.47129629629629627 0.7604166666666666 0.4759259259259259 0.7645833333333333 0.46574074074074073 0.7651041666666667 0.4564814814814815 0.7515625 0.43425925925925923 0.7401041666666667 0.4287037037037037 0.7182291666666667 0.4074074074074074 0.7020833333333333 0.3962962962962963 0.6838541666666667 0.3907407407407407
0 0.7083333333333334 0.6805555555555556 0.7078125 0.7240740740740741 0.7171875 0.7675925925925926 0.7598958333333333 0.8296296296296296 0.7723958333333333 0.8388888888888889 0.7869791666666667 0.8435185185185186 0.7942708333333334 0.8138888888888889 0.7697916666666667 0.7861111111111111 0.7671875 0.7768518518518519 0.7588541666666667 0.7870370370370371 0.7473958333333334 0.7824074074074074 0.7359375 0.7694444444444445 0.73125 0.7592592592592593 0.7223958333333333 0.7222222222222222 0.7171875 0.6925925925925925 0.7171875 0.6768518518518518 0.7125 0.674074074074074
0 0.646875 0.7805555555555556 0.6473958333333333 0.7907407407407407 0.65625 0.799074074074074 0.6932291666666667 0.8518518518518519 0.7161458333333334 0.9046296296296297 0.725 0.8925925925925926 0.7265625 0.887962962962963 0.7255208333333333 0.8759259259259259 0.7213541666666666 0.8574074074074074 0.7166666666666667 0.8490740740740741 0.703125 0.8388888888888889 0.6703125 0.7944444444444444 0.6536458333333334 0.7787037037037037
0 0.7111364583333334 0.05754537037037037 0.7038437500000001 0.06364722222222223 0.6995536458333333 0.08576574074074074 0.6905447916666667 0.11703703703703704 0.6892578125 0.14220740740740742 0.6789625 0.1704277777777778 0.6703828125 0.1856824074074074 0.666521875 0.206275 0.6781041666666667 0.2238175925925926 0.6901161458333332 0.21085185185185185 0.6944057291666667 0.1910212962962963 0.6969796875000001 0.1666138888888889 0.7038437500000001 0.1231388888888889 0.7085625 0.0918675925925926 0.7094203125 0.07279999999999999
0 0.6751416666666666 0.23655833333333334 0.680678125 0.2169537037037037 0.691403125 0.20246203703703702 0.7034145833333334 0.19712314814814816 0.7111364583333334 0.19864814814814813 0.7145682291666666 0.2131398148148148 0.7094203125 0.22839444444444443 0.6965510416666666 0.24746203703703706 0.6853973958333334 0.25051296296296294 0.6768171875 0.26805555555555555 0.6648057291666666 0.28941203703703705 0.6446432291666666 0.3153444444444444 0.6287708333333334 0.3328861111111111 0.6227651041666667 0.3260222222222222 0.6322026041666666 0.31000462962962966 0.6420692708333333 0.29093703703703705 0.6545098958333334 0.2726314814814815 0.6643765625 0.2611907407407408
0 0.5620390625 0.5556648148148149 0.5494083333333334 0.5660101851851852 0.5498375000000001 0.5812638888888889 0.5657098958333333 0.5949935185185184 0.5730026041666666 0.5835527777777777 0.5918781249999999 0.5827898148148148 0.6107536458333332 0.5835527777777777 0.62448125 0.5896546296296297 0.6382088541666667 0.6033833333333334 0.6459302083333333 0.6071962962962963 0.6467885416666667 0.5988064814814815 0.6334895833333333 0.5881287037037036 0.6227651041666667 0.575925 0.601315625 0.5713490740740741 0.5854432291666666 0.5644842592592593 0.5721447916666667 0.5614333333333333
0 0.5782520833333333 0.5886055555555555 0.6047473958333334 0.6041453703703703 0.6210489583333333 0.620925925925926 0.630915625 0.6407564814814816 0.6412114583333334 0.6537222222222222 0.6502203125 0.6788925925925925 0.6455015625 0.6888074074074074 0.6549390625 0.6888074074074074 0.6613739583333333 0.7025361111111111 0.6733854166666667 0.7155027777777778 0.6853973958333334 0.7086379629629629 0.6871130208333334 0.6979601851851852 0.6828234375 0.6735527777777778 0.6703828125 0.6529601851851852 0.6587999999999999 0.6438074074074074 0.6412114583333334 0.6224509259259259 0.6292000000000001 0.6049083333333334 0.6176171875 0.5911796296296297 0.601315625 0.5904166666666667 0.5837270833333333 0.5850777777777778 0.5755765625 0.5843148148148147
0 0.7863145833333333 0.5831148148148149 0.7935020833333333 0.5735138888888889 0.8012234374999999 0.5658861111111112 0.8123770833333332 0.566649074074074 0.8179541666666666 0.5765638888888889 0.817525 0.5872425925925926 0.8110901041666666 0.6002083333333333 0.7995078125 0.6047851851851852 0.7844932291666668 0.6047851851851852 0.7789161458333334 0.6124120370370371 0.7789161458333334 0.6230898148148148 0.7827770833333333 0.6330055555555555 0.7947885416666666 0.6330055555555555 0.7995078125 0.617750925925926 0.7999364583333333 0.6299546296296297 0.79264375 0.6421583333333333 0.780203125 0.6406324074074075 0.7711947916666666 0.6322425925925926 0.7694786458333333 0.616225925925926 0.7729104166666667 0.6017342592592593 0.7780583333333334 0.5925814814814815
0 0.8179677083333333 0.3943962962962963 0.8119484375 0.4064787037037037 0.8132354166666667 0.4217324074074074 0.8089453125 0.43927499999999997 0.805084375 0.45300370370370374 0.8007947916666667 0.46825833333333333 0.8020817708333333 0.4835129629629629 0.8012234374999999 0.5010555555555556 0.7930729166666667 0.5155472222222223 0.7896411458333333 0.5308009259259259 0.7896411458333333 0.5567333333333334 0.7900697916666667 0.566649074074074 0.7965046875 0.571987962962963 0.8037973958333333 0.5643611111111111 0.8093744791666667 0.5605472222222222 0.8132354166666667 0.5308009259259259 0.8132354166666667 0.5132583333333333 0.8136640624999999 0.4964787037037037 0.8162380208333333 0.46978425925925926 0.8209567708333334 0.45224166666666665 0.8200989583333332 0.4308851851851852 0.8192411458333333 0.41791944444444445 0.8231020833333333 0.40571574074074074
0 0.807159375 0.6764453703703704 0.8153802083333334 0.6819425925925926 0.8188119791666666 0.6964342592592593 0.8153802083333334 0.7139768518518519 0.8140932291666666 0.7284685185185185 0.8029395833333334 0.7254175925925926 0.7952177083333333 0.7025361111111111 0.795646875 0.6766037037037037 0.7960755208333333 0.660587037037037 0.7965046875 0.6453324074074074 0.7982208333333334 0.6316037037037037 0.7990786458333333 0.6132981481481481 0.800365625 0.6056712962962963 0.8115192708333333 0.5957555555555556 0.8149510416666667 0.5896546296296297 0.8119484375 0.6216879629629629 0.8085161458333334 0.6430444444444445 0.8085161458333334 0.6590611111111111
0 0.41366093750000005 0.3880425925925926 0.42442031249999995 0.3814768518518519 0.43425364583333337 0.3746083333333333 0.446896875 0.37023796296296296 0.45602760416666666 0.3602472222222222 0.46761718750000003 0.3471351851851852 0.47604583333333333 0.33214907407407407 0.48763489583333336 0.3327740740740741 0.4950098958333333 0.33589629629629625 0.498521875 0.34651111111111116 0.4936052083333333 0.36524259259259256 0.4823671875 0.3646185185185185 0.4679682291666667 0.36774074074074076 0.45673020833333333 0.3758574074074074 0.4458432291666667 0.3870962962962963 0.43179531250000003 0.3889703703703704 0.42055729166666667 0.3995851851851852
0 0.45000208333333336 0.38860370370370373 0.45462291666666665 0.39896018518518517 0.4648072916666666 0.3870962962962963 0.47955729166666666 0.3945898148148148 0.4957125 0.3789796296296296 0.5097598958333334 0.3646185185185185 0.528021875 0.345262037037037 0.5424208333333334 0.33776944444444446 0.5512005208333334 0.3371444444444444 0.5624385416666667 0.3165398148148148 0.5659505208333333 0.2953101851851852 0.5610338541666666 0.279075 0.5413671875 0.2828222222222222 0.5297776041666666 0.29031481481481486 0.5262661458333333 0.31091944444444447 0.5115161458333334 0.33339814814814817 0.5020338541666667 0.34651111111111116 0.4936052083333333 0.36336944444444447 0.47604583333333333 0.37960370370370367 0.46164687499999996 0.37960370370370367
