0 0.55625 0.17777777777777778 0.5546875 0.18518518518518517 0.5703125 0.20462962962962963 0.5989583333333334 0.21388888888888888 0.6489583333333333 0.2564814814814815 0.6546875 0.2537037037037037 0.6515625 0.24166666666666667 0.6307291666666667 0.21203703703703702 0.5994791666666667 0.1935185185185185 0.5755208333333334 0.1685185185185185 0.5614583333333333 0.16666666666666666
0 0.6765625 0.8601851851851852 0.6927083333333334 0.8777777777777778 0.6973958333333333 0.9212962962962963 0.7015625 0.9083333333333333 0.7197916666666667 0.912962962962963 0.7328125 0.9111111111111111 0.7421875 0.9046296296296297 0.7635416666666667 0.9 0.7859375 0.887962962962963 0.8015625 0.8759259259259259 0.8255208333333334 0.8453703703703703 0.8296875 0.8379629629629629 0.8307291666666666 0.8287037037037037 0.8265625 0.8222222222222222 0.8213541666666667 0.8231481481481482 0.8083333333333333 0.8351851851851851 0.784375 0.8453703703703703 0.775 0.8555555555555555 0.6895833333333333 0.8648148148148148
0 0.3921875 0.8981481481481481 0.3927083333333333 0.9074074074074074 0.39895833333333336 0.9111111111111111 0.4354166666666667 0.9175925925925926 0.4859375 0.9111111111111111 0.5302083333333333 0.912962962962963 0.5572916666666666 0.8972222222222223 0.5604166666666667 0.899074074074074 0.5661458333333333 0.912962962962963 0.5666666666666667 0.9287037037037037 0.5682291666666667 0.9296296296296296 0.5723958333333333 0.9222222222222223 0.5723958333333333 0.9111111111111111 0.5598958333333334 0.8824074074074074 0.5578125 0.8675925925925926 0.5604166666666667 0.8555555555555555 0.5765625 0.8287037037037037 0.5723958333333333 0.8287037037037037 0.5463541666666667 0.8537037037037037 0.5229166666666667 0.8518518518518519 0.5125 0.8453703703703703 0.509375 0.8481481481481481 0.5072916666666667 0.8583333333333333 0.49114583333333334 0.8648148148148148 0.440625 0.8685185185185185 0.4197916666666667 0.8740740740740741 0.40989583333333335 0.8842592592592593 0.4 0.887962962962963
0 0.351003125 0.7390666666666666 0.36392447916666665 0.757449074074074 0.3613401041666667 0.7700861111111111 0.34712656249999996 0.794212962962963 0.3645833333333333 0.7759259259259259 0.37447916666666664 0.7870370370370371 0.3854166666666667 0.7925925925925926 0.4625 0.7870370370370371 0.4708333333333333 0.7824074074074074 0.4822916666666667 0.7842592592592592 0.4875 0.7787037037037037 0.4859375 0.7694444444444445 0.4822916666666667 0.7657407407407407 0.4734375 0.7648148148148148 0.4630208333333333 0.7583333333333333 0.4125 0.7583333333333333 0.3776041666666667 0.7435185185185185 0.368446875 0.7551509259259259
0 0.23139166666666666 0.22080925925925926 0.23838281249999999 0.22931018518518517 0.24372708333333334 0.23157222222222223 0.2460171875 0.2401703703703704 0.25416041666666667 0.2469583333333333 0.26663020833333334 0.27999259259259257 0.25797760416666665 0.24379074074074072 0.2707015625 0.22659444444444446 0.27400989583333335 0.2089462962962963 0.28597083333333334 0.1718388888888889 0.2966588541666667 0.15259907407407405 0.30225729166666665 0.13721296296296295 0.302003125 0.12318425925925924 0.31192760416666665 0.10508333333333333 0.32490625 0.09965277777777778 0.3305046875 0.08155185185185185 0.3297411458333333 0.07793240740740741 0.33661250000000004 0.06616666666666667 0.342465625 0.061640740740740746 0.34322864583333335 0.04851759259259259 0.3363578125 0.048970370370370365 0.32846875 0.05440092592592593 0.32159791666666665 0.06299814814814815 0.3167630208333333 0.05937870370370371 0.30403854166666666 0.06797592592592593 0.2946229166666667 0.09558055555555556 0.280371875 0.12227962962962964 0.26815677083333334 0.14943148148148147 0.2653578125 0.16029166666666667 0.25288802083333334 0.18110833333333334 0.2457625 0.19920925925925925 0.2442359375 0.2182148148148148 0.24449010416666667 0.22455 0.23736458333333335 0.22093055555555555 0.22922135416666667 0.20825925925925926 0.22515000000000002 0.19468333333333335 0.22871249999999999 0.2141425925925926 0.23151197916666666 0.22409814814814816
0 0.30221354166666664 0.13687222222222223 0.30480208333333336 0.14626296296296296 0.30785625 0.15621851851851853 0.3126911458333333 0.1675324074074074 0.3195619791666667 0.16572222222222222 0.328978125 0.14400092592592592 0.32490625 0.14535833333333334 0.3170171875 0.16119722222222221 0.3134546875 0.16119722222222221 0.30760156250000004 0.14807314814814815 0.3223614583333333 0.14354814814814815 0.3266875 0.1354027777777778 0.3363578125 0.13947592592592592 0.33304947916666666 0.1317824074074074 0.3493364583333333 0.11911203703703703 0.36435052083333336 0.11730185185185185 0.3826734375 0.12680462962962963 0.3946338541666667 0.1245425925925926 0.3969244791666667 0.12046944444444445 0.41142968750000003 0.12499444444444445 0.41702812499999997 0.1105138888888889 0.4109208333333333 0.10372592592592593 0.39946927083333333 0.1041787037037037 0.3936161458333334 0.09512777777777778 0.3798739583333333 0.09241296296296296 0.3648598958333333 0.09286574074074075 0.3299958333333333 0.09965277777777778 0.32058020833333334 0.10146296296296296 0.3096375 0.10463055555555556 0.30149375 0.12137407407407408
0 0.43697916666666664 0.08262314814814815 0.45729166666666665 0.0946601851851852 0.45989583333333334 0.12614166666666668 0.47291666666666665 0.19466018518518519 0.47552083333333334 0.2742898148148148 0.4864583333333333 0.3168824074074074 0.4901041666666667 0.32151203703703707 0.4942708333333333 0.32151203703703707 0.49635416666666665 0.31503055555555554 0.4947916666666667 0.26040092592592595 0.490625 0.22984537037037037 0.4869791666666667 0.1705861111111111 0.4856802083333333 0.13365000000000002 0.49206979166666664 0.13329537037037037 0.4844822916666667 0.1134111111111111 0.48148697916666666 0.10204907407407407 0.47629531249999996 0.08855555555555555 0.479290625 0.08003425925925926 0.488875 0.06725092592592592 0.49583333333333335 0.06317870370370371 0.4942708333333333 0.05947500000000001 0.4859375 0.06317870370370371 0.459375 0.08632685185185185
0 0.2635416666666667 0.5314814814814814 0.2630208333333333 0.537962962962963 0.2708333333333333 0.5601851851851852 0.26927083333333335 0.5814814814814815 0.26614583333333336 0.5907407407407408 0.26614583333333336 0.6203703703703703 0.27395833333333336 0.6388888888888888 0.2755208333333333 0.6370370370370371 0.27239583333333334 0.6305555555555555 0.26927083333333335 0.6129629629629629 0.2786458333333333 0.5925925925925926 0.2984375 0.6064814814814815 0.303125 0.6046296296296296 0.3140625 0.6083333333333333 0.3380208333333333 0.6314814814814815 0.35833333333333334 0.6462962962962963 0.3776041666666667 0.6518518518518519 0.384375 0.6574074074074074 0.39166666666666666 0.6546296296296297 0.3927083333333333 0.6462962962962963 0.390625 0.6407407407407407 0.378125 0.6324074074074074 0.36041666666666666 0.6129629629629629 0.325 0.5888888888888889 0.3145833333333333 0.575925925925926 0.31145833333333334 0.5638888888888889 0.28072916666666664 0.5546296296296296 0.27291666666666664 0.5425925925925926 0.27395833333333336 0.5287037037037037 0.2677083333333333 0.5277777777777778
0 0.5799932291666666 0.11537407407407407 0.5750031250000001 0.11352129629629629 0.5745119791666667 0.10216203703703704 0.582128125 0.09342407407407408 0.5958864583333334 0.08424999999999999 0.6101359375000001 0.0724537037037037 0.6300359375000001 0.07289074074074074 0.6482166666666667 0.0816287037037037 0.6686083333333334 0.07551203703703703 0.6639401041666667 0.0698324074074074 0.6749958333333334 0.07551203703703703 0.6867885416666667 0.07376481481481481 0.6975989583333334 0.07857037037037036 0.7034953125 0.06939629629629629 0.7084088541666667 0.05585277777777778 0.716025 0.04580462962962963 0.7091458333333333 0.061532407407407404 0.7066890625000001 0.0698324074074074 0.7007927083333333 0.08119166666666666 0.7030036458333334 0.0894925925925926 0.700546875 0.10216203703703704 0.7049692708333333 0.11177314814814815 0.6995640625 0.10609351851851852 0.6963703124999999 0.10784166666666666 0.6784354166666666 0.10958888888888889 0.6590265624999999 0.10565740740740741 0.6324927083333333 0.0991037037037037 0.6189802083333333 0.09822962962962963 0.6086614583333334 0.09954074074074075 0.5971145833333333 0.10740462962962963 0.5934291666666667 0.10958888888888889 0.5872875000000001 0.10871481481481482
0 0.5937463541666667 0.10803888888888889 0.592446875 0.1205111111111111 0.5944119791666667 0.1275009259259259 0.5877786458333334 0.13886018518518517 0.5779515624999999 0.15589814814814815 0.5863046875 0.14410277777777777 0.5963776041666667 0.13186944444444446 0.6049765625 0.13973333333333335 0.6209458333333333 0.1419185185185185 0.6292989583333333 0.15983055555555556 0.6273333333333333 0.1392972222222222 0.6457598958333333 0.14672407407407406 0.6649229166666667 0.14148148148148149 0.681875 0.14628703703703705 0.7012838541666666 0.14628703703703705 0.7204473958333334 0.14235462962962964 0.7199557291666667 0.13711203703703703 0.7334682291666667 0.13318055555555555 0.7418213541666667 0.1253166666666667 0.7447697916666667 0.11133611111111111 0.7373994791666667 0.1069675925925926 0.7216755208333333 0.11570555555555556 0.7177447916666666 0.11177314814814815 0.700546875 0.1069675925925926 0.6700822916666667 0.10740462962962963 0.6437942708333334 0.10216203703703704 0.619471875 0.09779351851851852 0.6076791666666667 0.1030361111111111
0 0.6927083333333334 0.2796296296296296 0.6994791666666667 0.3111111111111111 0.7072916666666667 0.3296296296296296 0.715625 0.337037037037037 0.7203125 0.337037037037037 0.7229166666666667 0.3314814814814815 0.7276041666666667 0.3296296296296296 0.7286458333333333 0.31666666666666665 0.7390625 0.30185185185185187 0.7432291666666667 0.2851851851851852 0.75 0.275 0.7598958333333333 0.26851851851851855 0.7677083333333333 0.2675925925925926 0.7760416666666666 0.2722222222222222 0.7859375 0.29074074074074074 0.7869791666666667 0.3074074074074074 0.7854166666666667 0.32222222222222224 0.7796875 0.3453703703703704 0.7833333333333333 0.34629629629629627 0.7875 0.34074074074074073 0.7932291666666667 0.3138888888888889 0.7927083333333333 0.28888888888888886 0.7869791666666667 0.26851851851851855 0.7791666666666667 0.25555555555555554 0.7651041666666667 0.24722222222222223 0.7463541666666667 0.25 0.7307291666666667 0.26296296296296295 0.7270833333333333 0.26296296296296295 0.7239583333333334 0.25833333333333336 0.70625 0.29444444444444445 0.7020833333333333 0.2972222222222222 0.6979166666666666 0.29444444444444445 0.696875 0.28703703703703703
0 0.6022911458333333 0.6897657407407407 0.5989583333333334 0.7 0.5927083333333333 0.7314814814814815 0.5953125 0.7361111111111112 0.5994791666666667 0.7268518518518519 0.6005208333333333 0.7 0.6026041666666667 0.6962962962962963 0.6077604166666667 0.6927583333333333 0.6375 0.7166666666666667 0.6479166666666667 0.7166666666666667 0.6713541666666667 0.7268518518518519 0.6994791666666667 0.7324074074074074 0.7166666666666667 0.7277777777777777 0.7473958333333334 0.7092592592592593 0.7536458333333333 0.6981481481481482 0.7515625 0.6916666666666667 0.7447916666666666 0.6898148148148148 0.69375 0.7018518518518518 0.6697916666666667 0.6935185185185185 0.6567708333333333 0.6814814814814815 0.6489583333333333 0.6694444444444444 0.6182291666666667 0.6425925925925926 0.6229166666666667 0.6203703703703703 0.6229166666666667 0.6111111111111112 0.6123880208333333 0.6493675925925926 0.6083333333333333 0.6388888888888888 0.6067708333333334 0.6342592592592593 0.6052083333333333 0.6361111111111111 0.6057291666666667 0.6444444444444445 0.6111260416666667 0.656100925925926 0.6115463541666667 0.6650777777777778 0.6015625 0.6777777777777778
0 0.41240625000000003 0.6404462962962963 0.4033234375 0.6522583333333333 0.40009843749999996 0.6665944444444445 0.38343750000000004 0.6876203703703704 0.37430052083333337 0.6962222222222222 0.3683885416666667 0.7182037037037037 0.37403177083333333 0.7492657407407407 0.379675 0.7411416666666667 0.37403177083333333 0.7263277777777778 0.37725625 0.7115138888888889 0.3912307291666667 0.6990898148148149 0.40359218750000003 0.6900101851851852 0.4135354166666667 0.6804527777777778 0.422671875 0.6699398148148148 0.42697187499999995 0.6570370370370371 0.425896875 0.6431787037037038 0.4191786458333333 0.6355333333333333
0 0.339553125 0.5602148148148148 0.3444713541666667 0.5748277777777777 0.3506520833333333 0.5872518518518518 0.3579078125 0.5982425925925926 0.36167031250000004 0.591075 0.37403177083333333 0.6011101851851851 0.39042447916666667 0.615924074074074 0.40762291666666667 0.6331268518518519 0.4178348958333334 0.643162037037037 0.43073385416666665 0.6579759259259259 0.4401395833333333 0.672312037037037 0.44820156250000004 0.6689675925925926 0.44148333333333334 0.6517638888888888 0.43772083333333334 0.6340833333333333 0.42750937499999997 0.6144907407407407 0.4070854166666667 0.5939425925925925 0.39445520833333336 0.5839074074074074 0.37940625 0.5676592592592593 0.3732255208333333 0.5595361111111111 0.3756442708333333 0.5518898148148149 0.36811979166666664 0.5499787037037037 0.35710156249999997 0.5404212962962963 0.34635260416666663 0.5432879629629629 0.33963385416666664 0.5499787037037037 0.339096875 0.5647925925925926
0 0.3109375 0.5648148148148148 0.31197916666666664 0.5777777777777777 0.32135416666666666 0.575925925925926 0.3302083333333333 0.5638888888888889 0.3375 0.5592592592592592 0.34375 0.5462962962962963 0.3802083333333333 0.5046296296296297 0.3921875 0.48703703703703705 0.39895833333333336 0.4824074074074074 0.4119791666666667 0.44166666666666665 0.42135416666666664 0.4351851851851852 0.4276041666666667 0.42407407407407405 0.4317708333333333 0.41203703703703703 0.4317708333333333 0.4 0.425 0.41944444444444445 0.4114583333333333 0.42777777777777776 0.3932291666666667 0.40925925925925927 0.3890625 0.4 0.3802083333333333 0.39444444444444443 0.38333333333333336 0.40370370370370373 0.390625 0.40925925925925927 0.3921875 0.41759259259259257 0.3765625 0.45092592592592595 0.3729166666666667 0.45092592592592595 0.37447916666666664 0.4601851851851852 0.37135416666666665 0.4722222222222222 0.35625 0.4981481481481482 0.32708333333333334 0.5333333333333333
0 0.4401171875 0.3941777777777778 0.4471041666666667 0.3870092592592593 0.4535536458333333 0.3917879629629629 0.45221041666666667 0.40325648148148147 0.4551661458333333 0.42667222222222223 0.4570473958333333 0.44196388888888893 0.4562411458333333 0.4491324074074074 0.461884375 0.4472203703703704 0.46725937500000003 0.4744592592592593 0.47182760416666664 0.5091129629629629 0.465646875 0.5525981481481482 0.4559723958333333 0.5817481481481481 0.48042708333333334 0.5416074074074074 0.4828458333333333 0.49859907407407406 0.48015833333333335 0.45606944444444447 0.47988958333333337 0.4297870370370371 0.48553281249999997 0.43122037037037036 0.47908333333333336 0.417362037037037 0.4761270833333333 0.3948861111111111 0.467796875 0.3829388888888889 0.4858015625 0.3585675925925926 0.47451510416666665 0.36478055555555555 0.464303125 0.38055 0.4597348958333333 0.3772046296296296 0.45489739583333333 0.3838953703703704 0.44764166666666666 0.3829388888888889 0.4398484375 0.3872398148148148 0.4409234375 0.39775277777777773
0 0.45687916666666667 0.5823740740740742 0.44576041666666666 0.5953759259259259 0.4401171875 0.6125787037037037 0.43635520833333336 0.6293046296296296 0.43635520833333336 0.6469851851851852 0.44844791666666667 0.6546314814814814 0.45570364583333334 0.6541537037037037 0.45731614583333335 0.6445962962962963 0.47263385416666664 0.6321712962962963 0.4806958333333334 0.6197472222222222 0.4763958333333333 0.6082777777777778 0.4849953125 0.5810398148148148 0.5024630208333334 0.5504564814814815 0.5183182291666667 0.5203509259259259 0.5360541666666666 0.49502407407407406 0.5419666666666667 0.49072314814814816 0.5419666666666667 0.4830768518518518 0.5508343750000001 0.47590925925925925 0.5594338541666667 0.46969722222222227 0.5626588541666667 0.4505824074074074 0.5535218749999999 0.4434138888888889 0.5470723958333333 0.44723703703703704 0.5371291666666667 0.4653962962962963 0.5279921875 0.4582277777777778 0.5150932291666667 0.47734259259259254 0.5027317708333333 0.5012361111111111 0.4892953125 0.5246518518518519 0.4806958333333334 0.5437657407407408 0.46161562500000003 0.5733935185185185 0.45167291666666665 0.5686148148148149
