0 0.5770833333333333 0.4861111111111111 0.5822916666666667 0.49444444444444446 0.5869791666666667 0.5092592592592593 0.5880208333333333 0.5259259259259259 0.5828125 0.55 0.5692708333333333 0.5703703703703704 0.5713541666666667 0.575 0.5760416666666667 0.5731481481481482 0.5916666666666667 0.5509259259259259 0.5958333333333333 0.5370370370370371 0.596875 0.5092592592592593 0.5927083333333333 0.48518518518518516 0.5546875 0.41944444444444445 0.5328125 0.40185185185185185 0.5291666666666667 0.4046296296296296 0.5238713541666666 0.42515462962962963 0.5260416666666666 0.4351851851851852 0.5447916666666667 0.4648148148148148 0.5473958333333333 0.462037037037037 0.5546875 0.4648148148148148 0.5770833333333333 0.4861111111111111
0 0.4666666666666667 0.6462962962962963 0.4703125 0.6472222222222223 0.4739583333333333 0.6351851851851852 0.47291666666666665 0.6027777777777777 0.4744791666666667 0.5861111111111111 0.465625 0.4981481481481482 0.46458333333333335 0.4675925925925926 0.4666666666666667 0.4287037037037037 0.45729166666666665 0.38981481481481484 0.44114583333333335 0.39537037037037037 0.440625 0.4074074074074074 0.440625 0.44166666666666665 0.4510416666666667 0.5055555555555555 0.4546875 0.5842592592592593 0.46145833333333336 0.6157407407407407 0.4625 0.6370370370370371 0.4666666666666667 0.6462962962962963
0 0.3859375 0.21296296296296297 0.3854166666666667 0.22037037037037038 0.3963541666666667 0.22685185185185186 0.4140625 0.23055555555555557 0.4203125 0.23055555555555557 0.42552083333333335 0.22407407407407406 0.4234375 0.21388888888888888 0.4088541666666667 0.2074074074074074 0.39739583333333334 0.1925925925925926 0.3697916666666667 0.17037037037037037 0.35 0.14907407407407408 0.334375 0.125 0.3265625 0.1175925925925926 0.3104166666666667 0.11296296296296296 0.30520833333333336 0.11944444444444445 0.3026041666666667 0.12777777777777777 0.3015625 0.1388888888888889 0.3171875 0.15833333333333333 0.3463541666666667 0.1787037037037037 0.3729166666666667 0.2064814814814815 0.3796875 0.2064814814814815 0.3859375 0.21296296296296297
0 0.2760416666666667 0.36666666666666664 0.30416666666666664 0.3074074074074074 0.3140625 0.29444444444444445 0.31927083333333334 0.26851851851851855 0.3203125 0.23981481481481481 0.3078125 0.22962962962962963 0.30625 0.225 0.2947916666666667 0.2518518518518518 0.2875 0.2712962962962963 0.2869791666666667 0.28888888888888886 0.2833333333333333 0.3055555555555556 0.25104166666666666 0.38425925925925924 0.24635416666666668 0.40370370370370373 0.24635416666666668 0.41203703703703703 0.240625 0.43148148148148147 0.24114583333333334 0.4462962962962963 0.24375 0.45092592592592595 0.24791666666666667 0.45 0.2557291666666667 0.425 0.2635416666666667 0.41388888888888886 0.2760416666666667 0.36666666666666664
0 0.31197916666666664 0.5694444444444444 0.3296875 0.5925925925925926 0.34479166666666666 0.5990740740740741 0.3546875 0.5990740740740741 0.3614583333333333 0.575925925925926 0.3375 0.5444444444444444 0.32760416666666664 0.5472222222222223 0.31302083333333336 0.5398148148148149 0.2947916666666667 0.5212962962962963 0.28854166666666664 0.5092592592592593 0.26666666666666666 0.49166666666666664 0.25677083333333334 0.47314814814814815 0.25052083333333336 0.4722222222222222 0.24947916666666667 0.47685185185185186 0.2515625 0.487962962962963 0.25729166666666664 0.4981481481481482 0.2630208333333333 0.5175925925925926 0.275 0.5370370370370371 0.31197916666666664 0.5694444444444444
0 0.41041666666666665 0.7194444444444444 0.428125 0.7046296296296296 0.4432291666666667 0.6851851851851852 0.43802083333333336 0.6638888888888889 0.4359375 0.6611111111111111 0.428125 0.662962962962963 0.415625 0.6768518518518518 0.39895833333333336 0.712037037037037 0.38958333333333334 0.7435185185185185 0.39010416666666664 0.7814814814814814 0.3932291666666667 0.799074074074074 0.3963541666666667 0.8046296296296296 0.3984375 0.7601851851851852 0.40260416666666665 0.7407407407407407 0.41041666666666665 0.7194444444444444
0 0.625 0.8527777777777777 0.6286458333333333 0.8462962962962963 0.6296875 0.837037037037037 0.625 0.8342592592592593 0.58125 0.8564814814814815 0.5380208333333333 0.8564814814814815 0.5223958333333333 0.8629629629629629 0.5197916666666667 0.8685185185185185 0.5208333333333334 0.8925925925925926 0.5359375 0.9 0.546875 0.9 0.5677083333333334 0.8861111111111111 0.6114583333333333 0.8685185185185185 0.625 0.8527777777777777
0 0.40989583333333335 0.8759259259259259 0.41875 0.8703703703703703 0.42864583333333334 0.8490740740740741 0.4239583333333333 0.8444444444444444 0.4036458333333333 0.8462962962962963 0.3671875 0.8203703703703704 0.340625 0.8148148148148148 0.33489583333333334 0.8101851851851852 0.3182291666666667 0.8240740740740741 0.3125 0.837037037037037 0.3140625 0.8648148148148148 0.34010416666666665 0.8731481481481481 0.35052083333333334 0.8731481481481481 0.36770833333333336 0.8657407407407407 0.39895833333333336 0.8759259259259259 0.40989583333333335 0.8759259259259259
0 0.6229166666666667 0.6537037037037037 0.6244791666666667 0.6287037037037037 0.6213541666666667 0.6231481481481481 0.6171875 0.6268518518518519 0.6104166666666667 0.6620370370370371 0.6078125 0.7046296296296296 0.609375 0.7462962962962963 0.6057291666666667 0.762962962962963 0.6052083333333333 0.787962962962963 0.6072916666666667 0.8018518518518518 0.6182291666666667 0.8027777777777778 0.621875 0.7953703703703704 0.6255208333333333 0.7722222222222223 0.6229166666666667 0.6537037037037037
0 0.7859375 0.487962962962963 0.7786458333333334 0.4861111111111111 0.7510416666666667 0.5111111111111111 0.7203125 0.5638888888888889 0.7088541666666667 0.5796296296296296 0.6989583333333333 0.5861111111111111 0.6854166666666667 0.6185185185185185 0.6833333333333333 0.6351851851851852 0.6932291666666667 0.6453703703703704 0.7020833333333333 0.6407407407407407 0.7744791666666667 0.5101851851851852 0.784375 0.4981481481481482 0.7859375 0.487962962962963
0 0.740625 0.6888888888888889 0.7463541666666667 0.6796296296296296 0.7463541666666667 0.6648148148148149 0.7401041666666667 0.6546296296296297 0.728125 0.6546296296296297 0.7109375 0.6638888888888889 0.696875 0.6768518518518518 0.6692708333333334 0.6861111111111111 0.6479166666666667 0.6981481481481482 0.6307291666666667 0.7129629629629629 0.6255208333333333 0.7212962962962963 0.6265625 0.7277777777777777 0.6411458333333333 0.7231481481481481 0.6557291666666667 0.7240740740740741 0.7041666666666667 0.700925925925926 0.7302083333333333 0.6972222222222222 0.740625 0.6888888888888889
0 0.31875 0.5768518518518518 0.32864583333333336 0.5916666666666667 0.3375 0.5972222222222222 0.3546875 0.6 0.3619791666666667 0.575 0.3546875 0.5703703703703704 0.3390625 0.549074074074074 0.3375 0.5435185185185185 0.3333333333333333 0.5472222222222223 0.325 0.5472222222222223 0.30520833333333336 0.5361111111111111 0.3026041666666667 0.5324074074074074 0.3026041666666667 0.5231481481481481 0.3692708333333333 0.4101851851851852 0.3765625 0.39166666666666666 0.3770833333333333 0.37592592592592594 0.38177083333333334 0.3574074074074074 0.38125 0.3425925925925926 0.3776041666666667 0.3416666666666667 0.375 0.3453703703703704 0.36875 0.3638888888888889 0.3567708333333333 0.3814814814814815 0.3302083333333333 0.4351851851851852 0.3145833333333333 0.45740740740740743 0.2984375 0.4675925925925926 0.2833333333333333 0.4981481481481482 0.2786458333333333 0.5018518518518519 0.26614583333333336 0.49074074074074076 0.2552083333333333 0.47129629629629627 0.25052083333333336 0.4722222222222222 0.24947916666666667 0.48055555555555557 0.2515625 0.4888888888888889 0.2578125 0.5 0.2630208333333333 0.5185185185185185 0.275 0.5370370370370371 0.31875 0.5768518518518518
0 0.7385416666666667 0.8527777777777777 0.7432291666666667 0.8666666666666667 0.7458333333333333 0.8962962962962963 0.7510416666666667 0.9074074074074074 0.7567708333333333 0.9092592592592592 0.7604166666666666 0.899074074074074 0.7583333333333333 0.8685185185185185 0.7619791666666667 0.8472222222222222 0.765625 0.7842592592592592 0.7692708333333333 0.7518518518518519 0.78125 0.687037037037037 0.78125 0.6518518518518519 0.7765625 0.6185185185185185 0.7713541666666667 0.6157407407407407 0.7567708333333333 0.6175925925925926 0.7520833333333333 0.6537037037037037 0.7463541666666667 0.6648148148148149 0.7473958333333334 0.6814814814814815 0.7526041666666666 0.700925925925926 0.7473958333333334 0.7527777777777778 0.7395833333333334 0.7935185185185185 0.7364583333333333 0.8342592592592593 0.7385416666666667 0.8527777777777777
0 0.8078125 0.875 0.81875 0.8324074074074074 0.8317708333333333 0.7398148148148148 0.8385416666666666 0.7166666666666667 0.8390625 0.6861111111111111 0.8359375 0.6574074074074074 0.8177083333333334 0.6574074074074074 0.8114583333333333 0.6962962962962963 0.8088541666666667 0.7685185185185185 0.7984375 0.8101851851851852 0.7953125 0.8444444444444444 0.7973958333333333 0.8888888888888888 0.7989583333333333 0.8972222222222223 0.8046875 0.9009259259259259 0.8083333333333333 0.8935185185185185 0.8078125 0.875
0 0.8244791666666667 0.5370370370370371 0.821875 0.5185185185185185 0.8088541666666667 0.49722222222222223 0.8010416666666667 0.475 0.7869791666666667 0.3962962962962963 0.7854166666666667 0.3611111111111111 0.7822916666666667 0.34629629629629627 0.7635416666666667 0.3055555555555556 0.7484375 0.32222222222222224 0.7494791666666667 0.36018518518518516 0.7541666666666667 0.38055555555555554 0.7864583333333334 0.4759259259259259 0.80625 0.5212962962962963 0.81875 0.5370370370370371 0.8244791666666667 0.5370370370370371
0 0.7661458333333333 0.11296296296296296 0.7895833333333333 0.11296296296296296 0.7994791666666666 0.1037037037037037 0.8 0.08703703703703704 0.7979166666666667 0.07592592592592592 0.7713541666666667 0.06666666666666667 0.7671875 0.07037037037037037 0.7192708333333333 0.06944444444444445 0.7 0.07777777777777778 0.68125 0.1 0.6807291666666667 0.10648148148148148 0.6838541666666667 0.10925925925925926 0.696875 0.10277777777777777 0.7052083333333333 0.10462962962962963 0.7432291666666667 0.09907407407407408 0.7661458333333333 0.11296296296296296
0 0.80625 0.337037037037037 0.8088541666666667 0.3296296296296296 0.8067708333333333 0.30277777777777776 0.8098958333333334 0.28703703703703703 0.8125 0.14166666666666666 0.8104166666666667 0.12222222222222222 0.8067708333333333 0.11203703703703703 0.7984375 0.10833333333333334 0.7911458333333333 0.11481481481481481 0.7895833333333333 0.13148148148148148 0.7916666666666666 0.1638888888888889 0.7911458333333333 0.26944444444444443 0.7979166666666667 0.32592592592592595 0.8005208333333333 0.33425925925925926 0.80625 0.337037037037037
0 0.44947916666666665 0.25277777777777777 0.44557291666666665 0.2875 0.44296875 0.32916666666666666 0.45598958333333334 0.2967592592592593 0.46510416666666665 0.26435185185185184 0.4703125 0.21805555555555556 0.47734375 0.16111111111111112 0.4825520833333333 0.1287037037037037 0.4765625 0.09490740740740741 0.4674479166666667 0.08101851851851852 0.45546875 0.1087962962962963 0.45807291666666666 0.1388888888888889 0.46067708333333335 0.16203703703703703 0.45651041666666664 0.20092592592592592 0.44947916666666665 0.25277777777777777
0 0.50509375 0.3201601851851852 0.5081052083333334 0.3050675925925926 0.5048203125 0.28462037037037036 0.5034515625 0.2690416666666667 0.5004401041666667 0.25930555555555557 0.49688125 0.25784444444444443 0.49523854166666664 0.2549240740740741 0.49277447916666667 0.24518703703703706 0.49277447916666667 0.23398981481481482 0.49085833333333334 0.21597685185185184 0.4871625 0.18945555555555554 0.4871625 0.2045472222222222 0.48770989583333335 0.2230472222222222 0.48770989583333335 0.2400861111111111 0.4890786458333333 0.24544166666666667 0.47867552083333337 0.25031018518518516 0.472653125 0.25907314814814814 0.4666302083333333 0.2688101851851852 0.46471406249999997 0.27952037037037036 0.46005989583333334 0.28828333333333334 0.45622708333333334 0.2994805555555556 0.4474666666666666 0.3170064814814815 0.44089635416666667 0.3340462962962963 0.4351473958333333 0.3442694444444444 0.4280296875 0.35157222222222223 0.42447083333333335 0.35936111111111113 0.422828125 0.3690981481481481 0.422828125 0.37883518518518516 0.4173526041666667 0.38954537037037035 0.41379375 0.39538703703703704 0.41872135416666667 0.4022027777777778 0.4247442708333333 0.39490000000000003 0.43186197916666663 0.3880851851851852 0.43870625 0.3764009259259259 0.4482880208333333 0.36568981481481483 0.4543109375 0.35059814814814816 0.4708734375 0.3133444444444444 0.48428802083333333 0.29776574074074075 0.4930484375 0.282187037037037 0.4979760416666667 0.26563425925925926 0.5018088541666667 0.28316018518518515 0.503725 0.29776574074074075 0.50509375 0.3201601851851852
0 0.8377348958333334 0.39357129629629634 0.831271875 0.392687037037037 0.8245598958333333 0.39622314814814813 0.8220739583333334 0.3957814814814815 0.8096447916666667 0.3909185185185185 0.8016901041666666 0.3820777777777778 0.7887635416666666 0.38428796296296297 0.8011927083333333 0.3887083333333333 0.813125 0.39666574074074074 0.8195885416666666 0.4059490740740741 0.8180968750000001 0.42407314814814817 0.81859375 0.44485092592592596 0.8198369791666666 0.46872222222222226 0.8225713541666667 0.48728888888888894 0.8248083333333334 0.5058555555555555 0.8272942708333333 0.520000925925926 0.8272942708333333 0.5407777777777777 0.8277916666666666 0.5509453703703703 0.8272942708333333 0.5721648148148148 0.8280401041666666 0.5920574074074074 0.8292833333333333 0.6048768518518519 0.8302776041666667 0.6207916666666667 0.8302776041666667 0.6398 0.8327635416666667 0.6499675925925926 0.8399723958333334 0.6526194444444444 0.8441984375 0.6402425925925925 0.8449442708333332 0.6181388888888889 0.8474296875 0.602225 0.8484244791666666 0.5836583333333333 0.8504130208333333 0.5633231481481482 0.8456895833333333 0.5438722222222222 0.8451927083333334 0.5085074074074074 0.8451927083333334 0.4779481481481481 0.8486729166666667 0.4691638888888889 0.8484244791666666 0.4541342592592592 0.8479270833333333 0.4391037037037037 0.8437010416666666 0.4134638888888889 0.8377348958333334 0.39357129629629634
0 0.8481755208333334 0.2867490740740741 0.8476786458333333 0.2726027777777778 0.8486729166666667 0.26110925925925926 0.8481755208333334 0.24607962962962965 0.8464354166666667 0.22839722222222222 0.8422093749999999 0.21425092592592593 0.8364921875 0.1987787037037037 0.8357463541666666 0.1930324074074074 0.8399723958333334 0.1824222222222222 0.8441984375 0.1731388888888889 0.8491697916666666 0.1691601851851852 0.8543901041666667 0.1833064814814815 0.8548875 0.17579166666666665 0.8489213541666667 0.1651824074074074 0.8409666666666666 0.17004444444444444 0.8325145833333334 0.18153796296296296 0.8305260416666667 0.1912638888888889 0.8272942708333333 0.1912638888888889 0.8215770833333333 0.19524259259259258 0.8193395833333333 0.1948 0.8113848958333333 0.18816944444444444 0.8141192708333332 0.19612685185185186 0.8163567708333334 0.20408333333333334 0.815859375 0.2071777777777778 0.8166052083333334 0.21513518518518518 0.8180968750000001 0.240775 0.8215770833333333 0.26110925925925926 0.8248083333333334 0.2765814814814815 0.8302776041666667 0.29691666666666666 0.8297802083333334 0.3177759259259259 0.8292833333333333 0.33722592592592593 0.8300286458333334 0.35844537037037033 0.8322661458333334 0.3743592592592592 0.8350005208333333 0.3845268518518518 0.8382322916666667 0.3942527777777778 0.839475 0.39646296296296296 0.8449442708333332 0.41502962962962964 0.8469328125000001 0.42961759259259263 0.8496671875 0.4428796296296296 0.852153125 0.4437638888888889 0.8543901041666667 0.43271203703703703 0.8546390625 0.4212185185185185 0.8536447916666667 0.4053037037037037 0.8548875 0.39336851851851856 0.8548875 0.3686129629629629 0.8546390625 0.3574796296296296 0.8536447916666667 0.3393546296296296 0.849915625 0.3203462962962963 0.849915625 0.3026638888888889 0.8481755208333334 0.2867490740740741
