0 0.5911458333333334 0.24259259259259258 0.60625 0.21481481481481482 0.628125 0.18981481481481483 0.6307291666666667 0.18888888888888888 0.634375 0.19907407407407407 0.6364583333333333 0.18333333333333332 0.6442708333333333 0.175 0.6578125 0.14814814814814814 0.6682291666666667 0.1527777777777778 0.6869791666666667 0.175 0.6739583333333333 0.14907407407407408 0.659375 0.13796296296296295 0.6515625 0.1125 0.6505208333333333 0.09814814814814815 0.6421875 0.06111111111111111 0.6401041666666667 0.07962962962962963 0.6458333333333334 0.10833333333333334 0.6453125 0.11851851851851852 0.6229166666666667 0.14166666666666666 0.6020833333333333 0.18333333333333332 0.5734375 0.22870370370370371 0.5609375 0.25462962962962965 0.5536458333333333 0.2833333333333333 0.5447916666666667 0.30462962962962964 0.5458333333333333 0.31851851851851853 0.5484375 0.3212962962962963 0.553125 0.3194444444444444 0.5645833333333333 0.2935185185185185 0.5765625 0.27685185185185185 0.5911458333333334 0.24259259259259258
0 0.7244791666666667 0.48148148148148145 0.7125 0.46574074074074073 0.6942708333333333 0.49722222222222223 0.6890625 0.5333333333333333 0.6692708333333334 0.5953703703703703 0.6609375 0.6342592592592593 0.6619791666666667 0.6425925925925926 0.6838541666666667 0.6055555555555555 0.69375 0.575925925925926 0.7015625 0.5398148148148149 0.7182291666666667 0.5046296296296297 0.7244791666666667 0.48148148148148145
0 0.59375 0.5333333333333333 0.6223958333333334 0.5175925925925926 0.6541666666666667 0.4842592592592593 0.7088541666666667 0.44722222222222224 0.7255208333333333 0.42314814814814816 0.7307291666666667 0.4064814814814815 0.7421875 0.38796296296296295 0.7432291666666667 0.37592592592592594 0.740625 0.3712962962962963 0.7286458333333333 0.37592592592592594 0.7229166666666667 0.38425925925925924 0.7026041666666667 0.3990740740740741 0.6869791666666667 0.4212962962962963 0.6723958333333333 0.4324074074074074 0.5838541666666667 0.45185185185185184 0.5822916666666667 0.4666666666666667 0.5828125 0.5055555555555555 0.5854166666666667 0.5296296296296297 0.578125 0.5861111111111111 0.5776041666666667 0.5990740740740741 0.5791666666666667 0.600925925925926 0.59375 0.5333333333333333
0 0.30364583333333334 0.8037037037037037 0.30520833333333336 0.7907407407407407 0.3015625 0.7824074074074074 0.2984375 0.7648148148148148 0.3026041666666667 0.6972222222222222 0.3026041666666667 0.662962962962963 0.29791666666666666 0.6361111111111111 0.29739583333333336 0.6148148148148148 0.2911458333333333 0.6064814814814815 0.2859375 0.6064814814814815 0.28541666666666665 0.6407407407407407 0.28229166666666666 0.6527777777777778 0.2786458333333333 0.737037037037037 0.27760416666666665 0.7944444444444444 0.2828125 0.8305555555555556 0.2890625 0.8481481481481481 0.303125 0.8462962962962963 0.30520833333333336 0.8351851851851851 0.30364583333333334 0.8037037037037037
0 0.24583333333333332 0.6425925925925926 0.24947916666666667 0.637962962962963 0.253125 0.6157407407407407 0.259375 0.5953703703703703 0.2625 0.5564814814814815 0.2635416666666667 0.49722222222222223 0.26875 0.475 0.2671875 0.4388888888888889 0.2708333333333333 0.42962962962962964 0.27395833333333336 0.42777777777777776 0.2546875 0.41574074074074074 0.24010416666666667 0.41944444444444445 0.24270833333333333 0.4305555555555556 0.23802083333333332 0.45740740740740743 0.2390625 0.5990740740740741 0.240625 0.6074074074074074 0.23958333333333334 0.637962962962963 0.24583333333333332 0.6425925925925926
0 0.48541666666666666 0.8574074074074074 0.49583333333333335 0.875 0.5057291666666667 0.8731481481481481 0.5104166666666666 0.8638888888888889 0.5041666666666667 0.8138888888888889 0.4875 0.7777777777777778 0.4828125 0.7592592592592593 0.4713541666666667 0.7305555555555555 0.45208333333333334 0.700925925925926 0.4276041666666667 0.6796296296296296 0.41875 0.6768518518518518 0.41510416666666666 0.6768518518518518 0.4161458333333333 0.6851851851851852 0.4578125 0.7518518518518519 0.4708333333333333 0.7833333333333333 0.47760416666666666 0.8287037037037037 0.48541666666666666 0.8574074074074074
0 0.40677083333333336 0.5953703703703703 0.415625 0.6064814814814815 0.4234375 0.6074074074074074 0.4276041666666667 0.5935185185185186 0.425 0.5712962962962963 0.40677083333333336 0.5185185185185185 0.4015625 0.5101851851851852 0.396875 0.4925925925925926 0.3807291666666667 0.462037037037037 0.3609375 0.4388888888888889 0.353125 0.4351851851851852 0.3515625 0.43796296296296294 0.353125 0.4462962962962963 0.3572916666666667 0.45092592592592595 0.39479166666666665 0.5398148148148149 0.40208333333333335 0.5814814814814815 0.40677083333333336 0.5953703703703703
0 0.42552083333333335 0.4388888888888889 0.42604166666666665 0.42407407407407405 0.43020833333333336 0.4111111111111111 0.4296875 0.40370370370370373 0.4239583333333333 0.37777777777777777 0.41822916666666665 0.3638888888888889 0.4166666666666667 0.35185185185185186 0.4083333333333333 0.3287037037037037 0.4 0.287962962962963 0.3880208333333333 0.2518518518518518 0.3796875 0.24166666666666667 0.3692708333333333 0.21944444444444444 0.3609375 0.21944444444444444 0.36041666666666666 0.23055555555555557 0.36822916666666666 0.24814814814814815 0.3953125 0.35185185185185186 0.4036458333333333 0.412962962962963 0.415625 0.43796296296296294 0.42552083333333335 0.4388888888888889
0 0.8263458333333333 0.2933638888888889 0.8269083333333334 0.2995611111111111 0.8267958333333334 0.3145537037037037 0.8285963541666667 0.3257490740740741 0.8275838541666667 0.3367435185185185 0.8260083333333333 0.3535361111111111 0.8217328125000001 0.3862185185185185 0.8200447916666668 0.400012037037037 0.8188072916666667 0.4100074074074074 0.8201572916666666 0.42480092592592594 0.8226328125 0.42939907407407407 0.8225203125 0.4355962962962963 0.8219578125000001 0.4471907407407407 0.8212828125 0.46218425925925927 0.8242083333333333 0.46178425925925926 0.8275838541666667 0.45538703703703703 0.8293838541666666 0.44199351851851854 0.8300593749999999 0.4299981481481482 0.831971875 0.42979814814814815 0.8335473958333334 0.42340185185185186 0.8352348958333333 0.4084083333333334 0.8383854166666667 0.3862185185185185 0.8400734375 0.3495518518518519 0.8422114583333333 0.3329592592592593 0.8418739583333333 0.31656666666666666 0.848428125 0.2903305555555556 0.850115625 0.27713611111111114 0.848878125 0.26614166666666667 0.848090625 0.25474629629629625 0.8467401041666667 0.24435092592592592 0.8487656250000001 0.23655462962962964 0.8521411458333333 0.2303574074074074 0.8541666666666666 0.2239601851851852 0.8588921875000001 0.22356018518518517 0.8558541666666667 0.21876296296296296 0.8522536458333333 0.2233601851851852 0.8468526041666667 0.23495555555555556 0.8425770833333334 0.23755462962962964 0.8378510416666667 0.23595462962962963 0.8325625 0.23715462962962963 0.8285963541666667 0.24534907407407405 0.8262333333333333 0.25554444444444446 0.8255583333333333 0.26993796296296296 0.8244333333333334 0.28053333333333336 0.8263458333333333 0.2933638888888889
0 0.8068989583333334 0.19215277777777778 0.8150234375000001 0.21380555555555555 0.82218125 0.2248037037037037 0.8304994791666667 0.22944351851851852 0.8373671874999999 0.22944351851851852 0.8385276041666666 0.22411666666666666 0.8392046875 0.2172425925925926 0.8393979166666666 0.21105555555555555 0.8380442708333333 0.19833888888888887 0.831853125 0.18176944444444446 0.8219020833333333 0.16216759259259259 0.806109375 0.13218796296296298 0.7945526041666666 0.10889351851851853 0.7738619791666667 0.07422685185185186 0.7669213541666667 0.07562314814814815 0.75985 0.06538611111111112 0.7531713541666666 0.057010185185185185 0.7445286458333332 0.05398611111111111 0.7408619791666666 0.05840648148148148 0.7408619791666666 0.07050462962962963 0.7487192708333333 0.07888055555555555 0.7544484375 0.08590462962962964 0.7665338541666666 0.10955462962962963 0.7843619791666666 0.1424888888888889 0.7919067708333334 0.15864259259259259 0.7995479166666667 0.1734212962962963 0.8068989583333334 0.19215277777777778
0 0.35091041666666667 0.15024444444444446 0.35703437499999996 0.13107592592592593 0.36636562500000003 0.11760555555555555 0.37336406250000004 0.1191601851851852 0.385028125 0.11786481481481481 0.395671875 0.1150148148148148 0.40121249999999997 0.10853888888888888 0.41779739583333336 0.10246296296296296 0.4252697916666667 0.09895462962962963 0.4417453125 0.09351481481481481 0.45982500000000004 0.0924787037037037 0.47498854166666665 0.0885925925925926 0.4761546875 0.08341203703703703 0.48140364583333334 0.08211666666666667 0.4929223958333333 0.08211666666666667 0.4972963541666667 0.07564074074074073 0.495546875 0.06553796296296296 0.4867984375 0.06502037037037037 0.4770296875 0.06450185185185185 0.4720723958333333 0.05880277777777777 0.45924166666666666 0.05854444444444445 0.435184375 0.06657407407407408 0.42002083333333334 0.0714962962962963 0.40427395833333335 0.07382777777777777 0.3879442708333333 0.07382777777777777 0.3780296875 0.07848981481481482 0.36855260416666663 0.0847074074074074 0.36476145833333334 0.0924787037037037 0.3471197916666667 0.07046018518518518 0.3520770833333334 0.08367129629629629 0.36242864583333334 0.09584629629629629 0.3631578125 0.1062074074074074 0.3641786458333333 0.11631018518518518 0.3567427083333333 0.12770833333333334 0.35003541666666665 0.14299166666666668 0.35091041666666667 0.15024444444444446
0 0.4800552083333333 0.13872870370370372 0.5004677083333333 0.14390925925925926 0.5214630208333333 0.15219907407407407 0.5159223958333333 0.1698138888888889 0.5274411458333333 0.15686111111111112 0.5375015624999999 0.16489166666666666 0.5477072916666667 0.16100648148148147 0.5552890625 0.15608425925925926 0.559809375 0.1607472222222222 0.5614130208333333 0.18328333333333333 0.5672453125000001 0.18716944444444444 0.564475 0.17214444444444443 0.5609755208333334 0.1625601851851852 0.5599546875 0.15297592592592593 0.5611213541666668 0.14390925925925926 0.5628708333333333 0.12940277777777778 0.5652036458333334 0.12266759259259259 0.5684114583333333 0.11360185185185186 0.5705984374999999 0.10039074074074074 0.5630166666666666 0.1265537037037037 0.5580593749999999 0.12629444444444443 0.5507692708333334 0.11748703703703703 0.5415838541666667 0.11360185185185186 0.5334187499999999 0.10945648148148147 0.5233583333333333 0.09520925925925926 0.5249625 0.11256481481481481 0.5089239583333334 0.11463796296296296 0.5022171875 0.11619166666666667 0.48559583333333334 0.11515555555555555 0.46008020833333335 0.10349907407407408 0.4485619791666667 0.09546851851851851 0.44375 0.09624537037037037 0.4354395833333333 0.09572777777777777 0.4250875 0.09935370370370371 0.41881822916666667 0.10309907407407407 0.42464999999999997 0.10893888888888889 0.43587708333333336 0.11567407407407407 0.440396875 0.12448148148148148 0.45279010416666665 0.13069814814814815 0.46853645833333335 0.134325 0.4800552083333333 0.13872870370370372
0 0.6697916666666667 0.8907407407407407 0.7203125 0.9027777777777778 0.75625 0.9046296296296297 0.7640625 0.9018518518518519 0.7833333333333333 0.8888888888888888 0.7911458333333333 0.8731481481481481 0.7921875 0.8648148148148148 0.790625 0.8546296296296296 0.7796875 0.8407407407407408 0.7432291666666667 0.8490740740740741 0.74375 0.8527777777777777 0.7395833333333334 0.8592592592592593 0.7317708333333334 0.8638888888888889 0.7088541666666667 0.8648148148148148 0.68125 0.8583333333333333 0.6588541666666666 0.8453703703703703 0.65 0.8481481481481481 0.634375 0.8388888888888889 0.6270833333333333 0.8398148148148148 0.6244791666666667 0.8444444444444444 0.625 0.850925925925926 0.6375 0.8583333333333333 0.6484375 0.8592592592592593 0.6598958333333333 0.8805555555555555 0.6697916666666667 0.8907407407407407
0 0.6010833333333333 0.9141268518518518 0.6205526041666667 0.9112037037037037 0.6312473958333332 0.917537037037037 0.653184375 0.9102296296296296 0.6611369791666667 0.9014601851851852 0.6600401041666667 0.8829472222222222 0.6540072916666666 0.8697925925925926 0.6449583333333333 0.8693055555555556 0.6326182291666667 0.8766138888888889 0.6128744791666667 0.8805111111111111 0.5906630208333333 0.8819722222222222 0.5717421874999999 0.8873314814814814 0.5610479166666666 0.8926907407407407 0.5467885416666667 0.898537037037037 0.5432234375 0.9092555555555555 0.5522729166666667 0.9126657407407407 0.5621447916666666 0.9126657407407407 0.5764036458333333 0.9189990740740741 0.6010833333333333 0.9141268518518518
0 0.6169880208333333 0.8824601851851852 0.6232947916666667 0.8702796296296297 0.6169880208333333 0.8527407407407408 0.6030031250000001 0.8361768518518519 0.587646875 0.8288685185185185 0.5615963541666668 0.8176638888888889 0.5432234375 0.8074324074074074 0.5245770833333333 0.799637037037037 0.5064786458333334 0.7981759259259259 0.4998973958333333 0.800612037037037 0.5061886484375 0.8307432694444444 0.5168989583333333 0.8327666666666667 0.5237541666666666 0.838612962962963 0.5330776041666667 0.8429972222222223 0.5550151041666667 0.8493305555555556 0.5747583333333334 0.8619981481481481 0.58874375 0.876125925925926 0.6030031250000001 0.8800240740740741 0.6169880208333333 0.8824601851851852
0 0.35905625 0.6856564814814815 0.37304479166666665 0.6827888888888889 0.385284375 0.6796824074074074 0.4000796875 0.6739472222222223 0.4115125 0.6751425925925926 0.42523177083333336 0.6732305555555556 0.4394895833333334 0.6753814814814815 0.4480973958333333 0.6684509259259259 0.4491734375 0.656025 0.4463489583333333 0.6478999999999999 0.4393546875 0.6421648148148148 0.42509739583333334 0.6414481481481482 0.4150098958333333 0.6455101851851851 0.39644843750000003 0.651962037037037 0.385284375 0.6562638888888889 0.3655125 0.6600870370370371 0.3593255208333333 0.6696462962962962 0.3461442708333333 0.6720351851851852 0.34641302083333336 0.6720351851851852 0.33941875 0.6775314814814816 0.3425125 0.6851787037037037 0.3486994791666667 0.6839842592592592 0.35905625 0.6856564814814815
0 0.399878125 0.6329425925925926 0.41521145833333334 0.6329425925925926 0.4279890625 0.6329425925925926 0.4443989583333333 0.634137037037037 0.4608083333333333 0.6336592592592593 0.4626911458333333 0.6293583333333334 0.4597322916666667 0.6229055555555556 0.4477614583333333 0.6197990740740741 0.43458020833333333 0.6186046296296296 0.41010052083333337 0.6088064814814814 0.4000125 0.5992481481481481 0.38414114583333336 0.5849101851851851 0.3732463541666667 0.583237037037037 0.3650083333333333 0.5870916666666667 0.3624864583333334 0.5947074074074074 0.3615447916666667 0.6040277777777778 0.3659833333333333 0.6183657407407408 0.37956822916666666 0.6286407407407407 0.399878125 0.6329425925925926
0 0.2889463541666667 0.6057314814814815 0.2933854166666666 0.6131398148148148 0.3068354166666667 0.6222203703703704 0.3173265625 0.6181583333333334 0.32875937499999996 0.6181583333333334 0.3432859375 0.6212648148148148 0.35108697916666665 0.627 0.3630578125 0.6353638888888888 0.3861921875 0.6444444444444445 0.3985666666666667 0.643487962962963 0.4087890625 0.6372749999999999 0.4020640625 0.6313009259259259 0.38995833333333335 0.6289111111111112 0.36668958333333335 0.6162462962962963 0.35673645833333334 0.6059703703703704 0.34261354166666663 0.596412037037037 0.3276833333333334 0.5799231481481482 0.3158473958333333 0.5737101851851851 0.3079114583333334 0.5703648148148148 0.2998411458333334 0.5717981481481482 0.29002239583333334 0.5751435185185185 0.2753619791666667 0.5543537037037037 0.28682812500000004 0.577825925925926 0.28504583333333333 0.590199074074074 0.28504583333333333 0.5992796296296297 0.2680984375 0.6301064814814815 0.286121875 0.6057314814814815 0.2889463541666667 0.6057314814814815
0 0.5462666666666667 0.34794722222222224 0.5640630208333334 0.35912037037037037 0.5787817708333333 0.35888333333333333 0.5937682291666667 0.35555462962962964 0.6023317708333333 0.3427175925925926 0.6004583333333334 0.3355851851851852 0.5858734375 0.33439722222222223 0.5688796875000001 0.33297037037037036 0.5512171875 0.32488796296296296 0.534759375 0.31728055555555557 0.5228505208333334 0.30111481481481484 0.5114765625 0.29540925925925926 0.4952859375 0.29231851851851853 0.48819427083333333 0.298975 0.4875588541666667 0.3110861111111111 0.4898 0.3227481481481481 0.49782864583333336 0.33439722222222223 0.5124135416666666 0.337725 0.5327520833333333 0.34200462962962963 0.5462666666666667 0.34794722222222224
0 0.5794505208333334 0.39858333333333335 0.5929651041666666 0.4052398148148148 0.6155786458333333 0.40405185185185183 0.6309661458333333 0.4052398148148148 0.6471567708333333 0.39739537037037037 0.6542489583333333 0.3878861111111111 0.6562557291666666 0.3676787037037037 0.6454177083333333 0.3607851851851852 0.6301635416666667 0.36411296296296297 0.6122333333333334 0.3714824074074074 0.5890848958333332 0.37124444444444443 0.5690135416666667 0.3650638888888889 0.553090625 0.3622111111111111 0.5381041666666667 0.3600712962962963 0.522984375 0.36482592592592594 0.5245901041666666 0.3698185185185185 0.5375692708333334 0.37433518518518516 0.5470692708333333 0.3809916666666667 0.5663374999999999 0.38931203703703704 0.5794505208333334 0.39858333333333335
0 0.49394791666666665 0.38453055555555554 0.5025119791666667 0.3847675925925926 0.5150895833333333 0.3909490740740741 0.5278010416666666 0.3952277777777778 0.5393088541666666 0.40449907407407404 0.5497453125 0.41186944444444445 0.5620557291666667 0.4273212962962963 0.5769083333333334 0.43540462962962967 0.5893526041666667 0.4375435185185185 0.5956411458333334 0.43041203703703707 0.5991203125 0.4192388888888889 0.5956411458333334 0.40687685185185185 0.5742322916666667 0.3947527777777778 0.5541609375000001 0.3847675925925926 0.5306109375 0.3712175925925926 0.5173640625 0.36598703703703706 0.5062583333333334 0.36717592592592596 0.49381406250000004 0.3754962962962963 0.48525052083333337 0.3876203703703704 0.4782927083333333 0.4018842592592593 0.469996875 0.41709907407407404 0.47013072916666665 0.4218537037037037 0.47909531250000004 0.41686111111111107 0.48431406250000003 0.41115555555555555 0.48846197916666667 0.40069629629629633 0.49394791666666665 0.38453055555555554
0 0.4398234375 0.3127361111111111 0.4538729166666667 0.3220074074074074 0.4619015625 0.3395990740740741 0.4605635416666667 0.36598703703703706 0.45266875 0.3840546296296296 0.4383515625 0.40901666666666664 0.4289848958333333 0.43065 0.43112552083333333 0.443012037037037 0.44504166666666667 0.45204537037037035 0.4528026041666667 0.4427740740740741 0.4549432291666667 0.43112500000000004 0.4598942708333333 0.4066388888888889 0.46293020833333337 0.38681944444444444 0.46578177083333333 0.38381666666666664 0.465609375 0.37465370370370366 0.4701973958333333 0.3647990740740741 0.4714015625 0.3434027777777778 0.4643098958333333 0.32058148148148147 0.44945729166666665 0.30275092592592595 0.43554114583333337 0.3051287037037037 0.4251046875 0.3158268518518519 0.41496875 0.32416944444444445 0.41453385416666666 0.3303277777777778 0.4162734375 0.33555833333333335 0.4212239583333333 0.33318055555555554 0.4324640625 0.31796574074074074 0.4398234375 0.3127361111111111
0 0.5265625 0.4981481481481482 0.5286458333333334 0.5305555555555556 0.5265625 0.549074074074074 0.5338541666666666 0.5592592592592592 0.5375 0.5787037037037037 0.5489583333333333 0.6092592592592593 0.5484375 0.6212962962962963 0.540625 0.6592592592592592 0.5484375 0.6472222222222223 0.5546875 0.6185185185185185 0.5666666666666667 0.6083333333333333 0.5723958333333333 0.6101851851851852 0.5916666666666667 0.6342592592592593 0.5979166666666667 0.6351851851851852 0.5828125 0.6166666666666667 0.5713541666666667 0.5787037037037037 0.56875 0.5546296296296296 0.5609375 0.5203703703703704 0.5307291666666667 0.45 0.5119791666666667 0.42407407407407405 0.4973958333333333 0.41574074074074074 0.48541666666666666 0.41388888888888886 0.4822916666666667 0.4203703703703704 0.47291666666666665 0.4222222222222222 0.46875 0.42777777777777776 0.4703125 0.43425925925925923 0.4828125 0.43148148148148147 0.496875 0.43703703703703706 0.5067708333333333 0.4462962962962963 0.51875 0.4675925925925926 0.5265625 0.4981481481481482
0 0.41261822916666663 0.48308240740740743 0.3944578125 0.49577685185185183 0.4135109375 0.49630555555555556 0.44209062499999996 0.48361111111111105 0.46144166666666664 0.4545212962962963 0.4742427083333334 0.42595925925925926 0.4882348958333333 0.40004259259259256 0.5034177083333333 0.36196018518518513 0.5007385416666666 0.3376296296296296 0.4921052083333333 0.3259935185185185 0.47811302083333335 0.3434481481481481 0.47223333333333334 0.3639925925925926 0.4647161458333333 0.39422407407407406 0.46025052083333334 0.42119907407407403 0.44625833333333337 0.45240555555555556 0.43048020833333334 0.4762064814814815 0.41261822916666663 0.48308240740740743
0 0.7538057291666667 0.7261 0.7597390625 0.7235694444444445 0.7986635416666666 0.665799074074074 0.8136166666666667 0.6518842592592592 0.8309427083333334 0.6362814814814814 0.8416229166666667 0.6219444444444445 0.8451833333333333 0.6084509259259259 0.8439963541666666 0.6042342592592592 0.8425723958333333 0.5962222222222222 0.8371135416666667 0.584837037037037 0.838775 0.5342351851851852 0.833790625 0.5772462962962963 0.8297557291666667 0.5797768518518518 0.8228729166666666 0.5861018518518518 0.8157526041666666 0.5962222222222222 0.8074453125000001 0.6185712962962963 0.7991385416666666 0.6329083333333334 0.7898817708333333 0.6485101851851851 0.7832364583333333 0.6552574074074075 0.7737427083333334 0.6666425925925926 0.7680463541666666 0.6733898148148147 0.7583151041666666 0.684775 0.7471598958333333 0.6978472222222222 0.7440744791666667 0.7067027777777778 0.7390901041666668 0.7142925925925926 0.7317328125 0.724412962962963 0.7248494791666666 0.7357981481481481 0.7241375 0.7362203703703705 0.7253244791666666 0.7454972222222221 0.7324447916666668 0.745075 0.7400395833333333 0.7366416666666666 0.7538057291666667 0.7261
0 0.7885765625 0.8353944444444444 0.7978328124999999 0.8181055555555555 0.8075640624999999 0.7911175925925926 0.814921875 0.7493712962962963 0.8227541666666667 0.7059388888888889 0.8327223958333333 0.6654574074074073 0.83889375 0.6325657407407408 0.8348588541666667 0.624975925925926 0.8284505208333334 0.6367833333333334 0.8177697916666666 0.6528064814814815 0.8085135416666667 0.6751555555555555 0.7987822916666667 0.7131074074074074 0.7918994791666666 0.7443111111111111 0.7828802083333334 0.7755157407407408 0.776946875 0.8105157407407407 0.7767093749999999 0.8341296296296297 0.7885765625 0.8353944444444444
0 0.805428125 0.7926398148148148 0.80044375 0.8208925925925925 0.7904755208333333 0.8466148148148148 0.7812187500000001 0.8757101851851853 0.7759973958333333 0.9060712962962963 0.7731489583333333 0.9208305555555555 0.7622312499999999 0.9284203703703703 0.7636552083333333 0.9419148148148149 0.7738614583333334 0.9398064814814815 0.7878645833333333 0.9220953703703704 0.7968838541666667 0.9107101851851852 0.8040041666666667 0.8744453703703703 0.8094630208333334 0.8504101851851852 0.8123109374999999 0.8331212962962963 0.8182447916666666 0.8154101851851853 0.8165833333333333 0.816675 0.8277385416666667 0.7842064814814814 0.8327223958333333 0.7555314814814815 0.8305864583333334 0.7247490740740741 0.8201432291666666 0.7205324074074073 0.8094630208333334 0.7530018518518519 0.805428125 0.7926398148148148
