0 0.48385416666666664 0.14629629629629629 0.48385416666666664 0.13796296296296295 0.478125 0.13333333333333333 0.46979166666666666 0.14444444444444443 0.446875 0.1574074074074074 0.434375 0.15925925925925927 0.42291666666666666 0.14444444444444443 0.42083333333333334 0.13518518518518519 0.409375 0.11851851851851852 0.4083333333333333 0.1111111111111111 0.4010416666666667 0.11481481481481481 0.39479166666666665 0.12314814814814815 0.3932291666666667 0.13055555555555556 0.40520833333333334 0.15833333333333333 0.4328125 0.17592592592592593 0.45416666666666666 0.17407407407407408 0.4708333333333333 0.16296296296296298 0.48385416666666664 0.14629629629629629
0 0.6229166666666667 0.12407407407407407 0.6416666666666667 0.1175925925925926 0.6463541666666667 0.1111111111111111 0.6463541666666667 0.10462962962962963 0.6421875 0.10092592592592593 0.6161458333333333 0.1037037037037037 0.6 0.09722222222222222 0.5911458333333334 0.08703703703703704 0.5807291666666666 0.06759259259259259 0.5692708333333333 0.05648148148148148 0.5583333333333333 0.06296296296296296 0.5536458333333333 0.07592592592592592 0.5541666666666667 0.08333333333333333 0.5609375 0.09537037037037037 0.5682291666666667 0.10185185185185185 0.5833333333333334 0.10648148148148148 0.6046875 0.12037037037037036 0.6229166666666667 0.12407407407407407
0 0.7854166666666667 0.11944444444444445 0.7984375 0.12037037037037036 0.803125 0.11574074074074074 0.8010416666666667 0.10740740740740741 0.7911458333333333 0.10462962962962963 0.7677083333333333 0.08703703703703704 0.7479166666666667 0.07962962962962963 0.73125 0.06759259259259259 0.7109375 0.07314814814814814 0.7052083333333333 0.08148148148148149 0.7036458333333333 0.08703703703703704 0.7046875 0.10462962962962963 0.7260416666666667 0.10925925925925926 0.7520833333333333 0.10833333333333334 0.7635416666666667 0.11481481481481481 0.7854166666666667 0.11944444444444445
0 0.8177083333333334 0.35 0.8223958333333333 0.3490740740740741 0.8239583333333333 0.3453703703703704 0.8223958333333333 0.30833333333333335 0.8130208333333333 0.2490740740740741 0.8119791666666667 0.21666666666666667 0.8015625 0.18333333333333332 0.7942708333333334 0.1824074074074074 0.7880208333333333 0.19166666666666668 0.7885416666666667 0.21851851851851853 0.8005208333333333 0.2601851851851852 0.8052083333333333 0.29444444444444445 0.8125 0.32222222222222224 0.815625 0.3453703703703704 0.8177083333333334 0.35
0 0.8140625 0.6555555555555556 0.8166666666666667 0.6462962962962963 0.81875 0.6111111111111112 0.8140625 0.512962962962963 0.8114583333333333 0.4981481481481482 0.8046875 0.48148148148148145 0.7921875 0.4824074074074074 0.7921875 0.5175925925925926 0.7947916666666667 0.5333333333333333 0.8005208333333333 0.549074074074074 0.8088541666666667 0.6462962962962963 0.8104166666666667 0.6537037037037037 0.8140625 0.6555555555555556
0 0.3802083333333333 0.06388888888888888 0.38177083333333334 0.05555555555555555 0.359375 0.05740740740740741 0.3255208333333333 0.07314814814814814 0.3104166666666667 0.07314814814814814 0.30052083333333335 0.0787037037037037 0.28958333333333336 0.09444444444444444 0.2890625 0.10555555555555556 0.2911458333333333 0.11296296296296296 0.3067708333333333 0.11388888888888889 0.32864583333333336 0.09537037037037037 0.3609375 0.07962962962962963 0.3802083333333333 0.06388888888888888
0 0.4296875 0.6296296296296297 0.43333333333333335 0.5796296296296296 0.43072916666666666 0.5277777777777778 0.4276041666666667 0.5148148148148148 0.4239583333333333 0.5166666666666667 0.42291666666666666 0.5212962962962963 0.4234375 0.5407407407407407 0.4197916666666667 0.5712962962962963 0.41822916666666665 0.6203703703703703 0.41041666666666665 0.6527777777777778 0.4109375 0.6796296296296296 0.415625 0.687037037037037 0.42135416666666664 0.687962962962963 0.4276041666666667 0.6731481481481482 0.43020833333333336 0.6555555555555556 0.4296875 0.6296296296296297
0 0.47708333333333336 0.4425925925925926 0.48385416666666664 0.44537037037037036 0.4875 0.4361111111111111 0.48541666666666666 0.425 0.48489583333333336 0.3962962962962963 0.47604166666666664 0.35185185185185186 0.471875 0.31666666666666665 0.4703125 0.2601851851851852 0.4630208333333333 0.23425925925925925 0.4588541666666667 0.22685185185185186 0.45 0.22777777777777777 0.44375 0.23796296296296296 0.4453125 0.27685185185185185 0.4510416666666667 0.2935185185185185 0.4588541666666667 0.3351851851851852 0.46979166666666666 0.4111111111111111 0.47552083333333334 0.4287037037037037 0.47708333333333336 0.4425925925925926
0 0.6072916666666667 0.6305555555555555 0.6098958333333333 0.6231481481481481 0.6088541666666667 0.6064814814814815 0.5848958333333333 0.5722222222222222 0.56875 0.5370370370370371 0.5442708333333334 0.49907407407407406 0.5385416666666667 0.5009259259259259 0.5395833333333333 0.5111111111111111 0.5786458333333333 0.5925925925925926 0.5854166666666667 0.6138888888888889 0.5916666666666667 0.6240740740740741 0.603125 0.6324074074074074 0.6072916666666667 0.6305555555555555
0 0.5979166666666667 0.5675925925925925 0.6151041666666667 0.5953703703703703 0.6203125 0.5962962962962963 0.6265625 0.5916666666666667 0.6291666666666667 0.5861111111111111 0.6291666666666667 0.5703703703703704 0.6265625 0.5564814814814815 0.5984375 0.4925925925925926 0.5916666666666667 0.46944444444444444 0.5833333333333334 0.45 0.5661458333333333 0.42685185185185187 0.5604166666666667 0.4074074074074074 0.5526041666666667 0.4064814814814815 0.5510416666666667 0.40925925925925927 0.55 0.41759259259259257 0.559375 0.4361111111111111 0.5645833333333333 0.4583333333333333 0.5848958333333333 0.5027777777777778 0.5942708333333333 0.537962962962963 0.5979166666666667 0.5675925925925925
0 0.39427083333333335 0.8601851851851852 0.39479166666666665 0.850925925925926 0.38645833333333335 0.825925925925926 0.3729166666666667 0.7981481481481482 0.35572916666666665 0.7787037037037037 0.33489583333333334 0.7481481481481481 0.32447916666666665 0.7425925925925926 0.3182291666666667 0.7490740740740741 0.31875 0.7666666666666667 0.32708333333333334 0.7814814814814814 0.34739583333333335 0.7962962962962963 0.37916666666666665 0.8398148148148148 0.3885416666666667 0.8601851851851852 0.39427083333333335 0.8601851851851852
0 0.3380208333333333 0.737037037037037 0.3614583333333333 0.725 0.3651041666666667 0.7157407407407408 0.3609375 0.7111111111111111 0.3151041666666667 0.7194444444444444 0.29010416666666666 0.7111111111111111 0.2734375 0.7194444444444444 0.2708333333333333 0.7240740740740741 0.2713541666666667 0.7361111111111112 0.2734375 0.7407407407407407 0.29010416666666666 0.7453703703703703 0.3104166666666667 0.7388888888888889 0.3380208333333333 0.737037037037037
0 0.24427083333333333 0.674074074074074 0.2328125 0.6287037037037037 0.228125 0.5592592592592592 0.22447916666666667 0.5472222222222223 0.22239583333333332 0.5509259259259259 0.2203125 0.5740740740740741 0.21927083333333333 0.6148148148148148 0.22447916666666667 0.674074074074074 0.23177083333333334 0.6925925925925925 0.24010416666666667 0.6953703703703704 0.24427083333333333 0.6888888888888889 0.24427083333333333 0.674074074074074
0 0.8036458333333333 0.7888888888888889 0.8078125 0.7787037037037037 0.8088541666666667 0.7555555555555555 0.80625 0.7425925925925926 0.803125 0.674074074074074 0.7953125 0.6268518518518519 0.790625 0.625 0.7895833333333333 0.6277777777777778 0.7921875 0.7212962962962963 0.7901041666666667 0.7407407407407407 0.7875 0.7435185185185185 0.7885416666666667 0.774074074074074 0.7921875 0.7861111111111111 0.8036458333333333 0.7888888888888889
0 0.7572916666666667 0.7611111111111111 0.7598958333333333 0.7777777777777778 0.7671875 0.7842592592592592 0.775 0.7814814814814814 0.778125 0.774074074074074 0.7760416666666666 0.7518518518518519 0.7567708333333333 0.6888888888888889 0.74375 0.6546296296296297 0.7328125 0.6342592592592593 0.7291666666666666 0.6342592592592593 0.728125 0.6425925925925926 0.734375 0.6527777777777778 0.7359375 0.6685185185185185 0.7421875 0.6916666666666667 0.75 0.7481481481481481 0.7572916666666667 0.7611111111111111
0 0.34427083333333336 0.5342592592592592 0.3385416666666667 0.5018518518518519 0.3411458333333333 0.4777777777777778 0.35104166666666664 0.44166666666666665 0.35104166666666664 0.41574074074074074 0.3416666666666667 0.4074074074074074 0.3375 0.4101851851851852 0.32760416666666664 0.43796296296296294 0.32760416666666664 0.48703703703703705 0.3307291666666667 0.5166666666666667 0.3375 0.537962962962963 0.35833333333333334 0.5601851851851852 0.359375 0.5564814814814815 0.34427083333333336 0.5342592592592592
0 0.396875 0.549074074074074 0.4036458333333333 0.5388888888888889 0.40572916666666664 0.5324074074074074 0.4046875 0.5194444444444445 0.4005208333333333 0.5138888888888888 0.3927083333333333 0.5138888888888888 0.384375 0.5212962962962963 0.3776041666666667 0.5388888888888889 0.36822916666666666 0.5546296296296296 0.35833333333333334 0.562037037037037 0.33645833333333336 0.5972222222222222 0.3296875 0.6037037037037037 0.32864583333333336 0.6074074074074074 0.3333333333333333 0.6092592592592593 0.3463541666666667 0.6074074074074074 0.359375 0.5953703703703703 0.37916666666666665 0.5648148148148148 0.396875 0.549074074074074
0 0.20604375 0.23269074074074075 0.20731041666666666 0.24395 0.21491041666666666 0.22593518518518518 0.2229328125 0.2094212962962963 0.24066614583333334 0.1793972222222222 0.25839947916666667 0.15087407407407408 0.2727546875 0.13736296296296296 0.2769770833333334 0.12009814814814813 0.2727546875 0.10958981481481482 0.26557708333333335 0.11259259259259259 0.2524880208333333 0.12385185185185184 0.24742135416666666 0.1403648148148148 0.23644374999999998 0.16138240740740742 0.22208854166666667 0.1876537037037037 0.21026614583333333 0.21092314814814814 0.20604375 0.23269074074074075
0 0.24826614583333334 0.20116481481481482 0.2545994791666667 0.18164907407407407 0.26979947916666663 0.1651351851851852 0.27951041666666665 0.1448685185185185 0.28922135416666667 0.11859722222222223 0.28119947916666665 0.1178462962962963 0.27317708333333335 0.13661203703703703 0.2605104166666667 0.15087407407407408 0.24826614583333334 0.1688888888888889 0.23517708333333334 0.18915462962962964 0.22251041666666668 0.2101722222222222 0.22166614583333333 0.22593518518518518 0.22166614583333333 0.24019722222222223 0.228421875 0.24920462962962964 0.23771041666666667 0.23644351851851853 0.24657708333333334 0.2221824074074074 0.24826614583333334 0.20116481481481482
0 0.24277708333333334 0.33477407407407406 0.25586614583333334 0.2964925925925926 0.2689546875 0.27397499999999997 0.2681104166666667 0.259712962962963 0.2757104166666667 0.23794537037037036 0.2723328125 0.23118981481481482 0.2664213541666667 0.23944629629629627 0.26262135416666665 0.2567101851851852 0.2533328125 0.274725 0.2419328125 0.31000370370370367 0.23011041666666668 0.3400287037037037 0.22251041666666668 0.35053703703703704 0.21575520833333334 0.37305555555555553 0.22251041666666668 0.3888185185185185 0.2343328125 0.38056203703703706 0.24362135416666666 0.3610462962962963 0.24277708333333334 0.33477407407407406
0 0.217021875 0.4999101851851852 0.22208854166666667 0.5231787037037037 0.23264374999999998 0.5231787037037037 0.24108802083333333 0.49165277777777777 0.24066614583333334 0.47588981481481485 0.24108802083333333 0.44886759259259257 0.24235468750000003 0.41208796296296296 0.24235468750000003 0.3828138888888889 0.2461546875 0.3565425925925926 0.23728802083333334 0.3753074074074074 0.23517708333333334 0.40082870370370366 0.23179947916666668 0.4263490740740741 0.228421875 0.4653814814814815 0.217021875 0.4999101851851852
0 0.30611041666666666 0.5854796296296296 0.2930213541666667 0.5764722222222223 0.27191041666666665 0.5674648148148148 0.25417708333333333 0.5547046296296296 0.24277708333333334 0.5306851851851851 0.23391041666666668 0.5239296296296296 0.22588854166666666 0.5246796296296297 0.21786614583333333 0.5374407407407408 0.22715520833333333 0.5577074074074073 0.24108802083333333 0.5599592592592593 0.25544375 0.5704675925925926 0.2761328125 0.5787240740740741 0.30611041666666666 0.5854796296296296
0 0.3495989583333333 0.638774074074074 0.3559322916666667 0.6440277777777778 0.358465625 0.6312675925925926 0.3521322916666667 0.6267638888888889 0.33017708333333334 0.6095 0.31328802083333335 0.5997416666666666 0.30062135416666663 0.5854796296296296 0.2862661458333333 0.5764722222222223 0.2723328125 0.5824777777777778 0.2714880208333333 0.5944870370370371 0.28119947916666665 0.6117518518518519 0.29724375 0.6132527777777778 0.31244375 0.6147537037037036 0.3331322916666667 0.6267638888888889 0.3495989583333333 0.638774074074074
0 0.5152322916666666 0.46501851851851855 0.516065625 0.44576666666666664 0.5048192708333333 0.438362037037037 0.4906578125 0.4413240740740741 0.47899531250000005 0.4516907407407408 0.4656666666666667 0.4598351851851852 0.45233802083333335 0.45835462962962964 0.441925 0.4709425925925926 0.42568125 0.47612592592592595 0.4240151041666667 0.4916759259259259 0.433178125 0.4872333333333333 0.4502557291666667 0.47834722222222226 0.469415625 0.4724231481481481 0.492740625 0.4724231481481481 0.5048192708333333 0.47390462962962965 0.5152322916666666 0.46501851851851855
0 0.45567031249999995 0.3828259259259259 0.44484062500000005 0.38134537037037036 0.4265140625 0.37394074074074074 0.40693802083333336 0.3754212962962963 0.39027708333333333 0.3769018518518518 0.37986406250000004 0.36505462962962965 0.370284375 0.36505462962962965 0.36028802083333333 0.3657953703703704 0.3590380208333333 0.3798638888888889 0.36195364583333334 0.3850472222222222 0.37528229166666666 0.3991166666666667 0.39235989583333336 0.39467407407407407 0.4131854166666667 0.39097129629629634 0.43609375 0.3902305555555556 0.4560869791666667 0.3931925925925926 0.45567031249999995 0.3828259259259259
0 0.42151614583333336 0.45835462962962964 0.43900937500000003 0.47168333333333334 0.4456739583333333 0.46723981481481486 0.44067552083333333 0.46279722222222225 0.4265140625 0.44798796296296295 0.4136020833333333 0.4331787037037037 0.3990239583333333 0.4250333333333333 0.3931927083333333 0.4139259259259259 0.3856953125 0.4005972222222222 0.37278333333333336 0.3924518518518519 0.36361979166666664 0.4005972222222222 0.36070416666666666 0.4131851851851852 0.3648692708333333 0.41836851851851853 0.3736161458333333 0.43391851851851854 0.38652864583333335 0.4346592592592593 0.4056880208333334 0.4465074074074074 0.42151614583333336 0.45835462962962964
0 0.5402234375 0.3213666666666667 0.5652145833333333 0.2998925925925926 0.5860406250000001 0.29100740740740744 0.5985359375 0.28878518518518514 0.6085322916666667 0.26731203703703704 0.6043671875 0.25694537037037035 0.5943708333333333 0.25842592592592595 0.58770625 0.25842592592592595 0.5756276041666666 0.27545740740740743 0.5635484374999999 0.29322870370370374 0.543971875 0.30803796296296293 0.52939375 0.3184046296296296 0.5168984375 0.33617592592592593 0.5402234375 0.3213666666666667
0 0.5123166666666666 0.33543518518518517 0.5206468750000001 0.33617592592592593 0.5210635416666667 0.31988518518518516 0.521896875 0.30137407407407407 0.514815625 0.28656388888888884 0.5077348958333333 0.26731203703703704 0.5023203125 0.25028055555555556 0.49732187499999997 0.2310287037037037 0.492740625 0.2065925925925926 0.489825 0.18585925925925928 0.4844098958333333 0.18363796296296298 0.485659375 0.21029537037037038 0.488575 0.23917407407407407 0.49399010416666667 0.26953333333333335 0.4977385416666667 0.29841203703703706 0.5048192708333333 0.3213666666666667 0.5123166666666666 0.33543518518518517
0 0.5281442708333334 0.45687407407407404 0.5402234375 0.46057592592592594 0.54230625 0.45095 0.5418895833333334 0.4154074074074074 0.5302270833333333 0.39689537037037037 0.5164817708333334 0.3554287037037037 0.508984375 0.3317333333333333 0.503153125 0.30951851851851847 0.4981552083333333 0.3043351851851852 0.5039864583333333 0.3421 0.5110671875 0.36949722222222225 0.5173151041666667 0.39097129629629634 0.5185645833333333 0.4124453703703703 0.5206468750000001 0.44428518518518517 0.5281442708333334 0.45687407407407404
0 0.623953125 0.4909314814814815 0.6377328124999999 0.5115092592592592 0.6625364583333333 0.5203287037037038 0.6515125 0.49779074074074076 0.6338744791666666 0.4703537037037037 0.6145828125 0.4311574074074074 0.6107244791666666 0.3939212962962963 0.5991489583333334 0.37334259259259256 0.5859203125000001 0.3576648148148148 0.5771015625 0.3664833333333333 0.5782036458333334 0.39588055555555557 0.583715625 0.42037777777777774 0.5925348958333333 0.42723796296296296 0.6063145833333333 0.454675 0.623953125 0.4909314814814815
0 0.7143489583333333 0.577162962962963 0.7215145833333333 0.5683435185185185 0.70608125 0.554625 0.6900963541666666 0.5350268518518518 0.6719067708333333 0.5320870370370371 0.6603317708333333 0.5193481481481481 0.6487567708333334 0.5154287037037037 0.6338744791666666 0.512488888888889 0.6349770833333334 0.5340472222222222 0.6493078125 0.5448259259259259 0.6625364583333333 0.5458055555555555 0.6807260416666666 0.554625 0.6934036458333334 0.5663833333333333 0.7143489583333333 0.577162962962963
0 0.7055296875 0.5291472222222222 0.7160026041666666 0.509549074074074 0.7099395833333334 0.49779074074074076 0.6994666666666667 0.5026898148148148 0.6796239583333333 0.50465 0.6553713541666667 0.5017101851851852 0.6559223958333333 0.5036703703703704 0.6680484375 0.5134685185185186 0.6790723958333333 0.5232675925925926 0.6923010416666667 0.5291472222222222 0.7055296875 0.5291472222222222
0 0.7027739583333333 0.6859314814814815 0.7088369791666668 0.6643740740740741 0.7204119791666667 0.6320370370370371 0.7314359375 0.5987203703703704 0.7082859375 0.6575148148148148 0.6994666666666667 0.6780925925925926 0.6950572916666666 0.6888712962962963 0.6867890625 0.7104296296296296 0.6878916666666667 0.736887037037037 0.6950572916666666 0.7408064814814815 0.7011203125000001 0.736887037037037 0.70608125 0.7065101851851852 0.7027739583333333 0.6859314814814815
0 0.6994666666666667 0.6633944444444444 0.7126953125 0.6349768518518518 0.7231682291666667 0.6114592592592593 0.7336406249999999 0.5918611111111112 0.7419088541666666 0.5663833333333333 0.7457671875 0.5536453703703704 0.7452161458333334 0.5389462962962963 0.7352942708333334 0.5654037037037036 0.7286802083333334 0.5899009259259259 0.7215145833333333 0.6055796296296296 0.7160026041666666 0.6153787037037037 0.7011203125000001 0.6369370370370371 0.6867890625 0.6437962962962962 0.6790723958333333 0.6457555555555556 0.6763166666666667 0.6682935185185185 0.6851354166666667 0.6780925925925926 0.6994666666666667 0.6633944444444444
0 0.7066322916666666 0.582062037037037 0.6956083333333333 0.5879416666666667 0.6878916666666667 0.6045999999999999 0.6895453125 0.622237962962963 0.6939546875 0.6339972222222222 0.7055296875 0.6261574074074074 0.7187583333333334 0.6075398148148149 0.7281286458333334 0.5830416666666666 0.7347432291666667 0.5663833333333333 0.7424598958333333 0.549725 0.7474208333333333 0.5330666666666667 0.7490744791666667 0.512488888888889 0.7529328125 0.4958305555555555 0.7545864583333334 0.48015185185185183 0.7501765625 0.4752527777777778 0.7457671875 0.4948509259259259 0.7358458333333334 0.5203287037037038 0.7336406249999999 0.5399259259259259 0.7259239583333332 0.5624638888888889 0.7171052083333334 0.5703037037037036 0.7066322916666666 0.582062037037037
0 0.6553713541666667 0.8613342592592592 0.6647416666666667 0.8691740740740741 0.6790723958333333 0.8828925925925926 0.6900963541666666 0.8917111111111111 0.7055296875 0.8897518518518519 0.7121442708333333 0.8701537037037037 0.7093880208333334 0.8534953703703704 0.6983645833333333 0.8417361111111111 0.6840333333333334 0.8456555555555555 0.6564734375000001 0.836837037037037 0.6399375 0.8231185185185185 0.6217484375000001 0.7907814814814814 0.6145828125 0.7711833333333333 0.6112755208333333 0.7633444444444445 0.6019052083333333 0.7672638888888889 0.6046609375 0.7917611111111111 0.6156848958333333 0.7996009259259259 0.6195432291666666 0.8211583333333333 0.6322208333333333 0.8358564814814815 0.6432447916666667 0.8476157407407408 0.6553713541666667 0.8613342592592592
0 0.7788390625 0.8564351851851852 0.7865557291666666 0.8456555555555555 0.7865557291666666 0.8289972222222223 0.7782874999999999 0.8045 0.7672635416666667 0.7800027777777778 0.7562401041666666 0.7633444444444445 0.747971875 0.7339472222222222 0.74080625 0.7016101851851853 0.7435625 0.7496259259259259 0.747971875 0.7800027777777778 0.7567911458333333 0.8035203703703704 0.7617515625000001 0.8211583333333333 0.7656104166666666 0.846636111111111 0.7788390625 0.8564351851851852
0 0.7755317708333334 0.859375 0.7727755208333333 0.8427166666666667 0.7606494791666666 0.8329175925925927 0.7446645833333334 0.8358564814814815 0.7314359375 0.859375 0.7253729166666666 0.8642740740740741 0.7160026041666666 0.8760333333333333 0.7088369791666668 0.8887712962962964 0.6972619791666667 0.8966111111111111 0.6906473958333332 0.8946509259259259 0.6796239583333333 0.8936712962962963 0.7000177083333334 0.90935 0.7215145833333333 0.8946509259259259 0.7308848958333333 0.8740731481481482 0.7501765625 0.8711333333333333 0.7639567708333334 0.8721129629629629 0.7755317708333334 0.859375
