0 0.45260416666666664 0.1574074074074074 0.4630208333333333 0.17407407407407408 0.46770833333333334 0.19074074074074074 0.4703125 0.19444444444444445 0.4744791666666667 0.1925925925925926 0.4744791666666667 0.17685185185185184 0.4630208333333333 0.13796296296296295 0.4546875 0.11851851851851852 0.4328125 0.08333333333333333 0.4276041666666667 0.06944444444444445 0.4234375 0.062037037037037036 0.4114583333333333 0.05185185185185185 0.40625 0.05462962962962963 0.40260416666666665 0.06388888888888888 0.4036458333333333 0.07777777777777778 0.409375 0.09351851851851851 0.41875 0.10740740740740741 0.428125 0.11018518518518519 0.43697916666666664 0.12129629629629629 0.45260416666666664 0.1574074074074074
0 0.5807291666666666 0.33796296296296297 0.5708333333333333 0.32685185185185184 0.5640625 0.3101851851851852 0.5598958333333334 0.275 0.5609375 0.25925925925925924 0.5661458333333333 0.23796296296296296 0.571875 0.22314814814814815 0.5854166666666667 0.20277777777777778 0.5963541666666666 0.16111111111111112 0.5963541666666666 0.1574074074074074 0.5854166666666667 0.14074074074074075 0.5833333333333334 0.13333333333333333 0.565625 0.16944444444444445 0.559375 0.17777777777777778 0.5588541666666667 0.1962962962962963 0.5515625 0.22870370370370371 0.5484375 0.26666666666666666 0.5494791666666666 0.29907407407407405 0.55625 0.32314814814814813 0.5760416666666667 0.3472222222222222 0.58125 0.34814814814814815 0.5822916666666667 0.34444444444444444 0.5807291666666666 0.33796296296296297
0 0.70625 0.3962962962962963 0.7140625 0.3990740740740741 0.715625 0.3962962962962963 0.7145833333333333 0.3888888888888889 0.7067708333333333 0.37592592592592594 0.6848958333333334 0.325 0.6708333333333333 0.27314814814814814 0.6619791666666667 0.25925925925925924 0.6583333333333333 0.2574074074074074 0.6510416666666666 0.2675925925925926 0.6505208333333333 0.27870370370370373 0.6546875 0.29814814814814816 0.6635416666666667 0.3111111111111111 0.6744791666666666 0.33425925925925926 0.6854166666666667 0.3648148148148148 0.70625 0.3962962962962963
0 0.784375 0.16111111111111112 0.7932291666666667 0.16111111111111112 0.796875 0.15648148148148147 0.7989583333333333 0.14907407407407408 0.7989583333333333 0.1388888888888889 0.796875 0.13148148148148148 0.7791666666666667 0.11481481481481481 0.7630208333333334 0.11296296296296296 0.746875 0.09537037037037037 0.7338541666666667 0.07407407407407407 0.7182291666666667 0.062037037037037036 0.7135416666666666 0.06296296296296296 0.7135416666666666 0.06944444444444445 0.7296875 0.0962962962962963 0.75 0.12129629629629629 0.7510416666666667 0.1259259259259259 0.7703125 0.15462962962962962 0.784375 0.16111111111111112
0 0.6776041666666667 0.5944444444444444 0.6901041666666666 0.5944444444444444 0.6989583333333333 0.5879629629629629 0.7010416666666667 0.575 0.6958333333333333 0.5657407407407408 0.6802083333333333 0.5611111111111111 0.6713541666666667 0.5675925925925925 0.6369791666666667 0.5712962962962963 0.615625 0.5842592592592593 0.6109375 0.5907407407407408 0.6104166666666667 0.5962962962962963 0.6135416666666667 0.5990740740740741 0.6380208333333334 0.5898148148148148 0.6552083333333333 0.587037037037037 0.6744791666666666 0.5898148148148148 0.6776041666666667 0.5944444444444444
0 0.4583333333333333 0.4546296296296296 0.4510416666666667 0.44722222222222224 0.4348958333333333 0.44814814814814813 0.4270833333333333 0.4583333333333333 0.41041666666666665 0.4666666666666667 0.38385416666666666 0.4638888888888889 0.36666666666666664 0.45092592592592595 0.36302083333333335 0.45092592592592595 0.3640625 0.45740740740740743 0.38385416666666666 0.47129629629629627 0.41510416666666666 0.48148148148148145 0.44427083333333334 0.4824074074074074 0.4588541666666667 0.4675925925925926 0.4583333333333333 0.4546296296296296
0 0.23229166666666667 0.8018518518518518 0.23489583333333333 0.8212962962962963 0.23229166666666667 0.850925925925926 0.23645833333333333 0.8555555555555555 0.24270833333333333 0.8481481481481481 0.24375 0.8277777777777777 0.24791666666666667 0.8027777777777778 0.2484375 0.774074074074074 0.24583333333333332 0.7527777777777778 0.24739583333333334 0.7462962962962963 0.24635416666666668 0.6972222222222222 0.24322916666666666 0.6694444444444444 0.24427083333333333 0.6574074074074074 0.23958333333333334 0.6564814814814814 0.2328125 0.6620370370370371 0.225 0.6555555555555556 0.2234375 0.6574074074074074 0.22604166666666667 0.6694444444444444 0.22291666666666668 0.700925925925926 0.22447916666666667 0.7203703703703703 0.228125 0.725925925925926 0.23072916666666668 0.7435185185185185 0.23229166666666667 0.8018518518518518
0 0.48125 0.875 0.4895833333333333 0.8740740740740741 0.49270833333333336 0.8638888888888889 0.49270833333333336 0.8472222222222222 0.490625 0.8361111111111111 0.4796875 0.8018518518518518 0.4703125 0.7490740740740741 0.4640625 0.7324074074074074 0.4625 0.7166666666666667 0.4588541666666667 0.7101851851851851 0.45416666666666666 0.7138888888888889 0.45364583333333336 0.7240740740740741 0.45729166666666665 0.737037037037037 0.4635416666666667 0.7833333333333333 0.46979166666666666 0.8092592592592592 0.4765625 0.8703703703703703 0.48125 0.875
0 0.48125 0.6175925925925926 0.5005208333333333 0.6537037037037037 0.5171875 0.6638888888888889 0.5244791666666667 0.662962962962963 0.5291666666666667 0.6537037037037037 0.5302083333333333 0.6407407407407407 0.5208333333333334 0.6212962962962963 0.5130208333333334 0.6111111111111112 0.5020833333333333 0.6064814814814815 0.49270833333333336 0.5981481481481481 0.45729166666666665 0.5564814814814815 0.4390625 0.5444444444444444 0.4348958333333333 0.5472222222222223 0.43125 0.5398148148148149 0.42916666666666664 0.5398148148148149 0.4359375 0.55 0.4375 0.5638888888888889 0.4473958333333333 0.5814814814814815 0.46197916666666666 0.5916666666666667 0.4703125 0.6064814814814815 0.48125 0.6175925925925926
0 0.7921802083333334 0.6223361111111112 0.79266875 0.6518777777777778 0.7960890625 0.6683861111111111 0.7960890625 0.6544842592592592 0.8019526041666667 0.6232055555555556 0.8092817708333333 0.5962703703703703 0.8127020833333333 0.5623851851851852 0.8146562500000001 0.53545 0.8117249999999999 0.5085157407407408 0.8053729166666667 0.4972203703703704 0.7967322916666667 0.5045407407407407 0.79266875 0.5232861111111111 0.79266875 0.5432694444444445 0.7980437499999999 0.5623851851851852 0.7980437499999999 0.5858444444444444 0.7921802083333334 0.6223361111111112
0 0.7882713541666667 0.7227055555555556 0.7946234375 0.7400824074074074 0.8053729166666667 0.7479018518518519 0.8131906250000001 0.7357379629629629 0.8131906250000001 0.7148851851851852 0.8083046875 0.7044592592592593 0.804884375 0.684475 0.8058614583333333 0.6610157407407408 0.8092817708333333 0.63495 0.8088458333333333 0.612212962962963 0.7999979166666668 0.629737037037037 0.7975552083333334 0.6514583333333334 0.7980437499999999 0.675787037037037 0.7936463541666666 0.6975083333333333 0.7882713541666667 0.7227055555555556
0 0.628984375 0.8808685185185184 0.6451083333333333 0.88 0.6626984375 0.8826064814814815 0.672959375 0.8930324074074074 0.6871291666666667 0.8999833333333334 0.6954354166666668 0.8930324074074074 0.6964125 0.88 0.6871291666666667 0.8617537037037036 0.6783338541666667 0.8574092592592593 0.6465744791666667 0.8591472222222223 0.6280072916666666 0.8600157407407407 0.6123718749999999 0.8548027777777778 0.5994052083333333 0.859512037037037 0.60015625 0.8608842592592593 0.5957588541666666 0.8678351851851851 0.60015625 0.8704425925925926 0.6148145833333333 0.8765240740740741 0.628984375 0.8808685185185184
0 0.7643296875 0.8443759259259259 0.7574890624999999 0.837425 0.7384333333333333 0.8365564814814814 0.7267067708333333 0.8478518518518519 0.7140026041666666 0.8548027777777778 0.7012989583333333 0.8669666666666667 0.6954354166666668 0.8756555555555555 0.6969010416666667 0.8852129629629629 0.6967015624999999 0.8977185185185185 0.7125369791666666 0.886950925925926 0.7286609375 0.8773935185185185 0.7428307291666666 0.8704425925925926 0.7560234375 0.8687046296296297 0.7653067708333333 0.8574092592592593 0.7643296875 0.8443759259259259
0 0.5098802083333334 0.8944592592592592 0.5181427083333333 0.8936425925925926 0.5282416666666667 0.8871129629629629 0.52961875 0.8748685185185184 0.5259463541666667 0.8642564814814815 0.5144703125 0.8593592592592592 0.5025354166666667 0.8593592592592592 0.4933546875 0.862624074074074 0.4846328125 0.8716037037037037 0.47453385416666666 0.8765009259259259 0.4658125 0.8805824074074075 0.4547953125 0.8830314814814815 0.44928697916666666 0.8846638888888889 0.4368473958333333 0.8955981481481481 0.43872916666666667 0.9083361111111111 0.45433645833333336 0.9026222222222222 0.46994375 0.8977240740740741 0.48371510416666663 0.8944592592592592 0.495190625 0.8936425925925926 0.5098802083333334 0.8944592592592592
0 0.5387994791666666 0.8879287037037037 0.5511937499999999 0.9107842592592593 0.5645057291666667 0.9050703703703704 0.5690963541666666 0.8944592592592592 0.5626697916666666 0.8642564814814815 0.5507348958333333 0.84385 0.5387994791666666 0.8218101851851851 0.5277828125 0.7916074074074074 0.5250286458333333 0.7622212962962962 0.5287010416666666 0.7434472222222223 0.5346682291666667 0.7246731481481482 0.5406359374999999 0.7107962962962963 0.5403692708333333 0.7082962962962963 0.5287010416666666 0.730387037037037 0.5195197916666666 0.7556916666666668 0.5163067708333333 0.7875268518518519 0.5199791666666667 0.8209935185185185 0.5282416666666667 0.8520129629629629 0.5387994791666666 0.8879287037037037
0 0.5686375 0.8544611111111111 0.5562432291666667 0.8267074074074074 0.5438489583333334 0.8087500000000001 0.534209375 0.789975 0.5273234375 0.7834453703703703 0.52961875 0.7956888888888889 0.5378817708333333 0.8185453703703703 0.5507348958333333 0.8487472222222223 0.5635880208333333 0.8724194444444444 0.5663421875 0.8838472222222222 0.5677192708333333 0.9009888888888888 0.569003125 0.8962509259259259 0.58103125 0.9124175925925926 0.5925072916666667 0.9042546296296297 0.5966385416666667 0.8936425925925926 0.5906713541666666 0.8699703703703704 0.5824083333333333 0.860175 0.5686375 0.8544611111111111
0 0.3350140625 0.5986074074074074 0.3384260416666667 0.6384796296296297 0.34037552083333333 0.6774851851851852 0.34573750000000003 0.6748851851851851 0.3389135416666667 0.6237444444444444 0.33988854166666665 0.599474074074074 0.33793854166666665 0.5804046296296296 0.3340390625 0.551800925925926 0.3320890625 0.530998148148148 0.32965208333333335 0.5101953703703703 0.32185312499999996 0.4945925925925926 0.3164911458333333 0.4963268518518519 0.3114609375 0.5054148148148148 0.31064166666666665 0.5231972222222222 0.3121041666666667 0.5353324074074074 0.3223401041666667 0.5500675925925925 0.32965208333333335 0.5613351851851851 0.3350140625 0.5986074074074074
0 0.34401927083333333 0.6664666666666667 0.3513390625 0.6863324074074074 0.36251041666666667 0.6883879629629629 0.36482187499999996 0.6733166666666667 0.3575026041666666 0.6424907407407408 0.35442083333333335 0.6185138888888889 0.3509536458333333 0.5856324074074074 0.34556041666666665 0.556861111111111 0.3413229166666667 0.5246638888888888 0.3386260416666667 0.5020583333333333 0.331796875 0.49747314814814814 0.3305359375 0.5020583333333333 0.33400312499999996 0.5335694444444444 0.338240625 0.5685064814814814 0.33978177083333333 0.6144037037037038 0.34401927083333333 0.6664666666666667
0 0.4441802083333333 0.5870027777777778 0.4407130208333333 0.5671361111111111 0.42761510416666665 0.5650814814814815 0.4202958333333333 0.5767268518518519 0.413746875 0.591112962962963 0.40257499999999996 0.6061833333333333 0.39294427083333333 0.622624074074074 0.38177239583333333 0.6349546296296296 0.36751875 0.6452305555555556 0.3617401041666667 0.6513953703703703 0.3682890625 0.6527657407407407 0.37637916666666665 0.6527657407407407 0.38177239583333333 0.6527657407407407 0.38016458333333336 0.6497305555555555 0.3941 0.6315296296296297 0.40565677083333335 0.6171444444444444 0.41682864583333334 0.6096083333333333 0.42761510416666665 0.6041287037037036 0.43763124999999997 0.6007027777777778 0.4441802083333333 0.5870027777777778
0 0.3756083333333333 0.643175 0.38331302083333335 0.6356398148148148 0.38870625000000003 0.6274194444444445 0.38870625000000003 0.6246796296296296 0.3967963541666667 0.615774074074074 0.4064270833333333 0.6054981481481482 0.413746875 0.5924824074074074 0.41952500000000004 0.5753564814814814 0.4372458333333333 0.5671361111111111 0.4345494791666667 0.5582305555555556 0.42954114583333336 0.5486407407407408 0.4256890625 0.5548055555555556 0.41567291666666667 0.5650814814814815 0.39872239583333335 0.5828925925925926 0.38870625000000003 0.5959083333333334 0.3810015625 0.6000185185185185 0.3671333333333333 0.6075537037037038 0.359215625 0.6207027777777778 0.3594286458333333 0.6246796296296296 0.35865833333333336 0.6342703703703704 0.36251041666666667 0.6424907407407408 0.3686744791666667 0.6445453703703704 0.3756083333333333 0.643175
0 0.41519791666666667 0.7051268518518519 0.4210078125 0.6792981481481482 0.427140625 0.6592092592592593 0.43165937499999996 0.6345287037037037 0.42649479166666665 0.6534694444444444 0.41907135416666663 0.6724111111111111 0.4145520833333334 0.6867601851851852 0.4068057291666667 0.6976657407407407 0.4008729166666667 0.7031694444444444 0.39163489583333333 0.7148851851851852 0.38614791666666665 0.733825925925926 0.39002135416666667 0.7493231481481482 0.4019640625 0.7395657407407408 0.40906510416666664 0.727512037037037 0.41519791666666667 0.7051268518518519
0 0.43327343749999997 0.6815944444444444 0.4390833333333333 0.6643749999999999 0.44101979166666666 0.6339546296296297 0.44618437499999997 0.6219009259259259 0.4471526041666667 0.6092740740740741 0.4419885416666667 0.6081259259259258 0.43617812499999997 0.6098481481481481 0.43391875 0.6287888888888888 0.4310140625 0.6494518518518518 0.4281088541666667 0.6643749999999999 0.42165312499999996 0.6804462962962963 0.41584322916666666 0.7005351851851852 0.4122927083333333 0.7171805555555555 0.41042343750000004 0.732538888888889 0.412615625 0.7521935185185186 0.4181026041666666 0.7590805555555555 0.42617239583333333 0.7510453703703703 0.42907708333333333 0.7286601851851852 0.43069114583333334 0.699387962962963 0.43327343749999997 0.6815944444444444
