0 0.44679270833333334 0.9132092592592592 0.44679270833333334 0.9033305555555555 0.43912968750000003 0.8965166666666667 0.421121875 0.8886814814814814 0.4126927083333333 0.8794833333333333 0.398325 0.8716472222222222 0.37859322916666666 0.8655157407407407 0.3657578125 0.8621083333333334 0.3548385416666667 0.8566583333333334 0.34583437499999997 0.846437962962963 0.33644739583333333 0.8403055555555555 0.3236119791666667 0.8348546296296296 0.31633229166666665 0.8328111111111112 0.31096822916666667 0.8174805555555555 0.30732864583333336 0.7915888888888889 0.30617916666666667 0.7731925925925925 0.3054130208333333 0.7871601851851853 0.308478125 0.8219092592592593 0.3134588541666667 0.8362175925925927 0.30866979166666664 0.8508666666666667 0.30004895833333334 0.8525694444444444 0.28683020833333334 0.8655157407407407 0.28874635416666666 0.8702851851851852 0.2987078125 0.8604055555555556 0.3094359375 0.8621083333333334 0.32667708333333334 0.8845935185185185 0.33970416666666664 0.8927694444444445 0.35560468749999996 0.8971981481481482 0.3728458333333334 0.9009453703703704 0.38204166666666667 0.9033305555555555 0.4088614583333333 0.9152537037037037 0.4218885416666666 0.9132092592592592 0.43759739583333335 0.9196824074074074 0.44679270833333334 0.9132092592592592
0 0.48793281250000003 0.7339453703703703 0.48141927083333336 0.7526824074074074 0.4766296875 0.7594953703703704 0.46935000000000004 0.7789138888888889 0.45881354166666666 0.8024203703703704 0.44846874999999997 0.8184324074074074 0.4419552083333333 0.8208166666666666 0.430078125 0.8269490740740741 0.417434375 0.849774074074074 0.4134114583333333 0.8586314814814815 0.402875 0.859312962962963 0.39003958333333333 0.8613574074074074 0.3948286458333333 0.8634009259259259 0.404790625 0.8647638888888889 0.4120703125 0.8668074074074075 0.4132197916666666 0.8698740740740741 0.41781718749999996 0.8756657407407408 0.4185838541666667 0.8831601851851851 0.42107395833333333 0.886225925925926 0.41992447916666664 0.87805 0.4394651041666667 0.8712361111111111 0.44463749999999996 0.8586314814814815 0.455365625 0.8395537037037036 0.4647526041666667 0.8184324074074074 0.4779708333333333 0.802761111111111 0.488028125 0.7804194444444444 0.48946510416666666 0.7693749999999999 0.48946510416666666 0.7581333333333333 0.4934880208333333 0.745187037037037 0.49233854166666663 0.7312194444444444 0.48793281250000003 0.7339453703703703
0 0.38850677083333335 0.7736444444444444 0.4053651041666667 0.7491157407407407 0.42069114583333334 0.7283342592592592 0.4279708333333333 0.7119824074074075 0.4323770833333333 0.6997175925925926 0.43448437500000003 0.6894981481481481 0.4419552083333333 0.6734861111111111 0.4415723958333333 0.658837037037037 0.4373578125 0.6564527777777778 0.429503125 0.6717824074074074 0.42356458333333336 0.6813212962962963 0.41915833333333335 0.6847287037037036 0.40440729166666667 0.7170925925925926 0.38850677083333335 0.7393962962962963 0.375096875 0.7543861111111111 0.3637942708333333 0.7605175925925927 0.3530661458333333 0.7683537037037037 0.3434875 0.7809583333333333 0.3385067708333333 0.7952666666666667 0.33525 0.7956074074074074 0.325096875 0.7915194444444444 0.31436875 0.7748259259259259 0.31187864583333336 0.7748259259259259 0.321265625 0.7925407407407407 0.33486718750000005 0.8048055555555556 0.3362078125 0.8180916666666667 0.3413802083333334 0.824224074074074 0.34042239583333334 0.8300148148148149 0.33946458333333335 0.8412574074074074 0.3409973958333333 0.8402351851851851 0.3436791666666667 0.833762037037037 0.34435000000000004 0.8242685185185186 0.3473192708333333 0.8250861111111111 0.3591963541666667 0.8165685185185185 0.3678171875 0.8073703703703704 0.37586302083333334 0.7951064814814816 0.38850677083333335 0.7736444444444444
0 0.3906140625 0.6651546296296296 0.3915723958333333 0.6508462962962963 0.39712760416666665 0.643351851851852 0.404215625 0.6273398148148148 0.4051739583333333 0.615075925925926 0.40172552083333335 0.6072398148148148 0.3992348958333333 0.6089435185185185 0.38965625 0.6409666666666667 0.3703078125 0.6698314814814815 0.35191666666666666 0.6814138888888889 0.3362078125 0.6916342592592593 0.32586302083333335 0.6940194444444445 0.3076640625 0.6953814814814814 0.29042239583333335 0.7015138888888889 0.2793114583333333 0.7073055555555555 0.2683916666666667 0.7250203703703704 0.2599625 0.737625 0.254215625 0.7383064814814815 0.24214635416666666 0.7270648148148149 0.23582447916666668 0.7141185185185186 0.24080520833333333 0.7338777777777777 0.2501921875 0.7437574074074075 0.257471875 0.7502305555555556 0.25957916666666664 0.7648796296296296 0.2655182291666667 0.7727148148148149 0.2616864583333333 0.7863416666666667 0.2636026041666667 0.8050787037037037 0.2693494791666666 0.8241564814814816 0.26647604166666666 0.808825925925926 0.2636026041666667 0.7931555555555555 0.2683916666666667 0.7754398148148148 0.27260625 0.7768027777777777 0.2902307291666667 0.7682861111111111 0.299809375 0.756362037037037 0.30823854166666664 0.7427351851851852 0.31494375 0.7360148148148148 0.33065260416666664 0.7213657407407408 0.3545989583333334 0.7039916666666667 0.3773958333333333 0.6828694444444444 0.3906140625 0.6651546296296296
0 0.551390625 0.6442611111111112 0.5303177083333334 0.6377888888888888 0.5121187500000001 0.6268870370370371 0.5144171875 0.6108759259259259 0.5079041666666667 0.5752083333333333 0.4971760416666667 0.5489768518518519 0.48185 0.512525 0.47246302083333336 0.47811666666666663 0.46575833333333333 0.4403018518518519 0.4600109375 0.4116851851851852 0.454646875 0.3983990740740741 0.45215677083333333 0.37659629629629626 0.4475588541666667 0.360925 0.44353593750000003 0.360925 0.43855520833333334 0.3708046296296296 0.442578125 0.40316851851851854 0.4421947916666667 0.41475185185185187 0.4408536458333333 0.4263342592592592 0.4481338541666667 0.4600611111111111 0.45699375 0.4981925925925926 0.4700208333333334 0.5404361111111111 0.4780666666666667 0.5656462962962964 0.47864114583333334 0.5854046296296296 0.48630416666666665 0.6218574074074074 0.4953083333333333 0.6341212962962963 0.49415885416666666 0.6433194444444444 0.4838140625 0.6661444444444444 0.47845 0.6763648148148148 0.4757677083333334 0.6886287037037038 0.49109375 0.6620564814814814 0.49880416666666666 0.6433398148148148 0.5046473958333333 0.6388111111111111 0.5113520833333334 0.6316564814814815 0.5192067708333333 0.6377888888888888 0.5410458333333333 0.6473277777777778 0.551390625 0.6442611111111112
0 0.40161718750000003 0.33893981481481483 0.39056875 0.3327185185185185 0.3837552083333333 0.3382851851851852 0.37233854166666663 0.3559685185185185 0.36184218749999997 0.36808425925925925 0.3489520833333334 0.37594351851851854 0.3338520833333333 0.3844574074074074 0.3215145833333333 0.3985388888888889 0.3176479166666667 0.3975564814814815 0.3058625 0.3831472222222222 0.29131510416666667 0.3772537037037037 0.29978593750000004 0.38412962962962965 0.3100979166666667 0.3929712962962963 0.3178317708333333 0.4057425925925926 0.3224354166666667 0.4201509259259259 0.3229880208333333 0.43325 0.325565625 0.4571546296296296 0.3314583333333333 0.47156296296296296 0.32740729166666666 0.44602037037037034 0.32409270833333337 0.42408055555555557 0.34545312499999997 0.4162212962962963 0.35521302083333334 0.4024675925925926 0.3749625 0.38350925925925927 0.3832026041666667 0.37201388888888887 0.402721875 0.3507287037037037 0.4187427083333333 0.3314083333333333 0.4108244791666667 0.33501018518518516 0.40161718750000003 0.33893981481481483
0 0.3272229166666667 0.26217222222222225 0.3222510416666667 0.25333055555555556 0.3152536458333334 0.24841851851851848 0.308440625 0.2395777777777778 0.29131510416666667 0.2150175925925926 0.3023635416666667 0.23630277777777778 0.31157083333333335 0.24940092592592594 0.3054942708333333 0.25988055555555556 0.2929723958333333 0.27821851851851853 0.2891052083333333 0.3006175925925926 0.271059375 0.3526842592592593 0.25227656249999997 0.38444814814814815 0.24656822916666668 0.4135925925925926 0.2474890625 0.4270185185185185 0.24122812500000002 0.4371703703703704 0.23828177083333332 0.4496138888888889 0.24196458333333334 0.4643490740740741 0.24712083333333332 0.4597648148148148 0.253565625 0.4355324074074074 0.25945833333333335 0.4319305555555556 0.2694020833333333 0.4083527777777778 0.27382135416666664 0.3805185185185185 0.28615937500000005 0.3535287037037037 0.30052239583333334 0.3292962962962963 0.3119390625 0.3122685185185185 0.32004166666666667 0.2929481481481482 0.32409270833333337 0.2717962962962963 0.3253817708333333 0.2680666666666667 0.33624635416666665 0.26872129629629626 0.3489520833333334 0.2792009259259259 0.34213854166666663 0.26577407407407405 0.3272229166666667 0.26217222222222225
0 0.4934125 0.3045009259259259 0.48549479166666665 0.29893425925925926 0.46026666666666666 0.29762500000000003 0.43559166666666665 0.29795185185185186 0.4129421875 0.29303981481481484 0.40005208333333336 0.2963148148148148 0.38808281250000004 0.30712129629629625 0.379059375 0.3067935185185185 0.35825156249999995 0.2982796296296296 0.37243020833333335 0.31203333333333333 0.38090104166666666 0.3176 0.3814536458333333 0.3339731481481481 0.3729828125 0.3454342592592593 0.3680109375 0.3588601851851852 0.3762973958333333 0.3490361111111111 0.3845838541666666 0.3352833333333333 0.38881927083333334 0.3339731481481481 0.3980265625 0.3339731481481481 0.40907499999999997 0.3339731481481481 0.41846614583333336 0.32676851851851857 0.4427734375 0.32676851851851857 0.46634375 0.3356101851851852 0.4924921875 0.3234944444444445 0.4926760416666667 0.3234944444444445 0.5024359375 0.322512037037037 0.5107223958333333 0.3133425925925926 0.5079598958333333 0.3045009259259259 0.4934125 0.3045009259259259
0 0.3325635416666667 0.13596666666666665 0.3145171875 0.12777962962962963 0.31414895833333334 0.12319537037037036 0.31543802083333333 0.10420277777777778 0.31985729166666665 0.08389999999999999 0.3148854166666667 0.09306851851851851 0.3095453125 0.12342592592592594 0.3064151041666667 0.1309574074074074 0.3029161458333334 0.1479861111111111 0.28744791666666664 0.16141203703703702 0.28155572916666666 0.17287314814814816 0.29794427083333336 0.15780925925925926 0.3058625 0.1545351851851852 0.32409270833333337 0.17680277777777778 0.3489520833333334 0.19186574074074075 0.3607375 0.21184166666666665 0.39296250000000005 0.24360555555555555 0.40861458333333334 0.24589722222222224 0.42187291666666665 0.2504824074074074 0.4270291666666666 0.2439324074074074 0.42647656250000004 0.23410925925925927 0.41662499999999997 0.22555555555555554 0.41285 0.22601944444444444 0.40253802083333334 0.21095555555555556 0.37878333333333336 0.18868796296296295 0.35337135416666665 0.16478333333333334 0.3325635416666667 0.13596666666666665
0 0.46422604166666664 0.19916666666666666 0.4912953125 0.1945824074074074 0.49921354166666665 0.18705092592592593 0.5141286458333333 0.17657222222222224 0.5152338541666667 0.16543796296296295 0.5078682291666666 0.16445555555555555 0.4936890625 0.17002314814814815 0.4658833333333333 0.16380092592592593 0.4338421875 0.15856111111111112 0.40953541666666665 0.14480833333333334 0.39590885416666666 0.13138240740740742 0.3767578125 0.13694907407407408 0.37417968749999997 0.1333472222222222 0.36644583333333336 0.10583981481481482 0.365525 0.0848824074074074 0.36239479166666666 0.10191018518518519 0.3727067708333333 0.1366212962962963 0.3690239583333333 0.15004722222222222 0.37123333333333336 0.1651111111111111 0.3701286458333334 0.17427962962962965 0.3743640625 0.18574074074074073 0.37335104166666666 0.16826666666666668 0.3957244791666667 0.1821388888888889 0.40566822916666667 0.18181111111111112 0.42242552083333335 0.18410370370370369 0.4456276041666667 0.19032592592592593 0.46422604166666664 0.19916666666666666
0 0.5045536458333334 0.07669814814814815 0.5003182291666667 0.07964537037037037 0.49553020833333333 0.08717685185185185 0.48503437499999996 0.08488518518518519 0.46975052083333335 0.083575 0.4664359375 0.08652222222222222 0.4793255208333333 0.0878324074074074 0.49553020833333333 0.09143425925925926 0.49755625 0.0963462962962963 0.5008703125 0.1163212962962963 0.50713125 0.13433240740740743 0.517075 0.14579351851851852 0.531990625 0.18050462962962963 0.5393567708333333 0.2220925925925926 0.5450651041666668 0.247962037037037 0.5483796875 0.2626981481481481 0.5515098958333333 0.29347962962962965 0.5579552083333332 0.29446203703703705 0.5609015625 0.27317685185185187 0.5596125 0.25451111111111113 0.5596125 0.2328990740740741 0.5524307291666666 0.19458518518518517 0.5369625 0.14677592592592592 0.5277557291666667 0.11468425925925925 0.524809375 0.10093055555555555 0.5157859375 0.08652222222222222 0.5093869791666666 0.08028703703703703 0.5062109375 0.07113148148148149 0.5010546875 0.055086111111111113 0.5005020833333333 0.0475537037037037 0.4981083333333334 0.05475833333333334 0.5043692708333334 0.0717861111111111 0.5045536458333334 0.07669814814814815
0 0.607259375 0.17304907407407408 0.594921875 0.15340092592592594 0.5868197916666666 0.14357685185185184 0.5789015625 0.139975 0.569878125 0.14685185185185184 0.5687734375000001 0.15503796296296296 0.5654588541666666 0.16060555555555556 0.5610395833333333 0.17566851851851853 0.559934375 0.18974907407407407 0.5641697916666666 0.17337592592592593 0.5687734375000001 0.16289722222222222 0.575034375 0.18287222222222224 0.5916072916666667 0.20022870370370371 0.6125994791666667 0.22478796296296294 0.6389322916666667 0.2617916666666667 0.6639755208333333 0.28929814814814814 0.674471875 0.30141481481481486 0.6855203125 0.3069814814814815 0.6903083333333334 0.30010462962962964 0.6901239583333333 0.2909361111111111 0.6774182291666667 0.2783435185185185 0.6781462484375 0.2786612259259259 0.6722619791666666 0.26965092592592593 0.6652645833333334 0.2549148148148148 0.6523744791666667 0.23559444444444444 0.6411421875 0.22577037037037037 0.629725 0.2087425925925926 0.6181239583333333 0.19204166666666667 0.6153619791666666 0.1835277777777778 0.607259375 0.17304907407407408
0 0.6061546875 0.11967685185185185 0.594921875 0.09315185185185185 0.5851624999999999 0.07415925925925926 0.5768760416666667 0.06891944444444445 0.5886609375 0.05713055555555556 0.5956583333333333 0.06237037037037037 0.5943692708333334 0.05582129629629629 0.5858989583333333 0.05713055555555556 0.5811109375 0.06007777777777778 0.575034375 0.0663 0.5719041666666667 0.07088425925925927 0.5667479166666667 0.07677870370370371 0.5643541666666666 0.08234537037037037 0.5571723958333333 0.07972592592592592 0.5429932291666667 0.08300092592592594 0.5323130208333333 0.08398333333333333 0.540046875 0.08791203703703702 0.5573567708333333 0.08463796296296297 0.5639859375 0.08955 0.5660114583333333 0.09937407407407407 0.5719041666666667 0.11738425925925926 0.5774281250000001 0.13244722222222222 0.5846098958333333 0.14063425925925926 0.5987890625 0.15962685185185185 0.6214385416666667 0.1930287037037037 0.6451932291666667 0.2267574074074074 0.6726307291666667 0.2663805555555555 0.6625026041666667 0.2447675925925926 0.654584375 0.22937685185185186 0.6466661458333333 0.20187037037037037 0.622175 0.15995462962962964 0.612415625 0.1432537037037037 0.6061546875 0.11967685185185185
0 0.7066052083333333 0.07415925925925926 0.712865625 0.058112962962962963 0.7215208333333333 0.05287407407407407 0.7158119791666666 0.050581481481481484 0.7097354166666666 0.062042592592592594 0.7031062499999999 0.07415925925925926 0.6944515625 0.06793703703703703 0.6819296875 0.07219444444444445 0.6671984375 0.08201851851851852 0.6568864583333334 0.08562037037037037 0.6462057291666666 0.08594814814814815 0.6366302083333333 0.08693055555555557 0.6231880208333334 0.09446203703703704 0.6145333333333334 0.10363055555555556 0.6073515625 0.10821481481481482 0.6025640625 0.11476481481481482 0.5999859375 0.11803888888888889 0.6020114583333334 0.12524351851851853 0.6071677083333333 0.1272083333333333 0.6150854166666666 0.12131388888888889 0.6265026041666667 0.12491574074074073 0.6417864583333334 0.11247222222222222 0.6616739583333333 0.1105074074074074 0.6775104166666667 0.11083518518518519 0.6911369791666666 0.11247222222222222 0.7034744791666667 0.10395833333333333 0.7071114583333333 0.09501851851851852 0.7198635416666667 0.11083518518518519 0.723178125 0.10952500000000001 0.7134182291666666 0.0980638888888889 0.7066052083333333 0.08987685185185185 0.7071572916666666 0.07710648148148148 0.7066052083333333 0.07415925925925926
0 0.7794796875000001 0.09184166666666665 0.7772703125 0.07743333333333334 0.7704567708333333 0.06761018518518519 0.763459375 0.058112962962962963 0.7455973958333334 0.0535287037037037 0.7605130208333333 0.06007777777777778 0.76843125 0.06826481481481482 0.7676947916666667 0.07121203703703705 0.7586713541666666 0.07612407407407407 0.7494645833333333 0.08398333333333333 0.731234375 0.0957712962962963 0.7139244791666666 0.1222962962962963 0.6925640625 0.14816574074074074 0.6726765625 0.17862037037037037 0.6678890625 0.19794074074074075 0.6605229166666666 0.21333148148148148 0.6568401041666667 0.22708425925925926 0.6619963541666666 0.2319962962962963 0.6752546875000001 0.21889814814814815 0.686303125 0.19564814814814815 0.7165026041666667 0.15667962962962964 0.7358380208333333 0.13572222222222224 0.7621703125 0.12295092592592594 0.7745078125 0.10592314814814816 0.7784671875 0.09829166666666667 0.7888713541666666 0.10133888888888888 0.8021296875 0.11541944444444445 0.80820625 0.12000370370370371 0.7967890625 0.10461296296296296 0.7864770833333333 0.09544444444444444 0.7794796875000001 0.09184166666666665
0 0.7554489583333334 0.2810712962962963 0.7661291666666667 0.2758314814814815 0.7788354166666667 0.2673175925925926 0.7563697916666666 0.27648703703703703 0.7504770833333333 0.2673175925925926 0.7502932291666667 0.24668796296296297 0.7482677083333333 0.2218 0.7458734375 0.26535277777777777 0.732246875 0.28434629629629626 0.7293005208333334 0.3154546296296296 0.7164104166666667 0.35966296296296296 0.7064666666666667 0.3973212962962963 0.7046255208333334 0.4254833333333333 0.7053619791666667 0.4362888888888889 0.7132802083333334 0.427775 0.7160421874999999 0.41402129629629625 0.7226713541666666 0.3983037037037037 0.7252953125 0.3773712962962963 0.727275 0.37243425925925927 0.7329833333333333 0.3452546296296296 0.7425588541666667 0.3193842592592593 0.7526869791666667 0.30202870370370366 0.7554489583333334 0.2810712962962963
0 0.7213822916666667 0.40735925925925925 0.7154901041666667 0.42078518518518515 0.7107020833333333 0.43290185185185187 0.7009427083333333 0.43846851851851854 0.6830807291666667 0.4587712962962963 0.6573005208333333 0.48627870370370374 0.6514078125 0.5049435185185186 0.6442265625 0.5164046296296296 0.6394385416666667 0.5249194444444445 0.640359375 0.5298305555555556 0.6475411458333333 0.523937037037037 0.66043125 0.512475 0.6687177083333334 0.5098555555555555 0.695234375 0.477437037037037 0.7175156250000001 0.45320462962962965 0.7350093750000001 0.43846851851851854 0.744953125 0.41718333333333335 0.7478989583333333 0.40997962962962964 0.7653927083333334 0.40768703703703707 0.7760729166666667 0.40997962962962964 0.7676026041666667 0.40408518518518516 0.7530552083333333 0.40441203703703704 0.7466104166666666 0.40310277777777775 0.7407177083333334 0.39128425925925925 0.7409015624999999 0.3638064814814815 0.7392442708333333 0.3392472222222222 0.7396125 0.37002870370370367 0.7377713541666666 0.38836666666666664 0.7293005208333334 0.3975351851851852 0.7213822916666667 0.40735925925925925
0 0.787628125 0.5899842592592592 0.7922317708333334 0.5660796296296297 0.7995973958333333 0.5529814814814815 0.8075156250000001 0.5235092592592593 0.8163546875000001 0.4894527777777778 0.8255619791666666 0.4580166666666667 0.8362421875 0.4298546296296296 0.8480270833333333 0.38271944444444445 0.8493161458333333 0.3434240740740741 0.8447125 0.3201740740740741 0.85465625 0.32508611111111113 0.8620223958333334 0.34997314814814817 0.8601807291666667 0.37420555555555557 0.8633109375 0.3525935185185185 0.8581552083333333 0.3313083333333333 0.8542880208333333 0.31820925925925925 0.8467380208333334 0.31427962962962963 0.8421348958333332 0.31198796296296294 0.8345848958333334 0.30674814814814816 0.8268505208333334 0.30674814814814816 0.8185640625 0.2949666666666667 0.8089890625 0.2756462962962963 0.7984927083333333 0.2614074074074074 0.8032802083333334 0.27254074074074075 0.8159864583333333 0.2915342592592593 0.8239046875 0.3108546296296296 0.8242729166666667 0.32002314814814814 0.8213265624999999 0.32984722222222224 0.8152494791666667 0.3498222222222222 0.8135921875 0.3675055555555556 0.8119348958333333 0.39730462962962965 0.8097255208333334 0.4192453703703704 0.8042010416666667 0.44380462962962963 0.7972036458333334 0.4650898148148148 0.7841296875 0.5011814814814815 0.7812291666666666 0.5128194444444445 0.777684375 0.5425018518518518 0.7782369791666667 0.5549462962962963 0.7763953125 0.5686990740740742 0.7740015625000001 0.5876925925925925 0.7787890625 0.6001361111111112 0.787628125 0.5899842592592592
0 0.7829421875 0.5872481481481481 0.7728645833333334 0.5888768518518518 0.7602682291666666 0.5909138888888888 0.7403421875 0.605575925925926 0.7174395833333332 0.6072046296296296 0.7004911458333333 0.6031324074074075 0.683771875 0.6031324074074075 0.6714041666666667 0.6133148148148148 0.6512494791666666 0.5807314814814816 0.6528526041666667 0.5876555555555556 0.669571875 0.6169796296296296 0.6704880208333334 0.6296055555555556 0.6700296875 0.6353083333333334 0.656975 0.6511916666666667 0.6542265625 0.6658546296296297 0.6622427083333334 0.651599074074074 0.6732364583333333 0.6373444444444445 0.68858125 0.6487481481481482 0.7059880208333333 0.6401953703703703 0.7396552083333333 0.6340861111111111 0.7623864583333333 0.6251018518518519 0.7703453125 0.6210527777777778 0.778590625 0.6088342592592593 0.7925614583333334 0.5962083333333333 0.7934776041666667 0.5864333333333333 0.7829421875 0.5872481481481481
0 0.6444885416666666 0.6661564814814814 0.6499953125 0.6419648148148148 0.6464322916666667 0.633325 0.6334760416666666 0.6517564814814816 0.6227869791666667 0.675949074074074 0.6117744791666666 0.7099333333333333 0.5988182291666667 0.7208768518518519 0.5845666666666667 0.7491009259259259 0.5800317708333333 0.7681092592592592 0.5605973958333333 0.769837037037037 0.5486130208333333 0.7738694444444444 0.5602734374999999 0.7773249999999999 0.5784125 0.7790527777777777 0.5813276041666666 0.7796296296296297 0.5852140625000001 0.7865416666666667 0.5806796875 0.8153416666666666 0.582946875 0.8429898148148148 0.5861859375 0.8326212962962963 0.5887770833333333 0.8095814814814815 0.5891010416666667 0.7847120370370371 0.5978463541666666 0.7767490740740741 0.6056203124999999 0.7548611111111111 0.6221395833333333 0.7266370370370371 0.6367151041666667 0.6955333333333333 0.6444885416666666 0.6661564814814814
0 0.5779895833333334 0.33381944444444445 0.5735348958333333 0.36663796296296297 0.5643072916666667 0.41699722222222224 0.5528526041666667 0.4611324074074074 0.5445796875000001 0.4905564814814815 0.5378973958333333 0.51715 0.5385338541666667 0.5352574074074073 0.5452161458333333 0.525637962962963 0.5592161458333333 0.4922537037037037 0.5674890625 0.47527870370370373 0.5751255208333333 0.44019629629629625 0.5853078125 0.39040277777777777 0.5961260416666666 0.3705990740740741 0.6012171875 0.34853148148148144 0.6043989583333332 0.32759537037037034 0.6368541666666666 0.3083564814814815 0.6378088541666667 0.2998694444444444 0.6161718749999999 0.31061944444444445 0.6018536458333333 0.32420000000000004 0.5918307291666667 0.3126731481481482 0.5853078125 0.2930787037037037 0.5763984375 0.26761666666666667 0.5690802083333334 0.25969444444444445 0.577353125 0.2811962962962963 0.5884895833333333 0.3145805555555556 0.5779895833333334 0.33381944444444445
