0 0.2984375 0.4583333333333333 0.30364583333333334 0.4564814814814815 0.30625 0.4425925925925926 0.30520833333333336 0.4351851851851852 0.30885416666666665 0.4083333333333333 0.3104166666666667 0.3453703703703704 0.31354166666666666 0.33055555555555555 0.3125 0.30925925925925923 0.3067708333333333 0.28703703703703703 0.30416666666666664 0.28703703703703703 0.29583333333333334 0.2916666666666667 0.29322916666666665 0.30277777777777776 0.29322916666666665 0.32592592592592595 0.29791666666666666 0.34814814814814815 0.296875 0.4101851851851852 0.2984375 0.4583333333333333
0 0.46510416666666665 0.4888888888888889 0.48802083333333335 0.49722222222222223 0.49375 0.49722222222222223 0.49583333333333335 0.49444444444444446 0.4942708333333333 0.487962962962963 0.46979166666666666 0.4685185185185185 0.4515625 0.4583333333333333 0.4354166666666667 0.44351851851851853 0.4317708333333333 0.4351851851851852 0.42135416666666664 0.42962962962962964 0.4171875 0.42962962962962964 0.409375 0.4324074074074074 0.40625 0.44074074074074077 0.40677083333333336 0.44814814814814813 0.4161458333333333 0.46296296296296297 0.4328125 0.4666666666666667 0.46510416666666665 0.4888888888888889
0 0.28489583333333335 0.16574074074074074 0.2984375 0.1675925925925926 0.3104166666666667 0.15925925925925927 0.340625 0.14629629629629629 0.3729166666666667 0.12129629629629629 0.375 0.11574074074074074 0.375 0.10925925925925926 0.3729166666666667 0.10648148148148148 0.3703125 0.10648148148148148 0.3203125 0.13240740740740742 0.29375 0.13333333333333333 0.2838541666666667 0.1425925925925926 0.28125 0.14907407407407408 0.28177083333333336 0.1574074074074074 0.28489583333333335 0.16574074074074074
0 0.5010416666666667 0.075 0.5145833333333333 0.08888888888888889 0.5276041666666667 0.11944444444444445 0.5328125 0.14166666666666666 0.5385416666666667 0.14907407407407408 0.540625 0.16111111111111112 0.5447916666666667 0.16574074074074074 0.5479166666666667 0.16296296296296298 0.5484375 0.1537037037037037 0.5369791666666667 0.10462962962962963 0.5114583333333333 0.05740740740740741 0.5026041666666666 0.037037037037037035 0.4979166666666667 0.03425925925925926 0.496875 0.028703703703703703 0.49322916666666666 0.027777777777777776 0.4901041666666667 0.022222222222222223 0.4895833333333333 0.022222222222222223 0.4817708333333333 0.02962962962962963 0.4796875 0.03518518518518519 0.4791666666666667 0.04537037037037037 0.4817708333333333 0.05462962962962963 0.49375 0.07407407407407407 0.5010416666666667 0.075
0 0.23177083333333334 0.5666666666666667 0.2359375 0.5675925925925925 0.24270833333333333 0.5601851851851852 0.24322916666666666 0.5388888888888889 0.2421875 0.5259259259259259 0.2390625 0.5185185185185185 0.23541666666666666 0.4981481481481482 0.23020833333333332 0.4398148148148148 0.2265625 0.42592592592592593 0.22552083333333334 0.3972222222222222 0.22291666666666668 0.39166666666666666 0.21875 0.39166666666666666 0.21666666666666667 0.39537037037037037 0.21666666666666667 0.4546296296296296 0.221875 0.5092592592592593 0.221875 0.537962962962963 0.22708333333333333 0.5592592592592592 0.23177083333333334 0.5666666666666667
0 0.2640625 0.6916666666666667 0.2682291666666667 0.6861111111111111 0.2708333333333333 0.6574074074074074 0.265625 0.575 0.2625 0.5611111111111111 0.2609375 0.5407407407407407 0.25625 0.5333333333333333 0.2557291666666667 0.5333333333333333 0.25364583333333335 0.5388888888888889 0.2552083333333333 0.6351851851851852 0.2520833333333333 0.6527777777777778 0.2520833333333333 0.6657407407407407 0.25625 0.6888888888888889 0.2640625 0.6916666666666667
0 0.403125 0.5712962962962963 0.42083333333333334 0.5898148148148148 0.4234375 0.5953703703703703 0.4322916666666667 0.600925925925926 0.44583333333333336 0.6185185185185185 0.4510416666666667 0.6166666666666667 0.4510416666666667 0.6083333333333333 0.43072916666666666 0.575925925925926 0.4088541666666667 0.5509259259259259 0.39114583333333336 0.5194444444444445 0.3802083333333333 0.5083333333333333 0.37604166666666666 0.5083333333333333 0.3723958333333333 0.5138888888888888 0.37135416666666665 0.5231481481481481 0.3729166666666667 0.5314814814814814 0.3807291666666667 0.5481481481481482 0.39479166666666665 0.5592592592592592 0.403125 0.5712962962962963
0 0.2526041666666667 0.8 0.2557291666666667 0.7981481481481482 0.259375 0.7888888888888889 0.2640625 0.7851851851851852 0.26927083333333335 0.7407407407407407 0.2760416666666667 0.7240740740740741 0.28125 0.7166666666666667 0.29270833333333335 0.6861111111111111 0.303125 0.6694444444444444 0.303125 0.6620370370370371 0.30104166666666665 0.6592592592592592 0.29739583333333336 0.6592592592592592 0.271875 0.6972222222222222 0.25052083333333336 0.7518518518518519 0.24375 0.7638888888888888 0.24010416666666667 0.7814814814814814 0.2421875 0.7944444444444444 0.2526041666666667 0.8
0 0.540625 0.3398148148148148 0.5463541666666667 0.34444444444444444 0.5479166666666667 0.35 0.5526041666666667 0.34814814814814815 0.5604166666666667 0.35555555555555557 0.5645833333333333 0.37037037037037035 0.5723958333333333 0.37962962962962965 0.5760416666666667 0.38055555555555554 0.5791666666666667 0.38796296296296295 0.5921875 0.39351851851851855 0.5984375 0.40370370370370373 0.603125 0.4064814814814815 0.6088541666666667 0.40370370370370373 0.609375 0.39537037037037037 0.6072916666666667 0.38796296296296295 0.5979166666666667 0.3787037037037037 0.584375 0.35648148148148145 0.5697916666666667 0.3416666666666667 0.5541666666666667 0.32037037037037036 0.5307291666666667 0.2712962962962963 0.5135416666666667 0.25555555555555554 0.5119791666666667 0.25555555555555554 0.5052083333333334 0.2638888888888889 0.5026041666666666 0.27870370370370373 0.5088541666666667 0.29814814814814816 0.5145833333333333 0.3074074074074074 0.5380208333333333 0.33240740740740743 0.540625 0.3398148148148148
0 0.3104166666666667 0.4981481481481482 0.325 0.4981481481481482 0.33177083333333335 0.49074074074074076 0.33125 0.4740740740740741 0.321875 0.4648148148148148 0.3104166666666667 0.4601851851851852 0.290625 0.4601851851851852 0.2713541666666667 0.44814814814814813 0.2484375 0.44537037037037036 0.24739583333333334 0.44537037037037036 0.24166666666666667 0.45092592592592595 0.24375 0.4583333333333333 0.253125 0.4601851851851852 0.259375 0.46574074074074073 0.29270833333333335 0.4824074074074074 0.3104166666666667 0.4981481481481482
0 0.7973958333333333 0.48055555555555557 0.8098958333333334 0.48148148148148145 0.8161458333333333 0.47314814814814815 0.8161458333333333 0.46111111111111114 0.8125 0.4546296296296296 0.7973958333333333 0.44537037037037036 0.7953125 0.44166666666666665 0.7916666666666666 0.44814814814814813 0.7791666666666667 0.44907407407407407 0.7333333333333333 0.4388888888888889 0.7303817708333333 0.4388888888888889 0.7234375 0.4398148148148148 0.721875 0.4425925925925926 0.7223958333333333 0.4462962962962963 0.740625 0.45740740740740743 0.7708333333333334 0.4666666666666667 0.7973958333333333 0.48055555555555557
0 0.7109375 0.5981481481481481 0.7140625 0.6175925925925926 0.7140625 0.6333333333333333 0.7171875 0.649074074074074 0.7244791666666667 0.6657407407407407 0.7328125 0.6620370370370371 0.7359375 0.6518518518518519 0.7348958333333333 0.6388888888888888 0.7307291666666667 0.6212962962962963 0.7255208333333333 0.6111111111111112 0.7119791666666667 0.5444444444444444 0.7083333333333334 0.5370370370370371 0.6942708333333333 0.5277777777777778 0.6911458333333333 0.5277777777777778 0.6890625 0.5287037037037037 0.6880208333333333 0.5333333333333333 0.6994791666666667 0.5398148148148149 0.7078125 0.5583333333333333 0.7104166666666667 0.575925925925926 0.7109375 0.5981481481481481
0 0.7947916666666667 0.6935185185185185 0.7921875 0.7083333333333334 0.7921875 0.7157407407407408 0.796875 0.7203703703703703 0.8005208333333333 0.7166666666666667 0.8119791666666667 0.6148148148148148 0.8208333333333333 0.5796296296296296 0.8223958333333333 0.5638888888888889 0.8213541666666667 0.5564814814814815 0.8192708333333333 0.5509259259259259 0.8145833333333333 0.5472222222222223 0.8114583333333333 0.5472222222222223 0.8052083333333333 0.5509259259259259 0.7984375 0.5796296296296296 0.8 0.5953703703703703 0.7994791666666666 0.6157407407407407 0.7947916666666667 0.6648148148148149 0.7947916666666667 0.6935185185185185
0 0.509375 0.8638888888888889 0.5072916666666667 0.8694444444444445 0.509375 0.8731481481481481 0.5291666666666667 0.8731481481481481 0.5520833333333334 0.8685185185185185 0.5640625 0.8629629629629629 0.5875 0.8638888888888889 0.5994791666666667 0.8564814814814815 0.6036458333333333 0.8462962962962963 0.603125 0.8342592592592593 0.5994791666666667 0.8296296296296296 0.5890625 0.8277777777777777 0.5875 0.8277777777777777 0.5744791666666667 0.8333333333333334 0.5598958333333334 0.8444444444444444 0.553125 0.8472222222222222 0.54375 0.8462962962962963 0.5135416666666667 0.8611111111111112 0.509375 0.8638888888888889
0 0.5296875 0.7305555555555555 0.553125 0.7592592592592593 0.5640625 0.762962962962963 0.5666666666666667 0.7611111111111111 0.5697916666666667 0.7527777777777778 0.5682291666666667 0.7407407407407407 0.5578125 0.7231481481481481 0.5333333333333333 0.7129629629629629 0.525 0.7037037037037037 0.5213541666666667 0.7027777777777777 0.5171875 0.7064814814814815 0.5109375 0.6990740740740741 0.4973958333333333 0.6962962962962963 0.4828125 0.687037037037037 0.4817708333333333 0.687037037037037 0.4791666666666667 0.6888888888888889 0.478125 0.6935185185185185 0.4822916666666667 0.7 0.4869791666666667 0.700925925925926 0.5171875 0.7240740740740741 0.5296875 0.7305555555555555
0 0.5369791666666667 0.49074074074074076 0.5369791666666667 0.5055555555555555 0.5338541666666666 0.5138888888888888 0.5354166666666667 0.5212962962962963 0.5338541666666666 0.5287037037037037 0.5359375 0.5314814814814814 0.540625 0.5259259259259259 0.5536458333333333 0.46574074074074073 0.5572916666666666 0.40370370370370373 0.5598958333333334 0.39351851851851855 0.5609375 0.37592592592592594 0.5625 0.3731481481481482 0.5604166666666667 0.3574074074074074 0.5536458333333333 0.3527777777777778 0.5502604166666667 0.3527777777777778 0.546875 0.3527777777777778 0.54375 0.3574074074074074 0.5401041666666667 0.38333333333333336 0.5432291666666667 0.41388888888888886 0.5432291666666667 0.44814814814814813 0.5369791666666667 0.49074074074074076
0 0.5161458333333333 0.7046296296296296 0.5171875 0.7083333333333334 0.5223958333333333 0.7046296296296296 0.525 0.6972222222222222 0.5276041666666667 0.6731481481481482 0.525 0.6425925925925926 0.5260416666666666 0.612037037037037 0.5296875 0.5796296296296296 0.5291666666666667 0.5601851851851852 0.53125 0.5324074074074074 0.5260416666666666 0.5296296296296297 0.525 0.5296296296296297 0.5171875 0.5833333333333334 0.5145833333333333 0.6212962962962963 0.5114583333333333 0.6425925925925926 0.5067708333333333 0.6601851851851852 0.5088541666666667 0.6972222222222222 0.5161458333333333 0.7046296296296296
0 0.7113807291666667 0.8174879629629629 0.7158713541666667 0.8274740740740741 0.724478125 0.8241453703703704 0.7390723958333333 0.8154907407407408 0.7536666666666666 0.8088333333333333 0.7660161458333333 0.7948537037037037 0.7806104166666666 0.7808731481481481 0.79445625 0.7722185185185185 0.8034374999999999 0.7628990740740741 0.807928125 0.7549101851851852 0.8060567708333333 0.7369361111111111 0.7836041666666667 0.7435925925925926 0.7746229166666667 0.7604027777777778 0.7697583333333333 0.7715527777777779 0.7566604166666667 0.7835361111111112 0.73795 0.8008444444444445 0.7237296875 0.8055046296296297 0.7113807291666667 0.8174879629629629
0 0.7424406250000001 0.835462037037037 0.7615255208333332 0.8301361111111112 0.7708807291666666 0.8261425925925926 0.7783651041666667 0.8194851851851852 0.7839781250000001 0.8001787037037037 0.7813588541666667 0.7935222222222222 0.7731260416666667 0.791525 0.7600286458333334 0.8081675925925926 0.74094375 0.8208166666666666 0.7177421875000001 0.8194851851851852 0.7005286458333334 0.8221481481481481 0.6956635416666667 0.8261425925925926 0.7009026041666666 0.8341305555555556 0.7121291666666667 0.8314675925925926 0.7300911458333333 0.835462037037037 0.7424406250000001 0.835462037037037
0 0.6204468750000001 0.8294703703703703 0.6234406250000001 0.8401222222222222 0.6395317708333333 0.840787962962963 0.6548744791666666 0.8421194444444444 0.6717140625 0.8514398148148148 0.6911729166666666 0.8574305555555556 0.6997802083333333 0.864087962962963 0.7143744791666666 0.8687481481481482 0.7293432291666666 0.8707453703703704 0.736453125 0.8634222222222222 0.73795 0.8561 0.7338333333333333 0.840787962962963 0.7226072916666666 0.8334648148148148 0.7068901041666666 0.832799074074074 0.6851859375 0.8341305555555556 0.6623588541666667 0.8321333333333333 0.6623588541666667 0.8268083333333333 0.6612359375000001 0.8321333333333333 0.6488869791666667 0.8241453703703704 0.6316729166666666 0.8248111111111112 0.6204468750000001 0.8294703703703703
0 0.2768661458333333 0.8237731481481481 0.28932864583333334 0.8255703703703704 0.301790625 0.830962962962963 0.317284375 0.8363555555555555 0.3351359375 0.8339592592592593 0.3516401041666667 0.8291657407407408 0.33850416666666666 0.8213759259259259 0.3213265625 0.8207768518518518 0.3014541666666667 0.8093916666666667 0.28596041666666666 0.8004037037037037 0.2687822916666667 0.786812037037037 0.2681088541666667 0.7866222222222222 0.2576671875 0.7926148148148148 0.25935156249999997 0.8093916666666667 0.2664244791666667 0.8165824074074074 0.2768661458333333 0.8237731481481481
0 0.322 0.8651175925925926 0.3344625 0.8549305555555556 0.35601875 0.850137037037037 0.38262760416666663 0.8387527777777777 0.4001421875 0.8279675925925927 0.39610052083333336 0.8207768518518518 0.3795963541666667 0.8249712962962964 0.36006041666666666 0.8333601851851852 0.34423020833333334 0.8339592592592593 0.33682031250000005 0.8369555555555556 0.32098958333333333 0.8375546296296296 0.31088489583333334 0.8531333333333333 0.31425312499999997 0.8657166666666667 0.322 0.8651175925925926
0 0.759984375 0.1058712962962963 0.765015625 0.11034722222222222 0.7876567708333333 0.14256944444444444 0.7999833333333334 0.16315555555555555 0.8163354166666666 0.16315555555555555 0.8201088541666667 0.14749166666666666 0.8148260416666666 0.1363037037037037 0.8062723958333333 0.12243055555555556 0.7901723958333334 0.11079444444444445 0.7718078125000001 0.08797037037037037 0.7534432291666667 0.06559351851851851 0.7300479166666667 0.0378462962962963 0.7295447916666667 0.03963703703703704 0.7295447916666667 0.057537962962962964 0.7353307291666666 0.0682787037037037 0.7426260416666667 0.07543888888888889 0.759984375 0.1058712962962963
0 0.7836317708333334 0.16449814814814814 0.7889145833333333 0.17881944444444445 0.7949520833333333 0.19358796296296296 0.8027505208333333 0.20477592592592592 0.8075302083333333 0.21104166666666668 0.8143229166666667 0.2101462962962963 0.8165869791666667 0.1926925925925926 0.8125619791666666 0.17344907407407406 0.7957067708333334 0.1582324074074074 0.7853927083333333 0.1434638888888889 0.7770906249999999 0.12824814814814817 0.7602359375 0.10363425925925926 0.7504244791666667 0.09110277777777778 0.7433807291666666 0.0839425925925926 0.7411166666666666 0.08886481481481481 0.7463994791666667 0.10094907407407408 0.7514307291666668 0.11079444444444445 0.764009375 0.13093333333333332 0.77558125 0.15286203703703705 0.7836317708333334 0.16449814814814814
0 0.6094213541666667 0.12113055555555555 0.6013713541666666 0.13008055555555556 0.5958364583333334 0.13858425925925924 0.5981010416666667 0.14932499999999999 0.6081635416666666 0.14126944444444445 0.6149557291666666 0.12784351851851852 0.6262765625 0.113075 0.6398609375 0.0956212962962963 0.646653125 0.0844324074074074 0.6619989583333333 0.07413888888888888 0.6697973958333333 0.0714537037037037 0.6745770833333334 0.06339814814814815 0.6750802083333334 0.056685185185185186 0.6730677083333333 0.049077777777777776 0.6662755208333333 0.04012685185185186 0.6550807291666667 0.0456175925925926 0.651684375 0.05310555555555555 0.6388546875000001 0.06876851851851852 0.6235088541666667 0.09069814814814814 0.6126916666666666 0.11128425925925926 0.6094213541666667 0.12113055555555555
0 0.7336953125 0.11799722222222223 0.735959375 0.14216481481481483 0.735959375 0.16722592592592594 0.7367140625 0.18781296296296296 0.7422489583333333 0.19049814814814814 0.7437583333333334 0.1842324074074074 0.7422489583333333 0.1699111111111111 0.7425005208333334 0.14305925925925925 0.7409911458333334 0.12426296296296296 0.7389786458333333 0.10680925925925926 0.7352046875 0.08488055555555556 0.7326890625 0.06563611111111112 0.72941875 0.045497222222222224 0.7266515625000001 0.031175925925925926 0.724890625 0.02356851851851852 0.71734375 0.024462962962962964 0.7116833333333333 0.032871296296296294 0.7100479166666667 0.037441666666666665 0.7123125 0.05623796296296296 0.7191046875 0.07190185185185184 0.7271546875 0.09383055555555556 0.7336953125 0.11799722222222223
0 0.6240119791666667 0.026253703703703703 0.6164651041666667 0.03654629629629629 0.6232572916666667 0.04146944444444444 0.6292953125 0.03967962962962963 0.6489171875 0.04191666666666667 0.6625020833333333 0.042364814814814813 0.6733192708333333 0.04415462962962963 0.6866526041666667 0.060265740740740745 0.7022494791666667 0.0727962962962963 0.7123125 0.06787407407407407 0.7105510416666667 0.052210185185185186 0.7014947916666666 0.03699444444444445 0.6891682291666666 0.02893888888888889 0.6806145833333334 0.02401574074074074 0.6697973958333333 0.02401574074074074 0.6542005208333334 0.02312037037037037 0.63105625 0.028043518518518516 0.6240119791666667 0.026253703703703703
