0 0.8182291666666667 0.24814814814814815 0.8255208333333334 0.25 0.8270833333333333 0.24722222222222223 0.8255208333333334 0.2351851851851852 0.8203125 0.22592592592592592 0.7953125 0.15925925925925927 0.7875 0.125 0.7828125 0.11574074074074074 0.7713541666666667 0.10277777777777777 0.7651041666666667 0.1111111111111111 0.7640625 0.125 0.7692708333333333 0.14629629629629629 0.7822916666666667 0.16944444444444445 0.7932291666666667 0.2 0.8145833333333333 0.23796296296296296 0.8182291666666667 0.24814814814814815
0 0.6239583333333333 0.32592592592592595 0.625 0.3055555555555556 0.6401041666666667 0.20462962962962963 0.6541666666666667 0.1685185185185185 0.6572916666666667 0.15462962962962962 0.6588541666666666 0.12037037037037036 0.6567708333333333 0.11388888888888889 0.6515625 0.10833333333333334 0.646875 0.10740740740740741 0.6380208333333334 0.11296296296296296 0.6375 0.12222222222222222 0.6296875 0.15 0.6270833333333333 0.18518518518518517 0.6161458333333333 0.24351851851851852 0.6125 0.27685185185185185 0.6135416666666667 0.3037037037037037 0.6114583333333333 0.32592592592592595 0.6135416666666667 0.33425925925925926 0.61875 0.33611111111111114 0.6223958333333334 0.33240740740740743 0.6239583333333333 0.32592592592592595
0 0.8223958333333333 0.4666666666666667 0.821875 0.45092592592592595 0.8177083333333334 0.44166666666666665 0.8072916666666666 0.44166666666666665 0.8020833333333334 0.4527777777777778 0.7979166666666667 0.4740740740740741 0.7994791666666666 0.48703703703703705 0.7989583333333333 0.5166666666666667 0.7947916666666667 0.5472222222222223 0.7942708333333334 0.5944444444444444 0.7953125 0.5990740740740741 0.7984375 0.5990740740740741 0.80625 0.5611111111111111 0.8130208333333333 0.49907407407407406 0.8223958333333333 0.4666666666666667
0 0.7942708333333334 0.5518518518518518 0.7942708333333334 0.5472222222222223 0.7921875 0.5453703703703704 0.778125 0.5462962962962963 0.7625 0.5416666666666666 0.7317708333333334 0.5435185185185185 0.7098958333333333 0.5324074074074074 0.6973958333333333 0.5333333333333333 0.6947916666666667 0.5398148148148149 0.6932291666666667 0.5481481481481482 0.6947916666666667 0.5527777777777778 0.7109375 0.5666666666666667 0.7713541666666667 0.5648148148148148 0.7901041666666667 0.5583333333333333 0.7942708333333334 0.5518518518518518
0 0.8026041666666667 0.7268518518518519 0.8088541666666667 0.7203703703703703 0.8104166666666667 0.7074074074074074 0.80625 0.6861111111111111 0.8005208333333333 0.674074074074074 0.7947916666666667 0.6287037037037037 0.7864583333333334 0.6111111111111112 0.7859375 0.6194444444444445 0.7885416666666667 0.6324074074074074 0.7880208333333333 0.6990740740740741 0.7921875 0.7157407407407408 0.7973958333333333 0.725 0.8026041666666667 0.7268518518518519
0 0.8046875 0.7527777777777778 0.8104166666666667 0.7472222222222222 0.8098958333333334 0.7435185185185185 0.8057291666666667 0.7398148148148148 0.7619791666666667 0.7351851851851852 0.7401041666666667 0.7148148148148148 0.7197916666666667 0.7138888888888889 0.7171875 0.7194444444444444 0.7166666666666667 0.7324074074074074 0.7223958333333333 0.7398148148148148 0.7338541666666667 0.7472222222222222 0.7552083333333334 0.7472222222222222 0.7744791666666667 0.7546296296296297 0.8046875 0.7527777777777778
0 0.7588541666666667 0.8592592592592593 0.7645833333333333 0.8537037037037037 0.765625 0.8416666666666667 0.759375 0.8324074074074074 0.7401041666666667 0.8268518518518518 0.7348958333333333 0.8342592592592593 0.7192708333333333 0.8407407407407408 0.6932291666666667 0.8564814814814815 0.6859375 0.8638888888888889 0.6739583333333333 0.8685185185185185 0.671875 0.8722222222222222 0.6734375 0.8796296296296297 0.6963541666666667 0.8787037037037037 0.7328125 0.8601851851851852 0.75 0.862037037037037 0.7588541666666667 0.8592592592592593
0 0.38229166666666664 0.6416666666666667 0.3890625 0.637962962962963 0.3932291666666667 0.6314814814814815 0.38958333333333334 0.6064814814814815 0.3729166666666667 0.562962962962963 0.3651041666666667 0.5277777777777778 0.35208333333333336 0.4962962962962963 0.346875 0.4898148148148148 0.34270833333333334 0.49166666666666664 0.34322916666666664 0.5 0.3489583333333333 0.5157407407407407 0.35208333333333336 0.5333333333333333 0.3609375 0.5601851851851852 0.3723958333333333 0.6222222222222222 0.38229166666666664 0.6416666666666667
0 0.2390625 0.8314814814814815 0.24166666666666667 0.8388888888888889 0.2453125 0.8398148148148148 0.24895833333333334 0.8351851851851851 0.25 0.8277777777777777 0.24739583333333334 0.8064814814814815 0.24895833333333334 0.7953703703703704 0.24791666666666667 0.7620370370370371 0.24427083333333333 0.7398148148148148 0.24427083333333333 0.700925925925926 0.24635416666666668 0.687037037037037 0.24322916666666666 0.6546296296296297 0.24479166666666666 0.6407407407407407 0.23333333333333334 0.6444444444444445 0.22447916666666667 0.6416666666666667 0.22708333333333333 0.6509259259259259 0.22239583333333332 0.6907407407407408 0.228125 0.7157407407407408 0.23229166666666667 0.7842592592592592 0.2375 0.8083333333333333 0.2390625 0.8314814814814815
0 0.2833333333333333 0.5157407407407407 0.30885416666666665 0.5027777777777778 0.321875 0.4842592592592593 0.3223958333333333 0.47685185185185186 0.31875 0.47685185185185186 0.3026041666666667 0.4935185185185185 0.2791666666666667 0.5027777777777778 0.26197916666666665 0.5203703703703704 0.24114583333333334 0.5287037037037037 0.23177083333333334 0.5398148148148149 0.22864583333333333 0.5481481481481482 0.228125 0.5574074074074075 0.23229166666666667 0.5657407407407408 0.24791666666666667 0.5638888888888889 0.2552083333333333 0.5574074074074075 0.26458333333333334 0.5407407407407407 0.2833333333333333 0.5157407407407407
0 0.3458333333333333 0.15092592592592594 0.35572916666666665 0.1425925925925926 0.3625 0.13148148148148148 0.3619791666666667 0.12037037037037036 0.3572916666666667 0.11296296296296296 0.34791666666666665 0.11296296296296296 0.33645833333333336 0.11851851851851852 0.3265625 0.13333333333333333 0.28958333333333336 0.16944444444444445 0.27239583333333334 0.1925925925925926 0.271875 0.2 0.27760416666666665 0.20185185185185187 0.2864583333333333 0.1925925925925926 0.2984375 0.18703703703703703 0.32864583333333336 0.15925925925925927 0.3458333333333333 0.15092592592592594
0 0.246875 0.18518518518518517 0.24895833333333334 0.16944444444444445 0.25364583333333335 0.1537037037037037 0.2708333333333333 0.12685185185185185 0.2953125 0.11388888888888889 0.30572916666666666 0.1037037037037037 0.31614583333333335 0.07962962962962963 0.3151041666666667 0.06481481481481481 0.3104166666666667 0.05277777777777778 0.29583333333333334 0.05740740740740741 0.2796875 0.07407407407407407 0.275 0.08888888888888889 0.2557291666666667 0.12037037037037036 0.246875 0.1425925925925926 0.24010416666666667 0.18796296296296297 0.23958333333333334 0.22777777777777777 0.24375 0.23333333333333334 0.24791666666666667 0.2324074074074074 0.24895833333333334 0.22037037037037038 0.246875 0.20833333333333334 0.246875 0.18518518518518517
0 0.603125 0.09814814814814815 0.634375 0.0962962962962963 0.6369791666666667 0.0824074074074074 0.6364583333333333 0.06851851851851852 0.6291666666666667 0.05648148148148148 0.6135416666666667 0.044444444444444446 0.5984375 0.04259259259259259 0.5833333333333334 0.04722222222222222 0.5375 0.03611111111111111 0.528125 0.03796296296296296 0.5119791666666667 0.03425925925925926 0.5067708333333333 0.03796296296296296 0.5057291666666667 0.044444444444444446 0.509375 0.05277777777777778 0.5239583333333333 0.05648148148148148 0.5494791666666666 0.07407407407407407 0.5859375 0.08148148148148149 0.603125 0.09814814814814815
0 0.5772567708333334 0.4252398148148148 0.5871723958333334 0.38998055555555555 0.592725 0.36882592592592595 0.5931213541666666 0.3504907407407407 0.5824125 0.353312037037037 0.577653125 0.36882592592592595 0.5752734375 0.38575000000000004 0.5701171875 0.4054944444444445 0.5657546875 0.4210083333333334 0.5645645833333333 0.4407537037037037 0.5602020833333333 0.455562037037037 0.5510796875 0.4640240740740741 0.5463203125 0.4795379629629629 0.5463203125 0.5013981481481481 0.54783125 0.5010546296296297 0.5542526041666667 0.5140916666666667 0.562978125 0.5091555555555556 0.5665479166666666 0.496462037037037 0.568134375 0.46755 0.5705140624999999 0.4463944444444444 0.5772567708333334 0.4252398148148148
0 0.5669442708333333 0.5063351851851852 0.5724973958333333 0.5239638888888889 0.5820161458333334 0.5267851851851851 0.5832057291666667 0.5119759259259259 0.5883619791666667 0.4894101851851852 0.582809375 0.47107592592592595 0.5820161458333334 0.45133148148148144 0.5839994791666666 0.4238296296296296 0.5853052083333333 0.3989037037037037 0.5804296875 0.41395648148148145 0.5736869791666667 0.43088055555555554 0.5693239583333334 0.4541518518518518 0.5673411458333334 0.4837694444444445 0.5669442708333333 0.5063351851851852
0 0.3069380208333333 0.3313638888888889 0.3155875 0.32297592592592594 0.32698854166666663 0.30969537037037037 0.33839010416666665 0.2964138888888889 0.3415354166666667 0.29082222222222226 0.3399625 0.2768425925925926 0.3305270833333333 0.28453148148148144 0.31794635416666667 0.2957148148148148 0.30222031250000003 0.3082972222222222 0.2896395833333333 0.31808333333333333 0.28099010416666664 0.3110935185185185 0.2735203125 0.3075981481481482 0.2688026041666667 0.31179259259259257 0.26723020833333333 0.31318981481481484 0.26744843749999997 0.31365000000000004 0.25976041666666666 0.3222768518518519 0.26093958333333334 0.34045092592592596 0.26644375 0.3481398148148148 0.2813833333333333 0.3439462962962963 0.29671614583333333 0.34184907407407406 0.3069380208333333 0.3313638888888889
0 0.32934739583333333 0.39776944444444445 0.33603124999999995 0.37120740740740743 0.33524479166666665 0.35582870370370373 0.32502291666666666 0.34883888888888887 0.3155875 0.3607222222222222 0.3096901041666667 0.37889629629629634 0.3034 0.39497314814814816 0.2963229166666667 0.4138462962962963 0.2923916666666667 0.4250305555555556 0.28610104166666667 0.4355148148148148 0.2774520833333333 0.44949537037037035 0.27076822916666665 0.46697037037037037 0.2632984375 0.47815370370370364 0.2574015625 0.49003703703703705 0.2581875 0.498425 0.268409375 0.5033185185185185 0.2805973958333333 0.4683685185185185 0.2900328125 0.44460185185185186 0.3006479166666667 0.43062222222222224 0.31598072916666664 0.41105 0.32934739583333333 0.39776944444444445
0 0.27863125 0.45508703703703707 0.2943572916666667 0.42363240740740743 0.3026135416666667 0.3970703703703704 0.31204895833333335 0.37749814814814814 0.321484375 0.36212037037037037 0.3273817708333333 0.3516351851851852 0.3273817708333333 0.33206296296296295 0.325809375 0.3110935185185185 0.3206984375 0.3138888888888889 0.3096901041666667 0.3194814814814815 0.3035328125 0.3262287037037037 0.29868177083333336 0.34953796296296297 0.29986145833333333 0.367012962962963 0.2900328125 0.4033611111111111 0.28020416666666664 0.428525 0.268409375 0.4508935185185185 0.27863125 0.45508703703703707
0 0.5139296875 0.10463796296296296 0.522228125 0.10545833333333333 0.5185401041666666 0.08742407407407408 0.4959489583333333 0.07676851851851851 0.47428020833333334 0.06611203703703704 0.4576828125 0.060374074074074066 0.45030624999999996 0.05135740740740741 0.4470786458333333 0.04316018518518518 0.43555260416666663 0.035783333333333334 0.4281333333333333 0.04108888888888889 0.4231046875 0.05545555555555556 0.43278645833333335 0.08086666666666667 0.451228125 0.08414537037037037 0.4747411458333334 0.0923425925925926 0.4973322916666667 0.09808055555555556 0.5139296875 0.10463796296296296
0 0.43278645833333335 0.09808055555555556 0.4378578125 0.08414537037037037 0.42771510416666664 0.05873518518518518 0.4134229166666667 0.057095370370370366 0.3954421875 0.05135740740740741 0.37377343749999997 0.05217685185185185 0.35948125 0.04889814814814815 0.3502604166666667 0.05463611111111111 0.3391953125 0.04725925925925926 0.33320208333333334 0.053816666666666665 0.3391953125 0.06447314814814815 0.3544098958333333 0.06611203703703704 0.3728515625 0.07840740740740741 0.38898802083333334 0.07594814814814815 0.40420208333333335 0.08414537037037037 0.415728125 0.09726111111111112 0.43278645833333335 0.09808055555555556
