0 0.5822916666666667 0.5638888888888889 0.5805390625 0.5988944444444445 0.57545 0.6123453703703703 0.5557291666666667 0.6231481481481481 0.5583333333333333 0.6240740740740741 0.5597682291666667 0.6250629629629629 0.5614583333333333 0.6231481481481481 0.5630697916666667 0.622862037037037 0.5644453125 0.6235953703703703 0.5651041666666666 0.6222222222222222 0.5658208333333333 0.6240851851851852 0.5690104166666666 0.6212962962962963 0.5704979166666667 0.6231064814814815 0.5718734375000001 0.623350925925926 0.5723958333333333 0.6212962962962963 0.5854166666666667 0.6462962962962963 0.5953125 0.662962962962963 0.6041666666666666 0.6703703703703704 0.6067708333333334 0.6777777777777778 0.6104166666666667 0.7046296296296296 0.60625 0.7194444444444444 0.5958333333333333 0.7314814814814815 0.571875 0.7398148148148148 0.5723958333333333 0.7444444444444445 0.5838541666666667 0.7490740740740741 0.6 0.7444444444444445 0.6114583333333333 0.7314814814814815 0.61875 0.7101851851851851 0.6197916666666666 0.6805555555555556 0.609375 0.6305555555555555 0.6020833333333333 0.6148148148148148 0.5895833333333333 0.6018518518518519 0.5848958333333333 0.5898148148148148 0.5852161458333334 0.5871555555555555 0.5848958333333333 0.5814814814814815 0.5838541666666667 0.5638888888888889
0 0.4630208333333333 0.7638888888888888 0.4625 0.7703703703703704 0.4661458333333333 0.7768518518518519 0.4828125 0.787962962962963 0.5171875 0.825925925925926 0.5453125 0.8592592592592593 0.553125 0.8759259259259259 0.5796875 0.8944444444444445 0.578125 0.9009259259259259 0.5661458333333333 0.9074074074074074 0.571875 0.9111111111111111 0.5739583333333333 0.9120370370370371 0.5744791666666667 0.9046296296296297 0.5760416666666667 0.9046296296296297 0.578125 0.912962962962963 0.5859375 0.9092592592592592 0.5880208333333333 0.8907407407407407 0.5927083333333333 0.8768518518518519 0.6114583333333333 0.8472222222222222 0.6140625 0.8342592592592593 0.6109375 0.8314814814814815 0.6098958333333333 0.8416666666666667 0.5984375 0.8564814814814815 0.590625 0.8583333333333333 0.5744791666666667 0.837037037037037 0.571875 0.8203703703703704 0.5651041666666666 0.8287037037037037 0.5604166666666667 0.8268518518518518 0.5182291666666666 0.7824074074074074 0.5015625 0.7694444444444445 0.4859375 0.7666666666666667 0.4734375 0.7592592592592593 0.4666666666666667 0.7592592592592593
0 0.7713541666666667 0.6546296296296297 0.7713541666666667 0.6583333333333333 0.7776041666666667 0.6537037037037037 0.7911458333333333 0.6546296296296297 0.8010416666666667 0.662962962962963 0.803125 0.6685185185185185 0.8 0.7037037037037037 0.7979166666666667 0.7129629629629629 0.79375 0.7203703703703703 0.7953125 0.7222222222222222 0.7963541666666667 0.7157407407407408 0.8 0.725925925925926 0.7994791666666666 0.7555555555555555 0.7979166666666667 0.7601851851851852 0.7979166666666667 0.7768518518518519 0.7875 0.8444444444444444 0.7895833333333333 0.8611111111111112 0.7890625 0.8833333333333333 0.790625 0.8907407407407407 0.7953125 0.8944444444444445 0.7984375 0.8888888888888888 0.8010416666666667 0.8657407407407407 0.8098958333333334 0.8324074074074074 0.8182291666666667 0.7861111111111111 0.8229166666666666 0.7398148148148148 0.8276041666666667 0.725925925925926 0.8276041666666667 0.7 0.8223958333333333 0.6694444444444444 0.8239583333333333 0.6601851851851852 0.8229166666666666 0.6527777777777778 0.8255208333333334 0.6509259259259259 0.8270833333333333 0.6537037037037037 0.8270833333333333 0.65 0.8296875 0.649074074074074 0.8338541666666667 0.6398148148148148 0.8151041666666666 0.6592592592592592 0.8104166666666667 0.6564814814814814 0.80625 0.6611111111111111 0.79375 0.6509259259259259 0.7875 0.649074074074074 0.7802083333333333 0.649074074074074 0.78125 0.6537037037037037 0.7786458333333334 0.6527777777777778 0.778125 0.649074074074074
0 0.7020833333333333 0.48333333333333334 0.7041666666666667 0.4962962962962963 0.7125 0.5092592592592593 0.7192708333333333 0.5277777777777778 0.7427083333333333 0.5722222222222222 0.7510416666666667 0.5953703703703703 0.75 0.6074074074074074 0.7598958333333333 0.6222222222222222 0.7791666666666667 0.6407407407407407 0.7890625 0.6268518518518519 0.803125 0.6138888888888889 0.803125 0.6027777777777777 0.7953125 0.6166666666666667 0.7880208333333333 0.6138888888888889 0.76875 0.575925925925926 0.75 0.5481481481481482 0.7473958333333334 0.5361111111111111 0.7286458333333333 0.5 0.71875 0.4925925925925926 0.7130208333333333 0.4842592592592593 0.7052083333333333 0.48148148148148145
0 0.41510416666666666 0.15 0.41302083333333334 0.17037037037037037 0.4088541666666667 0.18425925925925926 0.4041666666666667 0.21666666666666667 0.4015625 0.2777777777777778 0.39739583333333334 0.29444444444444445 0.3885416666666667 0.31666666666666665 0.384375 0.3351851851851852 0.38333333333333336 0.3490740740740741 0.38177083333333334 0.3527777777777778 0.3770833333333333 0.35462962962962963 0.36666666666666664 0.3435185185185185 0.36354166666666665 0.3435185185185185 0.3640625 0.34814814814814815 0.3692708333333333 0.3574074074074074 0.39479166666666665 0.37222222222222223 0.403125 0.3888888888888889 0.4109375 0.3962962962962963 0.41458333333333336 0.3925925925925926 0.4119791666666667 0.37407407407407406 0.4078125 0.3685185185185185 0.4041666666666667 0.37037037037037035 0.4015625 0.3648148148148148 0.41510416666666666 0.32592592592592595 0.4114583333333333 0.31851851851851853 0.41458333333333336 0.2796296296296296 0.41458333333333336 0.2361111111111111 0.42291666666666666 0.1685185185185185 0.421875 0.14537037037037037 0.4192708333333333 0.1425925925925926
0 0.3494791666666667 0.7712962962962963 0.3489583333333333 0.8027777777777778 0.35104166666666664 0.8111111111111111 0.3515625 0.8314814814814815 0.3536458333333333 0.8398148148148148 0.3572916666666667 0.8435185185185186 0.3609375 0.8342592592592593 0.3614583333333333 0.8166666666666667 0.3671875 0.7962962962962963 0.36822916666666666 0.7620370370370371 0.37552083333333336 0.7203703703703703 0.38385416666666666 0.6962962962962963 0.3927083333333333 0.6796296296296296 0.39739583333333334 0.6574074074074074 0.39791666666666664 0.6292592592592593 0.40625 0.6083333333333333 0.41770833333333335 0.5953703703703703 0.41458333333333336 0.5953703703703703 0.4088541666666667 0.6055555555555555 0.4078125 0.6027777777777777 0.4041666666666667 0.6064814814814815 0.4046875 0.612037037037037 0.40260416666666665 0.6157407407407407 0.40208333333333335 0.6101851851851852 0.3963541666666667 0.6138888888888889 0.3848958333333333 0.6027777777777777 0.3802083333333333 0.5796296296296296 0.37864583333333335 0.5888888888888889 0.38125 0.6157407407407407 0.37395833333333334 0.6342592592592593 0.36666666666666664 0.6648148148148149 0.36666666666666664 0.6787037037037037 0.3625 0.7074074074074074 0.3578125 0.7203703703703703
0 0.35833333333333334 0.5287037037037037 0.3572916666666667 0.5351851851851852 0.3651041666666667 0.5361111111111111 0.3703125 0.5314814814814814 0.3828125 0.549074074074074 0.415625 0.5731481481481482 0.42604166666666665 0.5851851851851851 0.440625 0.5953703703703703 0.4635416666666667 0.600925925925926 0.478125 0.5990740740740741 0.48333333333333334 0.5953703703703703 0.48489583333333336 0.5907407407407408 0.4822916666666667 0.5833333333333334 0.46875 0.5814814814814815 0.4197916666666667 0.549074074074074 0.409375 0.5342592592592592 0.4 0.5138888888888888 0.3796875 0.49722222222222223 0.3776041666666667 0.47314814814814815 0.375 0.4740740740740741 0.3729166666666667 0.47962962962962963 0.3776041666666667 0.4861111111111111 0.3723958333333333 0.4888888888888889 0.37395833333333334 0.5037037037037037 0.371875 0.5120370370370371 0.36666666666666664 0.5212962962962963
0 0.68125 0.05555555555555555 0.6817708333333333 0.06759259259259259 0.6869791666666667 0.07222222222222222 0.6921875 0.08425925925925926 0.7052083333333333 0.09722222222222222 0.7442708333333333 0.11574074074074074 0.7515625 0.1287037037037037 0.7790598958333333 0.14883703703703705 0.7875656249999999 0.1873314814814815 0.784859375 0.14746203703703703 0.7875 0.13518518518518519 0.7875 0.12685185185185185 0.7822916666666667 0.12037037037037036 0.78125 0.10833333333333334 0.7734375 0.09907407407407408 0.7354166666666667 0.08611111111111111 0.7083333333333334 0.06759259259259259 0.6885416666666667 0.06296296296296296 0.6854166666666667 0.05648148148148148
0 0.7703125 0.07962962962962963 0.7692708333333333 0.08425925925925926 0.7708333333333334 0.09166666666666666 0.7786458333333334 0.10277777777777777 0.7828125 0.12222222222222222 0.7875 0.12777777777777777 0.7911458333333333 0.14444444444444443 0.8010416666666667 0.16574074074074074 0.8125 0.20092592592592592 0.8109375 0.20462962962962963 0.8161458333333333 0.21574074074074073 0.8140625 0.22037037037037038 0.8161458333333333 0.22407407407407406 0.815625 0.22962962962962963 0.8255208333333334 0.27685185185185185 0.8370531250000001 0.30831296296296296 0.8385994791666668 0.2925027777777778 0.8520833333333333 0.28055555555555556 0.86605 0.28150462962962963 0.8510416666666667 0.2740740740740741 0.8505208333333333 0.25925925925925924 0.8432291666666667 0.22777777777777777 0.8276041666666667 0.1935185185185185 0.8151041666666666 0.1537037037037037 0.8140625 0.14537037037037037 0.8 0.10648148148148148 0.7947916666666667 0.1037037037037037 0.7802083333333333 0.07962962962962963 0.7755208333333333 0.07685185185185185
0 0.46510416666666665 0.4305555555555556 0.4666666666666667 0.4722222222222222 0.4734375 0.4935185185185185 0.4786458333333333 0.5027777777777778 0.48854166666666665 0.5120370370370371 0.49635416666666665 0.5157407407407407 0.50625 0.5157407407407407 0.5177083333333333 0.5101851851851852 0.5447916666666667 0.475 0.5526041666666667 0.45185185185185184 0.5557291666666667 0.42685185185185187 0.546875 0.412962962962963 0.5401041666666667 0.4111111111111111 0.540625 0.4074074074074074 0.521875 0.45092592592592595 0.5208333333333334 0.46574074074074073 0.5140625 0.4824074074074074 0.5015625 0.49537037037037035 0.4942708333333333 0.49444444444444446 0.48333333333333334 0.48703703703703705 0.48385416666666664 0.4824074074074074 0.47604166666666664 0.4703703703703704 0.4703125 0.425
0 0.30846718749999996 0.5328537037037037 0.3026244791666667 0.5371333333333334 0.298715625 0.5547768518518519 0.29330260416666665 0.5595888888888889 0.28698802083333336 0.5809740740740741 0.2818760416666667 0.6039638888888889 0.27916979166666667 0.6253500000000001 0.2680432291666667 0.6558240740740741 0.2638333333333333 0.6472694444444445 0.2632322916666667 0.6531509259259259 0.26503645833333334 0.6617055555555557 0.26052604166666665 0.669725 0.25451145833333333 0.6841601851851852 0.25781927083333334 0.6985953703703703 0.264134375 0.7034074074074074 0.27014843749999995 0.7173074074074074 0.27165208333333335 0.7007342592592593 0.27916979166666667 0.6879027777777778 0.28337968750000003 0.6788138888888889 0.29089739583333335 0.6734675925925926 0.28398072916666667 0.6654472222222222 0.28758958333333334 0.6456657407407407 0.2914984375 0.6237453703703704 0.3005197916666667 0.6002212962962963 0.3062333333333333 0.5863203703703703 0.3101421875 0.569212037037037 0.30743593750000003 0.5649351851851852 0.3101421875 0.5563805555555555 0.31254791666666665 0.5414111111111112
0 0.23530052083333333 0.6119342592592593 0.230684375 0.6166546296296296 0.22697708333333333 0.6232462962962962 0.22598854166666668 0.6311564814814815 0.2289546875 0.6395055555555557 0.23365052083333332 0.6408240740740742 0.23538072916666666 0.6482944444444445 0.235875 0.6605981481481482 0.238840625 0.6724629629629629 0.2400765625 0.6816916666666667 0.24477239583333335 0.6856462962962964 0.24946875000000002 0.6953851851851851 0.2541645833333333 0.7129629629629629 0.2566364583333333 0.7296611111111111 0.2598494791666667 0.7450416666666666 0.266028125 0.7656953703703704 0.2731958333333333 0.7832722222222221 0.27517291666666666 0.7779990740740741 0.2788807291666667 0.7903037037037037 0.2838234375 0.7968953703703704 0.2880255208333333 0.798212962962963 0.2880255208333333 0.7885453703703704 0.28209375 0.7744833333333333 0.2783859375 0.7555879629629629 0.274184375 0.7397685185185185 0.2689942708333334 0.7182361111111112 0.2642979166666667 0.7054925925925926 0.26108489583333333 0.6627953703703703 0.25540052083333337 0.6518101851851852 0.25045729166666664 0.6377481481481482 0.2482328125 0.6337925925925926 0.2544119791666667 0.6118212962962963 0.26553385416666664 0.6017138888888889 0.26182656249999997 0.5968805555555555 0.2526817708333333 0.6047898148148149 0.24848020833333334 0.6166546296296296 0.2455140625 0.6289592592592592 0.2400765625 0.6342324074074074 0.235875 0.6368694444444444 0.23019010416666666 0.632475
0 0.5012796875 0.08139907407407408 0.5122802083333333 0.07779444444444444 0.5200067708333334 0.08466388888888889 0.522325 0.07710833333333333 0.54086875 0.07504722222222222 0.5543901041666667 0.07298703703703703 0.5725473958333333 0.07916851851851851 0.5992036458333333 0.07642129629629629 0.5992036458333333 0.06199722222222222 0.6134979166666666 0.05993611111111111 0.6138843749999999 0.044825000000000004 0.6386088541666666 0.037269444444444445 0.6532895833333333 0.04619907407407408 0.6536755208333334 0.05924907407407407 0.6498125 0.06405740740740741 0.6513578125 0.08260277777777777 0.6525166666666667 0.09496666666666666 0.6598567708333333 0.1148861111111111 0.6733781249999999 0.15403703703703706 0.6687421874999999 0.15128981481481482 0.6548348958333333 0.13343148148148148 0.6540619791666666 0.10595648148148148 0.6451765625 0.09633981481481481 0.6332005208333332 0.112825 0.6138843749999999 0.1169462962962963 0.6007489583333334 0.1087037037037037 0.5717744791666667 0.11076481481481482 0.5428 0.112825 0.5246427083333333 0.11213796296296295 0.5169161458333333 0.10046111111111111 0.5060994791666666 0.0956537037037037 0.49991822916666667 0.08260277777777777
0 0.42723489583333335 0.02330648148148148 0.42033489583333333 0.03314814814814815 0.41917604166666667 0.04345092592592593 0.41338125 0.05581481481481482 0.41338125 0.06474444444444445 0.404109375 0.07573425925925927 0.41917604166666667 0.099775 0.41144947916666663 0.07985555555555555 0.41763072916666666 0.07436018518518518 0.424584375 0.08535 0.43153854166666666 0.1045824074074074 0.43849218749999996 0.09427962962962963 0.45549062500000004 0.0956537037037037 0.46514895833333336 0.099775 0.482146875 0.1087037037037037 0.4979864583333333 0.11763333333333333 0.5053265625 0.11900648148148146 0.5091895833333333 0.11557222222222222 0.5165302083333334 0.12724907407407407 0.5234838541666667 0.12724907407407407 0.5277333333333334 0.11832037037037037 0.522325 0.1087037037037037 0.5169161458333333 0.10252222222222222 0.5026223958333333 0.08260277777777777 0.48330625 0.07504722222222222 0.4628307291666667 0.07023888888888889 0.45124114583333336 0.06131018518518519 0.4520135416666667 0.055127777777777776 0.44042395833333337 0.05169351851851852 0.43192447916666665 0.04413796296296296 0.4238119791666667 0.038643518518518515
0 0.48702708333333333 0.25011388888888886 0.4809880208333333 0.27251296296296296 0.477125 0.29174537037037035 0.47905625 0.32128055555555557 0.47403437499999995 0.3329574074074074 0.4690119791666667 0.3185324074074074 0.46669375 0.327462037037037 0.4724890625 0.3391388888888889 0.46128541666666667 0.3528759259259259 0.4578083333333333 0.35424999999999995 0.4558770833333333 0.3226537037037037 0.45239999999999997 0.3308962962962963 0.45355885416666664 0.36592685185185186 0.4601265625 0.36730092592592595 0.47403437499999995 0.3515027777777778 0.4798291666666667 0.3432601851851852 0.48794166666666666 0.3645527777777778 0.49296406249999997 0.3721083333333333 0.5033947916666667 0.3988962962962963 0.50378125 0.3769166666666667 0.5169161458333333 0.38515925925925926 0.525415625 0.39202777777777775 0.5354598958333334 0.4160685185185185 0.5331421875 0.39614907407407407 0.5501406249999999 0.4195027777777778 0.5671385416666667 0.42774537037037036 0.582978125 0.43461388888888886 0.5876140625 0.4332398148148148 0.6019078125 0.4517851851851852 0.6092484375 0.44766388888888886 0.6007489583333334 0.41744166666666666 0.5822052083333333 0.4057648148148148 0.5679114583333333 0.3885935185185185 0.54705 0.3769166666666667 0.5296651041666667 0.35905833333333337 0.5200067708333334 0.34257314814814815 0.5219385416666666 0.3308962962962963 0.5149848958333333 0.32334074074074076 0.5088036458333334 0.327462037037037 0.4991453125 0.3178462962962963 0.4910322916666667 0.3178462962962963 0.4852375 0.31715925925925925 0.48253333333333337 0.2958657407407408
0 0.6776432291666666 0.1681351851851852 0.6860697916666666 0.15664444444444442 0.6980171875 0.1539037037037037 0.7088083333333334 0.15116296296296297 0.7257661458333333 0.15664444444444442 0.741953125 0.1634972222222222 0.7565984375 0.17857222222222222 0.7693166666666666 0.18747962962962963 0.7797223958333334 0.17857222222222222 0.7974510416666667 0.18268333333333334 0.8070859375 0.19227685185185184 0.8151796875 0.203925 0.8171067708333334 0.2244824074074074 0.8140234375 0.22996388888888888 0.8190338541666667 0.24572407407407407 0.8097838541666668 0.2539472222222222 0.8124817708333333 0.2354462962962963 0.8036177083333332 0.23338981481481483 0.7851182291666666 0.22859351851851853 0.7774098958333333 0.24092777777777777 0.7739416666666667 0.23407499999999998 0.7789515625 0.22311203703703705 0.7685458333333333 0.21625925925925926 0.7550567708333333 0.20118425925925926 0.7404114583333333 0.19570277777777778 0.7184432291666667 0.1895351851851852 0.7088083333333334 0.19227685185185184 0.7091937500000001 0.18199814814814813 0.7003296875 0.18199814814814813 0.6895380208333334 0.18062777777777778 0.6826010416666667 0.18062777777777778
0 0.5954520833333333 0.2809601851851852 0.6020515625 0.27244814814814816 0.6105307291666667 0.286837962962963 0.619009375 0.3012277777777778 0.6271026041666666 0.30945092592592593 0.6367380208333333 0.2971166666666667 0.6467583333333333 0.2936898148148148 0.6552375 0.2964314814814815 0.6644869791666667 0.3012277777777778 0.6768197916666666 0.3005425925925926 0.6849135416666667 0.2964314814814815 0.6972463541666667 0.2861527777777778 0.7084229166666667 0.2738185185185185 0.7188286458333334 0.2594287037037037 0.7249953125 0.256687962962963 0.7288494791666668 0.2594287037037037 0.7377135416666667 0.2477796296296296 0.745421875 0.23750185185185185 0.7504317708333333 0.24298333333333336 0.7508171874999999 0.25805833333333333 0.7423385416666667 0.2669666666666667 0.7346302083333334 0.2772444444444444 0.7315468749999999 0.2854675925925926 0.7134333333333333 0.3053388888888889 0.6964755208333333 0.3176731481481481 0.6737364583333334 0.32452592592592594 0.6614036458333333 0.33685925925925925 0.6479145833333334 0.3416564814814815 0.6255614583333333 0.33617407407407407 0.6217072916666667 0.33137777777777777 0.620165625 0.3176731481481481 0.6136135416666666 0.3039685185185185 0.6062911458333333 0.2875231481481481 0.6024369791666667 0.2847824074074074 0.6008953125000001 0.30670925925925924 0.59665625 0.3108212962962963
0 0.5885161458333333 0.4079648148148148 0.5901041666666667 0.3869925925925926 0.5974265625 0.3719175925925926 0.5970416666666666 0.3486194444444445 0.6032078125000001 0.3623240740740741 0.6116869791666667 0.3465638888888889 0.6278734375 0.33491481481481483 0.6421333333333333 0.33765555555555554 0.6540812500000001 0.33902592592592595 0.6698828124999999 0.3534157407407408 0.682215625 0.36095370370370367 0.6891526041666667 0.36917685185185184 0.6995588541666666 0.3698620370370371 0.7049541666666667 0.3753435185185185 0.7037979166666666 0.3849370370370371 0.6949338541666666 0.3869925925925926 0.6760489583333332 0.380825 0.6571640625 0.3664351851851852 0.6413630208333333 0.35958333333333337 0.6267177083333333 0.36095370370370367 0.6220927083333333 0.3726027777777778 0.6220927083333333 0.3815101851851852 0.6294151041666667 0.3815101851851852 0.6278734375 0.3911037037037037 0.6193947916666667 0.3945296296296296 0.6113015625 0.4157722222222222 0.6043640625 0.42742037037037034 0.5928020833333334 0.418512962962963 0.5881770833333333 0.4123453703703704
0 0.7147505208333332 0.29822314814814815 0.7253807291666666 0.2821527777777778 0.7392552083333332 0.29791296296296293 0.7600671875 0.2999685185185185 0.7720145833333334 0.30956203703703705 0.7928260416666667 0.30750555555555553 0.8093984375000001 0.30682037037037035 0.8174921875 0.30750555555555553 0.8225020833333333 0.29174537037037035 0.8294395833333332 0.30339444444444447 0.8367619791666667 0.30750555555555553 0.8475536458333334 0.31230277777777776 0.8506364583333333 0.2924305555555555 0.8571885416666666 0.2896898148148148 0.8591156249999999 0.30339444444444447 0.8517927083333333 0.32326574074074077 0.849865625 0.34587870370370366 0.8610427083333333 0.37602870370370367 0.8645114583333334 0.3917888888888889 0.855646875 0.38356666666666667 0.8444703125 0.3534157407407408 0.8278979166666667 0.3534157407407408 0.8190338541666667 0.35547222222222224 0.8120963541666666 0.3636944444444445 0.8132526041666667 0.35067499999999996 0.7943677083333333 0.3417675925925926 0.7731708333333334 0.3417675925925926 0.7569838541666667 0.3410824074074074 0.7388697916666668 0.3314888888888889 0.733859375 0.32189537037037036 0.7257661458333333 0.31230277777777776
0 0.67486875 0.47639999999999993 0.6741218750000001 0.467275 0.684528125 0.4569962962962963 0.6910796875 0.45973796296296293 0.6972463541666667 0.45288518518518517 0.7145895833333333 0.4446629629629629 0.7369427083333334 0.44329166666666664 0.7558276041666667 0.4446629629629629 0.7735562500000001 0.4446629629629629 0.791284375 0.4412361111111111 0.8047739583333333 0.43849537037037034 0.8167213541666667 0.44055092592592593 0.8198046875 0.4165685185185185 0.8109401041666667 0.4014935185185185 0.7928260416666667 0.40971574074074074 0.8078567708333334 0.39395555555555556 0.8201895833333332 0.4056046296296296 0.8221166666666666 0.41999444444444445 0.8182630208333334 0.44877407407407405 0.8221166666666666 0.46864537037037035 0.8128671875 0.48714629629629635 0.793596875 0.4905731481481481 0.7839619791666668 0.48235 0.767775 0.4802944444444444 0.7519734375 0.4802944444444444 0.7377135416666667 0.4830351851851852 0.7142041666666666 0.4802944444444444 0.70225625 0.47755370370370376 0.6930067708333334 0.47412777777777776 0.6829864583333334 0.47755370370370376 0.6745072916666667 0.48166481481481477
0 0.8319682291666666 0.36912407407407405 0.82635625 0.3876777777777778 0.8221166666666666 0.40412314814814815 0.8201895833333332 0.4233092592592592 0.8190338541666667 0.4502555555555556 0.8205749999999999 0.4721824074074074 0.8178776041666667 0.4920546296296296 0.8136380208333333 0.5167222222222222 0.8078567708333334 0.53865 0.8047739583333333 0.561262037037037 0.8086276041666667 0.561262037037037 0.7986072916666667 0.5783935185185185 0.7986072916666667 0.591412037037037 0.8036177083333332 0.5975796296296296 0.8113255208333333 0.5893564814814815 0.8136380208333333 0.5729111111111111 0.8248145833333334 0.5585212962962963 0.8259708333333333 0.5407055555555556 0.8340645833333333 0.5043888888888889 0.8359911458333333 0.47149722222222223 0.8463973958333334 0.43506944444444445 0.8490953124999999 0.44603333333333334 0.8463973958333334 0.4206796296296296 0.849865625 0.3973814814814815 0.8490953124999999 0.3823064814814815 0.8595010416666666 0.38436203703703703 0.8575739583333333 0.3761398148148148 0.8463973958333334 0.37476944444444443 0.8383036458333333 0.3699731481481482
