0 0.528125 0.8925925925925926 0.5427083333333333 0.8953703703703704 0.6083333333333333 0.8694444444444445 0.6244791666666667 0.850925925925926 0.6265625 0.8425925925925926 0.6223958333333334 0.8407407407407408 0.6130208333333333 0.8472222222222222 0.6 0.8453703703703703 0.5802083333333333 0.8555555555555555 0.5630208333333333 0.8564814814814815 0.546875 0.8490740740740741 0.5230036458333334 0.8533 0.49956614583333336 0.8255027777777778 0.5143229166666666 0.863337037037037 0.5140625 0.8787037037037037 0.5047744791666667 0.8895898148148148 0.5017359375 0.9142981481481481 0.5121526041666666 0.8911342592592593 0.528125 0.8925925925925926
0 0.25677083333333334 0.42685185185185187 0.2671875 0.4046296296296296 0.27239583333333334 0.3768518518518518 0.27708333333333335 0.3648148148148148 0.3140625 0.28888888888888886 0.31875 0.25555555555555554 0.3223958333333333 0.24722222222222223 0.3563369791666667 0.27066296296296294 0.31293385416666664 0.23668981481481483 0.2938369791666667 0.19190648148148146 0.3026041666666667 0.23148148148148148 0.2875 0.27314814814814814 0.2864583333333333 0.2935185185185185 0.2833333333333333 0.3055555555555556 0.2708333333333333 0.34074074074074073 0.2635416666666667 0.35185185185185186 0.246875 0.40370370370370373 0.24635416666666668 0.41759259259259257 0.24166666666666667 0.4425925925925926 0.24322916666666666 0.45 0.24791666666666667 0.4546296296296296 0.2515625 0.45 0.25677083333333334 0.42685185185185187
0 0.3885416666666667 0.22592592592592592 0.41354166666666664 0.23333333333333334 0.42135416666666664 0.2324074074074074 0.425 0.22592592592592592 0.4239583333333333 0.21666666666666667 0.4161458333333333 0.21388888888888888 0.3734375 0.17592592592592593 0.34739583333333335 0.14722222222222223 0.334375 0.1259259259259259 0.3260416666666667 0.11851851851851852 0.3116317708333333 0.11521666666666666 0.3116317708333333 0.07429444444444444 0.3026041666666667 0.1259259259259259 0.2977432291666667 0.1360638888888889 0.2747395833333333 0.15922777777777777 0.30425364583333336 0.14301296296296298 0.3177083333333333 0.16018518518518518 0.3546875 0.18703703703703703 0.3885416666666667 0.22592592592592592
0 0.7625 0.1111111111111111 0.7796875 0.1111111111111111 0.7973958333333333 0.10277777777777777 0.7994791666666666 0.08703703703703704 0.7984375 0.075 0.7848958333333333 0.06944444444444445 0.7713541666666667 0.06666666666666667 0.765625 0.06944444444444445 0.7203125 0.06851851851851852 0.7010416666666667 0.07592592592592592 0.6854166666666667 0.09074074074074075 0.6802083333333333 0.10092592592592593 0.68125 0.10833333333333334 0.6854166666666667 0.10925925925925926 0.6958333333333333 0.10277777777777777 0.7416666666666667 0.09722222222222222 0.7546875 0.10092592592592593 0.7625 0.1111111111111111
0 0.753125 0.5851851851851851 0.7572916666666667 0.5842592592592593 0.7619791666666667 0.575925925925926 0.7677083333333333 0.5611111111111111 0.7703125 0.5453703703703704 0.7703125 0.47962962962962963 0.7760416666666666 0.3925925925925926 0.7807291666666667 0.3712962962962963 0.7786458333333334 0.3574074074074074 0.775 0.35833333333333334 0.7713541666666667 0.3648148148148148 0.7583333333333333 0.41574074074074074 0.7557291666666667 0.5018518518518519 0.7526041666666666 0.5212962962962963 0.7489583333333333 0.525 0.7432291666666667 0.5509259259259259 0.74375 0.5777777777777777 0.753125 0.5851851851851851
0 0.7208333333333333 0.537962962962963 0.7401041666666667 0.5361111111111111 0.746875 0.5194444444444445 0.7447916666666666 0.5037037037037037 0.7166666666666667 0.47685185185185186 0.7041666666666667 0.48055555555555557 0.6776041666666667 0.4638888888888889 0.659375 0.4601851851851852 0.6515625 0.462037037037037 0.6348958333333333 0.48055555555555557 0.634375 0.4898148148148148 0.646875 0.4861111111111111 0.665625 0.48703703703703705 0.684375 0.5009259259259259 0.7052083333333333 0.5287037037037037 0.7208333333333333 0.537962962962963
0 0.6307291666666667 0.7388888888888889 0.6390625 0.6888888888888889 0.6453125 0.6361111111111111 0.64375 0.6287037037037037 0.6380208333333334 0.6333333333333333 0.6145833333333334 0.7388888888888889 0.6057291666666667 0.7537037037037037 0.6015625 0.7685185185185185 0.5989583333333334 0.7888888888888889 0.6072916666666667 0.7972222222222223 0.6166666666666667 0.7861111111111111 0.6255208333333333 0.7675925925925926 0.625 0.7592592592592593 0.6307291666666667 0.7388888888888889
0 0.7348958333333333 0.7277777777777777 0.7484375 0.7314814814814815 0.7635416666666667 0.725925925925926 0.7791666666666667 0.7064814814814815 0.7807291666666667 0.6972222222222222 0.7791666666666667 0.6805555555555556 0.7713541666666667 0.6731481481481482 0.7546875 0.674074074074074 0.7401041666666667 0.6666666666666666 0.7359375 0.6759259259259259 0.7208333333333333 0.675 0.7052083333333333 0.6564814814814814 0.68125 0.6101851851851852 0.6770833333333334 0.6092592592592593 0.6760416666666667 0.6138888888888889 0.6786458333333333 0.6259259259259259 0.6890625 0.6583333333333333 0.7046875 0.6907407407407408 0.725 0.7203703703703703 0.7348958333333333 0.7277777777777777
0 0.7171875 0.6231481481481481 0.7338541666666667 0.6194444444444445 0.7416666666666667 0.6111111111111112 0.7421875 0.5962962962962963 0.7395833333333334 0.5861111111111111 0.7125 0.5796296296296296 0.7005208333333334 0.5851851851851851 0.6864583333333333 0.5712962962962963 0.6541666666666667 0.4935185185185185 0.6505208333333333 0.4898148148148148 0.6473958333333333 0.49166666666666664 0.6463541666666667 0.49444444444444446 0.6630208333333333 0.549074074074074 0.6729166666666667 0.575925925925926 0.6859375 0.600925925925926 0.6958333333333333 0.6111111111111112 0.7171875 0.6231481481481481
0 0.8177083333333334 0.8629629629629629 0.825 0.7611111111111111 0.8317708333333333 0.7268518518518519 0.8375 0.7148148148148148 0.8401041666666667 0.6888888888888889 0.8395833333333333 0.6657407407407407 0.8354166666666667 0.6546296296296297 0.821875 0.6509259259259259 0.8140625 0.674074074074074 0.8057291666666667 0.774074074074074 0.8020833333333334 0.8527777777777777 0.8067708333333333 0.8916666666666667 0.8104166666666667 0.8981481481481481 0.8145833333333333 0.8981481481481481 0.8182291666666667 0.887962962962963 0.8177083333333334 0.8629629629629629
0 0.8173609375 0.5990740740740741 0.8215276041666667 0.6027777777777777 0.8241317708333333 0.6 0.8230901041666667 0.5888888888888889 0.8371526041666667 0.5296296296296297 0.8460067708333334 0.4583333333333333 0.8423609375000001 0.42962962962962964 0.8366317708333334 0.4148148148148148 0.8237848958333333 0.4168175925925926 0.7951390625 0.3916351851851852 0.8181421875 0.42483703703703707 0.8163192708333333 0.44074074074074077 0.8173609375 0.47129629629629627 0.8215276041666667 0.4981481481481482 0.8210067708333334 0.5287037037037037 0.8142359375 0.5731481481481482 0.8152776041666667 0.5907407407407408 0.8173609375 0.5990740740740741
0 0.453125 0.21616666666666667 0.4510416666666667 0.2445814814814815 0.4420140625 0.27670185185185187 0.44340260416666666 0.31005740740740745 0.459375 0.2841138888888889 0.46770833333333334 0.2532287037037037 0.47534739583333335 0.18775277777777777 0.48020833333333335 0.14574907407407406 0.4822916666666667 0.10250925925925926 0.4791666666666667 0.08664814814814814 0.5099828125 0.05885185185185186 0.4709203125 0.0804712962962963 0.4431421875 0.03877592592592593 0.4587671875 0.08742037037037037 0.45451406250000004 0.11856944444444445 0.45659739583333336 0.14451296296296298 0.459375 0.17539814814814816 0.453125 0.21616666666666667
0 0.4939234375 0.2722296296296296 0.5060765625 0.3031148148148148 0.5034723958333334 0.27300185185185183 0.49565989583333336 0.25678703703703704 0.48480885416666664 0.18266296296296297 0.4856770833333333 0.2482935185185185 0.4778645833333333 0.2526111111111111 0.46536458333333336 0.26743611111111115 0.44036458333333334 0.3119101851851852 0.4279515625 0.3455814814814815 0.41953125 0.36503240740740744 0.4021703125 0.37121018518518517 0.40633697916666667 0.3870388888888889 0.42855885416666667 0.3786222222222222 0.44244791666666666 0.35515 0.45772552083333334 0.3230287037037037 0.47369791666666666 0.30820462962962963 0.48758697916666666 0.28596666666666665 0.4939234375 0.2722296296296296
0 0.33159739583333336 0.4373037037037037 0.3336807291666667 0.40024166666666666 0.3232640625 0.41753703703703704 0.3107640625 0.4410101851851852 0.284375 0.49166203703703704 0.2704859375 0.5176055555555555 0.2642359375 0.5324296296296296 0.24791666666666667 0.5765435185185186 0.2565973958333333 0.5892583333333333 0.265625 0.5682564814814814 0.28854166666666664 0.5373712962962963 0.303125 0.5027805555555556 0.32395833333333335 0.46324722222222225 0.33159739583333336 0.4373037037037037
0 0.3107640625 0.6868555555555556 0.315625 0.660912037037037 0.340625 0.638675 0.35520833333333335 0.6312620370370371 0.3204859375 0.6349685185185184 0.3038192708333333 0.6646185185185185 0.303125 0.6917972222222222 0.303125 0.7461546296296296 0.30104166666666665 0.770987962962963 0.3072916666666667 0.8103953703703703 0.3232640625 0.8141018518518519 0.32951406250000004 0.7745694444444444 0.3225692708333333 0.7449194444444445 0.3107640625 0.7078574074074074 0.3107640625 0.6868555555555556
0 0.43854166666666666 0.8709305555555555 0.45243072916666666 0.8956388888888889 0.4663192708333333 0.8956388888888889 0.4767359375 0.8721657407407407 0.45451406250000004 0.8351037037037037 0.43090260416666665 0.815337037037037 0.40190989583333336 0.8139212962962963 0.3625 0.8024694444444445 0.35798593749999996 0.8326333333333333 0.3663192708333333 0.8412805555555555 0.3850692708333333 0.8425157407407408 0.4059026041666666 0.8425157407407408 0.4288192708333333 0.8474574074074074 0.43854166666666666 0.8709305555555555
0 0.2586807291666667 0.6856203703703704 0.2517359375 0.7078574074074074 0.25798593750000004 0.7436842592592592 0.2704859375 0.7659212962962964 0.2829859375 0.7696277777777778 0.28229166666666666 0.7535675925925925 0.28229166666666666 0.7214462962962963 0.27465260416666665 0.7066222222222223 0.2725692708333333 0.6510287037037037 0.2725692708333333 0.6139666666666667 0.2760416666666667 0.579375 0.284375 0.5469138888888889 0.2836807291666667 0.5460194444444445 0.2642359375 0.5818462962962963 0.26006927083333337 0.601612962962963 0.25729166666666664 0.6436166666666666 0.2586807291666667 0.6856203703703704
0 0.3645833333333333 0.9254379629629629 0.3815104166666667 0.8845157407407408 0.3914932291666667 0.8551740740740741 0.3763020833333333 0.8628953703703703 0.353125 0.8437518518518518 0.33159739583333336 0.8313972222222222 0.3079859375 0.815337037037037 0.29270833333333335 0.800512037037037 0.27395833333333336 0.7745694444444444 0.24895833333333334 0.7432101851851852 0.2565973958333333 0.7844518518518518 0.2809026041666666 0.8239851851851852 0.3121526041666666 0.8548703703703704 0.33159739583333336 0.8894611111111111 0.36284739583333336 0.9007296296296297 0.3645833333333333 0.9254379629629629
0 0.8225692708333334 0.24705185185185183 0.8059026041666667 0.24828703703703703 0.7921005208333334 0.2339648148148148 0.7920140625 0.21616666666666667 0.7947046875 0.18918148148148148 0.7989583333333333 0.16427962962962964 0.7977432291666666 0.14130925925925927 0.7847223958333333 0.13667685185185185 0.7774307291666667 0.16304444444444444 0.7725692708333334 0.19921851851851852 0.7756078125 0.23087592592592593 0.7960067708333334 0.2617611111111111 0.828125 0.27793703703703704 0.8225692708333334 0.24705185185185183
0 0.8447916666666667 0.4064185185185185 0.8545140625 0.4323620370370371 0.8552083333333333 0.410125 0.853125 0.343412962962963 0.8496526041666667 0.2655824074074074 0.8496526041666667 0.22481481481481483 0.8346354166666666 0.18493981481481483 0.8446182291666666 0.15289166666666665 0.8246526041666667 0.18107962962962962 0.8003473958333333 0.1679537037037037 0.8170140625 0.19392962962962962 0.8177083333333334 0.23950648148148146 0.8309026041666667 0.2705240740740741 0.8309026041666667 0.29893888888888887 0.828125 0.3261175925925926 0.8357640624999999 0.37676944444444443 0.8447916666666667 0.4064185185185185
