0 0.2713541666666667 0.2759259259259259 0.27291666666666664 0.275 0.2713541666666667 0.2675925925925926 0.26510416666666664 0.2601851851851852 0.2604166666666667 0.23981481481481481 0.28072916666666664 0.2 0.2859375 0.17407407407407408 0.296875 0.1527777777777778 0.303125 0.13425925925925927 0.32760416666666664 0.08888888888888889 0.3302083333333333 0.07685185185185185 0.34010416666666665 0.06111111111111111 0.3416666666666667 0.05185185185185185 0.3375 0.049074074074074076 0.3104166666666667 0.06574074074074074 0.28802083333333334 0.10462962962962963 0.26979166666666665 0.14629629629629629 0.23177083333333334 0.21944444444444444 0.2453125 0.23981481481481481 0.2546875 0.2462962962962963 0.2552083333333333 0.25092592592592594 0.2713541666666667 0.2759259259259259
0 0.6666666666666666 0.44351851851851853 0.6973958333333333 0.47314814814814815 0.7036458333333333 0.4740740740740741 0.7072916666666667 0.4703703703703704 0.7052083333333333 0.4564814814814815 0.6942708333333333 0.44537037037037036 0.6520833333333333 0.3638888888888889 0.6416666666666667 0.33425925925925926 0.6411458333333333 0.3175925925925926 0.6307291666666667 0.2972222222222222 0.6182291666666667 0.2824074074074074 0.6098958333333333 0.2861111111111111 0.6036458333333333 0.29444444444444445 0.6020833333333333 0.30092592592592593 0.6052083333333333 0.31574074074074077 0.6145833333333334 0.3425925925925926 0.6458333333333334 0.3972222222222222 0.6557291666666667 0.42314814814814816 0.6666666666666666 0.44351851851851853
0 0.8197916666666667 0.3972222222222222 0.8161458333333333 0.4361111111111111 0.8177083333333334 0.4546296296296296 0.8166666666666667 0.4898148148148148 0.8197916666666667 0.49722222222222223 0.8234375 0.4962962962962963 0.8270833333333333 0.48703703703703705 0.8291666666666667 0.4601851851851852 0.8338541666666667 0.4444444444444444 0.8375 0.38981481481481484 0.8380208333333333 0.2814814814814815 0.8328125 0.25277777777777777 0.825 0.23796296296296296 0.8046875 0.24814814814814815 0.8088541666666667 0.2537037037037037 0.8109375 0.30185185185185187 0.81875 0.33240740740740743 0.8208333333333333 0.3574074074074074 0.8197916666666667 0.3972222222222222
0 0.821875 0.6611111111111111 0.8276041666666667 0.6342592592592593 0.8338541666666667 0.5675925925925925 0.8411458333333334 0.5518518518518518 0.8447916666666667 0.525 0.8479166666666667 0.5175925925925926 0.8411458333333334 0.5092592592592593 0.8333333333333334 0.5055555555555555 0.8270833333333333 0.5166666666666667 0.8213541666666667 0.5407407407407407 0.8203125 0.5833333333333334 0.8151041666666666 0.6324074074074074 0.8114583333333333 0.649074074074074 0.8114583333333333 0.6574074074074074 0.8177083333333334 0.6657407407407407 0.821875 0.6611111111111111
0 0.7864583333333334 0.6555555555555556 0.79375 0.6898148148148148 0.7984375 0.6962962962962963 0.809375 0.7240740740740741 0.821875 0.7296296296296296 0.8260416666666667 0.725925925925926 0.8307291666666666 0.7157407407407408 0.821875 0.6759259259259259 0.7895833333333333 0.6185185185185185 0.7557291666666667 0.5685185185185185 0.7401041666666667 0.5583333333333333 0.7239583333333334 0.5407407407407407 0.7182291666666667 0.5407407407407407 0.71875 0.5518518518518518 0.7244791666666667 0.5638888888888889 0.7395833333333334 0.5861111111111111 0.7666666666666667 0.6175925925925926 0.7822916666666667 0.6462962962962963 0.7864583333333334 0.6555555555555556
0 0.7890625 0.8888888888888888 0.8125 0.8166666666666667 0.825 0.7861111111111111 0.8307291666666666 0.7462962962962963 0.8348958333333333 0.7435185185185185 0.8354166666666667 0.7361111111111112 0.8255208333333334 0.7407407407407407 0.8223958333333333 0.7351851851851852 0.8161458333333333 0.7342592592592593 0.8067708333333333 0.7555555555555555 0.7984375 0.7777777777777778 0.7994791666666666 0.7935185185185185 0.7973958333333333 0.8027777777777778 0.7708333333333334 0.8712962962962963 0.7651041666666667 0.9148148148148149 0.7645833333333333 0.925 0.7666666666666667 0.9296296296296296 0.771875 0.9314814814814815 0.7755208333333333 0.9268518518518518 0.7791666666666667 0.9074074074074074 0.7890625 0.8888888888888888
0 0.7177083333333333 0.9046296296296297 0.7479166666666667 0.9101851851851852 0.7541666666666667 0.8907407407407407 0.7567708333333333 0.8722222222222222 0.75 0.8657407407407407 0.728125 0.8481481481481481 0.6854166666666667 0.8277777777777777 0.6505208333333333 0.8037037037037037 0.628125 0.7953703703703704 0.6098958333333333 0.7981481481481482 0.5984375 0.7944444444444444 0.5916666666666667 0.8 0.5916666666666667 0.8074074074074075 0.596875 0.8157407407407408 0.6104166666666667 0.8222222222222222 0.6229166666666667 0.8351851851851851 0.653125 0.8518518518518519 0.7177083333333333 0.9046296296296297
0 0.5635416666666667 0.8361111111111111 0.5677083333333334 0.8388888888888889 0.5677083333333334 0.8027777777777778 0.5651041666666666 0.774074074074074 0.565625 0.6777777777777778 0.5614583333333333 0.6537037037037037 0.5463541666666667 0.6537037037037037 0.5489583333333333 0.6564814814814814 0.5489583333333333 0.6611111111111111 0.5453125 0.6888888888888889 0.5489583333333333 0.7111111111111111 0.5526041666666667 0.7981481481481482 0.5635416666666667 0.8361111111111111
0 0.5640625 0.6185185185185185 0.5765625 0.6101851851851852 0.5828125 0.600925925925926 0.5958333333333333 0.5972222222222222 0.6005208333333333 0.587037037037037 0.5994791666666667 0.5796296296296296 0.5947916666666667 0.5777777777777777 0.58125 0.5833333333333334 0.5609375 0.5842592592592593 0.5421875 0.5962962962962963 0.5203125 0.6 0.5130208333333334 0.5990740740740741 0.5083333333333333 0.5944444444444444 0.5036458333333333 0.5833333333333334 0.496875 0.5814814814814815 0.4744791666666667 0.5611111111111111 0.46822916666666664 0.5666666666666667 0.4640625 0.5768518518518518 0.4640625 0.5925925925925926 0.47760416666666666 0.6166666666666667 0.4864583333333333 0.625 0.5083333333333333 0.6333333333333333 0.5291666666666667 0.6314814814814815 0.5640625 0.6185185185185185
0 0.39895833333333336 0.5527777777777778 0.3958333333333333 0.5444444444444444 0.3765625 0.5314814814814814 0.328125 0.5203703703703704 0.3140625 0.5120370370370371 0.2953125 0.5120370370370371 0.2916666666666667 0.5101851851851852 0.290625 0.5027777777777778 0.28802083333333334 0.5231481481481481 0.2875 0.5425925925925926 0.3078125 0.5527777777777778 0.3255208333333333 0.549074074074074 0.3703125 0.5583333333333333 0.3953125 0.5583333333333333 0.39895833333333336 0.5527777777777778
0 0.44375 0.7166666666666667 0.45 0.712037037037037 0.4583333333333333 0.6953703703703704 0.46510416666666665 0.6694444444444444 0.4640625 0.6620370370370371 0.4546875 0.6462962962962963 0.4375 0.6694444444444444 0.4317708333333333 0.6805555555555556 0.42604166666666665 0.7083333333333334 0.4197916666666667 0.7222222222222222 0.37395833333333334 0.8009259259259259 0.3729166666666667 0.8101851851851852 0.3807291666666667 0.812962962962963 0.4 0.799074074074074 0.4109375 0.7842592592592592 0.4322916666666667 0.7361111111111112 0.44375 0.7166666666666667
0 0.4552083333333333 0.9009259259259259 0.45989583333333334 0.8925925925925926 0.4588541666666667 0.8870370370370371 0.45416666666666666 0.8824074074074074 0.4432291666666667 0.8805555555555555 0.43020833333333336 0.8731481481481481 0.3953125 0.8685185185185185 0.3619791666666667 0.850925925925926 0.3375 0.8472222222222222 0.33541666666666664 0.8592592592592593 0.33489583333333334 0.8722222222222222 0.340625 0.8814814814814815 0.36041666666666666 0.8944444444444445 0.428125 0.9055555555555556 0.44166666666666665 0.9 0.4552083333333333 0.9009259259259259
0 0.6442708333333333 0.5388888888888889 0.6432291666666666 0.5537037037037037 0.6302083333333334 0.6055555555555555 0.6244791666666667 0.6185185185185185 0.6260416666666667 0.6259259259259259 0.6302083333333334 0.625 0.6463541666666667 0.5953703703703703 0.6536458333333334 0.5685185185185185 0.65625 0.5342592592592592 0.6510416666666666 0.49907407407407406 0.6291666666666667 0.45740740740740743 0.603125 0.4527777777777778 0.5947916666666667 0.4564814814814815 0.5932291666666667 0.462037037037037 0.5916666666666667 0.4824074074074074 0.6114583333333333 0.4981481481481482 0.6276041666666666 0.5009259259259259 0.6359375 0.5064814814814815 0.6421875 0.525 0.6442708333333333 0.5388888888888889
0 0.5255208333333333 0.762962962962963 0.5338541666666666 0.7462962962962963 0.5276041666666667 0.7342592592592593 0.5171875 0.700925925925926 0.50625 0.6888888888888889 0.49635416666666665 0.6666666666666666 0.49375 0.6537037037037037 0.48333333333333334 0.6268518518518519 0.4703125 0.6046296296296296 0.4510416666666667 0.5796296296296296 0.44583333333333336 0.5833333333333334 0.44635416666666666 0.5925925925925926 0.4890625 0.6962962962962963 0.49895833333333334 0.7324074074074074 0.5057291666666667 0.7490740740740741 0.5166666666666667 0.7648148148148148 0.5255208333333333 0.762962962962963
0 0.6203125 0.9092592592592592 0.6369791666666667 0.9231481481481482 0.65 0.9268518518518518 0.66875 0.924074074074074 0.6755208333333333 0.9361111111111111 0.678125 0.9351851851851852 0.6796875 0.887962962962963 0.6671875 0.8740740740740741 0.6427083333333333 0.8592592592592593 0.6265625 0.8648148148148148 0.5859375 0.8611111111111112 0.5526041666666667 0.8537037037037037 0.5348958333333333 0.8546296296296296 0.5223958333333333 0.85 0.515625 0.8537037037037037 0.5140625 0.8583333333333333 0.5171875 0.8685185185185185 0.5359375 0.8787037037037037 0.5427083333333333 0.887962962962963 0.6072916666666667 0.9037037037037037 0.6203125 0.9092592592592592
0 0.5064552083333334 0.3800277777777778 0.5164880208333333 0.3395611111111111 0.5284505208333333 0.34299074074074076 0.5388692708333332 0.34230462962962965 0.5508317708333333 0.3484777777777778 0.5465869791666667 0.3333888888888889 0.5735989583333333 0.31624166666666664 0.5905776041666667 0.2936083333333333 0.6094859375 0.2805768518518519 0.6411281249999999 0.2586296296296296 0.5847890625000001 0.2778333333333333 0.5543046875000001 0.2936083333333333 0.5334666666666668 0.297037962962963 0.5172598958333333 0.29772407407407403 0.5039791666666666 0.28819074074074075 0.5076125 0.30115277777777777 0.5107 0.31281296296296296 0.5110854166666666 0.3251583333333333 0.5130151041666667 0.3347601851851852 0.5060692708333333 0.35465092592592595 0.5064552083333334 0.3800277777777778
0 0.6700692708333332 0.23531018518518518 0.6955375 0.23325185185185185 0.6704552083333333 0.2243361111111111 0.6658244791666666 0.21541944444444444 0.6700692708333332 0.18455555555555556 0.6619661458333332 0.2085611111111111 0.6519328125 0.2085611111111111 0.6334104166666666 0.2243361111111111 0.6060130208333334 0.24354074074074075 0.5878765625 0.2503990740740741 0.5570057291666667 0.26891759259259257 0.554690625 0.2805768518518519 0.5387166666666666 0.2907638888888889 0.5805447916666666 0.27851944444444443 0.6175895833333332 0.26960277777777775 0.6411281249999999 0.26891759259259257 0.6588786458333333 0.2510851851851852 0.6700692708333332 0.23531018518518518
