0 0.2671875 0.2537037037037037 0.265625 0.2351851851851852 0.2677083333333333 0.21481481481481482 0.271875 0.19722222222222222 0.27239583333333334 0.18518518518518517 0.28020833333333334 0.16203703703703703 0.29010416666666666 0.14722222222222223 0.3026041666666667 0.13703703703703704 0.32708333333333334 0.13518518518518519 0.3296875 0.13055555555555556 0.3 0.12777777777777777 0.28802083333333334 0.13425925925925927 0.2765625 0.14907407407407408 0.2635416666666667 0.17222222222222222 0.24895833333333334 0.2212962962962963 0.2390625 0.2351851851851852 0.2296875 0.27037037037037037 0.22760416666666666 0.2851851851851852 0.2328125 0.2972222222222222 0.24375 0.3055555555555556 0.24895833333333334 0.30092592592592593 0.25885416666666666 0.2796296296296296 0.2671875 0.2537037037037037
0 0.4040765625 0.11679537037037037 0.4005208333333333 0.1175925925925926 0.4171875 0.14166666666666666 0.4359375 0.15833333333333333 0.47552083333333334 0.20925925925925926 0.490625 0.22037037037037038 0.5125 0.22685185185185186 0.5182291666666666 0.22685185185185186 0.5223958333333333 0.2222222222222222 0.5213541666666667 0.21296296296296297 0.5114583333333333 0.20462962962962963 0.49895833333333334 0.18518518518518517 0.4739583333333333 0.16296296296296298 0.44947916666666665 0.13333333333333333 0.428125 0.09259259259259259 0.40712864583333336 0.07609351851851852 0.41048541666666666 0.06361111111111112 0.4244791666666667 0.05185185185185185 0.4192708333333333 0.049074074074074076 0.4114583333333333 0.05277777777777778 0.39947916666666666 0.07222222222222222 0.390625 0.10277777777777777 0.3854166666666667 0.10833333333333334 0.378125 0.12685185185185185 0.38385416666666666 0.12685185185185185 0.39010416666666664 0.11296296296296296 0.4040765625 0.11679537037037037
0 0.48333333333333334 0.12314814814814815 0.5098958333333333 0.11296296296296296 0.5401041666666667 0.1111111111111111 0.5770833333333333 0.09907407407407408 0.5869791666666667 0.09259259259259259 0.6 0.09351851851851851 0.6046875 0.09074074074074075 0.6078125 0.08333333333333333 0.6072916666666667 0.07777777777777778 0.6010416666666667 0.0712962962962963 0.5682291666666667 0.06481481481481481 0.5390625 0.07037037037037037 0.5166666666666667 0.06851851851851852 0.5098958333333333 0.075 0.5057291666666667 0.0712962962962963 0.4895833333333333 0.0712962962962963 0.464503125 0.08640462962962962 0.46053593750000005 0.07283703703703703 0.47060677083333335 0.050587037037037035 0.46197916666666666 0.05462962962962963 0.45729166666666665 0.0712962962962963 0.45989583333333334 0.09444444444444444 0.4578125 0.1398148148148148 0.45989583333333334 0.1388888888888889 0.4625 0.1259259259259259 0.4661458333333333 0.12222222222222222 0.48333333333333334 0.12314814814814815
0 0.77333125 0.10889907407407408 0.75770625 0.09130648148148149 0.7519770833333334 0.042232407407407406 0.7482489583333333 0.06213518518518518 0.7391260416666667 0.06139814814814815 0.7337479166666667 0.05889907407407407 0.7279302083333333 0.06434722222222222 0.7159046875 0.05844814814814815 0.7171484375 0.07024629629629629 0.68895625 0.0811212962962963 0.6644770833333333 0.0811212962962963 0.6446854166666667 0.08575092592592592 0.6191645833333334 0.1061212962962963 0.6160395833333333 0.11167685185185186 0.6160395833333333 0.11815833333333334 0.6191645833333334 0.12278796296296296 0.728759375 0.11301481481481482 0.7540541666666667 0.09605555555555555 0.77333125 0.10889907407407408
0 0.7041666666666667 0.18425925925925926 0.7239583333333334 0.18981481481481483 0.7338541666666667 0.18425925925925926 0.740625 0.18888888888888888 0.7453125 0.175 0.7453125 0.15833333333333333 0.7348958333333333 0.14074074074074075 0.7098958333333333 0.14629629629629629 0.6791666666666667 0.18888888888888888 0.6729166666666667 0.20925925925925926 0.6708333333333333 0.22314814814814815 0.6682291666666667 0.22777777777777777 0.6697916666666667 0.2324074074074074 0.6796875 0.225 0.6885416666666667 0.1962962962962963 0.7041666666666667 0.18425925925925926
0 0.7963541666666667 0.18796296296296297 0.8052083333333333 0.21203703703703702 0.809375 0.2175925925925926 0.821875 0.20925925925925926 0.8291666666666667 0.1787037037037037 0.8177083333333334 0.13240740740740742 0.7989583333333333 0.11666666666666667 0.7869791666666667 0.11574074074074074 0.7744791666666667 0.12222222222222222 0.7666666666666667 0.13518518518518519 0.7604166666666666 0.1537037037037037 0.7578125 0.17777777777777778 0.7598958333333333 0.18425925925925926 0.7635416666666667 0.18518518518518517 0.7760416666666666 0.14907407407407408 0.7859375 0.14722222222222223 0.7963541666666667 0.18796296296296297
0 0.693053125 0.5190222222222222 0.6867989583333334 0.5387925925925926 0.6783854166666666 0.5407407407407407 0.6640625 0.5407407407407407 0.6847140625 0.5462064814814815 0.6979171875 0.5554740740740741 0.7083333333333334 0.5472222222222223 0.7166666666666667 0.5287037037037037 0.7260416666666667 0.46574074074074073 0.7244791666666667 0.44074074074074077 0.7145833333333333 0.4 0.7020833333333333 0.37962962962962965 0.6973958333333333 0.37592592592592594 0.6932291666666667 0.37777777777777777 0.7020833333333333 0.4046296296296296 0.7130208333333333 0.4537037037037037 0.7111197916666666 0.48133425925925927 0.7066031250000001 0.4906018518518519 0.700696875 0.4943083333333333 0.693053125 0.5190222222222222
0 0.7687953125 0.5703018518518519 0.7791666666666667 0.5601851851851852 0.7990229166666667 0.5468240740740741 0.8150052083333333 0.575862962962963 0.8 0.537962962962963 0.7989583333333333 0.5268518518518519 0.796875 0.5185185185185185 0.7791666666666667 0.5138888888888888 0.767753125 0.5196398148148148 0.75 0.5222222222222223 0.696875 0.5546296296296296 0.68125 0.575925925925926 0.6817708333333333 0.5814814814814815 0.6859375 0.5833333333333334 0.6953125 0.5777777777777777 0.7119791666666667 0.575925925925926 0.7520833333333333 0.5611111111111111 0.7687953125 0.5703018518518519
0 0.5859375 0.7953703703703704 0.5859375 0.8 0.5953125 0.7935185185185185 0.6057291666666667 0.775 0.6182291666666667 0.7722222222222223 0.6375 0.7592592592592593 0.6395833333333333 0.7472222222222222 0.6744791666666666 0.7083333333333334 0.6890625 0.6833333333333333 0.6958333333333333 0.6638888888888889 0.6994791666666667 0.6351851851851852 0.7052083333333333 0.6157407407407407 0.7057291666666666 0.5972222222222222 0.7005208333333334 0.5953703703703703 0.6958333333333333 0.6018518518518519 0.6822916666666666 0.649074074074074 0.6735963541666667 0.6815333333333333 0.6583088541666666 0.6951259259259259 0.6259963541666667 0.7161324074074074 0.6235645833333333 0.700687037037037 0.6124463541666666 0.7216925925925926 0.5950739583333333 0.7464064814814815 0.5729166666666666 0.7453703703703703 0.5723958333333333 0.7481481481481481 0.5765625 0.7509259259259259 0.5916666666666667 0.7574074074074074 0.5942708333333333 0.7648148148148148 0.5963541666666666 0.775 0.5859375 0.7953703703703704
0 0.8147864583333334 0.5635166666666667 0.8147864583333334 0.577412037037037 0.8178442708333333 0.5834537037037038 0.8154661458333333 0.6039953703703704 0.8188635416666667 0.6160777777777778 0.8266776041666667 0.6112444444444445 0.8276968750000001 0.5858703703703704 0.8341520833333332 0.5762037037037037 0.8375494791666667 0.5302888888888889 0.840946875 0.49283148148148154 0.8480817708333334 0.4680611111111111 0.8524984375 0.4487287037037037 0.8528380208333334 0.4342287037037037 0.8562354166666667 0.4420824074074074 0.8552161458333334 0.46564444444444447 0.85181875 0.4813527777777778 0.8589536458333333 0.46504074074074075 0.8596333333333334 0.44510370370370367 0.8565755208333333 0.426375 0.849440625 0.41429166666666667 0.8399276041666667 0.4094583333333333 0.8387364583333333 0.402025 0.8378890625000001 0.41550000000000004 0.8287161458333333 0.43241666666666667 0.8249786458333334 0.4602074074074074 0.8249786458333334 0.48678981481481476 0.8164848958333334 0.5333092592592593 0.8147864583333334 0.5635166666666667
0 0.75635 0.5169972222222222 0.7723177083333332 0.5127685185185185 0.780471875 0.5151851851851852 0.7950812500000001 0.5121638888888889 0.8062927083333334 0.4940398148148148 0.8137671875 0.46987407407407406 0.8209020833333334 0.4176037037037037 0.8321135416666666 0.3565851851851852 0.8290557291666667 0.3170027777777778 0.8249786458333334 0.2777324074074074 0.8178442708333333 0.256587962962963 0.8141067708333334 0.2553796296296296 0.80459375 0.22517129629629629 0.7954208333333334 0.22094259259259258 0.7974593750000001 0.25054629629629627 0.8032348958333333 0.2771287037037037 0.810709375 0.30402407407407406 0.8151260416666666 0.33664814814814814 0.7977989583333333 0.40370833333333334 0.7838692708333334 0.43029166666666663 0.778690625 0.41748148148148145 0.7767348958333333 0.42758333333333337 0.7791130208333333 0.44812407407407406 0.7716385416666667 0.47289444444444445 0.7723177083333332 0.5000814814814815 0.75635 0.5169972222222222
0 0.8402677083333334 0.3837712962962963 0.8507994791666668 0.3414814814814815 0.8558958333333333 0.3469185185185185 0.8572546875 0.33181481481481484 0.8548765625 0.3245648148148148 0.8562354166666667 0.2988777777777778 0.8511395833333334 0.28196203703703704 0.8548765625 0.26021203703703705 0.8582739583333333 0.25356666666666666 0.8579343749999999 0.24933796296296298 0.853178125 0.25356666666666666 0.8487609375 0.271087037037037 0.8426458333333334 0.2722953703703704 0.8351713541666667 0.27048333333333335 0.8283765625 0.25598333333333334 0.8171645833333333 0.23725462962962965 0.8307546875 0.271087037037037 0.8331328125 0.2813574074074074 0.8293953125000001 0.2916287037037037 0.8273572916666667 0.30250277777777773 0.8321135416666666 0.3559805555555556 0.8212416666666668 0.41397962962962964 0.8113890625 0.47681111111111113 0.8036869791666666 0.4947648148148148 0.8066322916666666 0.5067268518518518 0.8127479166666667 0.5018935185185185 0.8181838541666667 0.47712314814814816 0.8242994791666667 0.46624907407407407 0.8338125000000001 0.41881203703703707 0.8402677083333334 0.3837712962962963
0 0.29621510416666663 0.5304592592592592 0.2828125 0.5277777777777778 0.30052083333333335 0.5416666666666666 0.3177083333333333 0.5722222222222222 0.31979166666666664 0.5722222222222222 0.31927083333333334 0.5648148148148148 0.3125 0.5425925925925926 0.3229166666666667 0.5175925925925926 0.32655989583333334 0.4949787037037037 0.33541666666666664 0.45185185185185184 0.340625 0.43333333333333335 0.34739583333333335 0.4203703703703704 0.35208333333333336 0.3925925925925926 0.35520833333333335 0.3333333333333333 0.3536458333333333 0.325 0.3494791666666667 0.32037037037037036 0.34322916666666664 0.3287037037037037 0.34010416666666665 0.3527777777777778 0.33541666666666664 0.3648148148148148 0.3203125 0.4361111111111111 0.31284218750000004 0.4654111111111111 0.29746197916666667 0.5016305555555556 0.29621510416666663 0.5304592592592592
0 0.3802083333333333 0.44351851851851853 0.3880208333333333 0.43148148148148147 0.39739583333333334 0.425 0.40520833333333334 0.4064814814814815 0.4119791666666667 0.3972222222222222 0.41822916666666665 0.37037037037037035 0.421875 0.3435185185185185 0.4197916666666667 0.3138888888888889 0.409375 0.3138888888888889 0.403125 0.35462962962962963 0.3921875 0.38796296296296295 0.37864583333333335 0.4027777777777778 0.36875 0.4009259259259259 0.3651041666666667 0.40925925925925927 0.35052083333333334 0.425 0.34739583333333335 0.43425925925925923 0.3494791666666667 0.45092592592592595 0.34322916666666664 0.4787037037037037 0.3453125 0.48333333333333334 0.35572916666666665 0.4583333333333333 0.36666666666666664 0.45555555555555555 0.3802083333333333 0.44351851851851853
0 0.3536458333333333 0.8638888888888889 0.3578125 0.8888888888888888 0.34791666666666665 0.9 0.35989583333333336 0.8962962962962963 0.3776041666666667 0.899074074074074 0.3921875 0.9101851851851852 0.4046875 0.9120370370370371 0.38267708333333333 0.892325925925926 0.38267708333333333 0.8516712962962962 0.38683385416666666 0.8331916666666667 0.3723958333333333 0.7611111111111111 0.3703125 0.7425925925925926 0.3609375 0.7111111111111111 0.353125 0.6935185185185185 0.346875 0.687037037037037 0.3380208333333333 0.6657407407407407 0.3338541666666667 0.6620370370370371 0.32916666666666666 0.6620370370370371 0.32708333333333334 0.6657407407407407 0.32708333333333334 0.675 0.3359375 0.6972222222222222 0.35052083333333334 0.7620370370370371 0.3567708333333333 0.812962962962963 0.35260416666666666 0.8379629629629629 0.3536458333333333 0.8638888888888889
0 0.29270833333333335 0.8592592592592593 0.29791666666666666 0.8768518518518519 0.33541666666666664 0.9 0.3390625 0.9138888888888889 0.3380208333333333 0.9268518518518518 0.3421875 0.9268518518518518 0.3458333333333333 0.9203703703703704 0.3453125 0.8861111111111111 0.3484375 0.8703703703703703 0.34791666666666665 0.862037037037037 0.3265625 0.8314814814814815 0.3177083333333333 0.8111111111111111 0.3098958333333333 0.8148148148148148 0.30364583333333334 0.8101851851851852 0.2875 0.7842592592592592 0.28072916666666664 0.7666666666666667 0.2734375 0.7287037037037037 0.2734375 0.6981481481481482 0.2713541666666667 0.6851851851851852 0.27291666666666664 0.6472222222222223 0.26979166666666665 0.6398148148148148 0.265625 0.637962962962963 0.259375 0.6444444444444445 0.25729166666666664 0.6537037037037037 0.25729166666666664 0.6805555555555556 0.25416666666666665 0.6898148148148148 0.2557291666666667 0.7314814814814815 0.2734375 0.8148148148148148 0.28541666666666665 0.8462962962962963 0.29270833333333335 0.8592592592592593
0 0.22630416666666667 0.47899722222222224 0.2338447916666667 0.46558796296296295 0.243784375 0.5045962962962963 0.243784375 0.5289759259259259 0.2526963541666667 0.5813935185185185 0.25989427083333333 0.600287962962963 0.2660635416666667 0.6191824074074074 0.2732614583333334 0.6228398148148149 0.2763463541666667 0.6112592592592593 0.26983385416666666 0.5880981481481481 0.27291875 0.5734694444444445 0.2646927083333333 0.5475555555555556 0.2581802083333333 0.503062037037037 0.24995416666666664 0.4213888888888889 0.24001406249999999 0.39639907407407404 0.23075989583333334 0.39639907407407404 0.22424739583333334 0.4049324074074074 0.21773489583333333 0.411637037037037 0.22047708333333332 0.417437962962963 0.2249328125 0.4156092592592593 0.22527552083333333 0.4345037037037037 0.22801770833333332 0.45522685185185185 0.22630416666666667 0.47899722222222224
0 0.23521562499999998 0.3951805555555556 0.241728125 0.3982277777777778 0.24961145833333334 0.4213888888888889 0.2564666666666667 0.4920907407407407 0.2646927083333333 0.5493842592592593 0.27429010416666666 0.5725453703703705 0.2770317708333333 0.5634027777777778 0.27154791666666667 0.5329277777777778 0.27394739583333333 0.5268324074074074 0.2746328125 0.5055000000000001 0.26983385416666666 0.47563425925925923 0.2684630208333333 0.4500351851851852 0.2650354166666667 0.3951805555555556 0.2670921875 0.382675 0.27017708333333335 0.38450370370370374 0.27257604166666666 0.37962685185185185 0.2691484375 0.37109444444444445 0.2650354166666667 0.35951388888888886 0.2609223958333333 0.341837962962963 0.2537244791666667 0.32172500000000004 0.2664067708333333 0.2680888888888889 0.2581802083333333 0.29003055555555557 0.25132499999999997 0.31745833333333334 0.241728125 0.3211148148148148 0.22938906250000002 0.33269537037037034 0.2249328125 0.34549537037037037 0.228703125 0.3433722222222222 0.23658645833333333 0.33422962962962965 0.23624375 0.36165740740740737 0.23624375 0.37872407407407405 0.23521562499999998 0.3951805555555556
0 0.5279734374999999 0.3791296296296296 0.5545552083333334 0.39128425925925925 0.56215 0.39668703703703706 0.5682260416666666 0.3960111111111111 0.5815166666666667 0.4095166666666667 0.5894911458333334 0.40681574074074073 0.5875927083333334 0.3926351851851852 0.5750609375 0.37777962962962963 0.5632890625000001 0.3602222222222222 0.5450619791666667 0.3480675925925926 0.5203786458333333 0.3460416666666667 0.49987291666666667 0.33591296296296297 0.4964552083333333 0.32038240740740737 0.4903796875 0.33388703703703704 0.4748104166666666 0.32713425925925926 0.46417760416666665 0.32578425925925925 0.4565828125 0.3068768518518519 0.4540020833333333 0.3041185185185185 0.4622791666666667 0.3305111111111111 0.4596208333333333 0.3460416666666667 0.4634182291666667 0.3602222222222222 0.48430364583333335 0.3764287037037037 0.50405 0.37170185185185184 0.5279734374999999 0.3791296296296296
0 0.4964552083333333 0.4074907407407407 0.5112651041666667 0.4135685185185185 0.5241760416666666 0.4149185185185185 0.5302520833333333 0.4041148148148148 0.5298723958333333 0.3838564814814815 0.5108854166666666 0.3723768518518518 0.49303749999999996 0.37102685185185186 0.46873437500000004 0.3635990740740741 0.45012708333333334 0.34266574074074074 0.43569739583333333 0.3210574074074074 0.43000104166666664 0.3176805555555556 0.41936875 0.2987740740740741 0.4136723958333333 0.2960722222222222 0.40987500000000004 0.2899953703703704 0.4075390625 0.28900185185185184 0.409115625 0.30755185185185185 0.4163307291666667 0.32510925925925926 0.4319 0.3588722222222222 0.45430468749999997 0.3845324074074074 0.47594947916666663 0.398037037037037 0.4964552083333333 0.4074907407407407
0 0.4702536458333333 0.7360416666666666 0.47177239583333336 0.7495462962962963 0.4778484375 0.7475203703703703 0.481265625 0.726587962962963 0.4877213541666666 0.7090305555555556 0.4972151041666667 0.6577111111111111 0.5002526041666667 0.6306999999999999 0.5089869791666667 0.6205712962962963 0.5082270833333333 0.5922101851851852 0.503290625 0.5800555555555555 0.4965171875 0.5843148148148147 0.4918984375 0.6009888888888889 0.4911390625 0.6239481481481481 0.4808859375 0.6712157407407408 0.4725317708333333 0.7056546296296295 0.4744307291666667 0.7232111111111111 0.4702536458333333 0.7360416666666666
0 0.48354427083333335 0.5266861111111112 0.5074677083333333 0.5523462962962963 0.5199989583333333 0.5834083333333333 0.5329104166666666 0.5901611111111111 0.5359479166666666 0.5773314814814815 0.5264546875 0.5570731481481481 0.5131640625 0.5266861111111112 0.47063333333333335 0.47671666666666673 0.44974739583333334 0.45578425925925925 0.43417812499999997 0.4199953703703704 0.41671041666666664 0.40108796296296295 0.40873593750000003 0.3990620370370371 0.3984286458333333 0.4169527777777778 0.40265989583333334 0.4449796296296296 0.4144317708333333 0.46658796296296295 0.41936875 0.4902222222222223 0.42506458333333336 0.4746916666666667 0.4565828125 0.5003509259259259 0.48354427083333335 0.5266861111111112
0 0.5051895833333334 0.5172324074074074 0.5203786458333333 0.5435685185185185 0.51658125 0.5253361111111111 0.5089869791666667 0.5003509259259259 0.492278125 0.4713148148148148 0.4744307291666667 0.4476805555555556 0.46417760416666665 0.4226962962962963 0.45126666666666665 0.4071648148148148 0.4430692708333333 0.4088546296296296 0.43683645833333334 0.41729351851851854 0.4410135416666667 0.4429537037037037 0.4550640625 0.4605111111111111 0.4713927083333333 0.4679388888888889 0.4892401041666667 0.4942740740740741 0.5051895833333334 0.5172324074074074
0 0.5340494791666667 0.5395166666666666 0.5344291666666667 0.5577490740740741 0.5374671875 0.5374907407407408 0.5405052083333334 0.5219592592592592 0.5382265625 0.5030527777777778 0.5215182291666667 0.47198981481481483 0.5029109375 0.44565462962962965 0.4846833333333333 0.4071648148148148 0.46949375 0.3936601851851852 0.45460937500000004 0.39481759259259264 0.46379791666666664 0.4186444444444445 0.4793671875 0.45038148148148144 0.5067083333333333 0.49765 0.5150625 0.5219592592592592 0.5207588541666667 0.5361398148148148 0.5340494791666667 0.5395166666666666
0 0.5382265625 0.5759805555555555 0.5431630208333333 0.5989398148148148 0.5348088541666667 0.6171712962962963 0.5469604166666666 0.6056925925925926 0.5549348958333333 0.6104194444444445 0.5674661458333333 0.6327027777777777 0.5712635416666667 0.6495842592592593 0.5617703125 0.6043416666666667 0.5640489583333334 0.5793574074074074 0.5560744791666666 0.5260111111111111 0.5393656250000001 0.4794185185185186 0.5264546875 0.4429537037037037 0.5234166666666666 0.41796944444444445 0.5113973958333333 0.41587314814814813 0.5131640625 0.4490314814814815 0.5222776041666667 0.4753666666666666 0.5389859375 0.5023768518518519 0.5439223958333332 0.5354648148148148 0.5397453124999999 0.5543722222222222 0.5382265625 0.5759805555555555
0 0.5720234375000001 0.5901611111111111 0.5731625 0.6104194444444445 0.5762005208333334 0.6151462962962962 0.5807572916666667 0.6070425925925926 0.5780989583333334 0.5888111111111112 0.5792380208333333 0.5557231481481482 0.5636687499999999 0.4922481481481482 0.5553145833333333 0.4746916666666667 0.5549348958333333 0.4395777777777778 0.5439223958333332 0.4078407407407408 0.5412645833333334 0.4031138888888889 0.5454416666666667 0.3855564814814815 0.5355682291666667 0.4058148148148148 0.5291130208333333 0.40919074074074074 0.5244557291666667 0.407775 0.5272140625 0.42134537037037034 0.5268343750000001 0.4422787037037037 0.5534161458333333 0.5199342592592593 0.56215 0.5678777777777778 0.5644286458333333 0.5840842592592593 0.5720234375000001 0.5901611111111111
0 0.4493677083333333 0.5418916666666667 0.4611395833333333 0.5533712962962962 0.4683546875 0.5709277777777777 0.47063333333333335 0.5560722222222222 0.48696197916666667 0.5682268518518518 0.5127838541666666 0.594562037037037 0.5188598958333334 0.6262990740740741 0.5256953125 0.6607379629629629 0.5234166666666666 0.6762685185185185 0.528353125 0.6897740740740741 0.5363276041666667 0.6796453703703704 0.5329104166666666 0.6411555555555556 0.5222776041666667 0.5824074074074074 0.5055692708333334 0.5499944444444445 0.47898749999999995 0.5223092592592593 0.45240572916666666 0.49664907407407405 0.44595 0.49529814814814815 0.4424619791666667 0.5011731481481482 0.43987447916666667 0.5081287037037037 0.43873541666666666 0.5148814814814815 0.42734322916666667 0.5351388888888889 0.41595104166666663 0.5682268518518518 0.43911510416666666 0.5263601851851852 0.4493677083333333 0.5418916666666667
