0 0.28177083333333336 0.18333333333333332 0.290625 0.15462962962962962 0.2947916666666667 0.15 0.3078125 0.12037037037037036 0.315625 0.1111111111111111 0.3260416666666667 0.08796296296296297 0.3265625 0.07962962962962963 0.3375 0.06388888888888888 0.3411458333333333 0.05185185185185185 0.33489583333333334 0.05092592592592592 0.3229166666666667 0.062037037037037036 0.31354166666666666 0.06388888888888888 0.3020833333333333 0.0787037037037037 0.28125 0.11944444444444445 0.26666666666666666 0.15555555555555556 0.24947916666666667 0.18611111111111112 0.24635416666666668 0.19722222222222222 0.24010416666666667 0.22777777777777777 0.24947916666666667 0.24166666666666667 0.2557291666666667 0.24444444444444444 0.2671875 0.22870370370370371 0.2796875 0.19722222222222222 0.28177083333333336 0.18333333333333332
0 0.3645833333333333 0.1675925925925926 0.3770833333333333 0.15833333333333333 0.39010416666666664 0.1361111111111111 0.3880208333333333 0.12037037037037036 0.3848958333333333 0.11574074074074074 0.37552083333333336 0.11574074074074074 0.35833333333333334 0.1287037037037037 0.3458333333333333 0.1537037037037037 0.2828125 0.2462962962962963 0.2828125 0.25555555555555554 0.2875 0.25277777777777777 0.290625 0.2564814814814815 0.2947916666666667 0.25277777777777777 0.3609375 0.175 0.3645833333333333 0.1675925925925926
0 0.6052083333333333 0.1537037037037037 0.6140625 0.14351851851851852 0.6182291666666667 0.13148148148148148 0.63125 0.1111111111111111 0.6333333333333333 0.09537037037037037 0.6302083333333334 0.09166666666666666 0.6260416666666667 0.09259259259259259 0.6151041666666667 0.10925925925925926 0.5572916666666666 0.15185185185185185 0.5380208333333333 0.15555555555555556 0.5328125 0.15 0.528125 0.15 0.5109375 0.15833333333333333 0.4984375 0.17037037037037037 0.49375 0.16666666666666666 0.49635416666666665 0.19166666666666668 0.5 0.20277777777777778 0.509375 0.20555555555555555 0.528125 0.20277777777777778 0.5953125 0.16296296296296298 0.6052083333333333 0.1537037037037037
0 0.7260416666666667 0.2953703703703704 0.725 0.25092592592592594 0.7192708333333333 0.22314814814814815 0.721875 0.18425925925925926 0.7359375 0.125 0.7375 0.10925925925925926 0.7473958333333334 0.08611111111111111 0.7473958333333334 0.08055555555555556 0.7432291666666667 0.07962962962962963 0.7359375 0.08611111111111111 0.7192708333333333 0.11203703703703703 0.7125 0.13425925925925927 0.7088541666666667 0.15555555555555556 0.7015625 0.21944444444444444 0.6984375 0.25462962962962965 0.7005208333333334 0.2796296296296296 0.7078125 0.30648148148148147 0.715625 0.30833333333333335 0.7244791666666667 0.30185185185185187 0.7260416666666667 0.2953703703703704
0 0.6494791666666667 0.5324074074074074 0.6651041666666667 0.5472222222222223 0.6734375 0.5388888888888889 0.6765625 0.5287037037037037 0.6614583333333334 0.48055555555555557 0.646875 0.46574074074074073 0.625 0.42685185185185187 0.6036458333333333 0.3990740740740741 0.5802083333333333 0.38425925925925924 0.5729166666666666 0.3861111111111111 0.5723958333333333 0.39351851851851855 0.6119791666666666 0.44351851851851853 0.628125 0.4722222222222222 0.6375 0.49907407407407406 0.6411458333333333 0.5166666666666667 0.6494791666666667 0.5324074074074074
0 0.5291666666666667 0.4703703703703704 0.5359375 0.4527777777777778 0.5463541666666667 0.44351851851851853 0.5557291666666667 0.42962962962962964 0.5651041666666666 0.40555555555555556 0.5640625 0.39166666666666666 0.55625 0.37592592592592594 0.5380208333333333 0.39166666666666666 0.525 0.41203703703703703 0.5130208333333334 0.475 0.5145833333333333 0.5601851851851852 0.5213541666666667 0.5694444444444444 0.5203125 0.5583333333333333 0.5223958333333333 0.549074074074074 0.5234375 0.5027777777777778 0.5291666666666667 0.4703703703703704
0 0.7375 0.6990740740740741 0.75 0.7101851851851851 0.7671875 0.7138888888888889 0.7734375 0.6972222222222222 0.7864583333333334 0.6925925925925925 0.7885416666666667 0.6888888888888889 0.771875 0.6861111111111111 0.7442708333333333 0.6435185185185185 0.7401041666666667 0.6462962962962963 0.7385416666666667 0.6518518518518519 0.7348958333333333 0.6518518518518519 0.7104166666666667 0.6305555555555555 0.6869791666666667 0.6185185185185185 0.6697916666666667 0.6157407407407407 0.6557291666666667 0.6194444444444445 0.6541666666666667 0.6166666666666667 0.6427083333333333 0.6222222222222222 0.6401041666666667 0.6287037037037037 0.6380208333333334 0.6425925925925926 0.6776041666666667 0.6453703703703704 0.6942708333333333 0.6509259259259259 0.7265625 0.6805555555555556 0.728125 0.700925925925926 0.7375 0.6990740740740741
0 0.7598958333333333 0.46574074074074073 0.7645833333333333 0.4740740740740741 0.7635416666666667 0.487962962962963 0.7677083333333333 0.49444444444444446 0.7682291666666666 0.5185185185185185 0.7744791666666667 0.5462962962962963 0.7755208333333333 0.5722222222222222 0.7885416666666667 0.6111111111111112 0.7984375 0.6101851851851852 0.8052083333333333 0.6027777777777777 0.8072916666666666 0.587037037037037 0.80625 0.5601851851851852 0.8020833333333334 0.5398148148148149 0.7875 0.49537037037037035 0.7776041666666667 0.4425925925925926 0.7713541666666667 0.387037037037037 0.765625 0.36203703703703705 0.7609375 0.32407407407407407 0.7557291666666667 0.31574074074074077 0.7494791666666667 0.32222222222222224 0.7473958333333334 0.3296296296296296 0.7489583333333333 0.3527777777777778 0.7479166666666667 0.3962962962962963 0.7515625 0.40555555555555556 0.7510416666666667 0.4166666666666667 0.7598958333333333 0.46574074074074073
0 0.37604166666666666 0.6537037037037037 0.37447916666666664 0.6444444444444445 0.36770833333333336 0.6481481481481481 0.3640625 0.6620370370370371 0.3541666666666667 0.6805555555555556 0.34427083333333336 0.7148148148148148 0.33229166666666665 0.7453703703703703 0.321875 0.7583333333333333 0.3109375 0.7888888888888889 0.31666666666666665 0.8046296296296296 0.3223958333333333 0.8083333333333333 0.3307291666666667 0.8009259259259259 0.33958333333333335 0.7861111111111111 0.3692708333333333 0.6925925925925925 0.37604166666666666 0.6537037037037037
0 0.403125 0.9055555555555556 0.42604166666666665 0.9138888888888889 0.459375 0.9055555555555556 0.46770833333333334 0.8962962962962963 0.4671875 0.8916666666666667 0.4625 0.8861111111111111 0.44973958333333336 0.8833333333333333 0.4359375 0.8712962962962963 0.3697916666666667 0.8564814814814815 0.35989583333333336 0.85 0.3541666666666667 0.8407407407407408 0.32708333333333334 0.8296296296296296 0.3140625 0.8305555555555556 0.30572916666666666 0.825 0.3067708333333333 0.8324074074074074 0.30416666666666664 0.8546296296296296 0.3 0.8611111111111112 0.31302083333333336 0.8777777777777778 0.3296875 0.8898148148148148 0.403125 0.9055555555555556
0 0.2635416666666667 0.38981481481481484 0.26927083333333335 0.42962962962962964 0.27447916666666666 0.5638888888888889 0.2755208333333333 0.575 0.2791666666666667 0.5814814814814815 0.2833333333333333 0.5814814814814815 0.2869791666666667 0.5740740740740741 0.28802083333333334 0.5472222222222223 0.29270833333333335 0.5222222222222223 0.2921875 0.47962962962962963 0.28854166666666664 0.4388888888888889 0.2947916666666667 0.32407407407407407 0.278125 0.3351851851851852 0.26458333333333334 0.3277777777777778 0.2552083333333333 0.31296296296296294 0.25364583333333335 0.3138888888888889 0.2546875 0.3175925925925926 0.26614583333333336 0.33425925925925926 0.2677083333333333 0.34074074074074073 0.2635416666666667 0.3685185185185185 0.2635416666666667 0.38981481481481484
0 0.5541666666666667 0.6148148148148148 0.5567708333333333 0.6018518518518519 0.5484375 0.587037037037037 0.5291666666666667 0.5833333333333334 0.525 0.5731481481481482 0.5213541666666667 0.5722222222222222 0.5239583333333333 0.5879629629629629 0.5208333333333334 0.5935185185185186 0.4765625 0.5990740740740741 0.45208333333333334 0.6175925925925926 0.4510416666666667 0.6231481481481481 0.45364583333333336 0.625 0.47760416666666666 0.625 0.5 0.6203703703703703 0.540625 0.6240740740740741 0.5541666666666667 0.6148148148148148
0 0.5321197916666667 0.5834185185185186 0.5563802083333333 0.5967351851851852 0.5838515624999999 0.6201972222222222 0.597765625 0.6366842592592593 0.6184583333333333 0.6538055555555555 0.629875 0.652537962962963 0.6398645833333333 0.6817074074074074 0.6487838541666666 0.7064379629629629 0.6437890625 0.6810731481481481 0.6330859375000001 0.6480990740740741 0.6380807291666667 0.631612037037037 0.6337994791666667 0.6208314814814815 0.6188151041666666 0.6094175925925926 0.6081119791666667 0.5961009259259259 0.6049010416666667 0.6024416666666667 0.5938411458333334 0.5922962962962962 0.5781432291666667 0.5796138888888889 0.5649427083333334 0.565662962962963 0.5417526041666666 0.5498101851851851 0.5317630208333334 0.5517120370370371 0.5226963541666667 0.5466944444444444 0.512140625 0.5460055555555556 0.5096432291666667 0.5580537037037037 0.5146380208333333 0.563761111111111 0.5299791666666667 0.5720046296296296 0.5321197916666667 0.5834185185185186
0 0.40845312500000003 0.4164990740740741 0.4112411458333333 0.42393148148148146 0.404271875 0.45035833333333336 0.40845312500000003 0.4586166666666667 0.42936145833333333 0.4164990740740741 0.43911874999999995 0.3727305555555555 0.4544515625 0.31987685185185183 0.4604916666666667 0.3041861111111111 0.46839062499999995 0.31657407407407406 0.469784375 0.27115370370370373 0.47024895833333336 0.25215925925925925 0.4892989583333333 0.2381203703703704 0.50184375 0.23481666666666667 0.49719739583333333 0.23068796296296296 0.4841880208333333 0.2323398148148148 0.4707135416666667 0.243075 0.4600270833333333 0.24059722222222224 0.45538072916666666 0.21582314814814815 0.4498052083333333 0.19104814814814813 0.4530578125 0.243075 0.4433005208333333 0.26041759259259256 0.43911874999999995 0.2835407407407407 0.43447239583333336 0.3157481481481481 0.42053385416666667 0.36942685185185187 0.4117057291666667 0.40246018518518517 0.40845312500000003 0.4164990740740741
0 0.3782526041666667 0.5466157407407408 0.3684953125 0.5953398148148148 0.3828989583333334 0.5499194444444444 0.38754479166666667 0.5466157407407408 0.4014838541666667 0.5259703703703704 0.41681666666666667 0.5243185185185185 0.40845312500000003 0.518537962962963 0.4089182291666667 0.5078018518518519 0.418675 0.48220092592592595 0.4367958333333333 0.4475166666666667 0.4544515625 0.41613518518518516 0.45631041666666666 0.40374722222222226 0.4679260416666667 0.3880564814814815 0.4679260416666667 0.3715398148148148 0.45863333333333334 0.369062962962963 0.44841145833333335 0.3888824074074074 0.44144218749999997 0.3888824074074074 0.4251802083333333 0.4235675925925926 0.4061302083333333 0.45412314814814814 0.3921911458333333 0.46898796296296297 0.38475729166666667 0.492937037037037 0.3782526041666667 0.5069759259259259 0.3703536458333333 0.5234925925925925 0.3499098958333333 0.5325768518518519 0.37314166666666665 0.5325768518518519 0.3782526041666667 0.5466157407407408
0 0.7310364583333333 0.442037037037037 0.7429916666666667 0.4641361111111111 0.7525562499999999 0.4845361111111111 0.7554255208333333 0.46753611111111115 0.7434703125 0.42588703703703706 0.7276890625 0.395287962962963 0.7071255208333334 0.3697888888888889 0.6970833333333334 0.3485388888888889 0.6851276041666666 0.3459898148148148 0.6784328125 0.3204898148148148 0.6798671875 0.3468398148148148 0.6722833333333333 0.3469435185185185 0.6769979166666666 0.3663888888888889 0.6846494791666667 0.38593796296296295 0.6956484374999999 0.39188796296296297 0.7147770833333333 0.41058796296296296 0.7310364583333333 0.442037037037037
0 0.6875187500000001 0.41653796296296297 0.7052130208333334 0.43523703703703703 0.719559375 0.43268703703703704 0.7272109375 0.43608703703703705 0.7037781249999999 0.40973796296296294 0.6822583333333333 0.3791388888888889 0.6693463541666667 0.3553388888888889 0.6626515625 0.3247398148148148 0.6549999999999999 0.3009407407407408 0.6478265625 0.28734074074074073 0.654521875 0.2805407407407407 0.6420880208333333 0.28309074074074075 0.6430447916666666 0.26864166666666667 0.6377843750000001 0.28479074074074073 0.6306109375 0.29329074074074074 0.6306109375 0.3060407407407407 0.6344369791666666 0.3306898148148148 0.6411317708333333 0.3468398148148148 0.6449572916666667 0.36383888888888893 0.6473484375 0.3561888888888889 0.6631296875 0.38593796296296295 0.6875187500000001 0.41653796296296297
