0 0.55625 0.325 0.5567708333333333 0.35 0.5588541666666667 0.35648148148148145 0.5583333333333333 0.4166666666666667 0.5557291666666667 0.43148148148148147 0.5557291666666667 0.4962962962962963 0.5536458333333333 0.5092592592592593 0.55625 0.5175925925925926 0.5614583333333333 0.5203703703703704 0.5682291666666667 0.5120370370370371 0.56875 0.49166666666666664 0.571875 0.4740740740740741 0.5734375 0.4083333333333333 0.5838541666666667 0.3333333333333333 0.5796875 0.30277777777777776 0.5760416666666667 0.29259259259259257 0.571875 0.29074074074074074 0.5609375 0.29444444444444445
0 0.42604166666666665 0.5009259259259259 0.4239583333333333 0.5166666666666667 0.428125 0.525 0.4322916666666667 0.5259259259259259 0.44427083333333334 0.5166666666666667 0.45208333333333334 0.5009259259259259 0.46041666666666664 0.47314814814814815 0.49322916666666666 0.40370370370370373 0.49322916666666666 0.3962962962962963 0.4864583333333333 0.3962962962962963 0.46927083333333336 0.4203703703703704 0.44583333333333336 0.4675925925925926 0.43072916666666666 0.4888888888888889
0 0.5979166666666667 0.4462962962962963 0.5994791666666667 0.45740740740740743 0.6041666666666666 0.4546296296296296 0.6442708333333333 0.37222222222222223 0.6567708333333333 0.35648148148148145 0.6625 0.33425925925925926 0.6635416666666667 0.32314814814814813 0.6614583333333334 0.3148148148148148 0.6541666666666667 0.30833333333333335 0.6416666666666667 0.33055555555555555 0.6364583333333333 0.3527777777777778 0.6151041666666667 0.4
0 0.578125 0.6194444444444445 0.5776041666666667 0.6268518518518519 0.5828125 0.6361111111111111 0.5901041666666667 0.6342592592592593 0.6 0.6222222222222222 0.6317708333333333 0.5638888888888889 0.6463541666666667 0.5203703703703704 0.6463541666666667 0.5101851851851852 0.640625 0.5092592592592593 0.6052083333333333 0.5814814814814815 0.5901041666666667 0.5925925925925926 0.5807291666666666 0.6092592592592593
0 0.6197916666666666 0.1925925925925926 0.6208333333333333 0.20462962962962963 0.6291666666666667 0.2111111111111111 0.6380208333333334 0.20925925925925926 0.6557291666666667 0.21296296296296297 0.6744791666666666 0.20555555555555555 0.7005208333333334 0.18611111111111112 0.7255208333333333 0.1787037037037037 0.7322916666666667 0.17314814814814813 0.7484375 0.15185185185185185 0.7479166666666667 0.1388888888888889 0.74375 0.12314814814814815 0.7255208333333333 0.1259259259259259 0.7109375 0.13425925925925927 0.6942708333333333 0.16111111111111112 0.6796875 0.17222222222222222 0.6390625 0.18796296296296297 0.6244791666666667 0.18703703703703703
0 0.5510416666666667 0.26851851851851855 0.5510416666666667 0.27685185185185185 0.55625 0.28055555555555556 0.5635416666666667 0.27685185185185185 0.5880208333333333 0.275 0.6041666666666666 0.26481481481481484 0.6296875 0.25925925925925924 0.6390625 0.2490740740740741 0.6395833333333333 0.23796296296296296 0.6380208333333334 0.23055555555555557 0.6328125 0.22777777777777777 0.6151041666666667 0.22962962962962963 0.5958333333333333 0.25092592592592594
0 0.35 0.3296296296296296 0.3489583333333333 0.33796296296296297 0.353125 0.35555555555555557 0.378125 0.35555555555555557 0.390625 0.34629629629629627 0.4484375 0.3175925925925926 0.4708333333333333 0.29814814814814816 0.4744791666666667 0.29074074074074074 0.4744791666666667 0.2833333333333333 0.4713541666666667 0.27870370370370373 0.465625 0.27870370370370373 0.45625 0.2861111111111111 0.43854166666666666 0.287962962962963 0.421875 0.30185185185185187 0.4015625 0.3101851851851852 0.36822916666666666 0.31203703703703706 0.3541666666666667 0.3212962962962963
0 0.35572916666666665 0.3685185185185185 0.3572916666666667 0.375 0.37395833333333334 0.37962962962962965 0.4322916666666667 0.37962962962962965 0.4432291666666667 0.37222222222222223 0.4473958333333333 0.3648148148148148 0.4484375 0.35648148148148145 0.44479166666666664 0.3453703703703704 0.43333333333333335 0.3435185185185185 0.4125 0.35648148148148145 0.35989583333333336 0.362962962962963
0 0.21666666666666667 0.26944444444444443 0.21666666666666667 0.3055555555555556 0.225 0.3333333333333333 0.23177083333333334 0.40925925925925927 0.2390625 0.44351851851851853 0.2453125 0.44814814814814813 0.24739583333333334 0.4462962962962963 0.24791666666666667 0.4398148148148148 0.23958333333333334 0.3527777777777778 0.24010416666666667 0.2833333333333333 0.23385416666666667 0.25555555555555554 0.21979166666666666 0.25462962962962965
0 0.215625 0.5879629629629629 0.21666666666666667 0.612037037037037 0.22447916666666667 0.6175925925925926 0.23385416666666667 0.6064814814814815 0.24010416666666667 0.587037037037037 0.24375 0.4638888888888889 0.24010416666666667 0.462037037037037 0.2375 0.4675925925925926 0.22708333333333333 0.5518518518518518
0 0.278125 0.8592592592592593 0.2791666666666667 0.8796296296296297 0.2947916666666667 0.8805555555555555 0.3171875 0.8694444444444445 0.3572916666666667 0.8648148148148148 0.36875 0.8601851851851852 0.3723958333333333 0.8527777777777777 0.36875 0.8472222222222222 0.33177083333333335 0.8462962962962963 0.2994791666666667 0.8407407407407408 0.2875 0.8472222222222222
0 0.4015625 0.8703703703703703 0.4010416666666667 0.8851851851851852 0.4041666666666667 0.8935185185185185 0.4203125 0.8953703703703704 0.49114583333333334 0.8574074074074074 0.4942708333333333 0.8453703703703703 0.4869791666666667 0.8416666666666667 0.471875 0.8453703703703703 0.4625 0.8518518518518519 0.4125 0.8574074074074074
0 0.48683125 0.8705564814814815 0.5142583333333334 0.876650925925926 0.5393994791666666 0.8868092592592592 0.5559703125 0.9061101851851853 0.5742546875 0.9111888888888888 0.5868255208333333 0.9040787037037037 0.5851114583333333 0.883762037037037 0.5685411458333333 0.8603981481481482 0.5479708333333334 0.8543037037037037 0.5285432291666666 0.8522712962962963 0.5005447916666667 0.8543037037037037 0.4856880208333333 0.8603981481481482
0 0.57996875 0.8278916666666667 0.5753979166666666 0.8410981481481481 0.5845401041666667 0.8644611111111111 0.6039677083333334 0.8644611111111111 0.6233953125 0.8736037037037037 0.6479651041666667 0.876650925925926 0.669678125 0.8776675925925925 0.6731067708333334 0.8675092592592593 0.6565364583333333 0.8583666666666666 0.6296807291666667 0.8593824074074075 0.6153953125 0.853287962962963 0.5982536458333333 0.8319555555555554 0.5896828125 0.8238287037037038
0 0.5691124999999999 0.8664935185185185 0.5879682291666666 0.8634453703703703 0.610253125 0.8654777777777778 0.6291088541666666 0.8786833333333333 0.6525364583333333 0.8776675925925925 0.6616786458333334 0.8796990740740741 0.6668213541666667 0.8888416666666666 0.6651072916666667 0.907125925925926 0.6502510416666667 0.9152527777777777 0.6336802083333333 0.9000148148148148 0.6188239583333334 0.8847777777777778 0.5988249999999999 0.8847777777777778 0.5828260416666667 0.8807148148148148
0 0.7993276041666667 0.629325925925926 0.7936546875 0.6484888888888889 0.7925203125 0.6827787037037036 0.8072697916666667 0.6817703703703704 0.816346875 0.6555481481481481 0.8140776041666666 0.6172240740740741 0.8191833333333334 0.5799083333333334 0.816346875 0.5446092592592593 0.8157796875 0.5093101851851851 0.8084046874999999 0.5052768518518518 0.8078369791666666 0.53755 0.8032989583333333 0.5577203703703704 0.80273125 0.5809166666666666 0.8021640624999999 0.604112962962963
0 0.7925203125 0.33987685185185185 0.7976260416666666 0.3459277777777778 0.801596875 0.3741666666666667 0.8055682291666667 0.4044231481481481 0.8112411458333334 0.44173888888888885 0.816346875 0.46291759259259263 0.823721875 0.47804629629629625 0.823721875 0.502250925925926 0.8157796875 0.5153620370370371 0.80273125 0.5042675925925926 0.7964911458333332 0.4750203703703704 0.7998947916666667 0.45686666666666664 0.7970583333333334 0.4296361111111111 0.7925203125 0.397362962962963 0.794221875 0.3741666666666667 0.7902510416666666 0.356012962962963
0 0.504190625 0.17579074074074075 0.4851744791666667 0.1941425925925926 0.49169427083333334 0.21925555555555554 0.5069067708333334 0.2095962962962963 0.5264661458333334 0.18738148148148148 0.5433088541666666 0.1642 0.5596078124999999 0.1342574074074074 0.5726473958333334 0.11590555555555555 0.5726473958333334 0.09562222222222223 0.5590645833333333 0.10045185185185185 0.5509151041666667 0.12942777777777778 0.5275526041666666 0.16033611111111112 0.5139697916666667 0.174825
0 0.457465625 0.2376074074074074 0.48952083333333335 0.21925555555555554 0.5128833333333334 0.1989712962962963 0.5280958333333333 0.1796537037037037 0.5438520833333332 0.16999537037037038 0.5601510416666666 0.16806388888888887 0.5644979166666667 0.18448333333333333 0.5563479166666667 0.20186944444444446 0.5357020833333334 0.2095962962962963 0.5150567708333333 0.22505092592592593 0.4971276041666667 0.24340185185185187 0.46941875 0.24050462962962962 0.4612692708333333 0.2549925925925926 0.4547494791666667 0.24243611111111113
0 0.3411958333333333 0.2818166666666667 0.3359260416666666 0.2974305555555556 0.33548697916666664 0.32006944444444446 0.3394390625 0.3349018518518519 0.3469041666666667 0.3349018518518519 0.3539302083333334 0.32163055555555553 0.35524739583333337 0.30523703703703703 0.35480833333333334 0.2818166666666667 0.35524739583333337 0.2505907407407407 0.3613953125 0.2193648148148148 0.3653473958333333 0.19672499999999998 0.3622734375 0.19126111111111113 0.36798177083333333 0.17174444444444445 0.3627125 0.16315740740740742 0.3539302083333334 0.16862222222222223 0.3539302083333334 0.18267407407407407 0.3504171875 0.2084351851851852 0.3455869791666667 0.24122314814814816 0.34646510416666665 0.2662037037037037
0 0.32494843749999996 0.2677648148148148 0.3328526041666667 0.2841592592592593 0.3359260416666666 0.3239722222222222 0.3359260416666666 0.3700314814814815 0.3310958333333333 0.4246768518518519 0.3205572916666667 0.4543416666666667 0.3275828125 0.41530925925925927 0.3280223958333333 0.3879861111111111 0.32363072916666663 0.3630055555555555 0.32494843749999996 0.3317787037037037 0.3161661458333333 0.3114824074074074 0.31572656250000003 0.28572037037037035 0.3205572916666667 0.26932685185185185
0 0.31188697916666663 0.3462731481481482 0.3082651041666667 0.36845185185185186 0.3110822916666667 0.39134537037037037 0.31711875 0.4142398148148148 0.31188697916666663 0.4378490740740741 0.3002166666666667 0.46575092592592593 0.28613125 0.48292222222222225 0.282509375 0.492937962962963 0.2929723958333333 0.4907916666666666 0.31228958333333334 0.4650361111111111 0.3223505208333333 0.4414268518518518 0.327984375 0.40422314814814814 0.32677708333333333 0.377037037037037 0.3235578125 0.35485833333333333 0.32033802083333335 0.3462731481481482
