0 0.42083333333333334 0.4027777777777778 0.46927083333333336 0.375 0.4822916666666667 0.36018518518518516 0.49583333333333335 0.3527777777777778 0.49947916666666664 0.3416666666666667 0.4953125 0.337037037037037 0.4666666666666667 0.3416666666666667 0.42291666666666666 0.37222222222222223 0.4125 0.3768518518518518 0.4 0.37592592592592594 0.38645833333333335 0.38981481481481484 0.378125 0.4046296296296296 0.3723958333333333 0.4083333333333333 0.3802083333333333 0.43425925925925923 0.3953125 0.4305555555555556 0.40625 0.4222222222222222 0.42083333333333334 0.4027777777777778
0 0.49635416666666665 0.43333333333333335 0.5010416666666667 0.4305555555555556 0.5109375 0.4101851851851852 0.5192708333333333 0.38055555555555554 0.5083333333333333 0.36666666666666664 0.5057291666666667 0.3509259259259259 0.5026041666666666 0.3675925925925926 0.4973958333333333 0.37222222222222223 0.4822916666666667 0.4 0.4817708333333333 0.4111111111111111 0.4765625 0.42777777777777776 0.4510416666666667 0.48333333333333334 0.4354166666666667 0.5425925925925926 0.4354166666666667 0.5527777777777778 0.4390625 0.5546296296296296 0.4505208333333333 0.5314814814814814 0.45625 0.5259259259259259 0.48802083333333335 0.44722222222222224 0.49635416666666665 0.43333333333333335
0 0.3229166666666667 0.6361111111111111 0.33125 0.6268518518518519 0.3328125 0.6212962962962963 0.31875 0.6157407407407407 0.3072916666666667 0.5972222222222222 0.3020833333333333 0.5768518518518518 0.3020833333333333 0.5675925925925925 0.28854166666666664 0.5305555555555556 0.27447916666666666 0.5324074074074074 0.2713541666666667 0.537962962962963 0.27708333333333335 0.5888888888888889 0.2916666666666667 0.6157407407407407 0.303125 0.6305555555555555 0.3140625 0.6370370370370371 0.3229166666666667 0.6361111111111111
0 0.459375 0.6148148148148148 0.4661458333333333 0.6194444444444445 0.47291666666666665 0.6194444444444445 0.47708333333333336 0.6148148148148148 0.4765625 0.6074074074074074 0.4734375 0.6027777777777777 0.46041666666666664 0.5953703703703703 0.4510416666666667 0.5851851851851851 0.4197916666666667 0.5703703703703704 0.39114583333333336 0.55 0.3802083333333333 0.5388888888888889 0.3770833333333333 0.5305555555555556 0.34479166666666666 0.5231481481481481 0.33958333333333335 0.5398148148148149 0.3390625 0.5481481481481482 0.34322916666666664 0.5592592592592592 0.3609375 0.575925925925926 0.390625 0.5814814814814815 0.44375 0.6148148148148148 0.459375 0.6148148148148148
0 0.6385416666666667 0.4166666666666667 0.640625 0.41203703703703703 0.6395833333333333 0.4046296296296296 0.6317708333333333 0.39537037037037037 0.6234375 0.37407407407407406 0.5963541666666666 0.3277777777777778 0.5760416666666667 0.2712962962962963 0.5640625 0.25555555555555554 0.55625 0.2537037037037037 0.5520833333333334 0.25833333333333336 0.5473958333333333 0.26851851851851855 0.5598958333333334 0.3037037037037037 0.5854166666666667 0.3425925925925926 0.6114583333333333 0.39537037037037037 0.6317708333333333 0.41574074074074074 0.6385416666666667 0.4166666666666667
0 0.6479166666666667 0.4675925925925926 0.659375 0.4074074074074074 0.6765625 0.37222222222222223 0.6833333333333333 0.3490740740740741 0.6864583333333333 0.32222222222222224 0.68125 0.31296296296296294 0.6713541666666667 0.31203703703703706 0.6552083333333333 0.3425925925925926 0.6401041666666667 0.4148148148148148 0.6260416666666667 0.5055555555555555 0.6260416666666667 0.5611111111111111 0.6307291666666667 0.5657407407407408 0.6348958333333333 0.5601851851851852 0.6364583333333333 0.5324074074074074 0.6421875 0.5148148148148148 0.6479166666666667 0.4675925925925926
0 0.7614583333333333 0.3212962962962963 0.7416666666666667 0.3314814814814815 0.7208333333333333 0.36666666666666664 0.7098958333333333 0.37962962962962965 0.6776041666666667 0.4074074074074074 0.6671875 0.42685185185185187 0.65625 0.4398148148148148 0.6546875 0.44537037037037036 0.6770833333333334 0.4388888888888889 0.7552083333333334 0.3675925925925926 0.7692708333333333 0.34444444444444444 0.7671875 0.33055555555555555 0.7614583333333333 0.3212962962962963
0 0.7755208333333333 0.7675925925925926 0.7979166666666667 0.7287037037037037 0.8244791666666667 0.6898148148148148 0.8364583333333333 0.6768518518518518 0.8385416666666666 0.6648148148148149 0.8328125 0.6611111111111111 0.8140625 0.6731481481481482 0.7848958333333333 0.7046296296296296 0.7515625 0.7555555555555555 0.7375 0.8 0.7364583333333333 0.8138888888888889 0.740625 0.8212962962962963 0.7484375 0.825 0.7546875 0.8203703703703704 0.765625 0.8018518518518518 0.7755208333333333 0.7675925925925926
0 0.3958333333333333 0.8768518518518519 0.4276041666666667 0.8740740740740741 0.43385416666666665 0.8666666666666667 0.4296875 0.8592592592592593 0.415625 0.8583333333333333 0.4010416666666667 0.85 0.3859375 0.850925925925926 0.3703125 0.8453703703703703 0.353125 0.8314814814814815 0.3484375 0.825 0.34375 0.8101851851851852 0.3302083333333333 0.8027777777777778 0.31927083333333334 0.8009259259259259 0.31302083333333336 0.8046296296296296 0.31145833333333334 0.8092592592592592 0.3109375 0.8240740740740741 0.31302083333333336 0.8305555555555556 0.325 0.8462962962962963 0.33645833333333336 0.8546296296296296 0.3765625 0.8722222222222222 0.3958333333333333 0.8768518518518519
0 0.31302083333333336 0.887962962962963 0.33177083333333335 0.9037037037037037 0.3390625 0.9046296296296297 0.340625 0.9 0.3390625 0.8925925925925926 0.33125 0.8833333333333333 0.31145833333333334 0.8407407407407408 0.3 0.8240740740740741 0.2942708333333333 0.8083333333333333 0.2921875 0.7981481481481482 0.29322916666666665 0.7916666666666666 0.2864583333333333 0.7824074074074074 0.2791666666666667 0.7638888888888888 0.275 0.7611111111111111 0.2671875 0.7638888888888888 0.265625 0.7675925925925926 0.2640625 0.7814814814814814 0.26666666666666666 0.7972222222222223 0.271875 0.8138888888888889 0.2796875 0.825925925925926 0.2869791666666667 0.8453703703703703 0.31302083333333336 0.887962962962963
0 0.2921875 0.42777777777777776 0.2942708333333333 0.4009259259259259 0.29635416666666664 0.39537037037037037 0.296875 0.35833333333333334 0.29010416666666666 0.30462962962962964 0.2890625 0.24074074074074073 0.2864583333333333 0.21666666666666667 0.2828125 0.2074074074074074 0.2755208333333333 0.20555555555555555 0.271875 0.21203703703703702 0.26614583333333336 0.25092592592592594 0.265625 0.26851851851851855 0.28177083333333336 0.3990740740740741 0.28229166666666666 0.42685185185185187 0.284375 0.4351851851851852 0.28802083333333334 0.4361111111111111 0.2921875 0.42777777777777776
0 0.7828125 0.8851851851851852 0.8020833333333334 0.8722222222222222 0.8067708333333333 0.8638888888888889 0.8088541666666667 0.8472222222222222 0.8041666666666667 0.8314814814814815 0.7911458333333333 0.8296296296296296 0.771875 0.8398148148148148 0.7697916666666667 0.8490740740740741 0.7369791666666666 0.8712962962962963 0.7270833333333333 0.8712962962962963 0.7125 0.8648148148148148 0.6697916666666667 0.8629629629629629 0.6723958333333333 0.8740740740740741 0.7 0.875 0.7192708333333333 0.887962962962963 0.7494791666666667 0.8925925925925926 0.7666666666666667 0.8861111111111111 0.7828125 0.8851851851851852
0 0.2967796875 0.1527648148148148 0.304340625 0.14946944444444443 0.31532604166666667 0.16112962962962965 0.31575416666666667 0.1547925925925926 0.31061822916666665 0.14744166666666667 0.31133125 0.14059814814814814 0.3186072916666667 0.12995277777777778 0.3247421875 0.12336296296296297 0.3301630208333333 0.12057407407407407 0.3374390625 0.12285555555555555 0.34043541666666666 0.12285555555555555 0.3374390625 0.11525185185185184 0.34100572916666666 0.11195648148148148 0.34785364583333334 0.11043611111111111 0.35926718750000003 0.11677222222222222 0.3705375 0.12564351851851852 0.38180833333333336 0.1367962962962963 0.3866588541666667 0.14110555555555557 0.39364947916666665 0.15580648148148146 0.39878541666666667 0.16847962962962962 0.40149583333333333 0.1705074074074074 0.40292239583333334 0.16112962962962965 0.40035468750000003 0.14009166666666667 0.391509375 0.12538981481481482 0.3933640625 0.11626574074074074 0.38252135416666666 0.102325 0.37453229166666663 0.09674814814814815 0.36311875 0.09066481481481482 0.3501364583333333 0.08787685185185184 0.336440625 0.09015833333333333 0.31932083333333333 0.09649537037037037 0.31033281250000005 0.1008037037037037 0.3061953125 0.08356851851851853 0.29506770833333335 0.10207129629629628 0.29321302083333334 0.10815462962962963 0.2885052083333333 0.10511296296296296 0.2833692708333333 0.10638055555555556 0.27837552083333333 0.11451296296296297 0.273525 0.12462962962962962 0.269815625 0.13907777777777777 0.2716703125 0.1525111111111111 0.2789463541666667 0.16011574074074075 0.2892182291666667 0.15960833333333335 0.2967796875 0.1527648148148148
0 0.24431458333333333 0.2668009259259259 0.240890625 0.2858111111111111 0.2313317708333333 0.3111638888888889 0.226909375 0.32561203703703706 0.2297625 0.3423407407407407 0.22847864583333333 0.35830925925925927 0.22919166666666665 0.3717435185185185 0.23104635416666666 0.3902462962962963 0.2344703125 0.4056240740740741 0.22990520833333333 0.4147490740740741 0.22548281250000002 0.42032592592592594 0.22205885416666668 0.4147490740740741 0.22419843750000001 0.42133981481481486 0.22648125 0.42666203703703703 0.23033333333333333 0.42387407407407407 0.23347187500000002 0.42032592592592594 0.23917864583333334 0.4147490740740741 0.24731041666666667 0.41855092592592597 0.2541583333333333 0.41627037037037035 0.2788395833333333 0.4560648148148148 0.2555848958333333 0.40938425925925925 0.2594369791666667 0.40152685185185183 0.26443020833333336 0.38277037037037037 0.26599947916666666 0.3647740740740741 0.26528645833333336 0.3526444444444444 0.2692807291666667 0.34757499999999997 0.2719916666666667 0.33718333333333333 0.27256197916666663 0.32729814814814817 0.26443020833333336 0.33718333333333333 0.2630036458333333 0.3062601851851852 0.2624328125 0.2880101851851852 0.26414479166666666 0.2654518518518518 0.26799687499999997 0.23807685185185185 0.27170625000000004 0.21289351851851854 0.281978125 0.17842222222222223 0.2841182291666666 0.15789166666666665 0.2779833333333333 0.14242962962962963 0.2699942708333333 0.13279814814814814 0.26443020833333336 0.14192314814814813 0.2594723958333333 0.16492129629629632 0.258153125 0.17428518518518518 0.25144791666666666 0.2014064814814815 0.24916510416666665 0.22168333333333334 0.24716770833333335 0.24322870370370372 0.24431458333333333 0.2668009259259259
0 0.4430473958333333 0.1725685185185185 0.4497526041666667 0.16166944444444445 0.45802708333333336 0.15634722222222222 0.4734348958333333 0.1479824074074074 0.4839921875 0.15077037037037036 0.4946921875 0.1477287037037037 0.5101 0.13353518518518517 0.5237958333333333 0.11477777777777777 0.5226546875 0.11072314814814815 0.5280755208333333 0.10362592592592593 0.5363505208333332 0.096275 0.5384901041666666 0.08588333333333334 0.5386328125 0.078025 0.5357796874999999 0.07346296296296297 0.5293598958333333 0.07549074074074075 0.5225119791666667 0.08660740740740741 0.5158067708333334 0.0876212962962963 0.5085307291666666 0.09345092592592594 0.49683229166666665 0.10612407407407408 0.4720083333333333 0.11930462962962962 0.46102291666666667 0.12817592592592594 0.4534619791666667 0.1304574074074074 0.4466140625 0.1312175925925926 0.4347723958333333 0.13324537037037038 0.42378750000000004 0.1383148148148148 0.4129447916666667 0.15276203703703703 0.409628125 0.1703111111111111 0.410234375 0.16876666666666668 0.4153703125 0.17890555555555554 0.4223609375 0.1834675925925926 0.43605677083333333 0.18042685185185184 0.4430473958333333 0.1725685185185185
0 0.31315052083333333 0.3268185185185185 0.3172875 0.32377685185185184 0.32584739583333333 0.30578055555555556 0.33126874999999995 0.3024861111111111 0.3405421875 0.28195462962962964 0.34781822916666666 0.2677611111111111 0.3535244791666667 0.25736851851851855 0.3626552083333333 0.24849722222222223 0.37207135416666665 0.2393722222222222 0.3786338541666667 0.23672314814814815 0.38305625 0.2321601851851852 0.3861953125 0.22937222222222223 0.3919015625 0.22785092592592593 0.40188802083333336 0.21821944444444444 0.40916406250000004 0.2052925925925926 0.4128734375 0.19261944444444445 0.4143 0.1951537037037037 0.4161546875 0.19895648148148148 0.41829479166666667 0.2126435185185185 0.41843749999999996 0.2212611111111111 0.4194359375 0.21061574074074074 0.41800937499999996 0.20022314814814815 0.41501354166666665 0.18907037037037036 0.41401458333333335 0.17715740740740743 0.41101875 0.17031388888888888 0.4090213541666667 0.16803333333333334 0.40959218750000004 0.15612037037037038 0.40859375 0.1452212962962963 0.40188802083333336 0.1358425925925926 0.4075947916666667 0.1538388888888889 0.408165625 0.1687935185185185 0.4021734375 0.17132777777777777 0.3930432291666667 0.17360925925925924 0.3814869791666667 0.18932407407407406 0.37520989583333336 0.20149074074074075 0.3722140625 0.2111222222222222 0.3599447916666667 0.22506296296296296 0.34967291666666667 0.23900370370370372 0.3412557291666667 0.25015648148148145 0.3296994791666667 0.26698796296296295 0.32142499999999996 0.27864814814814814 0.31974895833333333 0.2879305555555555 0.3194276041666667 0.29361481481481483 0.31471979166666664 0.3004583333333333 0.30801458333333337 0.3133851851851852 0.3087276041666666 0.32251018518518515 0.31315052083333333 0.3268185185185185
0 0.245934375 0.6413231481481482 0.24848802083333332 0.6630351851851851 0.24887083333333332 0.6852648148148148 0.25001979166666666 0.7061333333333334 0.2542333333333333 0.7179287037037038 0.2581911458333333 0.7288175925925926 0.26368125 0.7317657407407407 0.2703203125 0.7254148148148148 0.27108645833333334 0.7179287037037038 0.26968177083333333 0.7031851851851852 0.2703203125 0.6888944444444444 0.26904374999999997 0.6784601851851851 0.26546875 0.6681805555555556 0.2625322916666667 0.6509407407407407 0.26010625 0.6082962962962963 0.2570421875 0.5842509259259259 0.25295677083333334 0.5679194444444444 0.24759427083333332 0.5524944444444444 0.24440208333333333 0.5409259259259259 0.24159322916666665 0.5431555555555555 0.24031666666666668 0.5529092592592593 0.24210416666666665 0.5674268518518518 0.24322135416666668 0.5771490740740741 0.24197656250000002 0.5769018518518518 0.24172135416666668 0.587562962962963 0.24299791666666665 0.605937037037037 0.2446578125 0.6236296296296296 0.245934375 0.6413231481481482
0 0.2570421875 0.7578759259259259 0.26176614583333335 0.7587833333333334 0.2730015625 0.7553805555555556 0.277853125 0.748575 0.2825770833333333 0.7465342592592592 0.29062083333333333 0.7431314814814814 0.3021114583333333 0.7374601851851852 0.31487916666666665 0.7351925925925926 0.3264973958333333 0.7354194444444445 0.3372223958333333 0.7313361111111111 0.3430953125 0.7281601851851852 0.34896822916666664 0.7213555555555555 0.3478192708333333 0.7127351851851852 0.34130781250000003 0.7138694444444444 0.3336473958333333 0.7118277777777777 0.32751875 0.7156842592592593 0.3165390625 0.7172722222222222 0.30555885416666667 0.7202212962962964 0.2973875 0.7220361111111111 0.28474791666666666 0.72385 0.27849166666666664 0.7249685185185185 0.27083124999999997 0.7249842592592592 0.2648302083333333 0.7290675925925926 0.2579359375 0.7349657407407407 0.25372239583333334 0.7431314814814814 0.2541057291666667 0.7510703703703703 0.2570421875 0.7578759259259259
0 0.27274635416666665 0.7152037037037037 0.2736401041666667 0.7176990740740741 0.28155572916666666 0.7072638888888889 0.288578125 0.704088888888889 0.2966213541666667 0.7145231481481481 0.30785677083333335 0.7222351851851851 0.317815625 0.7192861111111111 0.3303276041666667 0.7142962962962963 0.33747760416666667 0.7186064814814815 0.3457765625 0.7283601851851852 0.35879947916666666 0.7392481481481482 0.3803765625 0.7508166666666666 0.3903348958333333 0.7539925925925927 0.40642239583333334 0.7632925925925926 0.4391072916666667 0.7655611111111111 0.44561875 0.759662962962963 0.4408942708333334 0.750362962962963 0.43285104166666666 0.7444657407407408 0.41918958333333334 0.7415166666666666 0.3935588541666667 0.7251842592592592 0.37019427083333334 0.7097592592592592 0.34836197916666667 0.6909324074074074 0.337509375 0.6820851851851852 0.32218854166666666 0.6718777777777778 0.31695364583333335 0.6705166666666666 0.30788906250000003 0.6677944444444444 0.30137760416666665 0.6680212962962963 0.2910359375 0.6693824074074074 0.2851625 0.6541851851851852 0.2771192708333333 0.6378527777777777 0.28286458333333336 0.656225925925926 0.2882270833333333 0.6710611111111111 0.28704583333333333 0.6802712962962962 0.28513072916666665 0.6859416666666667 0.284109375 0.6961490740740741 0.278746875 0.7049962962962962 0.27274635416666665 0.7152037037037037
0 0.3010260416666667 0.791975 0.30855937499999997 0.7924287037037037 0.3149427083333334 0.7897064814814815 0.32426302083333336 0.7885722222222222 0.330646875 0.7910675925925925 0.34200989583333335 0.7926555555555556 0.35171354166666663 0.7969657407407407 0.35924635416666667 0.8030898148148148 0.3676729166666667 0.8049046296296296 0.3818447916666667 0.8074 0.39129270833333335 0.8064925925925925 0.3975807291666667 0.8064925925925925 0.4023046875 0.8015018518518519 0.41813645833333335 0.8053583333333334 0.423115625 0.7992333333333334 0.4205625 0.7897064814814815 0.41507239583333333 0.7856240740740741 0.40434739583333335 0.7824481481481481 0.3887713541666667 0.7806333333333333 0.3747265625 0.7794990740740741 0.36847083333333336 0.7763231481481482 0.3578734375 0.7756425925925926 0.3462552083333333 0.7729212962962962 0.3383395833333333 0.76725 0.3277421875 0.7602185185185185 0.31548541666666663 0.7511444444444444 0.30859114583333336 0.7461546296296296 0.30016458333333335 0.7457009259259259 0.2941317708333333 0.742275 0.2853223958333333 0.7497833333333332 0.28085364583333333 0.7613518518518518 0.28200260416666667 0.7701990740740742 0.2885140625 0.7844898148148148 0.29540833333333333 0.787437962962963 0.3010260416666667 0.791975
0 0.4680255208333334 0.7715601851851852 0.4843677083333333 0.7647546296296296 0.49381614583333333 0.7570425925925925 0.5068385416666666 0.7407101851851852 0.5128077552083333 0.7291747462962963 0.512584375 0.7150777777777778 0.5058171875 0.7268731481481482 0.4998166666666667 0.7373074074074074 0.4899854166666667 0.7477416666666667 0.48117604166666667 0.7561351851851852 0.46879166666666666 0.7597648148148148 0.4490020833333333 0.7597648148148148 0.4340640625 0.764300925925926 0.4280630208333333 0.7622592592592593 0.4136359375 0.7604453703703703 0.40610312499999995 0.7568157407407408 0.397165625 0.7495564814814815 0.3905265625 0.7493296296296296 0.3841427083333333 0.7457009259259259 0.37728020833333337 0.7511444444444444 0.3751098958333333 0.7577231481481481 0.37434375000000003 0.7758694444444444 0.3823875 0.781087037037037 0.39949583333333333 0.7844898148148148 0.41494427083333335 0.7835824074074074 0.42745677083333333 0.7797259259259259 0.4466078125 0.7770037037037036 0.4680255208333334 0.7715601851851852
0 0.48676197916666664 0.8448814814814815 0.48216562500000004 0.8562231481481481 0.486634375 0.8494175925925925 0.49174114583333334 0.8392101851851852 0.49646510416666667 0.8314981481481482 0.5004229166666667 0.827187962962963 0.5019552083333333 0.8283222222222222 0.505275 0.8337666666666667 0.5134458333333334 0.845562037037037 0.519446875 0.8507787037037037 0.5292776041666667 0.8546351851851851 0.5430666666666667 0.8623472222222223 0.5647713541666667 0.8809481481481481 0.586859375 0.893650925925926 0.5945197916666667 0.8970537037037037 0.6069041666666667 0.9000018518518518 0.6186505208333333 0.899775 0.6213317708333334 0.8934240740740741 0.6135432291666666 0.8816287037037037 0.6053723958333334 0.8711944444444444 0.585071875 0.8566768518518518 0.5663036458333334 0.8462425925925926 0.5359807291666667 0.8189083333333333 0.5262770833333333 0.8052981481481482 0.5152973958333333 0.8014425925925925 0.5078921875 0.8025768518518519 0.5044447916666667 0.80235 0.49984843749999996 0.7939564814814815 0.4962734375 0.7891935185185185 0.49027291666666667 0.7760370370370371 0.4919328125 0.7851101851851852 0.4981885416666667 0.796225 0.5036786458333333 0.8069638888888888 0.5028489583333333 0.8090416666666667 0.5013166666666666 0.8190222222222222 0.49825260416666667 0.8244657407407407 0.4919963541666667 0.8335398148148148 0.48676197916666664 0.8448814814814815
0 0.6579744791666666 0.9054657407407407 0.6725291666666667 0.900475 0.6850416666666667 0.909549074074074 0.69768125 0.9086416666666667 0.70840625 0.9066000000000001 0.7080229166666666 0.9174879629629629 0.7027885416666667 0.9320055555555555 0.7026604166666667 0.9358611111111111 0.7039375 0.9385833333333333 0.7045760416666667 0.9322324074074074 0.7068739583333333 0.9249731481481481 0.7085338541666667 0.9195018518518518 0.710959375 0.9147388888888889 0.7099380208333332 0.9056657407407408 0.712746875 0.8961379629629629 0.7121088541666667 0.8857037037037037 0.710065625 0.8788990740740741 0.7029161458333333 0.87595 0.6946171875 0.8739083333333334 0.6883609375 0.8764037037037037 0.6813390625 0.8754962962962962 0.6761041666666666 0.8768574074074074 0.6707416666666667 0.8750425925925926 0.6634645833333334 0.877311111111111 0.6519734375 0.8829814814814815 0.6371630208333333 0.8872916666666667 0.6275875000000001 0.8877453703703704 0.6182671875000001 0.8861574074074073 0.6113729166666667 0.8897870370370371 0.5999574114583334 0.8999277138888888 0.59745625 0.9038777777777778 0.5984776041666666 0.9111361111111111 0.6089468750000001 0.9124972222222222 0.613415625 0.9086416666666667 0.6172458333333334 0.9145388888888889 0.6264385416666667 0.9147657407407408 0.6425255208333333 0.9120435185185185 0.6579744791666666 0.9054657407407407
0 0.8233776041666666 0.6017268518518518 0.8238885416666667 0.5840333333333333 0.8270802083333333 0.5758675925925926 0.8307828125000001 0.5638453703703703 0.8326979166666667 0.5406453703703704 0.8370390625 0.49482499999999996 0.8413796875 0.4527990740740741 0.8475083333333333 0.3990046296296296 0.84980625 0.3754138888888889 0.8481463541666667 0.3556796296296296 0.8461036458333333 0.3375324074074074 0.8429119791666667 0.3275518518518518 0.8417630208333333 0.3150759259259259 0.8496786458333333 0.310312037037037 0.8577223958333333 0.30827037037037036 0.8644890625 0.30464074074074077 0.8560625000000001 0.30418796296296297 0.84623125 0.30849722222222226 0.8402307291666666 0.3150759259259259 0.8315489583333334 0.31371481481481484 0.8227390625000001 0.32120000000000004 0.8201859375 0.31371481481481484 0.8102270833333333 0.2781018518518519 0.8182708333333333 0.31212685185185185 0.8198026041666666 0.3221074074074074 0.8089505208333333 0.2985166666666667 0.8163552083333333 0.31779722222222223 0.8208239583333333 0.32437592592592596 0.8203135416666666 0.3327685185185185 0.8183984375000001 0.3420694444444444 0.81699375 0.3774314814814815 0.8177598958333333 0.3933101851851852 0.8190364583333333 0.4284972222222222 0.8195473958333334 0.44505648148148147 0.8182708333333333 0.46342962962962964 0.8157171875 0.47772037037037035 0.8123973958333334 0.4949601851851852 0.8079286458333333 0.513787037037037 0.804609375 0.5499805555555556 0.8060135416666667 0.5762935185185185 0.8111208333333334 0.5799231481481482 0.8104822916666666 0.5928527777777778 0.8095885416666667 0.6078509259259259 0.8115036458333333 0.6228222222222223 0.81699375 0.6255444444444445 0.8215901041666667 0.6144296296296295 0.8233776041666666 0.6017268518518518
0 0.8053369791666667 0.1798611111111111 0.8081572916666667 0.18741759259259258 0.8136692708333333 0.20085555555555556 0.8198229166666666 0.22203611111111113 0.8231557291666667 0.2436731481481481 0.8244375 0.27651203703703703 0.8263604166666667 0.29837685185185187 0.8323854166666667 0.3097638888888889 0.8371286458333334 0.31454722222222226 0.8399489583333334 0.32183518518518517 0.8413588541666667 0.3320842592592593 0.8464869791666667 0.34210555555555555 0.8503328124999999 0.33937222222222224 0.8514864583333334 0.3300342592592593 0.847640625 0.3177351851851852 0.8449484374999999 0.30589259259259255 0.8463588541666667 0.29837685185185187 0.8449484374999999 0.28397962962962964 0.841871875 0.2705416666666667 0.8344364583333334 0.22304629629629627 0.82969375 0.19137407407407409 0.8232197916666667 0.16833796296296297 0.8227072916666667 0.159 0.8225786458333334 0.14875092592592593 0.8209125 0.13759074074074076 0.8168104166666666 0.12825277777777777 0.8125796875 0.11845925925925926 0.808990625 0.11162685185185185 0.8115541666666667 0.10502222222222223 0.815271875 0.09796111111111111 0.8169385416666667 0.09591203703703703 0.8195020833333333 0.08930648148148147 0.8203994791666667 0.0842962962962963 0.8166822916666666 0.09044537037037037 0.8127083333333334 0.09636759259259259 0.8074520833333333 0.11048796296296295 0.8045036458333333 0.11048796296296295 0.7978375 0.11572592592592593 0.7947609375 0.11937037037037036 0.79155625 0.11686481481481481 0.7889927083333333 0.11527037037037037 0.7788651041666667 0.11549814814814814 0.7893770833333333 0.11959814814814815 0.7945046875 0.12301481481481481 0.7950177083333333 0.12756944444444446 0.7949536458333333 0.12725 0.794825 0.14342037037037036 0.7963635416666667 0.15025277777777776 0.799953125 0.1657398148148148 0.8053369791666667 0.1798611111111111
0 0.7442854166666667 0.12132777777777777 0.7547973958333334 0.12588240740740742 0.7617197916666666 0.1277046296296296 0.7715901041666666 0.13294259259259258 0.7758208333333333 0.14250833333333332 0.7822302083333333 0.1516185185185185 0.7860760416666667 0.16163981481481482 0.7881270833333333 0.17325555555555558 0.7932546874999999 0.1876037037037037 0.7976135416666666 0.19329814814814814 0.8029973958333334 0.20901296296296298 0.8083817708333334 0.22017314814814815 0.8115864583333334 0.21630092592592592 0.8108171875 0.20924074074074073 0.8072276041666666 0.19716944444444445 0.8050484375 0.1846435185185185 0.8010744791666667 0.16961111111111113 0.7987671875 0.15708518518518516 0.7955625000000001 0.147975 0.7927421875 0.14045833333333332 0.7833838541666667 0.12791018518518518 0.7768463541666667 0.11675 0.7660781249999999 0.10809537037037037 0.7583864583333334 0.09488611111111112 0.7528744791666667 0.08372592592592593 0.7404395833333334 0.07598240740740742 0.7344145833333333 0.0771212962962963 0.730184375 0.08349814814814814 0.7273317708333333 0.09520462962962963 0.7277484375000001 0.09490833333333334 0.7280046875 0.10333518518518518 0.7340302083333333 0.11517777777777777 0.7389010416666667 0.12314907407407408 0.7442854166666667 0.12132777777777777
0 0.6408661458333333 0.2762527777777778 0.6449682291666666 0.2671425925925926 0.6504807291666667 0.2589435185185185 0.6619536458333334 0.22820185185185185 0.6711838541666667 0.20907129629629628 0.6868229166666667 0.1810314814814815 0.6937453125 0.17260462962962964 0.7118208333333332 0.15788796296296298 0.7239989583333333 0.14855 0.732203125 0.13010185185185183 0.7352796875000001 0.1178037037037037 0.7343822916666666 0.10277129629629629 0.7287421875 0.09821666666666666 0.719896875 0.09434444444444444 0.7119489583333334 0.10550462962962963 0.7018213541666667 0.11666481481481482 0.6934890625 0.13055740740740743 0.6741322916666667 0.15948240740740743 0.6595182291666667 0.18202962962962965 0.644871875 0.2107601851851852 0.6348729166666666 0.23991296296296297 0.6332067708333333 0.2472009259259259 0.6349692708333333 0.25256666666666666 0.6325338541666666 0.2650925925925926 0.6293286458333333 0.27875833333333333 0.6267651041666666 0.2892342592592593 0.6311234375 0.29766203703703703 0.6366359374999999 0.2921953703703704 0.6408661458333333 0.2762527777777778
