0 0.7895833333333333 0.32314814814814813 0.81875 0.2101851851851852 0.8229166666666666 0.17777777777777778 0.8197916666666667 0.13240740740740742 0.8083333333333333 0.12685185185185185 0.7984375 0.12777777777777777 0.7973958333333333 0.13055555555555556 0.7859375 0.1935185185185185 0.7869791666666667 0.21666666666666667 0.784375 0.23703703703703705 0.7765625 0.2740740740740741 0.7614583333333333 0.32592592592592595 0.7552083333333334 0.36666666666666664 0.7567708333333333 0.3925925925925926 0.7536458333333333 0.4222222222222222 0.7557291666666667 0.4305555555555556 0.7598958333333333 0.43148148148148147 0.7802083333333333 0.3712962962962963 0.7895833333333333 0.32314814814814813
0 0.8296875 0.6046296296296296 0.8359375 0.5425925925925926 0.8484375 0.4759259259259259 0.8484375 0.4546296296296296 0.8307291666666666 0.44166666666666665 0.8296875 0.43796296296296294 0.8286458333333333 0.45185185185185184 0.8197916666666667 0.4935185185185185 0.821875 0.5046296296296297 0.8208333333333333 0.5314814814814814 0.8130208333333333 0.6055555555555555 0.8145833333333333 0.6212962962962963 0.8125 0.6425925925925926 0.8140625 0.6481481481481481 0.8177083333333334 0.65 0.821875 0.6425925925925926 0.8296875 0.6046296296296296
0 0.75 0.8638888888888889 0.75 0.8925925925925926 0.7536458333333333 0.8981481481481481 0.7567708333333333 0.8981481481481481 0.7609375 0.8898148148148148 0.7619791666666667 0.8712962962962963 0.7671875 0.850925925925926 0.7786458333333334 0.7287037037037037 0.7786458333333334 0.7055555555555556 0.7734375 0.6787037037037037 0.7776041666666667 0.6675925925925926 0.7953125 0.649074074074074 0.7833333333333333 0.6527777777777778 0.7651041666666667 0.6694444444444444 0.7572916666666667 0.6648148148148149 0.7473958333333334 0.6407407407407407 0.7574010416666667 0.6783935185185185 0.7510609375 0.7247574074074075 0.7515625 0.7981481481481482 0.7479166666666667 0.8268518518518518 0.7479166666666667 0.8583333333333333 0.75 0.8638888888888889
0 0.6567708333333333 0.6759259259259259 0.665625 0.6759259259259259 0.6708333333333333 0.6685185185185185 0.6786458333333333 0.6351851851851852 0.6739583333333333 0.5916666666666667 0.6703125 0.5777777777777777 0.6578125 0.55 0.6505208333333333 0.5416666666666666 0.6463541666666667 0.5416666666666666 0.6427083333333333 0.5481481481481482 0.6432291666666666 0.5555555555555556 0.6598958333333333 0.5907407407407408 0.6598958333333333 0.6046296296296296 0.653125 0.625 0.6526041666666667 0.6694444444444444 0.6567708333333333 0.6759259259259259
0 0.6338541666666667 0.5824074074074074 0.6385416666666667 0.5833333333333334 0.6411458333333333 0.5796296296296296 0.6390625 0.5712962962962963 0.6317708333333333 0.5657407407407408 0.5932291666666667 0.5185185185185185 0.5734375 0.48518518518518516 0.5578125 0.475 0.5536458333333333 0.46296296296296297 0.5526041666666667 0.4444444444444444 0.5505208333333333 0.4583333333333333 0.5520833333333334 0.4759259259259259 0.55 0.4935185185185185 0.5598958333333334 0.5148148148148148 0.5802083333333333 0.5324074074074074 0.6078125 0.5666666666666667 0.6338541666666667 0.5824074074074074
0 0.7286458333333333 0.16111111111111112 0.7520833333333333 0.15462962962962962 0.7703125 0.1425925925925926 0.784375 0.125 0.7979166666666667 0.12129629629629629 0.8052083333333333 0.1111111111111111 0.80625 0.10185185185185185 0.7958333333333333 0.0962962962962963 0.7713541666666667 0.10740740740740741 0.740625 0.12777777777777777 0.7296875 0.13055555555555556 0.715625 0.1287037037037037 0.6979166666666666 0.11666666666666667 0.6973958333333333 0.1037037037037037 0.6854166666666667 0.10462962962962963 0.659375 0.09722222222222222 0.65625 0.08055555555555556 0.6583333333333333 0.06018518518518518 0.6505208333333333 0.05925925925925926 0.6489583333333333 0.07592592592592592 0.6552083333333333 0.10185185185185185 0.6520833333333333 0.11851851851851852 0.65 0.12407407407407407 0.634375 0.13518518518518519 0.6265625 0.14537037037037037 0.6265625 0.1527777777777778 0.65 0.13518518518518519 0.6848958333333334 0.1648148148148148 0.6953125 0.1574074074074074 0.7203125 0.16296296296296298 0.7286458333333333 0.16111111111111112
0 0.45625 0.15092592592592594 0.4640625 0.12777777777777777 0.496875 0.12129629629629629 0.5119791666666667 0.11296296296296296 0.5442708333333334 0.11203703703703703 0.5791666666666667 0.10092592592592593 0.5838541666666667 0.0962962962962963 0.603125 0.09537037037037037 0.6083333333333333 0.08333333333333333 0.6026041666666667 0.07407407407407407 0.5901041666666667 0.07314814814814814 0.5770833333333333 0.06666666666666667 0.5052083333333334 0.075 0.5026041666666666 0.07222222222222222 0.48489583333333336 0.07222222222222222 0.46102291666666667 0.08964814814814814 0.4584213541666667 0.06783240740740741 0.47760416666666666 0.06018518518518518 0.46197916666666666 0.06018518518518518 0.4552083333333333 0.06666666666666667 0.45416666666666666 0.07222222222222222 0.459375 0.10092592592592593 0.45989583333333334 0.125 0.4505208333333333 0.1574074074074074 0.45 0.16666666666666666 0.4546875 0.16203703703703703 0.45625 0.15092592592592594
0 0.49895833333333334 0.40555555555555556 0.50625 0.4203703703703704 0.5151041666666667 0.42592592592592593 0.5177083333333333 0.4203703703703704 0.5171875 0.40925925925925927 0.490625 0.3537037037037037 0.446875 0.27314814814814814 0.4390625 0.2537037037037037 0.42135416666666664 0.23703703703703705 0.415625 0.22407407407407406 0.4140625 0.225 0.40625 0.2611111111111111 0.428125 0.29907407407407405 0.4427083333333333 0.30925925925925923 0.4546875 0.325 0.48489583333333336 0.3888888888888889 0.49895833333333334 0.40555555555555556
0 0.50625 0.4824074074074074 0.5140625 0.46944444444444444 0.5182291666666666 0.45092592592592595 0.5125 0.43703703703703706 0.4984375 0.44351851851851853 0.4895833333333333 0.4537037037037037 0.4791666666666667 0.47314814814814815 0.45677083333333335 0.49722222222222223 0.4427083333333333 0.5175925925925926 0.44166666666666665 0.5333333333333333 0.4432291666666667 0.5481481481481482 0.4505208333333333 0.5416666666666666 0.4635416666666667 0.5194444444444445 0.47708333333333336 0.5037037037037037 0.50625 0.4824074074074074
0 0.4791666666666667 0.9138888888888889 0.490625 0.9092592592592592 0.5067708333333333 0.912962962962963 0.5104166666666666 0.9083333333333333 0.5098958333333333 0.9018518518518519 0.5057291666666667 0.8944444444444445 0.4786458333333333 0.8759259259259259 0.4322916666666667 0.8703703703703703 0.3890625 0.8453703703703703 0.37552083333333336 0.8453703703703703 0.36770833333333336 0.8490740740740741 0.36875 0.8574074074074074 0.36614583333333334 0.875 0.37447916666666664 0.8861111111111111 0.3885416666666667 0.8962962962962963 0.46041666666666664 0.912962962962963 0.4791666666666667 0.9138888888888889
0 0.6697671875 0.30138333333333334 0.6960286458333333 0.2550703703703704 0.71061875 0.23391018518518517 0.7263307291666667 0.21195092592592593 0.727453125 0.18799537037037037 0.7229640624999999 0.18080925925925925 0.717128125 0.1816074074074074 0.701415625 0.19278703703703703 0.6928864583333334 0.2031675925925926 0.6800921875 0.20955555555555555 0.6845817708333333 0.22432777777777776 0.6688692708333334 0.2586638888888889 0.64844375 0.28980555555555554 0.6338541666666667 0.3149583333333333 0.6275692708333334 0.3353203703703704 0.6138770833333334 0.35967407407407403 0.61746875 0.3736481481481482 0.626446875 0.36167037037037036 0.6372208333333333 0.3476972222222222 0.6468723958333332 0.33771574074074073 0.6697671875 0.30138333333333334
0 0.7487765625 0.2371037037037037 0.7521432291666666 0.2179398148148148 0.76224375 0.1955814814814815 0.7635906250000001 0.18639907407407408 0.7728174359375 0.1857001861111111 0.7640395833333333 0.18080925925925925 0.7577546875 0.16883148148148147 0.7555104166666666 0.16324166666666665 0.7555104166666666 0.1476712962962963 0.7525921875 0.16523796296296295 0.74945 0.16883148148148147 0.7373291666666667 0.18560000000000001 0.7249838541666667 0.21035370370370368 0.7088229166666667 0.23750277777777776 0.6861526041666667 0.2698425925925926 0.6726854166666667 0.30098425925925926 0.6643802083333333 0.3273351851851852 0.66909375 0.32813333333333333 0.6789703125000001 0.30976759259259257 0.68996875 0.2989879629629629 0.7079249999999999 0.2698425925925926 0.7301463541666667 0.24189444444444444 0.7458583333333333 0.23111481481481483 0.7487765625 0.2371037037037037
0 0.5733677083333333 0.30830555555555555 0.5860807291666668 0.2954907407407407 0.6034557291666667 0.2932296296296296 0.6148979166666667 0.2894611111111111 0.6299421875 0.31132037037037036 0.6339677083333334 0.3094361111111111 0.6284588541666667 0.2928527777777778 0.6208307291666666 0.2751388888888889 0.6229494791666668 0.2581787037037037 0.6244328125 0.2532787037037037 0.6343916666666666 0.22953425925925924 0.6420197916666667 0.19146759259259258 0.6386291666666666 0.17752222222222222 0.6356630208333333 0.20805092592592592 0.6318489583333334 0.22011203703703705 0.6326963541666667 0.20390555555555553 0.6297302083333334 0.1971212962962963 0.6191354166666667 0.24046388888888892 0.6161692708333334 0.2461175925925926 0.5987942708333333 0.23254907407407407 0.5769697916666666 0.22991111111111112 0.5403130208333333 0.24649444444444443 0.498146875 0.2419712962962963 0.46763489583333334 0.22991111111111112 0.4600067708333333 0.21860370370370372 0.45555729166666664 0.2035287037037037 0.443903125 0.2050361111111111 0.4394536458333333 0.21935833333333335 0.4464458333333334 0.24046388888888892 0.4593713541666667 0.2536555555555555 0.4619427083333333 0.25770740740740744 0.4758984375 0.27815370370370374 0.5045036458333334 0.2871990740740741 0.5312015625000001 0.28003796296296296 0.5464578125 0.284937962962963 0.5727317708333334 0.2966212962962963 0.5733677083333333 0.30830555555555555
0 0.5727317708333334 0.22991111111111112 0.5858687499999999 0.20616666666666666 0.6028203125 0.21332777777777778 0.6083291666666667 0.20202037037037035 0.6047270833333334 0.1824222222222222 0.6049390625 0.19184444444444446 0.6032437500000001 0.20390555555555553 0.5856572916666667 0.19900555555555555 0.5833265625 0.1907138888888889 0.5788765625 0.18355277777777776 0.5786645833333334 0.17639166666666664 0.5716723958333334 0.14510925925925924 0.571884375 0.15717037037037038 0.5748505208333333 0.17488425925925927 0.5680703125 0.18204537037037039 0.5615015625 0.18317592592592594 0.5489999999999999 0.19787500000000002 0.5405244791666667 0.1899601851851852 0.5405244791666667 0.1963675925925926 0.5453979166666667 0.20993518518518517 0.5273875 0.2235037037037037 0.5000536458333333 0.21785 0.480771875 0.21671944444444444 0.46572760416666664 0.2235037037037037 0.4708130208333333 0.23066481481481482 0.47950052083333333 0.2333027777777778 0.519759375 0.24498703703703706 0.5453979166666667 0.24498703703703706 0.5727317708333334 0.22991111111111112
0 0.446875 0.6435185185185185 0.4510416666666667 0.6611111111111111 0.45625 0.6703703703703704 0.45989583333333334 0.6712962962962963 0.46145833333333336 0.6638888888888889 0.4557291666666667 0.6388888888888888 0.45625 0.6175925925925926 0.4427083333333333 0.562962962962963 0.44375 0.5407407407407407 0.4401041666666667 0.5259259259259259 0.43802083333333336 0.49537037037037035 0.4395833333333333 0.48055555555555557 0.43333333333333335 0.4527777777777778 0.42604166666666665 0.43425925925925923 0.4360848958333333 0.3787861111111111 0.42135416666666664 0.42685185185185187 0.41194114583333336 0.43500462962962966 0.39855260416666666 0.4123611111111111 0.4077708333333333 0.4490601851851852 0.4114583333333333 0.4898148148148148 0.4239583333333333 0.5435185185185185 0.42916666666666664 0.5898148148148148 0.4354166666666667 0.6157407407407407 0.446875 0.6435185185185185
0 0.3756229166666667 0.5420407407407407 0.38023229166666667 0.5494583333333333 0.3830854166666667 0.5385268518518519 0.39164531249999995 0.5108074074074074 0.39866927083333337 0.4608351851851852 0.3934015625 0.421012962962963 0.40108333333333335 0.38704722222222226 0.4076682291666666 0.39173240740740745 0.403278125 0.37026018518518516 0.40635104166666663 0.3491777777777778 0.40481458333333337 0.3280953703703704 0.4353234375 0.31169814814814817 0.4309338541666667 0.30935555555555555 0.4118380208333334 0.31404074074074073 0.4034979166666667 0.3195064814814815 0.3962546875 0.3159925925925926 0.39164531249999995 0.3054518518518518 0.38571927083333335 0.2738287037037037 0.3830854166666667 0.286712037037037 0.3872557291666666 0.29803425925925925 0.39318177083333333 0.31638333333333335 0.3896703125 0.32536296296296296 0.38440260416666666 0.33746574074074076 0.38176875 0.3558148148148148 0.37780677083333336 0.36666944444444444 0.3811098958333333 0.37221203703703704 0.3822078125 0.3757259259259259 0.3804515625 0.42140370370370367 0.37737864583333336 0.4776231481481481 0.3756229166666667 0.5420407407407407
0 0.2535703125 0.5455518518518518 0.246521875 0.5539101851851852 0.24111822916666667 0.5681185185185185 0.236184375 0.5919388888888889 0.2408833333333333 0.5977898148148149 0.23900364583333333 0.5911027777777778 0.24769687499999998 0.5614324074074074 0.25732916666666666 0.550149074074074 0.26155833333333334 0.552238888888889 0.27260052083333336 0.5551638888888889 0.28528749999999997 0.5580888888888889 0.30314270833333334 0.5660296296296297 0.29656458333333335 0.5447166666666666 0.31207083333333335 0.5380296296296296 0.3287515625 0.516299074074074 0.36775156249999996 0.4640611111111111 0.37714947916666663 0.4402407407407407 0.38114322916666665 0.39719722222222226 0.37456510416666666 0.4126601851851852 0.34778177083333334 0.45528518518518524 0.31958854166666667 0.49164259259259263 0.2977390625 0.49791111111111114 0.2923354166666667 0.48370277777777776 0.2857572916666667 0.4908074074074074 0.27917864583333335 0.5000009259259259 0.2646125 0.5050157407407407 0.25638958333333334 0.5146277777777778 0.2526307291666667 0.5071055555555556 0.24628697916666667 0.4874638888888889 0.2475015625 0.44560833333333333 0.242528125 0.47116574074074075 0.24534739583333334 0.4949861111111111 0.2526307291666667 0.5188064814814816 0.251690625 0.5296722222222223 0.2535703125 0.5455518518518518
0 0.29351041666666666 0.6662574074074074 0.29374531249999997 0.6867351851851852 0.2975041666666666 0.6963462962962963 0.3078416666666667 0.7026148148148148 0.31864895833333334 0.6771231481481481 0.32499218750000003 0.649124074074074 0.3296911458333333 0.6374222222222222 0.32475729166666667 0.6202888888888889 0.3282817708333334 0.574737962962963 0.3275765625 0.5425592592592593 0.33603489583333335 0.5199925925925926 0.3416734375 0.5087092592592592 0.34096822916666664 0.5016046296296296 0.31864895833333334 0.5350370370370371 0.31864895833333334 0.5329472222222222 0.31324531250000004 0.5701407407407407 0.3104260416666667 0.6031546296296296 0.3047875 0.6278111111111111 0.29961875 0.6190351851851852 0.2977390625 0.6399296296296296 0.29351041666666666 0.6662574074074074
0 0.23994375 0.7264018518518519 0.25239531249999997 0.7259833333333333 0.24205833333333335 0.7159537037037037 0.24111822916666667 0.7000740740740741 0.24887135416666667 0.6867009259259259 0.26367291666666665 0.7092675925925926 0.27213072916666664 0.7238944444444445 0.2744802083333333 0.7121925925925926 0.29679947916666666 0.7268194444444445 0.3231130208333333 0.7589981481481481 0.3388541666666667 0.769862962962963 0.35060104166666667 0.7723703703703704 0.3710411458333333 0.7631768518518518 0.37902916666666664 0.7539833333333333 0.37433020833333336 0.7502222222222222 0.3574145833333333 0.7531472222222222 0.35083593750000003 0.7447888888888888 0.34472760416666665 0.7351777777777777 0.31723958333333335 0.720550925925926 0.298209375 0.696312962962963 0.28951614583333335 0.6775074074074073 0.28552239583333333 0.6699851851851851 0.28834166666666666 0.6599555555555555 0.2765942708333334 0.6632981481481481 0.25850416666666665 0.6570296296296296 0.25568489583333337 0.6511796296296296 0.24957604166666666 0.6223444444444444 0.24581041666666667 0.5944472222222222 0.24628697916666667 0.6340453703703703 0.24957604166666666 0.6574481481481481 0.24464270833333332 0.6712388888888888 0.24276302083333334 0.6837759259259258 0.23712447916666665 0.7080138888888888 0.23994375 0.7264018518518519
0 0.2794140625 0.8454351851851852 0.27988385416666667 0.8625694444444445 0.281528125 0.8876435185185185 0.2963296875 0.8993444444444445 0.28481770833333336 0.8843 0.2836427083333334 0.8558833333333333 0.28646197916666666 0.8542111111111111 0.3012635416666667 0.847525 0.315125 0.8420925925925926 0.3158296875 0.8312268518518519 0.34355260416666666 0.8128388888888889 0.3733901041666667 0.789437037037037 0.38490260416666666 0.7727212962962963 0.39782447916666663 0.7610194444444444 0.40534218749999995 0.7363638888888889 0.3945348958333333 0.7321842592592592 0.3806734375 0.7501546296296296 0.35905885416666666 0.7668703703703704 0.34190833333333337 0.7835861111111111 0.3080765625 0.7919444444444445 0.30384791666666666 0.7752287037037037 0.2963296875 0.7931981481481482 0.2836427083333334 0.8069888888888889 0.27518489583333333 0.8220333333333334 0.25897395833333337 0.8061527777777777 0.2509859375 0.7806611111111111 0.2509859375 0.7936157407407407 0.25122083333333334 0.8003018518518519 0.267196875 0.8224509259259258 0.27307031249999997 0.832062962962963 0.2794140625 0.8454351851851852
0 0.40698697916666665 0.8349546296296296 0.4286015625 0.8236712962962963 0.4375291666666667 0.8291037037037037 0.44246302083333333 0.8253425925925926 0.44998125000000005 0.8136416666666666 0.46102343749999997 0.7985972222222222 0.4852223958333333 0.8011046296296296 0.48404791666666663 0.7965074074074073 0.46196302083333335 0.7927462962962963 0.4570296875 0.7764481481481481 0.43565 0.7710157407407408 0.4309510416666667 0.7714333333333333 0.42883645833333334 0.7781194444444445 0.42366770833333334 0.7885675925925926 0.396884375 0.8144768518518518 0.36657708333333333 0.8224175925925926 0.36140833333333333 0.8265962962962964 0.34966145833333334 0.8299398148148148 0.3437875 0.8332824074074074 0.347546875 0.8483268518518519 0.36023385416666664 0.8483268518518519 0.36587239583333336 0.8525055555555555 0.37174583333333333 0.8474916666666668 0.40698697916666665 0.8349546296296296
0 0.46294166666666664 0.7657046296296296 0.4789114583333333 0.7462027777777778 0.5022697916666666 0.7364509259259259 0.5268197916666667 0.7139805555555556 0.5444578124999999 0.7067731481481482 0.5530385416666667 0.6902388888888888 0.544934375 0.6864231481481481 0.5361156250000001 0.6893907407407408 0.5251515625000001 0.6898148148148148 0.51251875 0.6923583333333333 0.4932125 0.7076212962962963 0.462703125 0.7292435185185185 0.43767656250000003 0.7428111111111111 0.4293338541666667 0.7449305555555555 0.4102661458333333 0.7322111111111111 0.4226604166666667 0.7525620370370371 0.43028750000000004 0.7610416666666666 0.4341010416666667 0.772912037037037 0.45293072916666666 0.7835111111111112 0.46294166666666664 0.7657046296296296
0 0.478434375 0.7165592592592592 0.49845625 0.7008722222222222 0.5156171875 0.6915453703703704 0.52825 0.6898490740740741 0.525628125 0.6856092592592592 0.5101354166666667 0.6839138888888888 0.5008395833333333 0.6834898148148147 0.480103125 0.6983287037037037 0.46246510416666664 0.7114712962962964 0.4431583333333334 0.7025685185185185 0.4324328125 0.7029916666666667 0.42313697916666665 0.7076555555555556 0.422421875 0.7229185185185185 0.41646302083333336 0.7339416666666667 0.42695052083333335 0.7288537037037037 0.4388682291666666 0.7352138888888888 0.46246510416666664 0.7284296296296295 0.478434375 0.7165592592592592
0 0.5289651041666666 0.6466046296296296 0.5394526041666666 0.6245583333333333 0.5606656250000001 0.617775 0.5427895833333333 0.6139592592592593 0.5361156250000001 0.6029361111111111 0.5442197916666667 0.5473962962962963 0.5394526041666666 0.566050925925926 0.5332552083333334 0.5948805555555555 0.5239598958333334 0.5991203703703704 0.5127572916666667 0.6139592592592593 0.5008395833333333 0.6360055555555555 0.48725364583333336 0.6605953703703703 0.46008125 0.6805222222222223 0.4410135416666667 0.6966324074074075 0.4517390625 0.7072314814814814 0.467946875 0.704687962962963 0.48987552083333336 0.6847611111111112 0.506321875 0.6661074074074074 0.5289651041666666 0.6466046296296296
0 0.3678390625 0.6610537037037036 0.39715677083333334 0.7038740740740741 0.4174166666666667 0.7136259259259259 0.42361354166666665 0.7119296296296297 0.4345776041666667 0.7026027777777778 0.4202765625 0.6915796296296296 0.3990635416666667 0.6695333333333333 0.3799953125 0.6453666666666666 0.3645026041666667 0.6220490740740741 0.3552067708333333 0.596187037037037 0.34877135416666666 0.5813481481481482 0.3368536458333333 0.5766842592592593 0.33280156250000004 0.5758361111111111 0.33113333333333334 0.5499740740740741 0.33089479166666663 0.5758361111111111 0.32612760416666664 0.5885555555555555 0.32588958333333334 0.6055138888888889 0.3373302083333333 0.6288324074074074 0.3478177083333333 0.6398555555555555 0.3678390625 0.6610537037037036
0 0.3718911458333333 0.6326481481481482 0.3676010416666667 0.5915231481481482 0.36307239583333334 0.5465824074074074 0.36259583333333334 0.5024898148148148 0.3623572916666667 0.47450833333333337 0.3492479166666667 0.49146666666666666 0.34185885416666667 0.5020666666666667 0.3399520833333333 0.5275046296296296 0.3432890625 0.5347120370370371 0.3473411458333333 0.5652370370370371 0.35496822916666665 0.5936425925925926 0.3678390625 0.6241685185185185 0.3718911458333333 0.6326481481481482
0 0.3983484375 0.6479111111111111 0.417178125 0.6517268518518519 0.40049375 0.6390074074074075 0.3985864583333333 0.6152657407407407 0.3933427083333333 0.5898277777777778 0.39358125000000005 0.5792277777777778 0.38428541666666666 0.5788046296296296 0.37975677083333337 0.5593018518518519 0.3740364583333333 0.5198731481481481 0.37570468749999997 0.4766287037037037 0.37808854166666667 0.4461027777777778 0.3771348958333334 0.4456787037037037 0.3616421875 0.47450833333333337 0.3618807291666667 0.48680370370370374 0.3637875 0.5338638888888889 0.36521770833333334 0.5792277777777778 0.3711760416666667 0.6279842592592593 0.37832656249999996 0.6500305555555556 0.38952916666666665 0.657662037037037 0.3983484375 0.6479111111111111
