0 0.3260416666666667 0.24351851851851852 0.3255208333333333 0.28425925925925927 0.3307291666666667 0.2898148148148148 0.33489583333333334 0.2824074074074074 0.3484375 0.16574074074074074 0.3494791666666667 0.14537037037037037 0.3463541666666667 0.12962962962962962 0.3489583333333333 0.12222222222222222 0.33645833333333336 0.12314814814814815 0.3307291666666667 0.13055555555555556 0.32760416666666664 0.15555555555555556 0.32916666666666666 0.18796296296296297
0 0.3984375 0.09444444444444444 0.3984375 0.23425925925925925 0.39895833333333336 0.23981481481481481 0.40208333333333335 0.24166666666666667 0.40572916666666664 0.2361111111111111 0.40625 0.2222222222222222 0.4083333333333333 0.21666666666666667 0.4114583333333333 0.17592592592592593 0.4109375 0.1537037037037037 0.4192708333333333 0.0962962962962963 0.41770833333333335 0.07222222222222222 0.41354166666666664 0.06759259259259259 0.4046875 0.06944444444444445
0 0.396875 0.25 0.3963541666666667 0.25925925925925924 0.4 0.275 0.409375 0.2953703703703704 0.4270833333333333 0.3527777777777778 0.434375 0.36666666666666664 0.440625 0.38796296296296295 0.446875 0.39351851851851855 0.4484375 0.38981481481481484 0.4473958333333333 0.3787037037037037 0.41770833333333335 0.25925925925925924 0.4078125 0.24351851851851852 0.40260416666666665 0.24351851851851852
0 0.4630208333333333 0.027777777777777776 0.4625 0.05462962962962963 0.46458333333333335 0.0712962962962963 0.471875 0.09907407407407408 0.47708333333333336 0.16666666666666666 0.47708333333333336 0.19074074074074074 0.478125 0.2 0.4822916666666667 0.2037037037037037 0.48541666666666666 0.20092592592592592 0.4869791666666667 0.1925925925925926 0.4864583333333333 0.17314814814814813 0.48802083333333335 0.1675925925925926 0.48385416666666664 0.06018518518518518 0.47708333333333336 0.021296296296296296 0.4671875 0.021296296296296296
0 0.5453125 0.026851851851851852 0.54375 0.03425925925925926 0.5479166666666667 0.03888888888888889 0.5973958333333333 0.05 0.6067708333333334 0.06018518518518518 0.6223958333333334 0.06574074074074074 0.6307291666666667 0.06574074074074074 0.6348958333333333 0.05277777777777778 0.6328125 0.037037037037037035 0.6223958333333334 0.025 0.6119791666666666 0.020370370370370372 0.5713541666666667 0.019444444444444445
0 0.6619791666666667 0.06481481481481481 0.6609375 0.07222222222222222 0.6651041666666667 0.07407407407407407 0.703125 0.06481481481481481 0.7244791666666667 0.06574074074074074 0.7385416666666667 0.05648148148148148 0.7453125 0.046296296296296294 0.7458333333333333 0.040740740740740744 0.7432291666666667 0.026851851851851852 0.734375 0.020370370370370372 0.7244791666666667 0.024074074074074074 0.6989583333333333 0.04537037037037037 0.6770833333333334 0.05277777777777778
0 0.7130208333333333 0.18796296296296297 0.7125 0.1962962962962963 0.7161458333333334 0.20092592592592592 0.7515625 0.19537037037037036 0.8015625 0.17314814814814813 0.8104166666666667 0.16203703703703703 0.8104166666666667 0.15 0.803125 0.14166666666666666 0.7869791666666667 0.14444444444444443 0.7723958333333333 0.15925925925925927 0.74375 0.16944444444444445
0 0.7942708333333334 0.35 0.7942708333333334 0.3731481481481482 0.80625 0.37777777777777777 0.8130208333333333 0.3648148148148148 0.8177083333333334 0.34629629629629627 0.821875 0.26481481481481484 0.8192708333333333 0.2037037037037037 0.8177083333333334 0.2 0.8140625 0.19907407407407407 0.8098958333333334 0.20462962962962963 0.803125 0.30648148148148147 0.7963541666666667 0.3314814814814815
0 0.5661458333333333 0.35555555555555557 0.5677083333333334 0.3648148148148148 0.571875 0.3675925925925926 0.5760416666666667 0.362962962962963 0.5973958333333333 0.3611111111111111 0.6229166666666667 0.3509259259259259 0.6432291666666666 0.35185185185185186 0.6583333333333333 0.34444444444444444 0.6614583333333334 0.3296296296296296 0.6583333333333333 0.3175925925925926 0.6369791666666667 0.3148148148148148 0.6140625 0.3314814814814815 0.5921875 0.3398148148148148
0 0.6848958333333334 0.3907407407407407 0.6828125 0.40185185185185185 0.6859375 0.42314814814814816 0.7036458333333333 0.4648148148148148 0.7125 0.5009259259259259 0.7208333333333333 0.5222222222222223 0.725 0.5435185185185185 0.728125 0.5481481481481482 0.7322916666666667 0.5481481481481482 0.734375 0.5444444444444444 0.7338541666666667 0.5361111111111111 0.7161458333333334 0.46944444444444444 0.7052083333333333 0.4074074074074074 0.6932291666666667 0.387037037037037 0.6895833333333333 0.3861111111111111
0 0.7208333333333333 0.4546296296296296 0.721875 0.4638888888888889 0.7333333333333333 0.48518518518518516 0.7473958333333334 0.5018518518518519 0.7890625 0.5351851851851852 0.7984375 0.537962962962963 0.8046875 0.5287037037037037 0.8036458333333333 0.5138888888888888 0.790625 0.49907407407407406 0.7739583333333333 0.49537037037037035 0.75 0.4777777777777778 0.7260416666666667 0.4527777777777778
0 0.50625 0.6018518518518519 0.5072916666666667 0.6111111111111112 0.5255208333333333 0.625 0.5619791666666667 0.6453703703703704 0.5796875 0.6611111111111111 0.5932291666666667 0.6620370370370371 0.6005208333333333 0.6537037037037037 0.6 0.6416666666666667 0.5885416666666666 0.6287037037037037 0.5630208333333333 0.6222222222222222 0.5286458333333334 0.6037037037037037
0 0.4864583333333333 0.6759259259259259 0.4869791666666667 0.6833333333333333 0.49895833333333334 0.7046296296296296 0.5229166666666667 0.7388888888888889 0.5390625 0.7675925925925926 0.5526041666666667 0.7777777777777778 0.5604166666666667 0.7703703703703704 0.5609375 0.7592592592592593 0.5526041666666667 0.7435185185185185 0.5291666666666667 0.7231481481481481 0.5166666666666667 0.7 0.509375 0.6916666666666667 0.4973958333333333 0.6833333333333333 0.4901041666666667 0.674074074074074
0 0.5364583333333334 0.6898148148148148 0.5364583333333334 0.6972222222222222 0.540625 0.7 0.5729166666666666 0.7 0.5921875 0.6953703703703704 0.6239583333333333 0.6953703703703704 0.6375 0.6861111111111111 0.6463541666666667 0.687037037037037 0.646875 0.6805555555555556 0.6421875 0.6620370370370371 0.6390625 0.6574074074074074 0.6307291666666667 0.6564814814814814 0.6239583333333333 0.6638888888888889 0.6177083333333333 0.6620370370370371 0.596875 0.6712962962962963 0.5677083333333334 0.675
0 0.31302083333333336 0.8398148148148148 0.3104166666666667 0.8453703703703703 0.31197916666666664 0.8601851851851852 0.315625 0.8648148148148148 0.32447916666666665 0.8648148148148148 0.3359375 0.8611111111111112 0.3385416666666667 0.8546296296296296 0.3489583333333333 0.8472222222222222 0.4010416666666667 0.8314814814814815 0.4041666666666667 0.8287037037037037 0.40520833333333334 0.8203703703703704 0.40208333333333335 0.8175925925925925 0.37552083333333336 0.8185185185185185 0.32916666666666666 0.825 0.32083333333333336 0.8296296296296296
0 0.22447916666666667 0.7111111111111111 0.22395833333333334 0.7435185185185185 0.2296875 0.7351851851851852 0.28020833333333334 0.7453703703703703 0.3109375 0.7435185185185185 0.3145833333333333 0.7361111111111112 0.3140625 0.7305555555555555 0.3104166666666667 0.7268518518518519 0.3020833333333333 0.7268518518518519 0.2828125 0.7185185185185186 0.2630208333333333 0.7166666666666667 0.2515625 0.700925925925926 0.228125 0.7018518518518518
0 0.55625 0.8361111111111111 0.5552083333333333 0.8435185185185186 0.5604166666666667 0.8564814814814815 0.5786458333333333 0.8629629629629629 0.6151041666666667 0.8629629629629629 0.6270833333333333 0.8583333333333333 0.6364583333333333 0.8435185185185186 0.634375 0.825925925925926 0.6234375 0.8212962962962963 0.6088541666666667 0.8240740740740741 0.5958333333333333 0.8379629629629629
0 0.4395833333333333 0.8574074074074074 0.4390625 0.8666666666666667 0.440625 0.8694444444444445 0.4661458333333333 0.8731481481481481 0.4869791666666667 0.8694444444444445 0.496875 0.8638888888888889 0.5270833333333333 0.8657407407407407 0.540625 0.8601851851851852 0.5510416666666667 0.8462962962962963 0.5598958333333334 0.8407407407407408 0.55 0.8212962962962963 0.5375 0.8175925925925925 0.5197916666666667 0.8185185185185185 0.5088541666666667 0.8287037037037037 0.4817708333333333 0.8379629629629629 0.45 0.8555555555555555
0 0.5390625 0.799074074074074 0.5395833333333333 0.8046296296296296 0.5494791666666666 0.8092592592592592 0.6026041666666667 0.7916666666666666 0.64375 0.7888888888888889 0.6552083333333333 0.7824074074074074 0.6604166666666667 0.775 0.6625 0.7592592592592593 0.6578125 0.7546296296296297 0.6567708333333333 0.7472222222222222 0.6463541666666667 0.7444444444444445 0.6338541666666667 0.7472222222222222 0.6322916666666667 0.7527777777777778 0.6307291666666667 0.7509259259259259 0.6286458333333333 0.7546296296296297 0.621875 0.7537037037037037 0.5984375 0.7638888888888888 0.5848958333333333 0.7648148148148148 0.5598958333333334 0.774074074074074 0.5546875 0.7787037037037037 0.55 0.7898148148148149
0 0.37395833333333334 0.662962962962963 0.37552083333333336 0.674074074074074 0.38333333333333336 0.6787037037037037 0.40260416666666665 0.6731481481481482 0.403125 0.6583333333333333 0.40520833333333334 0.6527777777777778 0.4171875 0.6351851851851852 0.4583333333333333 0.5935185185185186 0.46041666666666664 0.5842592592592593 0.4546875 0.5814814814814815 0.4348958333333333 0.5935185185185186 0.4171875 0.6092592592592593 0.4078125 0.6231481481481481 0.38645833333333335 0.6398148148148148 0.37604166666666666 0.6555555555555556
0 0.3151041666666667 0.6925925925925925 0.31354166666666666 0.7055555555555556 0.3177083333333333 0.7148148148148148 0.33541666666666664 0.7166666666666667 0.3567708333333333 0.700925925925926 0.384375 0.6981481481481482 0.41354166666666664 0.6824074074074075 0.4270833333333333 0.6814814814814815 0.42916666666666664 0.6768518518518518 0.42916666666666664 0.6657407407407407 0.4270833333333333 0.6620370370370371 0.4197916666666667 0.662962962962963 0.38046875 0.6768518518518518 0.35833333333333334 0.6759259259259259 0.35052083333333334 0.6796296296296296 0.32864583333333336 0.675
0 0.5875 0.5833333333333334 0.5869791666666667 0.5907407407407408 0.5890625 0.5953703703703703 0.6302083333333334 0.6203703703703703 0.65 0.6268518518518519 0.6614583333333334 0.6370370370370371 0.6791666666666667 0.6361111111111111 0.6869791666666667 0.6277777777777778 0.6875 0.6148148148148148 0.6739583333333333 0.600925925925926 0.6463541666666667 0.6 0.615625 0.5861111111111111 0.5927083333333333 0.5805555555555556
0 0.24669010416666665 0.5567462962962962 0.24284427083333335 0.5772583333333333 0.252184375 0.5831185185185186 0.26317291666666665 0.5753046296296296 0.27251302083333334 0.5704212962962962 0.287896875 0.5665138888888889 0.2972369791666667 0.5577231481481482 0.3126208333333333 0.5518629629629629 0.3307515625 0.5460027777777777 0.33899270833333334 0.5381888888888889 0.32690572916666666 0.5323277777777777 0.30932395833333337 0.537212037037037 0.29009427083333333 0.5460027777777777 0.2774578125 0.5489324074074073 0.26756822916666667 0.5518629629629629 0.2571291666666667 0.5489324074074073
0 0.25438177083333335 0.5274444444444444 0.263721875 0.5381888888888889 0.2714140625 0.5430722222222223 0.2829520833333333 0.5440490740740741 0.30328020833333336 0.5391648148148148 0.3203125 0.5333046296296297 0.33185052083333333 0.5333046296296297 0.3406411458333333 0.5313509259259259 0.3439375 0.5215833333333333 0.3483328125 0.5166999999999999 0.3439375 0.5059555555555556 0.335146875 0.5020490740740741 0.32745520833333336 0.5010722222222223 0.31921354166666666 0.508886111111111 0.3120713541666667 0.5206074074074074 0.3038296875 0.5215833333333333 0.2944895833333333 0.5284212962962963 0.2867979166666667 0.5293981481481481 0.27635885416666667 0.5293981481481481 0.2642713541666667 0.530374074074074
0 0.28490885416666667 0.6108824074074074 0.2997416666666667 0.6141787037037036 0.3096302083333333 0.6284620370370371 0.3170463541666667 0.6405472222222223 0.32755260416666665 0.6482388888888888 0.33867708333333335 0.6570277777777778 0.34794739583333334 0.6669166666666666 0.35845416666666663 0.680100925925926 0.343003125 0.6768046296296296 0.33126093749999996 0.6691138888888889 0.3201364583333334 0.6636203703703704 0.30283177083333335 0.6548305555555556 0.29232552083333335 0.649337037037037 0.28490885416666667 0.63835 0.27872864583333334 0.6262638888888888
