0 0.3984375 0.32222222222222224 0.3984375 0.33796296296296297 0.41354166666666664 0.3537037037037037 0.41875 0.3685185185185185 0.4166666666666667 0.40925925925925927 0.4192708333333333 0.412962962962963 0.4265625 0.4111111111111111 0.42864583333333334 0.4074074074074074 0.42239583333333336 0.4009259259259259 0.425 0.375 0.45 0.3537037037037037 0.4765625 0.3111111111111111 0.4984375 0.2851851851851852 0.5098958333333333 0.2611111111111111 0.5166666666666667 0.23981481481481481 0.5177083333333333 0.22037037037037038 0.5213541666666667 0.20185185185185187 0.5197916666666667 0.18888888888888888 0.5171875 0.18518518518518517 0.5114583333333333 0.18981481481481483 0.5046875 0.22037037037037038 0.47239583333333335 0.2824074074074074 0.4480302083333333 0.3088462962962963 0.43634687499999997 0.2962037037037037 0.42364739583333333 0.32329537037037037 0.4145041666666666 0.34225925925925926 0.4078125 0.3101851851851852 0.4041666666666667 0.3055555555555556 0.4005208333333333 0.3101851851851852
0 0.2828125 0.16666666666666666 0.2828125 0.17037037037037037 0.2875 0.1675925925925926 0.303125 0.1527777777777778 0.3302083333333333 0.1824074074074074 0.35625 0.19907407407407407 0.371875 0.22037037037037038 0.3885416666666667 0.23425925925925925 0.39791666666666664 0.23981481481481481 0.4203125 0.24259259259259258 0.4270833333333333 0.2324074074074074 0.42552083333333335 0.22407407407407406 0.40989583333333335 0.21944444444444444 0.39947916666666666 0.20462962962962963 0.3625 0.17407407407407408 0.34375 0.1527777777777778 0.3359375 0.13703703703703704 0.3151041666666667 0.125 0.3140625 0.11018518518518519 0.31875 0.08703703703703704 0.31302083333333336 0.09444444444444444 0.3098958333333333 0.10462962962962963 0.30625 0.12222222222222222 0.3072916666666667 0.12685185185185185 0.3 0.14907407407407408
0 0.23854166666666668 0.4425925925925926 0.2390625 0.4601851851851852 0.24322916666666666 0.4638888888888889 0.246875 0.462037037037037 0.25416666666666665 0.43796296296296294 0.2635416666666667 0.42314814814814816 0.27447916666666666 0.38055555555555554 0.28020833333333334 0.36666666666666664 0.30520833333333336 0.3194444444444444 0.3140625 0.3111111111111111 0.3265625 0.26481481481481484 0.34427083333333336 0.275 0.3489583333333333 0.275 0.34791666666666665 0.2712962962962963 0.32135416666666666 0.25277777777777777 0.290625 0.2111111111111111 0.290625 0.21481481481481482 0.296875 0.2222222222222222 0.29739583333333336 0.22962962962962963 0.3046875 0.23981481481481481 0.30572916666666666 0.2518518518518518 0.28802083333333334 0.2824074074074074 0.28854166666666664 0.2935185185185185 0.2833333333333333 0.3148148148148148 0.24895833333333334 0.39537037037037037 0.24427083333333333 0.425
0 0.5203125 0.22314814814814815 0.5192708333333333 0.27870370370370373 0.5239583333333333 0.30185185185185187 0.5286458333333334 0.3111111111111111 0.5307291666666667 0.3111111111111111 0.5307291666666667 0.30648148148148147 0.5265625 0.29259259259259257 0.5265625 0.28194444444444444 0.5296875 0.27037037037037037 0.5484375 0.2740740740740741 0.5703125 0.26944444444444443 0.6109375 0.27685185185185185 0.64375 0.2712962962962963 0.6494791666666667 0.27685185185185185 0.6546875 0.27685185185185185 0.6578125 0.2740740740740741 0.6645833333333333 0.2518518518518518 0.6625 0.24259259259259258 0.6510416666666666 0.24444444444444444 0.6421875 0.24074074074074073 0.6255208333333333 0.24259259259259258 0.5770833333333333 0.2388888888888889 0.5536458333333333 0.22592592592592592 0.5328125 0.2222222222222222 0.5255208333333333 0.21481481481481482
0 0.5395833333333333 0.06296296296296296 0.5534911458333334 0.07462407407407406 0.5411458333333333 0.0824074074074074 0.5590630208333334 0.08981296296296297 0.5604166666666667 0.11388888888888889 0.5614583333333333 0.12685185185185185 0.565625 0.14166666666666666 0.60625 0.22407407407407406 0.6171875 0.25555555555555554 0.640625 0.26481481481481484 0.6489583333333333 0.2759259259259259 0.65625 0.275 0.6619791666666667 0.25277777777777777 0.6619791666666667 0.24444444444444444 0.6453125 0.24259259259259258 0.63125 0.21481481481481482 0.6088541666666667 0.18333333333333332 0.596875 0.15648148148148147 0.5875 0.10740740740740741 0.5802083333333333 0.08888888888888889 0.5796875 0.07314814814814814 0.5885416666666666 0.06666666666666667 0.6046875 0.06851851851851852 0.5953125 0.058333333333333334 0.5854166666666667 0.06018518518518518 0.5796875 0.06296296296296296 0.5723958333333333 0.075 0.5651041666666666 0.08055555555555556 0.5447916666666667 0.05925925925925926
0 0.5932291666666667 0.12314814814814815 0.5927083333333333 0.13425925925925927 0.5958333333333333 0.1398148148148148 0.6140625 0.12685185185185185 0.64375 0.11481481481481481 0.6602083333333333 0.11203703703703703 0.6833333333333333 0.11481481481481481 0.6942708333333333 0.11018518518518519 0.7078125 0.09814814814814815 0.7135416666666666 0.10648148148148148 0.7197916666666667 0.10740740740740741 0.71875 0.10277777777777777 0.7083333333333334 0.09166666666666666 0.7088541666666667 0.08055555555555556 0.7109375 0.0712962962962963 0.7182291666666667 0.058333333333333334 0.7203125 0.062037037037037036 0.7296875 0.06018518518518518 0.7244791666666667 0.05555555555555555 0.7125 0.053703703703703705 0.7061651041666667 0.0667 0.6987359375000001 0.0660388888888889 0.6545307291666667 0.07858703703703704 0.6223958333333334 0.09259259259259259 0.609375 0.10185185185185185
0 0.6588541666666666 0.21666666666666667 0.6598958333333333 0.23333333333333334 0.6671875 0.23425925925925925 0.6796875 0.2101851851851852 0.6864583333333333 0.2037037037037037 0.7 0.17777777777777778 0.7197916666666667 0.15 0.7359375 0.13518518518518519 0.7598958333333333 0.1259259259259259 0.7776041666666667 0.1 0.7838541666666666 0.09907407407407408 0.7927083333333333 0.10740740740740741 0.796875 0.11481481481481481 0.7984375 0.125 0.7984375 0.11388888888888889 0.7953125 0.10277777777777777 0.78125 0.09166666666666666 0.7755208333333333 0.07314814814814814 0.7640625 0.06018518518518518 0.75 0.05648148148148148 0.7515625 0.06574074074074074 0.7479166666666667 0.08055555555555556 0.7364583333333333 0.0787037037037037 0.7333333333333333 0.09722222222222222 0.7197916666666667 0.1111111111111111 0.7125 0.12407407407407407 0.6927083333333334 0.14166666666666666 0.6723958333333333 0.17777777777777778 0.6677083333333333 0.1962962962962963
0 0.5088541666666667 0.6064814814814815 0.509375 0.6231481481481481 0.5130208333333334 0.6333333333333333 0.5166296874999999 0.6432212962962963 0.5174854166666667 0.6523453703703704 0.5157744791666666 0.6546259259259259 0.5080765625 0.6584277777777777 0.49375 0.6657407407407407 0.5145833333333333 0.6666666666666666 0.5348958333333333 0.6861111111111111 0.5364583333333334 0.6907407407407408 0.5494791666666666 0.6925925925925925 0.5572916666666666 0.7 0.5671875 0.7138888888888889 0.5700890624999999 0.7230537037037037 0.57479375 0.7222935185185185 0.5729166666666666 0.7287037037037037 0.6077244791666666 0.7428222222222223 0.5838541666666667 0.7296296296296296 0.60625 0.7416666666666667 0.6119791666666666 0.7398148148148148 0.6098958333333333 0.7305555555555555 0.5953125 0.7101851851851851 0.5559760416666666 0.6736333333333333 0.5311708333333333 0.6386592592592593 0.5221895833333333 0.641700925925926
0 0.47239583333333335 0.8962962962962963 0.47291666666666665 0.9055555555555556 0.4817708333333333 0.9055555555555556 0.503125 0.8814814814814815 0.5171875 0.8574074074074074 0.5348958333333333 0.8055555555555556 0.553125 0.7675925925925926 0.5572916666666666 0.7379629629629629 0.5765625 0.7314814814814815 0.5682291666666667 0.7277777777777777 0.5588541666666667 0.7342592592592593 0.5510416666666667 0.7296296296296296 0.5447916666666667 0.7194444444444444 0.540625 0.6935185185185185 0.5359375 0.687962962962963 0.5384411458333334 0.7260953703703704 0.5277494791666667 0.7489046296296297 0.5217619791666667 0.7701925925925925 0.5200515625000001 0.7998453703703703 0.5036458333333333 0.8361111111111111
0 0.4432291666666667 0.5805555555555556 0.4427083333333333 0.5944444444444444 0.45 0.6166666666666667 0.4510416666666667 0.6333333333333333 0.47291666666666665 0.7444444444444445 0.47239583333333335 0.7675925925925926 0.47552083333333334 0.7898148148148149 0.48327135416666667 0.8180925925925926 0.4747177083333333 0.8363398148148148 0.4979166666666667 0.8175925925925925 0.5114979166666667 0.8104888888888888 0.5042276041666667 0.8051675925925926 0.5 0.7601851851851852 0.49322916666666666 0.7462962962962963 0.475 0.6407407407407407 0.46770833333333334 0.6185185185185185 0.46041666666666664 0.6064814814814815 0.45416666666666666 0.5851851851851851 0.4473958333333333 0.5787037037037037
0 0.5149192708333333 0.8629509259259259 0.5213541666666667 0.9 0.5247557291666667 0.9382212962962962 0.5260385416666666 0.9161722222222223 0.5328125 0.912962962962963 0.553125 0.912962962962963 0.5708333333333333 0.9 0.6135416666666667 0.8925925925925926 0.6239583333333333 0.8851851851851852 0.625 0.8805555555555555 0.6208333333333333 0.8694444444444445 0.6161458333333333 0.8675925925925926 0.559375 0.8731481481481481 0.5484375 0.8685185185185185 0.5338541666666666 0.8740740740740741 0.524328125 0.8827185185185186
0 0.4041666666666667 0.8814814814814815 0.40572916666666664 0.899074074074074 0.4161458333333333 0.9046296296296297 0.42864583333333334 0.9 0.4328125 0.8935185185185185 0.4421875 0.8888888888888888 0.478125 0.8833333333333333 0.484375 0.8796296296296297 0.4921875 0.8648148148148148 0.4265625 0.8648148148148148 0.4161458333333333 0.8694444444444445
0 0.275 0.5157407407407407 0.27447916666666666 0.5203703703703704 0.2869791666666667 0.537962962962963 0.28808854166666664 0.5540324074074074 0.27939166666666665 0.5720703703703703 0.29279947916666665 0.5604740740740741 0.30833333333333335 0.5583333333333333 0.3411458333333333 0.5435185185185185 0.38385416666666666 0.5370370370370371 0.39791666666666664 0.525 0.4109375 0.5194444444444445 0.41302083333333334 0.5083333333333333 0.4078125 0.5027777777777778 0.39791666666666664 0.5055555555555555 0.384375 0.5037037037037037 0.3640625 0.5120370370370371 0.34027083333333336 0.5179555555555556 0.31671614583333335 0.5140907407407407 0.2884510416666667 0.5282629629629629
0 0.24583333333333332 0.5462962962962963 0.24097968749999998 0.6133009259259259 0.246053125 0.6294064814814815 0.2442411458333333 0.6010601851851851 0.24895833333333334 0.5898148148148148 0.26666666666666666 0.6037037037037037 0.28177083333333336 0.6046296296296296 0.3177083333333333 0.6185185185185185 0.32864583333333336 0.6212962962962963 0.33993072916666667 0.6194444444444445 0.3489583333333333 0.6259259259259259 0.353125 0.6212962962962963 0.353125 0.6111111111111112 0.35 0.6064814814814815 0.3380208333333333 0.600925925925926 0.3265625 0.5907407407407408 0.2869791666666667 0.5777777777777777 0.2786458333333333 0.5666666666666667 0.2520833333333333 0.5546296296296296 0.24279166666666668 0.5070037037037036 0.24097968749999998 0.5295518518518519
0 0.26875 0.7175925925925926 0.2677083333333333 0.7342592592592593 0.263809375 0.7646935185185185 0.27291666666666664 0.7481481481481481 0.29010416666666666 0.7564814814814815 0.321875 0.7509259259259259 0.34427083333333336 0.7527777777777778 0.36354166666666665 0.7657407407407407 0.38229166666666664 0.7870370370370371 0.3885416666666667 0.8009259259259259 0.3927083333333333 0.8018518518518518 0.390625 0.7870370370370371 0.38385416666666666 0.7731481481481481 0.38229166666666664 0.762962962962963 0.3729166666666667 0.7472222222222222 0.36041666666666666 0.7361111111111112 0.3302083333333333 0.7185185185185186 0.3125 0.7157407407407408 0.3026041666666667 0.7074074074074074 0.27141927083333334 0.7125111111111111 0.2594609375 0.6783675925925925
0 0.6302083333333334 0.6148148148148148 0.6302083333333334 0.6231481481481481 0.634375 0.6222222222222222 0.6635416666666667 0.5953703703703703 0.6958333333333333 0.5546296296296296 0.7239583333333334 0.5305555555555556 0.7354166666666667 0.5083333333333333 0.7541666666666667 0.4981481481481482 0.7390625 0.49722222222222223 0.7317708333333334 0.48518518518518516 0.7302083333333333 0.4759259259259259 0.7328125 0.462037037037037 0.7322916666666667 0.43148148148148147 0.7255208333333333 0.48055555555555557 0.6989583333333333 0.5092592592592593 0.690625 0.5277777777777778 0.6697916666666667 0.5481481481481482 0.6541666666666667 0.5685185185185185
0 0.2635416666666667 0.7907407407407407 0.23990833333333333 0.8100787037037037 0.26197916666666665 0.8074074074074075 0.275 0.8398148148148148 0.2869791666666667 0.8583333333333333 0.321875 0.8907407407407407 0.3692708333333333 0.9203703703703704 0.37864583333333335 0.9231481481481482 0.3932291666666667 0.9212962962962963 0.4036458333333333 0.9296296296296296 0.41458333333333336 0.9287037037037037 0.4171875 0.924074074074074 0.4161458333333333 0.9148148148148149 0.4119791666666667 0.9064814814814814 0.39479166666666665 0.8935185185185185 0.3880208333333333 0.8842592592592593 0.3380208333333333 0.8592592592592593 0.32135416666666666 0.837037037037037 0.303125 0.8037037037037037 0.2833333333333333 0.7796296296296297 0.2765083333333333 0.7764148148148148 0.27061874999999996 0.7517277777777778 0.27019791666666665 0.7764148148148148
0 0.6209802083333333 0.8570425925925926 0.6248708333333333 0.8482944444444445 0.6159151041666667 0.8276851851851852 0.6327723958333333 0.8454842592592593 0.6591130208333333 0.8445472222222222 0.6685953125 0.8351796296296297 0.6685953125 0.8567250000000001 0.6991499999999999 0.8698398148148149 0.7175880208333333 0.8773342592592592 0.7344453125 0.8623462962962962 0.7428744791666666 0.8323694444444444 0.7386598958333334 0.7902138888888889 0.7407671874999999 0.7770990740740741 0.7497229166666667 0.791150925925926 0.7518302083333332 0.8389268518518519 0.7455083333333333 0.8726509259259259 0.7286505208333334 0.9073111111111111 0.6986229166666666 0.9119953703703704 0.6738630208333334 0.9063740740740741 0.6685953125 0.9082481481481481 0.6733364583333333 0.9251101851851852 0.6554249999999999 0.9091851851851851 0.6322458333333334 0.8941962962962963 0.62434375 0.8857657407407407 0.6190755208333333 0.8698398148148149 0.6190755208333333 0.8614092592592593
0 0.7659036458333334 0.7791509259259258 0.7671072916666667 0.8052027777777778 0.7760630208333333 0.8276851851851852 0.7871260416666667 0.8286222222222223 0.7918671875 0.8089500000000001 0.7881796875 0.775225925925926 0.775009375 0.7621111111111112 0.7771166666666667 0.7227657407407407 0.7797505208333334 0.7040305555555555 0.7707947916666666 0.7021564814814815 0.7681609374999999 0.7133981481481482 0.7707947916666666 0.7396277777777778 0.767634375 0.758363888888889
0 0.743996875 0.8705240740740742 0.7628927083333333 0.8529777777777778 0.7744828125000001 0.8295583333333333 0.7918671875 0.8005185185185185 0.8008229166666666 0.7827194444444444 0.8150463541666666 0.7696046296296296 0.8271630208333334 0.7639842592592592 0.8366453125 0.7742888888888889 0.8382255208333333 0.7817833333333334 0.8503421875 0.792087962962963 0.8482348958333333 0.8183175925925926 0.8440203125 0.7967712962962963 0.8334843749999999 0.792087962962963 0.8271630208333334 0.8173805555555556 0.8240020833333334 0.8323694444444444 0.8208411458333333 0.8445472222222222 0.8155734375 0.8314324074074074 0.8029296875 0.8426731481481481 0.7844916666666666 0.8698398148148149 0.7660536458333334 0.8913861111111111 0.7465619791666666 0.8979435185185185 0.7349723958333333 0.8998166666666667
0 0.8473651041666667 0.4723851851851852 0.8511244791666667 0.49816851851851857 0.8462911458333333 0.5210870370370371 0.8505874999999999 0.5497361111111111 0.8446802083333333 0.6022583333333333 0.8393098958333333 0.66815 0.8387729166666666 0.6948888888888889 0.8382359375 0.737862037037037 0.82910625 0.7703296296296297 0.8081625 0.7655555555555555 0.7786260416666667 0.7617351851851851 0.8054770833333333 0.7493212962962963 0.8060140625 0.7130333333333334 0.7968848958333333 0.6757898148148148 0.8129958333333334 0.6901138888888889 0.8146067708333333 0.6337722222222223 0.8189031250000001 0.5984388888888889 0.8226619791666666 0.5315916666666667 0.8307171875 0.5153574074074074 0.8360875 0.48575370370370374
