0 0.3463541666666667 0.05648148148148148 0.3453125 0.06111111111111111 0.3489583333333333 0.0787037037037037 0.35989583333333336 0.0962962962962963 0.3614583333333333 0.10555555555555556 0.359375 0.12129629629629629 0.35208333333333336 0.1361111111111111 0.353125 0.14351851851851852 0.36041666666666666 0.13148148148148148 0.37161458333333336 0.12129629629629629 0.3885416666666667 0.12129629629629629 0.39739583333333334 0.1259259259259259 0.4005208333333333 0.11666666666666667 0.4244791666666667 0.09907407407407408 0.46979166666666666 0.09166666666666666 0.49375 0.08055555555555556 0.4973958333333333 0.0712962962962963 0.4947916666666667 0.06388888888888888 0.49166666666666664 0.062037037037037036 0.4588541666666667 0.05740740740740741 0.4192708333333333 0.0712962962962963 0.3921875 0.06851851851851852 0.36614583333333334 0.08148148148148149 0.35989583333333336 0.07777777777777778 0.35208333333333336 0.06666666666666667 0.3494791666666667 0.05555555555555555
0 0.38385416666666666 0.14537037037037037 0.38333333333333336 0.14907407407407408 0.390625 0.1574074074074074 0.41302083333333334 0.16111111111111112 0.44479166666666664 0.17777777777777778 0.4546875 0.17962962962962964 0.478125 0.1648148148148148 0.48541666666666666 0.14629629629629629 0.4859375 0.1361111111111111 0.4828125 0.12222222222222222 0.47239583333333335 0.11851851851851852 0.4515625 0.12777777777777777 0.43385416666666665 0.14537037037037037 0.4192708333333333 0.14629629629629629 0.4078125 0.14166666666666666
0 0.5453125 0.30277777777777776 0.5447916666666667 0.3148148148148148 0.5619791666666667 0.3101851851851852 0.5666666666666667 0.2953703703703704 0.5760416666666667 0.29444444444444445 0.5807291666666666 0.27870370370370373 0.5796875 0.26944444444444443 0.6 0.225 0.6417182291666667 0.18398981481481483 0.6595411458333333 0.14759444444444444 0.671875 0.1574074074074074 0.678125 0.1638888888888889 0.6776041666666667 0.1574074074074074 0.659375 0.1388888888888889 0.6510416666666666 0.1111111111111111 0.6421875 0.06851851851851852 0.6401041666666667 0.08055555555555556 0.6458333333333334 0.1111111111111111 0.64375 0.12129629629629629 0.6234375 0.14074074074074075 0.6052083333333333 0.1787037037037037 0.571875 0.23333333333333334 0.5598958333333334 0.25925925925925924 0.5541666666666667 0.2833333333333333
0 0.3609375 0.2212962962962963 0.3614583333333333 0.2324074074074074 0.3729166666666667 0.2518518518518518 0.37552083333333336 0.26481481481481484 0.3854166666666667 0.2898148148148148 0.4046875 0.3611111111111111 0.40260416666666665 0.38055555555555554 0.41354166666666664 0.4203703703703704 0.41354166666666664 0.4324074074074074 0.4005208333333333 0.4388888888888889 0.40572916666666664 0.4425925925925926 0.4161458333333333 0.44166666666666665 0.43385416666666665 0.42777777777777776 0.4390625 0.43333333333333335 0.45416666666666666 0.43425925925925923 0.4546875 0.43148148148148147 0.4354166666666667 0.41944444444444445 0.43802083333333336 0.4027777777777778 0.43645833333333334 0.3907407407407407 0.43125 0.3768518518518518 0.4359375 0.3685185185185185 0.4322916666666667 0.36944444444444446 0.42604166666666665 0.3638888888888889 0.4015625 0.26851851851851855 0.39010416666666664 0.24444444444444444 0.371875 0.22037037037037038 0.3651041666666667 0.2175925925925926
0 0.4473958333333333 0.3490740740740741 0.44583333333333336 0.3574074074074074 0.45364583333333336 0.35462962962962963 0.46197916666666666 0.3574074074074074 0.47239583333333335 0.37407407407407406 0.4744791666666667 0.3861111111111111 0.4739583333333333 0.4027777777777778 0.4671875 0.43148148148148147 0.4661458333333333 0.45740740740740743 0.4677765625 0.475362962962963 0.46249583333333333 0.47829814814814814 0.4354307291666667 0.4906259259259259 0.45457395833333336 0.4953222222222222 0.4739583333333333 0.4824074074074074 0.4822916666666667 0.48148148148148145 0.4922010416666666 0.46420925925925927 0.48854166666666665 0.4324074074074074 0.4895833333333333 0.40555555555555556 0.4895833333333333 0.3925925925925926 0.4859375 0.38796296296296295 0.484375 0.3648148148148148 0.46927083333333336 0.3435185185185185 0.4583333333333333 0.3435185185185185
0 0.48541666666666666 0.36574074074074076 0.48489583333333336 0.3768518518518518 0.4901041666666667 0.3907407407407407 0.4984375 0.3888888888888889 0.5447916666666667 0.35185185185185186 0.56875 0.32592592592592595 0.58125 0.29444444444444445 0.5838541666666667 0.27685185185185185 0.5786458333333333 0.27685185185185185 0.5765625 0.28425925925925927 0.56875 0.2953703703703704 0.5640625 0.2953703703703704 0.5583333333333333 0.3111111111111111 0.5458333333333333 0.31203703703703706 0.5338541666666666 0.33055555555555555 0.5208333333333334 0.3398148148148148 0.5026041666666666 0.34444444444444444 0.49322916666666666 0.3527777777777778
0 0.5286458333333334 0.45 0.5286458333333334 0.45925925925925926 0.5338541666666666 0.46111111111111114 0.5572916666666666 0.4462962962962963 0.5645833333333333 0.44814814814814813 0.6307291666666667 0.4064814814814815 0.6489583333333333 0.37777777777777777 0.6552083333333333 0.3787037037037037 0.6578125 0.375 0.6411458333333333 0.3314814814814815 0.6380208333333334 0.31296296296296294 0.6354166666666666 0.3175925925925926 0.6380208333333334 0.33611111111111114 0.6369791666666667 0.35 0.6239583333333333 0.3592592592592593 0.5984375 0.38981481481481484 0.5479166666666667 0.42314814814814816
0 0.23541666666666666 0.42314814814814816 0.23489583333333333 0.42962962962962964 0.248946875 0.4217546296296296 0.240625 0.45092592592592595 0.24102552083333334 0.45756296296296295 0.2390625 0.4675925925925926 0.23958333333333334 0.48333333333333334 0.24366614583333332 0.49630740740740736 0.24366614583333332 0.5103953703703703 0.24010416666666667 0.5305555555555556 0.2390625 0.637962962962963 0.24375 0.6425925925925926 0.24947916666666667 0.6361111111111111 0.2520833333333333 0.6194444444444445 0.259375 0.5972222222222222 0.2625 0.5648148148148148 0.26197916666666665 0.5370370370370371 0.26776041666666667 0.43114722222222224 0.2760416666666667 0.42777777777777776 0.2546875 0.4148148148148148 0.2421875 0.4166666666666667
0 0.2709505208333333 0.545799074074074 0.28323333333333334 0.5753898148148149 0.2849890625 0.5825268518518518 0.28348437499999996 0.598586111111111 0.28172864583333335 0.6061694444444444 0.26091041666666664 0.6369499999999999 0.28323333333333334 0.6088462962962963 0.297028125 0.6155379629629629 0.31232812499999996 0.6244592592592593 0.316090625 0.6262435185185184 0.316090625 0.6199981481481481 0.33465104166666665 0.6204444444444445 0.3587296875 0.6324888888888889 0.37829322916666663 0.6405185185185185 0.40011458333333333 0.6369499999999999 0.40212135416666667 0.6338277777777778 0.4174208333333333 0.6311509259259259 0.42344062499999996 0.6195527777777777 0.42193593749999997 0.6124148148148149 0.4151635416666667 0.6110768518518518 0.39810833333333334 0.6208907407407408 0.3682609375 0.6186601851851852 0.34267708333333335 0.5972481481481482 0.323865625 0.5811888888888889 0.321859375 0.5731592592592593 0.31935104166666667 0.5633453703703704 0.3138333333333333 0.5691444444444445 0.2975302083333334 0.5691444444444445 0.29050729166666667 0.5718203703703704
0 0.3549671875 0.5834194444444444 0.360234375 0.5954638888888889 0.3587296875 0.6052777777777778 0.3722739583333333 0.6168759259259259 0.3913359375 0.6159833333333333 0.406134375 0.5999240740740741 0.42118333333333335 0.5936796296296296 0.43673385416666666 0.598586111111111 0.4404963541666667 0.618213888888889 0.4432552083333333 0.6307046296296296 0.4440078125 0.6356120370370371 0.4465161458333334 0.6231212962962963 0.4440078125 0.6061694444444444 0.442503125 0.5923407407407407 0.43021302083333335 0.5767277777777777 0.41190312500000004 0.5776203703703704 0.39459635416666666 0.5905564814814815 0.3770395833333334 0.5852037037037037 0.3680098958333333 0.5887722222222223 0.36525104166666666 0.5910027777777778
0 0.3416666666666667 0.6787037037037037 0.3411458333333333 0.6861111111111111 0.34427083333333336 0.6888888888888889 0.35572916666666665 0.6861111111111111 0.3697916666666667 0.687962962962963 0.4005208333333333 0.6777777777777778 0.4166666666666667 0.6777777777777778 0.43125 0.6833333333333333 0.44453125 0.6796296296296296 0.44947916666666665 0.6842592592592592 0.4510416666666667 0.7018518518518518 0.453125 0.7018518518518518 0.453125 0.6888888888888889 0.44895833333333335 0.6722222222222223 0.4552083333333333 0.637962962962963 0.44635416666666666 0.6472222222222223 0.4354166666666667 0.637962962962963 0.42135416666666664 0.637962962962963 0.4166666666666667 0.6462962962962963 0.39895833333333336 0.6546296296296297 0.36354166666666665 0.6611111111111111
0 0.28229166666666666 0.6064814814814815 0.28489583333333335 0.6185185185185185 0.28541666666666665 0.637962962962963 0.28177083333333336 0.6574074074074074 0.27708333333333335 0.7944444444444444 0.2791666666666667 0.8175925925925925 0.28489583333333335 0.8462962962962963 0.27291666666666664 0.8666666666666667 0.2630208333333333 0.8768518518518519 0.2713541666666667 0.8759259259259259 0.2791666666666667 0.8694444444444445 0.29010416666666666 0.8518518518518519 0.3020833333333333 0.8490740740740741 0.3229166666666667 0.8685185185185185 0.3333333333333333 0.8694444444444445 0.309375 0.8490740740740741 0.3067708333333333 0.7870370370370371 0.30052083333333335 0.7712962962962963 0.2994791666666667 0.7574074074074074 0.30104166666666665 0.7435185185185185 0.3 0.7268518518518519 0.303125 0.7046296296296296 0.3026041666666667 0.6564814814814814 0.296875 0.6101851851851852 0.2875 0.6018518518518519
0 0.5734375 0.6342592592592593 0.571875 0.6777777777777778 0.5786458333333333 0.7296296296296296 0.5802083333333333 0.7583333333333333 0.5770833333333333 0.8138888888888889 0.5833333333333334 0.8537037037037037 0.5837473958333333 0.8640898148148148 0.5795276041666667 0.8817481481481482 0.5879671875 0.8689453703703703 0.5958333333333333 0.8657407407407407 0.6115484375 0.8654138888888889 0.603125 0.8564814814814815 0.6052083333333333 0.8287037037037037 0.6036458333333333 0.7981481481481482 0.5979166666666667 0.7694444444444445 0.5927083333333333 0.674074074074074 0.5895833333333333 0.6574074074074074 0.5848958333333333 0.6509259259259259 0.5817708333333333 0.6370370370370371 0.5776041666666667 0.6314814814814815
0 0.5457473958333333 0.9018962962962963 0.5600770833333333 0.8923388888888889 0.5660473958333333 0.8845518518518519 0.5974932291666666 0.8771185185185185 0.6138130208333333 0.8714546296296297 0.6287395833333334 0.8657916666666666 0.6544135416666667 0.8675611111111111 0.6601854166666666 0.8845518518518519 0.6595880208333333 0.9004805555555555 0.6494380208333334 0.9153472222222223 0.6233661458333334 0.9110990740740741 0.60625 0.9057898148148149 0.5857505208333333 0.9118074074074074 0.5622661458333333 0.9181787037037037 0.5564942708333334 0.9093296296296296 0.547140625 0.9157009259259259
0 0.6233213541666667 0.8469601851851851 0.6364661458333334 0.8673694444444444 0.6667203125000001 0.8848111111111111 0.7044854166666668 0.9000259259259259 0.74058125 0.9044787037037036 0.7520567708333333 0.9067046296296296 0.749553125 0.9159824074074073 0.7589421875000001 0.9015101851851851 0.7835625 0.8885222222222222 0.792534375 0.8640296296296297 0.7866921875 0.8473314814814815 0.7741734375 0.8454759259259259 0.7572729166666666 0.8462175925925925 0.7489270833333334 0.8517842592592593 0.7334875000000001 0.8484444444444444 0.7366171875 0.85735 0.7234723958333333 0.8669990740740741 0.6917578125 0.8651435185185186 0.6677635416666666 0.8528972222222222 0.652740625 0.8451046296296296 0.6414739583333334 0.839537962962963 0.6341713541666666 0.8347138888888889 0.62686875 0.837312037037037
0 0.8054098958333333 0.7786000000000001 0.8025494791666666 0.802787962962963 0.7958729166666667 0.8347009259259259 0.7883614583333334 0.8554824074074074 0.7779291666666667 0.9003833333333333 0.7735473958333333 0.9137425925925926 0.7629067708333334 0.9280962962962963 0.7608203125 0.9384861111111111 0.7654104166666666 0.9425685185185185 0.7731302083333333 0.9373731481481482 0.7846057291666667 0.9236425925925926 0.7900307291666666 0.9214166666666667 0.8035927083333333 0.88505 0.8184067708333332 0.8082342592592593 0.8280046875 0.7830009259259259 0.8334291666666667 0.7596222222222223 0.8323864583333334 0.7314194444444444 0.8411494791666667 0.7518296296296296 0.8545026041666667 0.7774342592592592 0.8503296875 0.7625907407407407 0.8340552083333334 0.7262240740740741 0.8265442708333333 0.7176888888888889 0.8200760416666667 0.7162046296296296 0.8075572916666667 0.7522
0 0.8269614583333333 0.6339425925925926 0.8213276041666667 0.6528685185185185 0.8104781249999999 0.6654851851851852 0.7977505208333333 0.7159537037037037 0.7869010416666666 0.7653083333333334 0.7816848958333333 0.7801518518518519 0.7777208333333333 0.7723583333333334 0.7781380208333334 0.7953657407407407 0.7731302083333333 0.8154046296296296 0.77375625 0.8347009259259259 0.7816848958333333 0.8421231481481481 0.7967072916666668 0.8280212962962963 0.8058880208333333 0.7953657407407407 0.8138166666666666 0.7274574074074074 0.8252921875 0.6922037037037038 0.8330119791666667 0.6665981481481482 0.8323864583333334 0.6576925925925926 0.8369765625 0.6421064814814815 0.8386458333333333 0.6250370370370371
0 0.7220119791666666 0.732149074074074 0.737034375 0.7132231481481481 0.7414161458333334 0.6931842592592593 0.7633239583333334 0.6712907407407408 0.7866921875 0.6445722222222222 0.7998369791666666 0.6200805555555555 0.8025494791666666 0.6059787037037037 0.8106869791666667 0.5996703703703704 0.8240401041666666 0.5855694444444444 0.8325947916666667 0.5837138888888889 0.8394802083333333 0.5396740740740741 0.8413578125 0.5285416666666667 0.8359333333333333 0.5842046296296297 0.843653125 0.5971925925925926 0.8511645833333333 0.6035009259259259 0.8578411458333334 0.6023879629629629 0.8597187500000001 0.5827203703703704 0.8561718749999999 0.6172314814814815 0.8449052083333334 0.6127777777777778 0.8290479166666667 0.6372694444444444 0.81235625 0.6528555555555555 0.7889875 0.6780898148148148 0.7604026041666666 0.724475 0.7499703125 0.7315259259259259 0.7443369791666666 0.7311546296296296 0.7301489583333333 0.7497092592592592 0.7249328125000001 0.747112037037037
0 0.671875 0.6037037037037037 0.6697916666666667 0.6462962962962963 0.6734375 0.6481481481481481 0.690625 0.5990740740740741 0.7015625 0.5388888888888889 0.7177083333333333 0.5064814814814815 0.7244791666666667 0.4824074074074074 0.7125 0.4648148148148148 0.6942708333333333 0.49722222222222223 0.6901041666666666 0.5268518518518519
0 0.8332447916666667 0.2296888888888889 0.8367729166666666 0.2351787037037037 0.8444901041666667 0.23635555555555557 0.8500026041666667 0.22419814814814815 0.8566177083333333 0.22302222222222223 0.8477979166666666 0.24027685185185188 0.8517666666666667 0.27466111111111113 0.8427260416666668 0.3232888888888889 0.8396395833333333 0.36446574074074073 0.83545 0.42407407407407405 0.8317015624999999 0.4323092592592593 0.8259687499999999 0.46132962962962965 0.8195744791666667 0.46485925925925925 0.8219994791666667 0.4303490740740741 0.818471875 0.4056425925925926 0.823984375 0.36132870370370374 0.8277328125000001 0.30524907407407403 0.8233223958333333 0.2950537037037037 0.8213380208333334 0.29426851851851854 0.824425 0.2727 0.8288348958333334 0.24603333333333335 0.8303786458333333 0.24132685185185185
0 0.7426213541666667 0.0762138888888889 0.7532052083333334 0.09033148148148148 0.7554098958333333 0.10445 0.7858385416666667 0.150725 0.8052421875 0.1868037037037037 0.8083291666666667 0.19817592592592592 0.8039192708333334 0.2028824074074074 0.8122979166666667 0.20837222222222224 0.8206765625 0.22366666666666668 0.8270708333333334 0.23386296296296297 0.8389776041666667 0.22837222222222223 0.8460338541666667 0.22209814814814816 0.8513255208333333 0.21739166666666665 0.8389776041666667 0.21582314814814815 0.8385369791666667 0.19817592592592592 0.83148125 0.17739166666666667 0.8116364583333334 0.14562685185185184 0.8025958333333333 0.12170462962962963 0.7842947916666667 0.08758703703703703 0.7712854166666666 0.06641018518518518 0.7622453124999999 0.06758611111111111 0.7576151041666667 0.061703703703703705 0.7476927083333333 0.05386111111111111 0.739534375 0.06484166666666666 0.7408572916666666 0.06993981481481482
0 0.59085 0.4648398148148148 0.6102010416666667 0.445025 0.6280859375 0.43511666666666665 0.6316041666666667 0.44293888888888894 0.672065625 0.43146666666666667 0.6928822916666667 0.41321574074074074 0.7087151041666666 0.3939212962962963 0.7233750000000001 0.3892287037037037 0.738328125 0.3725416666666667 0.7465375000000001 0.3819277777777778 0.7421395833333333 0.4001787037037037 0.728359375 0.4147796296296296 0.7178041666666667 0.4361601851851852 0.6635624999999999 0.47683425925925926 0.6318973958333333 0.5029074074074074 0.6412796875000001 0.5081212962962962 0.6301385416666666 0.51125 0.6163578125 0.5117722222222223 0.592609375 0.5222009259259259 0.5785359375 0.5175074074074074 0.5788291666666667 0.4867416666666667
0 0.5691536458333334 0.5274157407407408 0.5738447916666666 0.5201148148148148 0.5896770833333334 0.5065574074074074 0.6002322916666666 0.5201148148148148 0.6137192708333333 0.5414953703703704 0.6292588541666666 0.5717398148148148 0.6406932291666667 0.597812962962963 0.6527145833333333 0.6275361111111112 0.6782223958333333 0.6583027777777778 0.6893640624999999 0.697412037037037 0.69945 0.7307861111111111 0.6968109375 0.7532092592592593 0.684496875 0.7537305555555556 0.6742348958333333 0.7234861111111112 0.6657322916666666 0.7000203703703705 0.6349463541666667 0.6400518518518519 0.6155953125 0.620237037037037 0.57689375 0.5701759259259259 0.5727890625000001 0.5472324074074074 0.5672182291666666 0.5341953703703705
0 0.50033125 0.6941351851851852 0.49542604166666665 0.7076574074074073 0.5000859375 0.7224888888888888 0.5071989583333333 0.7111472222222223 0.5145567708333333 0.6915175925925926 0.5216697916666667 0.667962037037037 0.5339333333333334 0.6335 0.5562526041666668 0.6191055555555556 0.5687614583333332 0.6282657407407408 0.5869109375 0.6335 0.5903447916666666 0.637862962962963 0.6045703125 0.637862962962963 0.6104567708333334 0.6387351851851851 0.6232109375 0.6710157407407408 0.6190411458333334 0.6500768518518518 0.6330213541666667 0.6753777777777777 0.6180604166666667 0.6400435185185185 0.6116833333333334 0.6282657407407408 0.6146265625 0.6151796296296297 0.6013817708333333 0.6003481481481481 0.5810244791666667 0.582462962962963 0.5734213541666667 0.5815898148148148 0.5692515625 0.5850796296296296 0.5417817708333333 0.5999111111111111 0.536140625 0.6055824074074074 0.5133307291666667 0.6352453703703704 0.5045010416666666 0.664036111111111
0 0.5662296875 0.4533009259259259 0.5675770833333333 0.4686425925925926 0.5584119791666667 0.4906962962962963 0.5484380208333334 0.527612962962963 0.5290296875 0.5678851851851852 0.518246875 0.600486111111111 0.5147427083333334 0.6091157407407408 0.5147427083333334 0.6139101851851853 0.5085427083333334 0.6321287037037037 0.5044989583333334 0.6445935185185184 0.5155515625 0.6340462962962963 0.5336119791666667 0.6076777777777778 0.5449338541666666 0.5856240740740741 0.5578729166666666 0.547749074074074 0.5691947916666666 0.5304888888888889 0.5791687499999999 0.511312037037037 0.5807859375 0.48398425925925925 0.5877947916666667 0.4662453703703704 0.5794380208333333 0.4609712962962963 0.5729687499999999 0.4609712962962963
0 0.5036906250000001 0.5448722222222222 0.5187859375 0.5218592592592592 0.5241776041666667 0.5189824074074074 0.530646875 0.48829907407407414 0.5309166666666667 0.5228185185185186 0.5363078125 0.5324064814814815 0.5438557291666667 0.5405574074074074 0.5290296875 0.5654879629629629 0.5123166666666666 0.593774074074074 0.5071947916666667 0.5971296296296296 0.49263854166666665 0.6441138888888889 0.4834729166666667 0.6978101851851852 0.48994270833333337 0.7433564814814815 0.4918296875 0.7515064814814815 0.485090625 0.7443157407407407 0.4775427083333333 0.7141111111111111 0.4794296875 0.6556203703703705 0.48535989583333333 0.618225 0.4950645833333333 0.5822675925925926 0.5026125 0.5621314814814815
0 0.4877859375 0.47871018518518516 0.4877859375 0.5189824074074074 0.47996875 0.5549398148148148 0.4734994791666667 0.5669259259259259 0.46406458333333334 0.5889796296296296 0.46433385416666667 0.6124722222222222 0.460290625 0.6177453703703704 0.46568177083333334 0.6191842592592594 0.47565572916666665 0.6244574074074074 0.4818557291666667 0.639799074074074 0.48131666666666667 0.618225 0.4907515625 0.595212037037037 0.49722083333333333 0.5487074074074074 0.5018036458333334 0.5065175925925925 0.5042296875 0.46145092592592596 0.5015338541666667 0.4331648148148148 0.49587291666666666 0.41590462962962965 0.48913385416666666 0.41974074074074075
