0 0.63125 0.25462962962962965 0.6322916666666667 0.2638888888888889 0.6401041666666667 0.26851851851851855 0.6734375 0.24259259259259258 0.6890625 0.2222222222222222 0.6994791666666667 0.20277777777777778 0.7166666666666667 0.18518518518518517 0.7276041666666667 0.18055555555555555 0.7338541666666667 0.1712962962962963 0.746875 0.14537037037037037 0.7442708333333333 0.13055555555555556 0.7390625 0.12037037037037036 0.7229166666666667 0.12685185185185185 0.7088541666666667 0.1388888888888889 0.7046875 0.14629629629629629 0.7052083333333333 0.1527777777777778 0.678125 0.20185185185185187 0.6526041666666667 0.2324074074074074 0.634375 0.24814814814814815
0 0.2171875 0.2601851851851852 0.21510416666666668 0.2824074074074074 0.21614583333333334 0.30092592592592593 0.22291666666666668 0.32314814814814813 0.23177083333333334 0.41203703703703703 0.2359375 0.42314814814814816 0.23958333333333334 0.4444444444444444 0.24270833333333333 0.44907407407407407 0.24635416666666668 0.44907407407407407 0.24947916666666667 0.4425925925925926 0.24375 0.41759259259259257 0.24427083333333333 0.4027777777777778 0.23802083333333332 0.34814814814814815 0.2375 0.3194444444444444 0.240625 0.3 0.24010416666666667 0.28425925925925927 0.2328125 0.2574074074074074 0.22239583333333332 0.25555555555555554
0 0.23229166666666667 0.5018518518518519 0.22604166666666667 0.5601851851851852 0.21510416666666668 0.5962962962962963 0.21666666666666667 0.6138888888888889 0.2234375 0.6203703703703703 0.2296875 0.6175925925925926 0.23385416666666667 0.6101851851851852 0.24010416666666667 0.5888888888888889 0.24583333333333332 0.4740740740740741 0.24427083333333333 0.4666666666666667 0.23958333333333334 0.4675925925925926
0 0.3578125 0.7824074074074074 0.3578125 0.7925925925925926 0.36354166666666665 0.7944444444444444 0.38385416666666666 0.7555555555555555 0.39375 0.7416666666666667 0.40729166666666666 0.7296296296296296 0.4234375 0.7240740740740741 0.43333333333333335 0.7083333333333334 0.434375 0.6990740740740741 0.4328125 0.6925925925925925 0.4276041666666667 0.687037037037037 0.41041666666666665 0.6962962962962963 0.39739583333333334 0.7166666666666667 0.37395833333333334 0.7435185185185185
0 0.2791666666666667 0.8592592592592593 0.2791666666666667 0.8833333333333333 0.2869791666666667 0.8833333333333333 0.32395833333333335 0.8731481481481481 0.35 0.8712962962962963 0.3692708333333333 0.8611111111111112 0.371875 0.8527777777777777 0.3692708333333333 0.8481481481481481 0.33958333333333335 0.850925925925926 0.30104166666666665 0.8416666666666667
0 0.40729166666666666 0.6064814814814815 0.40520833333333334 0.6101851851851852 0.40572916666666664 0.6148148148148148 0.4119791666666667 0.6185185185185185 0.43802083333333336 0.6138888888888889 0.4630208333333333 0.6018518518518519 0.4890625 0.6 0.5010416666666667 0.5925925925925926 0.503125 0.587037037037037 0.503125 0.5768518518518518 0.5015625 0.5712962962962963 0.49583333333333335 0.5675925925925925 0.4791666666666667 0.5666666666666667 0.4630208333333333 0.5833333333333334 0.434375 0.5925925925925926
0 0.3338541666666667 0.4564814814814815 0.3333333333333333 0.4740740740740741 0.3416666666666667 0.5009259259259259 0.35260416666666666 0.5138888888888888 0.3880208333333333 0.5944444444444444 0.39166666666666666 0.5935185185185186 0.3927083333333333 0.5851851851851851 0.38645833333333335 0.5564814814814815 0.3765625 0.5277777777777778 0.36822916666666666 0.5138888888888888 0.35260416666666666 0.4666666666666667 0.34375 0.4527777777777778 0.3380208333333333 0.45185185185185184
0 0.6083333333333333 0.49444444444444446 0.6072916666666667 0.5018518518518519 0.609375 0.5046296296296297 0.6828125 0.5018518518518519 0.696875 0.4898148148148148 0.6994791666666667 0.4842592592592593 0.6994791666666667 0.47685185185185186 0.6958333333333333 0.46574074074074073 0.6854166666666667 0.4648148148148148 0.659375 0.48055555555555557 0.6239583333333333 0.48518518518518516
0 0.6552083333333333 0.5657407407407408 0.6541666666666667 0.5722222222222222 0.6604166666666667 0.5768518518518518 0.6890625 0.5740740740740741 0.7338541666666667 0.5833333333333334 0.74375 0.5814814814814815 0.7515625 0.575925925925926 0.7541666666666667 0.5703703703703704 0.753125 0.5537037037037037 0.7421875 0.5481481481481482 0.7296875 0.549074074074074 0.71875 0.5574074074074075 0.675 0.5574074074074075 0.6578125 0.562037037037037
0 0.5901041666666667 0.5101851851851852 0.5895833333333333 0.537962962962963 0.5927083333333333 0.5740740740740741 0.5953125 0.587037037037037 0.5989583333333334 0.587037037037037 0.6010416666666667 0.5777777777777777 0.6005208333333333 0.5611111111111111 0.603125 0.55 0.6036458333333333 0.5284722222222222 0.6140625 0.44722222222222224 0.6145833333333334 0.43148148148148147 0.6098958333333333 0.41944444444444445 0.6046875 0.41574074074074074 0.5963541666666666 0.41574074074074074 0.5953125 0.4185185185185185 0.5973958333333333 0.4212962962962963 0.5979166666666667 0.4305555555555556 0.5932291666666667 0.45
0 0.5723958333333333 0.3907407407407407 0.5708333333333333 0.39166666666666666 0.5723958333333333 0.39444444444444443 0.584375 0.40185185185185185 0.5875 0.40925925925925927 0.6005208333333333 0.41388888888888886 0.6171875 0.4305555555555556 0.6322916666666667 0.44074074074074077 0.6421875 0.4425925925925926 0.646875 0.4388888888888889 0.6484375 0.4287037037037037 0.646875 0.41759259259259257 0.6380208333333334 0.4083333333333333 0.6125 0.40555555555555556 0.5802083333333333 0.38796296296296295
0 0.8116354166666666 0.5279018518518519 0.8067505208333333 0.5463574074074075 0.8067505208333333 0.578925 0.8024765625000001 0.6201768518518519 0.7908755208333333 0.6451453703703703 0.7933177083333334 0.6777129629629629 0.8030869791666666 0.6907398148148148 0.8116354166666666 0.6711990740740741 0.8183515625 0.6505731481481482 0.8152989583333333 0.6082351851851852 0.82079375 0.571325925925926 0.8195729166666667 0.5409296296296295 0.8189619791666666 0.5224740740740741
0 0.7914859375 0.344437962962963 0.7927072916666666 0.37157777777777773 0.7939281250000001 0.4128305555555556 0.8030869791666666 0.46276666666666666 0.7982026041666667 0.4779648148148148 0.8030869791666666 0.5040194444444445 0.8140776041666666 0.5203027777777778 0.8244572916666667 0.5051046296296297 0.82079375 0.4681953703703704 0.8140776041666666 0.44756851851851853 0.8085822916666667 0.41500092592592597 0.8036979166666666 0.3846046296296296 0.7963708333333333 0.3411814814814815
0 0.4410119791666667 0.40414537037037035 0.43551666666666666 0.4215148148148148 0.4416223958333333 0.4529972222222222 0.45627656250000004 0.4638527777777778 0.4709302083333334 0.4790509259259259 0.4880265625 0.5159611111111112 0.5112286458333333 0.5376722222222222 0.5264932291666666 0.5409296296296295 0.5185557291666666 0.5159611111111112 0.4977958333333333 0.5018481481481482 0.48069999999999996 0.46168148148148147 0.4684880208333333 0.4247712962962963 0.45688697916666665 0.40957314814814816
0 0.5230489583333333 0.48613888888888884 0.5142817708333334 0.49316388888888885 0.5161135416666667 0.5148750000000001 0.5271041666666666 0.5431 0.5356520833333334 0.5485287037037037 0.547253125 0.571325925925926 0.5564119791666666 0.6049787037037037 0.5625177083333334 0.6386314814814814 0.5698447916666667 0.6386314814814814 0.5667916666666667 0.6049787037037037 0.5606859375000001 0.5800101851851851 0.5527484375 0.5528703703703703 0.5405369791666667 0.5224740740740741 0.5380942708333334 0.500762962962963 0.528325 0.4855648148148148
0 0.5552239583333333 0.20161111111111113 0.5523140625 0.23651851851851852 0.5446567708333333 0.25228240740740737 0.5382083333333333 0.2823777777777778 0.533775 0.32250555555555555 0.5245052083333334 0.35475 0.5059661458333333 0.3569 0.4995177083333333 0.34041944444444444 0.5124145833333333 0.3139064814814815 0.5228932291666667 0.31032407407407403 0.5313567708333333 0.2830944444444445 0.5321630208333333 0.2580148148148148 0.5357901041666667 0.23651851851851852 0.5434473958333333 0.21502129629629632 0.5490901041666666 0.20068981481481482
0 0.5599713541666667 0.23651851851851852 0.5446567708333333 0.2501324074074074 0.5414322916666666 0.27736203703703705 0.5345807291666667 0.31247314814814814 0.52128125 0.35976574074074075 0.5023390625 0.3927277777777778 0.5087875 0.4049092592592593 0.5220869791666667 0.3712314814814815 0.5325656249999999 0.3662148148148148 0.5442536458333334 0.326087962962963 0.5515078125 0.29527592592592594 0.5635989583333333 0.27664537037037035 0.5692411458333333 0.24655
0 0.35885416666666664 0.3712962962962963 0.35625 0.37592592592592594 0.3572916666666667 0.3824074074074074 0.43697916666666664 0.387037037037037 0.44635416666666666 0.38055555555555554 0.45 0.3685185185185185 0.44635416666666666 0.35648148148148145 0.43020833333333336 0.3527777777777778 0.4125 0.36018518518518516 0.3859375 0.3592592592592593
0 0.35 0.3296296296296296 0.3484375 0.337037037037037 0.3536458333333333 0.35648148148148145 0.3619791666666667 0.36018518518518516 0.3729166666666667 0.35833333333333334 0.41041666666666665 0.3351851851851852 0.4296875 0.3296296296296296 0.4505208333333333 0.31851851851851853 0.4713541666666667 0.29907407407407405 0.4744791666666667 0.2935185185185185 0.475 0.2851851851851852 0.46875 0.27870370370370373 0.4375 0.2898148148148148 0.421875 0.30277777777777776 0.4015625 0.31203703703703706 0.38229166666666664 0.3138888888888889 0.3729166666666667 0.3111111111111111 0.3567708333333333 0.32037037037037036
0 0.35807239583333333 0.16178703703703703 0.3671729166666667 0.16671203703703705 0.3640072916666667 0.19485092592592593 0.36321614583333334 0.2152527777777778 0.3576765625 0.24128148148148149 0.35411562500000004 0.27856666666666663 0.359259375 0.3052990740740741 0.3588635416666667 0.3249972222222222 0.34541093749999996 0.3376601851851852 0.33551875000000003 0.3341425925925926 0.3347276041666667 0.2989675925925926 0.3426411458333333 0.2750490740740741 0.34343229166666667 0.2356537037037037 0.3533244791666667 0.19766574074074075
0 0.3222171875 0.270725 0.31454791666666665 0.2919333333333333 0.31810937499999997 0.3207759259259259 0.32285729166666666 0.3418805555555556 0.3287921875 0.3897185185185185 0.32285729166666666 0.41504444444444444 0.3189005208333333 0.4516259259259259 0.3323536458333333 0.41504444444444444 0.33591458333333335 0.3686138888888889 0.3367057291666667 0.34047407407407404 0.33591458333333335 0.3017824074074074 0.33354062500000003 0.28560185185185183 0.32681406249999995 0.2673111111111111
0 0.3236411458333333 0.3511111111111111 0.3165265625 0.34750925925925924 0.3098 0.3601712962962963 0.31019583333333334 0.3826833333333333 0.312965625 0.40519537037037034 0.312965625 0.4417768518518519 0.30069947916666667 0.4656953703703704 0.28607760416666667 0.48539351851851853 0.29082552083333335 0.49524166666666664 0.3046739583333334 0.47484074074074073 0.31852291666666666 0.4509222222222222 0.3212927083333333 0.4108231481481482 0.3272276041666667 0.3897185185185185 0.3232708333333333 0.3517296296296296
