0 0.8197916666666667 0.39537037037037037 0.8161458333333333 0.4361111111111111 0.8166666666666667 0.49166666666666664 0.8182291666666667 0.49722222222222223 0.8229166666666666 0.49722222222222223 0.8270833333333333 0.4898148148148148 0.8286458333333333 0.462037037037037 0.8338541666666667 0.44537037037037036 0.834375 0.42314814814814816 0.8364583333333333 0.41574074074074074 0.8375 0.28703703703703703 0.8333333333333334 0.25833333333333336 0.8260416666666667 0.24074074074074073 0.815625 0.24259259259259258 0.8072916666666666 0.2490740740740741 0.809375 0.25833333333333336 0.8078125 0.27037037037037037 0.8104166666666667 0.30462962962962964 0.81875 0.337037037037037 0.8203125 0.35462962962962963 0.8197916666666667 0.39537037037037037
0 0.5979166666666667 0.3435185185185185 0.5989583333333334 0.38796296296296295 0.5963541666666666 0.41388888888888886 0.5947916666666667 0.47962962962962963 0.6 0.48333333333333334 0.603125 0.4787037037037037 0.6114583333333333 0.4444444444444444 0.6145833333333334 0.41574074074074074 0.6140625 0.35185185185185186 0.609375 0.30833333333333335 0.6098958333333333 0.29444444444444445 0.6010416666666667 0.26851851851851855 0.5921875 0.25277777777777777 0.5916666666666667 0.23425925925925925 0.575 0.26666666666666666 0.5734375 0.2712962962962963 0.5760416666666667 0.2740740740740741 0.5755208333333334 0.27870370370370373 0.5822916666666667 0.3037037037037037 0.5916666666666667 0.32222222222222224 0.5979166666666667 0.3435185185185185
0 0.6197916666666666 0.5407407407407407 0.6385416666666667 0.475 0.6427083333333333 0.45185185185185184 0.64375 0.39537037037037037 0.6421875 0.38425925925925924 0.6385416666666667 0.3787037037037037 0.6328125 0.3888888888888889 0.6307291666666667 0.41759259259259257 0.625 0.4361111111111111 0.6119791666666666 0.5046296296296297 0.5963541666666666 0.5416666666666666 0.590625 0.5472222222222223 0.5838541666666667 0.5861111111111111 0.5833333333333334 0.6111111111111112 0.5911458333333334 0.6203703703703703 0.5953125 0.6212962962962963 0.6010416666666667 0.6203703703703703 0.6119791666666666 0.5916666666666667 0.6197916666666666 0.5407407407407407
0 0.584375 0.7712962962962963 0.61875 0.7953703703703704 0.6380208333333334 0.8046296296296296 0.6515625 0.8037037037037037 0.6625 0.7972222222222223 0.6697916666666667 0.7675925925925926 0.6786458333333333 0.7592592592592593 0.6739583333333333 0.7546296296296297 0.6614583333333334 0.7611111111111111 0.6276041666666666 0.7398148148148148 0.5520833333333334 0.7185185185185186 0.5265625 0.7222222222222222 0.5140625 0.7314814814814815 0.5052083333333334 0.7324074074074074 0.49895833333333334 0.7398148148148148 0.49895833333333334 0.7490740740740741 0.5041666666666667 0.7546296296296297 0.5223958333333333 0.7546296296296297 0.5302083333333333 0.7592592592592593 0.5572916666666666 0.7620370370370371 0.584375 0.7712962962962963
0 0.5072916666666667 0.8731481481481481 0.5109375 0.887962962962963 0.5244791666666667 0.9074074074074074 0.5286458333333334 0.9175925925925926 0.5411458333333333 0.9111111111111111 0.546875 0.8962962962962963 0.5291666666666667 0.8481481481481481 0.5231770833333333 0.85 0.5046875 0.8287037037037037 0.49270833333333336 0.8009259259259259 0.4828125 0.7685185185185185 0.4744791666666667 0.7555555555555555 0.46979166666666666 0.7361111111111112 0.4671875 0.7314814814814815 0.46145833333333336 0.7361111111111112 0.4625 0.7518518518518519 0.46822916666666664 0.7703703703703704 0.471875 0.775 0.46979166666666666 0.7861111111111111 0.475 0.8046296296296296 0.5072916666666667 0.8731481481481481
0 0.47291666666666665 0.9 0.47604166666666664 0.8925925925925926 0.47291666666666665 0.8842592592592593 0.46041666666666664 0.8814814814814815 0.4515625 0.875 0.41041666666666665 0.8703703703703703 0.3776041666666667 0.8527777777777777 0.35208333333333336 0.8527777777777777 0.3515625 0.8731481481481481 0.3567708333333333 0.8842592592592593 0.3770833333333333 0.8962962962962963 0.44947916666666665 0.9055555555555556 0.4583333333333333 0.9 0.47291666666666665 0.9
0 0.28541666666666665 0.17407407407407408 0.2984375 0.14166666666666666 0.3026041666666667 0.11851851851851852 0.3140625 0.10648148148148148 0.31354166666666666 0.10185185185185185 0.31666666666666665 0.09814814814814815 0.321875 0.09907407407407408 0.3411458333333333 0.05185185185185185 0.33489583333333334 0.05092592592592592 0.3229166666666667 0.062037037037037036 0.3140625 0.06388888888888888 0.3026041666666667 0.0787037037037037 0.28177083333333336 0.11851851851851852 0.26875 0.1527777777777778 0.2557291666666667 0.17314814814814813 0.246875 0.19722222222222222 0.24010416666666667 0.22777777777777777 0.24739583333333334 0.23981481481481481 0.25625 0.24722222222222223 0.2671875 0.22962962962962963 0.28229166666666666 0.1925925925925926 0.28541666666666665 0.17407407407407408
0 0.5552083333333333 0.18888888888888888 0.5640625 0.1814814814814815 0.565625 0.17685185185185184 0.5630208333333333 0.16574074074074074 0.5489583333333333 0.16296296296296298 0.5369791666666667 0.14907407407407408 0.5203125 0.13703703703703704 0.4708333333333333 0.08981481481481482 0.4588541666666667 0.08425925925925926 0.4427083333333333 0.08611111111111111 0.43802083333333336 0.1 0.4375 0.11481481481481481 0.46979166666666666 0.13425925925925927 0.4901041666666667 0.14166666666666666 0.5291666666666667 0.1814814814814815 0.5473958333333333 0.18425925925925926 0.5552083333333333 0.18888888888888888
0 0.3640625 0.11851851851851852 0.38385416666666666 0.12407407407407407 0.4125 0.12222222222222222 0.41510416666666666 0.11296296296296296 0.4119791666666667 0.10740740740740741 0.39895833333333336 0.10277777777777777 0.39166666666666666 0.09537037037037037 0.36041666666666666 0.09351851851851851 0.3260416666666667 0.09722222222222222 0.3067708333333333 0.1111111111111111 0.303125 0.11851851851851852 0.3026041666666667 0.13796296296296295 0.30833333333333335 0.14537037037037037 0.3234375 0.14166666666666666 0.3359375 0.12685185185185185 0.3489583333333333 0.11944444444444445 0.3640625 0.11851851851851852
0 0.34608802083333334 0.38814629629629627 0.3412 0.391725 0.33573749999999997 0.38610092592592593 0.32394947916666667 0.38098796296296294 0.31359947916666664 0.3848231481481481 0.33228749999999996 0.3914694444444444 0.33818125 0.3965824074074074 0.33300625 0.4147324074074074 0.33228749999999996 0.44285277777777776 0.3343 0.4668824074074074 0.33415625000000004 0.49525833333333336 0.32014010416666666 0.5425148148148149 0.31611510416666666 0.5583648148148148 0.30892760416666665 0.5716574074074074 0.31209010416666666 0.571912962962963 0.3189901041666667 0.5683342592592593 0.3248838541666667 0.5668009259259259 0.331640625 0.567312037037037 0.335378125 0.5583648148148148 0.340984375 0.5332037037037037 0.3478848958333333 0.495625 0.3563661458333333 0.4611944444444444 0.35938489583333333 0.4445777777777778 0.3580911458333333 0.4190138888888889 0.35492864583333333 0.3995851851851852 0.3549876807291667 0.39957094259259257 0.35356302083333335 0.3955592592592593 0.3601755208333334 0.39095833333333335 0.3706697916666667 0.38201111111111113 0.38087604166666666 0.375875 0.36549479166666665 0.37792037037037035 0.35873802083333334 0.38584537037037037 0.3519817708333333 0.3914694444444444 0.34608802083333334 0.38814629629629627
0 0.37190208333333336 0.5159092592592592 0.36500781250000003 0.5234157407407407 0.35628489583333334 0.533924074074074 0.34812395833333337 0.549937037037037 0.33841614583333335 0.5636981481481481 0.3332098958333333 0.564699074074074 0.32504947916666665 0.5704537037037037 0.31857760416666664 0.5712046296296296 0.30830625 0.5722055555555555 0.30056822916666665 0.5752083333333333 0.2932515625 0.580212037037037 0.28452812499999997 0.5852166666666666 0.28213645833333334 0.5882185185185185 0.27890052083333333 0.5824638888888889 0.27369427083333336 0.5674518518518518 0.27299114583333334 0.549687037037037 0.271865625 0.5396787037037036 0.26905156249999995 0.550937962962963 0.271865625 0.5714546296296297 0.2765083333333333 0.5864675925925926 0.2803072916666667 0.5947240740740741 0.27988541666666666 0.5989777777777777 0.27974479166666666 0.6089861111111111 0.2817145833333334 0.6144907407407407 0.27664895833333336 0.6234981481481482 0.2715838541666667 0.6355074074074074 0.26708177083333334 0.6477675925925926 0.2680666666666667 0.6595277777777777 0.2741166666666667 0.6615287037037038 0.2705989583333333 0.6555240740740741 0.272709375 0.6455157407407408 0.286040625 0.6174953703703704 0.29814114583333334 0.621249074074074 0.31080364583333336 0.6172453703703704 0.3239942708333333 0.6044925925925926 0.34144114583333335 0.5874787037037037 0.35649583333333335 0.5757185185185185 0.3697213541666667 0.5614574074074075 0.3783041666666667 0.5454435185185185 0.38027395833333333 0.5356861111111112 0.38505781250000004 0.5256777777777778 0.39167031249999995 0.5131444444444445 0.3931479166666667 0.5071518518518519 0.39047447916666667 0.49989629629629634 0.38358020833333334 0.5018972222222222 0.3765453125 0.5111555555555556 0.37190208333333336 0.5159092592592592
0 0.4563947916666667 0.6288546296296297 0.4521625 0.6423398148148148 0.4500463541666667 0.6520611111111111 0.44740104166666667 0.6683685185185185 0.44299218749999997 0.6831083333333333 0.44087604166666666 0.7038064814814815 0.44510833333333333 0.7135277777777778 0.4433447916666667 0.7219953703703703 0.436290625 0.7298351851851852 0.428884375 0.7389296296296296 0.4341744791666667 0.7354805555555555 0.4422869791666667 0.7295212962962964 0.4475770833333333 0.7213675925925926 0.45286770833333334 0.7210546296296296 0.4572765625 0.7320305555555555 0.4613328125 0.7455157407407408 0.4597453125 0.7298351851851852 0.45709999999999995 0.7185453703703704 0.4622145833333333 0.7012972222222221 0.4634489583333333 0.6815398148148148 0.4608036458333334 0.6636648148148149 0.4643307291666667 0.6395166666666666 0.468915625 0.6122333333333333 0.4756171875 0.5871444444444445 0.477909375 0.5557777777777778 0.4735005208333333 0.5597092592592593 0.4710317708333333 0.570999074074074 0.4662703125 0.5829157407407407 0.4595692708333334 0.6092592592592593 0.4563947916666667 0.6288546296296297
0 0.4643307291666667 0.5866333333333333 0.46944479166666664 0.5675037037037037 0.4761458333333334 0.5559 0.4861979166666667 0.5301842592592593 0.49466302083333336 0.5091731481481482 0.5018932291666667 0.4947472222222222 0.5063020833333334 0.4825166666666667 0.5066546875 0.4702861111111111 0.5108869791666667 0.46244537037037037 0.5177645833333333 0.45052870370370374 0.5197046875 0.43829814814814816 0.5186463541666667 0.43014444444444444 0.5089473958333334 0.4263814814814815 0.499953125 0.44362962962962965 0.49501562499999996 0.456487037037037 0.48919583333333333 0.46307314814814815 0.4787911458333333 0.49144259259259265 0.4722661458333333 0.5133953703703703 0.4643307291666667 0.5401296296296296 0.4521625 0.5637240740740741 0.4399942708333333 0.5844842592592593 0.4325875 0.5967148148148148 0.42518072916666666 0.6149037037037037 0.4188322916666667 0.6296435185185185 0.41583437500000003 0.642187962962963 0.41336510416666666 0.6478324074074074 0.40472395833333336 0.6503416666666667 0.39361406250000003 0.645637037037037 0.3830328125 0.6425009259259259 0.3955541666666667 0.6525361111111111 0.40595833333333337 0.6584953703703703 0.41512864583333337 0.6581814814814815 0.41795052083333334 0.6657083333333333 0.42271197916666664 0.6713527777777778 0.42271197916666664 0.6760564814814815 0.42324114583333333 0.6945592592592593 0.424828125 0.7240388888888889 0.4274734375 0.7384638888888889 0.42853125 0.7161981481481482 0.42835520833333335 0.6719796296296296 0.43840729166666664 0.666649074074074 0.44726875 0.654925925925926 0.4484588541666667 0.6528037037037038 0.4530442708333334 0.6364962962962963 0.4551604166666667 0.6226981481481482 0.45921614583333337 0.6038814814814815 0.4643307291666667 0.5866333333333333
0 0.5038328125 0.38917962962962965 0.5036567708333333 0.37444074074074074 0.5018932291666667 0.3603287037037037 0.5025984375 0.35499722222222224 0.5047145833333333 0.3484111111111111 0.5135322916666667 0.34464814814814815 0.5274640625 0.33900277777777776 0.5352234374999999 0.3371212962962963 0.5278166666666667 0.3327314814814815 0.5172359375 0.3368083333333333 0.5059494791666667 0.34276666666666666 0.50030625 0.35029259259259254 0.49413385416666666 0.35060648148148144 0.48760885416666666 0.34997962962962964 0.48443437500000003 0.34652962962962963 0.47473541666666663 0.33492592592592596 0.462390625 0.32050092592592594 0.47579322916666666 0.3411981481481482 0.4840817708333333 0.35028148148148147 0.4787911458333333 0.35780833333333334 0.47455885416666665 0.3885324074074074 0.47385364583333334 0.411112037037037 0.4735005208333333 0.43682777777777776 0.47191354166666666 0.4534490740740741 0.466446875 0.4728925925925926 0.46062708333333335 0.48543703703703706 0.4556895833333333 0.500175925925926 0.450928125 0.5158564814814814 0.44528489583333336 0.531537037037037 0.44457916666666664 0.5409444444444444 0.44175781249999996 0.5478444444444445 0.43593802083333333 0.5575657407407408 0.43382187499999997 0.5713648148148148 0.4347036458333333 0.5801453703703704 0.43805416666666663 0.5845361111111111 0.4422869791666667 0.5807731481481482 0.4459901041666667 0.5729324074074075 0.45163333333333333 0.5607018518518518 0.4560421875 0.5553703703703703 0.46027447916666664 0.5478444444444445 0.466446875 0.5302824074074074 0.4727953125 0.510838888888889 0.4775567708333333 0.49202222222222225 0.4833765625 0.4719518518518519 0.4895484375 0.45250833333333335 0.49444218749999996 0.426062962962963 0.49501562499999996 0.42618518518518517 0.4960734375 0.42085462962962966 0.50030625 0.4130138888888889 0.5025984375 0.4048601851851852 0.5038328125 0.38917962962962965
0 0.8560994791666666 0.5222490740740741 0.8500921874999999 0.5138333333333334 0.8439031250000001 0.5160990740740741 0.8404442708333334 0.5102722222222222 0.8331630208333334 0.5076824074074074 0.8317067708333333 0.49473425925925923 0.82715625 0.484375 0.8282484375 0.4882601851851852 0.8320708333333333 0.5105925925925926 0.8277020833333334 0.5109166666666667 0.8227875 0.5296916666666667 0.82133125 0.5504092592592593 0.8229692708333334 0.5649759259259259 0.8209671875000001 0.5944342592592593 0.8167802083333334 0.6251861111111111 0.8111369791666667 0.6517305555555556 0.8129572916666666 0.6585287037037038 0.8173265625 0.6637074074074074 0.8218770833333333 0.6711527777777778 0.8231515625 0.6656500000000001 0.8262458333333333 0.6423425925925926 0.8309786458333334 0.6031740740740741 0.835165625 0.5633574074074075 0.8395343749999999 0.5555888888888888 0.8451770833333333 0.5410212962962963 0.8453593749999999 0.5206277777777778 0.8479078125 0.5170703703703704 0.8493640625 0.5170703703703704 0.8528229166666667 0.5212787037037037 0.8590119791666667 0.5277527777777777 0.8560994791666666 0.5222490740740741
0 0.7944359375 0.6272851851851852 0.7798729166666667 0.6000935185185186 0.7680411458333333 0.5809944444444445 0.7567552083333333 0.5635148148148148 0.7456510416666667 0.5573638888888889 0.7405541666666667 0.5473287037037037 0.7321807291666667 0.5402074074074074 0.7252635416666667 0.5340564814814814 0.7212588541666667 0.5359990740740741 0.7212588541666667 0.5427972222222223 0.7263557291666667 0.5541268518518518 0.7350932291666666 0.5683703703703704 0.7539791666666668 0.5957157407407407 0.768359375 0.6152935185185185 0.7783713541666667 0.6369824074074074 0.7907953125 0.6669101851851852 0.7929796875 0.6779166666666666 0.79916875 0.7051083333333333 0.8102723958333333 0.7274435185185185 0.812275 0.7316518518518518 0.8142770833333334 0.7429824074074075 0.8168255208333334 0.7397453703703704 0.8186458333333333 0.7335944444444444 0.8264734375 0.7313287037037037 0.8295682291666666 0.722912037037037 0.8361213541666667 0.7225879629629629 0.847225 0.7271203703703704 0.8517760416666668 0.7300333333333333 0.8481354166666667 0.7232361111111112 0.83994375 0.7190277777777777 0.8308421875 0.7170851851851852 0.8312062499999999 0.7055583333333334 0.8299322916666667 0.6965592592592592 0.82538125 0.6777842592592592 0.8157333333333334 0.6622462962962963 0.8048114583333333 0.6463842592592592 0.7944359375 0.6272851851851852
0 0.8272927083333333 0.7427166666666667 0.8221958333333333 0.7365666666666666 0.8169166666666666 0.7391564814814815 0.8087255208333333 0.7498388888888889 0.8001697916666667 0.7686138888888888 0.799259375 0.7893314814814815 0.7998057291666666 0.8013083333333333 0.7948906250000001 0.8149046296296296 0.7888838541666666 0.8259101851851851 0.7819666666666667 0.841125 0.7745031250000001 0.8602240740740741 0.7708625 0.8793222222222222 0.7701343749999999 0.8925944444444444 0.7697703125 0.9048953703703704 0.76795 0.9165490740740742 0.7677677083333333 0.924137037037037 0.7708625 0.9332009259259259 0.7763234375 0.9348194444444444 0.7786901041666667 0.9238138888888889 0.7805104166666667 0.9092462962962963 0.78105625 0.902125 0.7877916666666667 0.8937083333333333 0.7950729166666667 0.8726675925925926 0.7988953124999999 0.8558342592592593 0.8059947916666667 0.8412675925925925 0.8130942708333334 0.8221685185185186 0.8207395833333333 0.8033935185185185 0.8269286458333334 0.7833231481481482 0.8300229166666667 0.763900925925926 0.8289307291666667 0.7548370370370371 0.8272927083333333 0.7457731481481481 0.8302963541666667 0.7468194444444445 0.8394885416666666 0.746925 0.8476802083333334 0.7430407407407408 0.8498645833333334 0.7385083333333334 0.8445859375 0.7401268518518519 0.8332994791666667 0.7410981481481481 0.8272927083333333 0.7427166666666667
