0 0.3729166666666667 0.5583333333333333 0.3963541666666667 0.5583333333333333 0.39895833333333336 0.5527777777777778 0.3953125 0.5444444444444444 0.3770833333333333 0.5314814814814814 0.3265625 0.5203703703703704 0.3145833333333333 0.5120370370370371 0.29741770833333336 0.5138194444444444 0.2927354166666667 0.503411111111111 0.2868822916666666 0.46594259259259263 0.28802083333333334 0.524074074074074 0.28259010416666663 0.5582268518518518 0.29039427083333336 0.5443490740740741 0.30104166666666665 0.55 0.3149765625 0.5582268518518518 0.33489583333333334 0.5509259259259259 0.3729166666666667 0.5583333333333333
0 0.44427083333333334 0.7157407407407408 0.4546875 0.7037037037037037 0.4661458333333333 0.6657407407407407 0.4546875 0.6472222222222223 0.43802083333333336 0.6685185185185185 0.4317708333333333 0.6805555555555556 0.428125 0.7018518518518518 0.41302083333333334 0.7379629629629629 0.38958333333333334 0.774074074074074 0.38333333333333336 0.7888888888888889 0.3734375 0.799074074074074 0.3723958333333333 0.8083333333333333 0.37916666666666665 0.8111111111111111 0.4041666666666667 0.7944444444444444 0.4197916666666667 0.7675925925925926 0.43072916666666666 0.7388888888888889 0.44427083333333334 0.7157407407407408
0 0.5171875 0.7685185185185185 0.53125 0.7555555555555555 0.51875 0.7064814814814815 0.50625 0.6888888888888889 0.48125 0.6277777777777778 0.46927083333333336 0.6083333333333333 0.46197916666666666 0.6037037037037037 0.4510416666666667 0.5814814814814815 0.4453125 0.5833333333333334 0.4453125 0.5907407407407408 0.4546875 0.6222222222222222 0.49270833333333336 0.7037037037037037 0.49895833333333334 0.7314814814814815 0.5067708333333333 0.7518518518518519 0.5171875 0.7685185185185185
0 0.5223958333333333 0.6351851851851852 0.5651041666666666 0.6148148148148148 0.5854166666666667 0.6 0.5921875 0.5990740740740741 0.5994791666666667 0.5879629629629629 0.5994791666666667 0.5814814814814815 0.5958333333333333 0.5777777777777777 0.5713541666666667 0.5805555555555556 0.5578125 0.5842592592592593 0.5447916666666667 0.5962962962962963 0.5197916666666667 0.6037037037037037 0.5098958333333333 0.6 0.50625 0.587037037037037 0.4817708333333333 0.5657407407407408 0.4791666666666667 0.5601851851851852 0.4713541666666667 0.562962962962963 0.46458333333333335 0.5768518518518518 0.4640625 0.5888888888888889 0.4661458333333333 0.5990740740740741 0.47708333333333336 0.6175925925925926 0.4822916666666667 0.6240740740740741 0.5088541666666667 0.6370370370370371 0.5223958333333333 0.6351851851851852
0 0.5526041666666667 0.7972222222222223 0.5640625 0.837037037037037 0.5677083333333334 0.8388888888888889 0.5651041666666666 0.7759259259259259 0.5645833333333333 0.7046296296296296 0.5666666666666667 0.6972222222222222 0.5661458333333333 0.6814814814814815 0.5604166666666667 0.6537037037037037 0.5541666666666667 0.6546296296296297 0.5447916666666667 0.6472222222222223 0.5442708333333334 0.6537037037037037 0.5463541666666667 0.6546296296296297 0.5479166666666667 0.6620370370370371 0.5453125 0.6814814814814815 0.5489583333333333 0.712037037037037 0.5526041666666667 0.7972222222222223
0 0.6786458333333333 0.45092592592592595 0.6901041666666666 0.4546296296296296 0.7010416666666667 0.46296296296296297 0.7067708333333333 0.4638888888888889 0.7125 0.4583333333333333 0.7088541666666667 0.4462962962962963 0.6947916666666667 0.43703703703703706 0.6520833333333333 0.362962962962963 0.640625 0.33055555555555555 0.640625 0.3175925925925926 0.6296875 0.2972222222222222 0.6161458333333333 0.2814814814814815 0.609375 0.28425925925925927 0.6020833333333333 0.29444444444444445 0.6052083333333333 0.31666666666666665 0.6140625 0.3416666666666667 0.6411458333333333 0.3814814814814815 0.65 0.4046296296296296 0.665625 0.4351851851851852 0.6786458333333333 0.45092592592592595
0 0.6208333333333333 0.9092592592592592 0.6385416666666667 0.9231481481481482 0.65625 0.9259259259259259 0.6708333333333333 0.9231481481481482 0.6755208333333333 0.937037037037037 0.6776041666666667 0.937037037037037 0.678125 0.8861111111111111 0.6697916666666667 0.8759259259259259 0.6453125 0.8629629629629629 0.6421875 0.8583333333333333 0.6380208333333334 0.8583333333333333 0.6296875 0.8666666666666667 0.621875 0.8666666666666667 0.5864583333333333 0.8629629629629629 0.5505208333333333 0.8527777777777777 0.5375 0.8546296296296296 0.5234375 0.8472222222222222 0.5171875 0.8490740740740741 0.5151041666666667 0.8564814814814815 0.5177083333333333 0.8648148148148148 0.5364583333333334 0.8768518518518519 0.5411458333333333 0.8842592592592593 0.55625 0.8916666666666667 0.6208333333333333 0.9092592592592592
0 0.4546875 0.9009259259259259 0.45989583333333334 0.8925925925925926 0.4552083333333333 0.8824074074074074 0.4427083333333333 0.8805555555555555 0.434375 0.8740740740740741 0.3953125 0.8685185185185185 0.38125 0.8629629629629629 0.36822916666666666 0.8527777777777777 0.35104166666666664 0.8472222222222222 0.3375 0.8444444444444444 0.33541666666666664 0.8583333333333333 0.33489583333333334 0.8722222222222222 0.3421875 0.8833333333333333 0.36041666666666666 0.8944444444444445 0.39375 0.9018518518518519 0.42916666666666664 0.9046296296296297 0.4546875 0.9009259259259259
0 0.7244791666666667 0.8953703703703704 0.73125 0.8953703703703704 0.7390625 0.8888888888888888 0.7442708333333333 0.8787037037037037 0.7447916666666666 0.8712962962962963 0.7276041666666667 0.8324074074074074 0.7244791666666667 0.8185185185185185 0.7078125 0.8092592592592592 0.6697916666666667 0.7407407407407407 0.6630208333333333 0.7361111111111112 0.6583333333333333 0.7379629629629629 0.6588541666666666 0.7472222222222222 0.6822916666666666 0.7935185185185185 0.6953125 0.8537037037037037 0.6989583333333333 0.862037037037037 0.7104166666666667 0.8814814814814815 0.7244791666666667 0.8953703703703704
0 0.7938588541666667 0.6785037037037037 0.7868041666666666 0.6811453703703704 0.7968296875 0.7009527777777778 0.8094536458333333 0.7247222222222223 0.8224494791666667 0.7359472222222222 0.8313609375 0.7220814814814814 0.8491833333333333 0.7319851851851852 0.8499260416666666 0.7247222222222223 0.8313609375 0.7115175925925925 0.8243062499999999 0.6765231481481482 0.809825 0.654074074074074 0.7879182291666668 0.6184194444444445 0.7697244791666668 0.5840861111111111 0.7455895833333333 0.5603166666666667 0.7170989583333333 0.5401916666666667 0.718484375 0.561637037037037 0.7363067708333334 0.5768231481481482 0.73890625 0.5906888888888888 0.7615557291666666 0.6098361111111111 0.7808635416666667 0.6421898148148149 0.7938588541666667 0.6785037037037037
0 0.8235635416666667 0.6752027777777778 0.8224494791666667 0.6534138888888888 0.8306182291666667 0.635587037037037 0.8324744791666667 0.5939898148148148 0.8354453125 0.561637037037037 0.8410145833333333 0.5556722222222222 0.8469557291666666 0.5312416666666666 0.8450989583333333 0.5167157407407408 0.8521536458333333 0.5180370370370371 0.8592083333333334 0.5312416666666666 0.8599510416666667 0.5226583333333333 0.8484406250000001 0.5120944444444444 0.8421286458333334 0.5120944444444444 0.8354453125 0.506812037037037 0.8317322916666666 0.48964537037037037 0.8283901041666667 0.48898518518518524 0.830825 0.5111574074074073 0.8239348958333333 0.5240018518518519 0.8165088541666666 0.5563546296296297 0.8231921875 0.5556944444444444 0.8187364583333333 0.6005925925925926 0.8124244791666667 0.6560546296296296 0.8235635416666667 0.6752027777777778
0 0.7933755208333333 0.7822787037037037 0.8025307291666667 0.7817361111111111 0.7979531249999999 0.8088712962962963 0.7878822916666667 0.8332916666666667 0.7768953125 0.8560851851851852 0.7689604166666667 0.8881037037037037 0.7698760416666667 0.8940731481481482 0.7637723958333333 0.9184944444444445 0.7662140625 0.9369453703703703 0.7756744791666667 0.9320611111111111 0.7787265624999999 0.906012037037037 0.7833041666666667 0.9027564814814815 0.7894078125 0.8902740740740741 0.7973427083333333 0.864225 0.8077192708333333 0.8360055555555556 0.8217578125 0.8001879629629629 0.8281666666666666 0.771425 0.8315234375 0.7627425925925926 0.82755625 0.7497175925925926 0.8330494791666666 0.7464611111111111 0.8489192708333333 0.7366935185185185 0.8379322916666666 0.7399490740740741 0.8281666666666666 0.7394064814814815 0.8222354166666667 0.7368694444444444 0.8168744791666666 0.7328944444444444 0.8144333333333333 0.7410342592592593 0.808634375 0.7546018518518519 0.8019203125 0.7681694444444445 0.7933755208333333 0.7822787037037037
0 0.2755208333333333 0.2759259259259259 0.265625 0.2601851851851852 0.2598958333333333 0.23981481481481481 0.26510416666666664 0.23333333333333334 0.28020833333333334 0.2 0.28489583333333335 0.17685185185185184 0.2984375 0.14907407407407408 0.303125 0.13333333333333333 0.3229166666666667 0.09814814814814815 0.3296875 0.08333333333333333 0.3302083333333333 0.07685185185185185 0.34010416666666665 0.06111111111111111 0.3416666666666667 0.05185185185185185 0.3328125 0.05092592592592592 0.3223958333333333 0.06018518518518518 0.31302083333333336 0.06296296296296296 0.3026041666666667 0.07685185185185185 0.2864583333333333 0.10740740740740741 0.2682291666666667 0.1527777777777778 0.24947916666666667 0.18703703703703703 0.24114583333333334 0.2222222222222222 0.23385416666666667 0.21851851851851853 0.228125 0.20555555555555555 0.228125 0.21203703703703702 0.23229166666666667 0.22407407407407406 0.259375 0.2574074074074074 0.26666666666666666 0.2722222222222222 0.2760416666666667 0.2814814814814815 0.2755208333333333 0.2759259259259259
0 0.5480041666666666 0.3484407407407407 0.5461427083333333 0.3343740740740741 0.5747604166666667 0.31079074074074076 0.5963984375 0.28679444444444446 0.6154770833333333 0.27479629629629626 0.6026802083333334 0.27479629629629626 0.5863937499999999 0.2834851851851852 0.5573109375 0.2925870370370371 0.5331135416666667 0.2942416666666667 0.5172927083333333 0.3029305555555556 0.5138026041666667 0.30789444444444447 0.5105453125 0.30003425925925925 0.5049614583333333 0.28555370370370375 0.5033328125 0.254937037037037 0.503565625 0.28679444444444446 0.5000755208333333 0.2880361111111111 0.5075208333333333 0.30251666666666666 0.5119411458333334 0.31079074074074076 0.5105453125 0.3223759259259259 0.5133375 0.3343740740740741 0.5122338541666667 0.33419166666666666 0.5089166666666667 0.3579564814814815 0.5065901041666667 0.3865037037037037 0.5163619791666666 0.3360287037037037 0.5368364583333334 0.34140740740740744 0.5410244791666667 0.33975185185185186 0.5480041666666666 0.3484407407407407
0 0.6727947916666667 0.2318037037037037 0.6944020833333333 0.2364138888888889 0.6802854166666666 0.23026666666666665 0.6702015625000001 0.22411851851851852 0.6676088541666666 0.21182314814814815 0.6727947916666667 0.17493703703703703 0.6684729166666667 0.18364629629629628 0.6641515625000001 0.2087490740740741 0.6540682291666666 0.21131111111111112 0.6474416666666667 0.2148972222222222 0.6287151041666666 0.22770462962962962 0.6111411458333333 0.24512407407407405 0.5918380208333333 0.2517833333333333 0.5610109375000001 0.2630546296296296 0.5546729166666666 0.28047314814814817 0.5392355625 0.2899172537037037 0.554096875 0.29328055555555554 0.5880927083333333 0.2799611111111111 0.6177671875 0.27688703703703704 0.63044375 0.27125185185185186 0.6506109375 0.26202962962962967 0.6653041666666667 0.24614814814814812 0.6681848958333333 0.23334074074074074 0.6727947916666667 0.2318037037037037
0 0.8088541666666667 0.262037037037037 0.8104166666666667 0.30648148148148147 0.815625 0.3194444444444444 0.8203125 0.3472222222222222 0.8203125 0.3814814814814815 0.8151041666666666 0.45092592592592595 0.8166666666666667 0.45555555555555555 0.8161458333333333 0.49166666666666664 0.8182291666666667 0.4981481481481482 0.8223958333333333 0.49907407407407406 0.828125 0.48703703703703705 0.8291666666666667 0.462037037037037 0.8333333333333334 0.44722222222222224 0.8369791666666667 0.41574074074074074 0.8380208333333333 0.38796296296296295 0.8369791666666667 0.3333333333333333 0.8390625 0.29074074074074074 0.8296875 0.23981481481481481 0.8348958333333333 0.21944444444444444 0.8395833333333333 0.2111111111111111 0.8458333333333333 0.18425925925925926 0.8453125 0.17777777777777778 0.8411458333333334 0.18425925925925926 0.8359375 0.2037037037037037 0.821875 0.2324074074074074 0.821875 0.23703703703703705 0.7979166666666667 0.24537037037037038 0.7744791666666667 0.26296296296296295 0.7734375 0.2675925925925926 0.7848958333333333 0.2574074074074074 0.790625 0.25833333333333336 0.7973958333333333 0.25277777777777777 0.8029515625 0.25277777777777777 0.8088541666666667 0.262037037037037
0 0.5916666666666667 0.4935185185185185 0.5947916666666667 0.48703703703703705 0.6119791666666666 0.49907407407407406 0.6307291666666667 0.5018518518518519 0.6385416666666667 0.5111111111111111 0.6427083333333333 0.5277777777777778 0.6421875 0.5527777777777778 0.63125 0.600925925925926 0.6239583333333333 0.6175925925925926 0.625 0.625 0.6307291666666667 0.625 0.6463541666666667 0.5972222222222222 0.6520833333333333 0.5768518518518518 0.65625 0.549074074074074 0.6557291666666667 0.524074074074074 0.6520833333333333 0.5018518518518519 0.6322916666666667 0.4583333333333333 0.6171875 0.45185185185185184 0.6015625 0.4527777777777778 0.5916666666666667 0.44166666666666665 0.5864583333333333 0.4425925925925926 0.578125 0.43333333333333335 0.5796875 0.44074074074074077 0.5916666666666667 0.46111111111111114 0.5911458333333334 0.4824074074074074 0.5869791666666667 0.5009259259259259 0.5875 0.5222222222222223 0.5916666666666667 0.4935185185185185
