0 0.7828125 0.8740740740740741 0.790625 0.8703703703703703 0.8109375 0.8342592592592593 0.8151041666666666 0.8351851851851851 0.8255208333333334 0.8518518518518519 0.8260416666666667 0.8444444444444444 0.8229166666666666 0.837037037037037 0.8135416666666667 0.825 0.8057291666666667 0.8083333333333333 0.8052083333333333 0.7611111111111111 0.8026041666666667 0.7425925925925926 0.8010416666666667 0.7842592592592592 0.796875 0.8055555555555556 0.7729166666666667 0.8277777777777777 0.7666666666666667 0.8444444444444444 0.7588541666666667 0.8564814814814815 0.7473958333333334 0.8675925925925926 0.709375 0.8888888888888888 0.68125 0.9203703703703704 0.6817708333333333 0.9296296296296296 0.6895833333333333 0.9314814814814815 0.7005208333333334 0.925 0.7192708333333333 0.9231481481481482 0.7401041666666667 0.9111111111111111 0.7828125 0.8740740740740741
0 0.5557291666666667 0.6712962962962963 0.5703125 0.6833333333333333 0.5864583333333333 0.6861111111111111 0.6005208333333333 0.6833333333333333 0.6057291666666667 0.6787037037037037 0.6119791666666666 0.6842592592592592 0.6348958333333333 0.7277777777777777 0.634375 0.7194444444444444 0.6276041666666666 0.7 0.6145833333333334 0.6759259259259259 0.6135416666666667 0.6638888888888889 0.6171875 0.6453703703703704 0.6385416666666667 0.6296296296296297 0.6463541666666667 0.6222222222222222 0.646875 0.6185185185185185 0.6078682291666666 0.635087962962963 0.5828838541666667 0.6273990740740741 0.574715625 0.6154370370370371 0.5617432291666666 0.6282527777777778 0.48854166666666665 0.6194444444444445 0.471875 0.6231481481481481 0.4640625 0.6324074074074074 0.45208333333333334 0.6351851851851852 0.44427083333333334 0.6435185185185185 0.4432291666666667 0.6509259259259259 0.44947916666666665 0.6574074074074074 0.4666666666666667 0.6574074074074074 0.48020833333333335 0.662962962962963 0.5328125 0.662962962962963 0.5557291666666667 0.6712962962962963
0 0.390625 0.8055555555555556 0.39791666666666664 0.7907407407407407 0.4203125 0.7268518518518519 0.4296875 0.6805555555555556 0.4276041666666667 0.6638888888888889 0.4234375 0.6638888888888889 0.4197916666666667 0.6685185185185185 0.4171875 0.6814814814814815 0.40572916666666664 0.7046296296296296 0.3796875 0.7851851851851852 0.3609375 0.8148148148148148 0.35260416666666666 0.837037037037037 0.3489583333333333 0.8564814814814815 0.353125 0.8731481481481481 0.365625 0.8740740740740741 0.3765625 0.8555555555555555 0.38229166666666664 0.8416666666666667 0.390625 0.8055555555555556
0 0.375 0.6583333333333333 0.384375 0.6407407407407407 0.3927083333333333 0.6166666666666667 0.43697916666666664 0.5564814814814815 0.44375 0.5416666666666666 0.453125 0.5296296296296297 0.4546875 0.5185185185185185 0.4515625 0.5148148148148148 0.446875 0.5157407407407407 0.43697916666666664 0.5277777777777778 0.428125 0.5314814814814814 0.4192708333333333 0.5407407407407407 0.3765625 0.6027777777777777 0.36770833333333336 0.6064814814814815 0.3541666666666667 0.6361111111111111 0.3494791666666667 0.6537037037037037 0.35833333333333334 0.6712962962962963 0.35833333333333334 0.6842592592592592 0.3609375 0.687037037037037 0.3619791666666667 0.6703703703703704 0.375 0.6583333333333333
0 0.3729166666666667 0.48333333333333334 0.3645833333333333 0.4935185185185185 0.3848958333333333 0.4888888888888889 0.39166666666666666 0.4962962962962963 0.39375 0.5009259259259259 0.3963541666666667 0.55 0.40001875 0.4991148148148148 0.4177989583333333 0.46961574074074075 0.43523697916666665 0.3893564814814815 0.45 0.3472222222222222 0.4671875 0.3138888888888889 0.46927083333333336 0.30092592592592593 0.4661458333333333 0.2953703703703704 0.46145833333333336 0.2953703703703704 0.446875 0.30185185185185187 0.44635416666666666 0.3074074074074074 0.4390625 0.31666666666666665 0.4395833333333333 0.32592592592592595 0.41041666666666665 0.41574074074074074 0.4036458333333333 0.42777777777777776 0.3958333333333333 0.4351851851851852 0.38229166666666664 0.48055555555555557 0.3729166666666667 0.48333333333333334
0 0.5213541666666667 0.5453703703703704 0.5291666666666667 0.5398148148148149 0.5317708333333333 0.5361111111111111 0.5322916666666667 0.5287037037037037 0.5296875 0.512962962962963 0.525 0.4962962962962963 0.5151041666666667 0.475 0.5026041666666666 0.4101851851851852 0.49322916666666666 0.37777777777777777 0.490625 0.37222222222222223 0.4869791666666667 0.37407407407407406 0.4859375 0.3814814814814815 0.49270833333333336 0.43703703703703706 0.5072916666666667 0.4962962962962963 0.5109375 0.524074074074074 0.5135416666666667 0.5333333333333333 0.5213541666666667 0.5453703703703704
0 0.346875 0.4777777777777778 0.364759375 0.4567935185185185 0.3515625 0.46574074074074073 0.37864583333333335 0.3574074074074074 0.3854166666666667 0.3388888888888889 0.38697916666666665 0.32592592592592595 0.3854166666666667 0.32314814814814813 0.37864583333333335 0.32314814814814813 0.36822916666666666 0.3296296296296296 0.3692708333333333 0.3351851851851852 0.35572916666666665 0.3861111111111111 0.34010416666666665 0.42407407407407405 0.3255208333333333 0.44722222222222224 0.32135416666666666 0.462037037037037 0.3182291666666667 0.4740740740740741 0.31875 0.4824074074074074 0.3260416666666667 0.4981481481481482 0.35466770833333333 0.5384777777777778 0.3333333333333333 0.4981481481481482 0.346875 0.4777777777777778
0 0.29270833333333335 0.5722222222222222 0.28854166666666664 0.5601851851851852 0.2833333333333333 0.5287037037037037 0.2875 0.5148148148148148 0.29635416666666664 0.5046296296296297 0.30416666666666664 0.4888888888888889 0.31197916666666664 0.4666666666666667 0.33125 0.4351851851851852 0.34010416666666665 0.4083333333333333 0.34427083333333336 0.3824074074074074 0.34375 0.3648148148148148 0.3359375 0.32222222222222224 0.3296875 0.30185185185185187 0.32760416666666664 0.31666666666666665 0.3338541666666667 0.3527777777777778 0.3338541666666667 0.3731481481481482 0.3260416666666667 0.4046296296296296 0.2994791666666667 0.44351851851851853 0.2947916666666667 0.44722222222222224 0.2869791666666667 0.44537037037037036 0.275 0.4740740740740741 0.26614583333333336 0.5037037037037037 0.27239583333333334 0.5175925925925926 0.27760416666666665 0.5231481481481481 0.28177083333333336 0.5509259259259259 0.29010416666666666 0.5768518518518518 0.2921875 0.5777777777777777 0.29270833333333335 0.5722222222222222
0 0.28541666666666665 0.4148148148148148 0.3046875 0.33611111111111114 0.31145833333333334 0.3175925925925926 0.3145833333333333 0.2935185185185185 0.32395833333333335 0.2824074074074074 0.3171875 0.2833333333333333 0.30833333333333335 0.27870370370370373 0.30625 0.26296296296296295 0.3020833333333333 0.2675925925925926 0.3015625 0.28055555555555556 0.2890625 0.30925925925925923 0.2864583333333333 0.3453703703703704 0.2765625 0.3861111111111111 0.2578125 0.4398148148148148 0.25885416666666666 0.44537037037037036 0.2671875 0.44166666666666665 0.28541666666666665 0.4148148148148148
0 0.3697916666666667 0.3296296296296296 0.38229166666666664 0.32037037037037036 0.4359375 0.32222222222222224 0.4515625 0.3111111111111111 0.4625 0.31296296296296294 0.4666666666666667 0.3074074074074074 0.4671875 0.29814814814814816 0.41909739583333333 0.2972222222222222 0.3671875 0.28888888888888886 0.353125 0.2953703703703704 0.34596770833333335 0.2989722222222222 0.3316994791666667 0.2835009259259259 0.3456197916666667 0.3101101851851852 0.3466635416666667 0.32743796296296296 0.3424875 0.3472398148148148 0.35049166666666665 0.3305314814814815 0.35625 0.3296296296296296 0.3697916666666667 0.3296296296296296
0 0.3296875 0.12314814814814815 0.34322916666666664 0.11944444444444445 0.3620703125 0.10208333333333333 0.3965916666666667 0.12866388888888888 0.39979479166666665 0.11410833333333333 0.4232833333333333 0.11537407407407407 0.44479166666666664 0.12037037037037036 0.465625 0.1287037037037037 0.4786458333333333 0.12777777777777777 0.48854166666666665 0.13518518518518519 0.4942708333333333 0.13518518518518519 0.49635416666666665 0.13148148148148148 0.49635416666666665 0.12407407407407407 0.49270833333333336 0.11481481481481481 0.4635416666666667 0.09166666666666666 0.4354166666666667 0.08796296296296297 0.353125 0.05555555555555555 0.3494791666666667 0.05648148148148148 0.3453125 0.06481481481481481 0.34375 0.07592592592592592 0.3528171875 0.06347962962962964 0.3645614583333333 0.07740277777777778 0.3610026041666667 0.09322407407407407 0.35208333333333336 0.10185185185185185 0.3296875 0.12314814814814815
0 0.30625 0.674074074074074 0.3463541666666667 0.6888888888888889 0.3385416666666667 0.6777777777777778 0.33958333333333335 0.6657407407407407 0.3453125 0.6611111111111111 0.34479166666666666 0.6518518518518519 0.3378364583333333 0.6520574074074074 0.31510364583333333 0.6294194444444444 0.2923703125 0.6205259259259259 0.2760416666666667 0.5944444444444444 0.2677083333333333 0.5592592592592592 0.25885416666666666 0.5398148148148149 0.2515625 0.5138888888888888 0.24739583333333334 0.5092592592592593 0.2421875 0.512962962962963 0.24166666666666667 0.5212962962962963 0.24895833333333334 0.5694444444444444 0.2630208333333333 0.6129629629629629 0.2791666666666667 0.6444444444444445 0.28489583333333335 0.6537037037037037 0.30625 0.674074074074074
0 0.3880208333333333 0.9194444444444444 0.39479166666666665 0.9157407407407407 0.39479166666666665 0.9083333333333333 0.3880208333333333 0.8944444444444445 0.36770833333333336 0.8759259259259259 0.3536458333333333 0.8694444444444445 0.3494791666666667 0.8592592592592593 0.32864583333333336 0.8314814814814815 0.31979166666666664 0.8101851851851852 0.30833333333333335 0.7944444444444444 0.30052083333333335 0.7870370370370371 0.296875 0.787962962962963 0.29375 0.7944444444444444 0.29322916666666665 0.8055555555555556 0.29583333333333334 0.8222222222222222 0.30625 0.8453703703703703 0.3296875 0.8796296296296297 0.3692708333333333 0.9120370370370371 0.3880208333333333 0.9194444444444444
0 0.7723958333333333 0.48518518518518516 0.7755208333333333 0.5009259259259259 0.775 0.5175925925925926 0.7791666666666667 0.5287037037037037 0.7838541666666666 0.5212962962962963 0.7848958333333333 0.49907407407407406 0.7880208333333333 0.48333333333333334 0.7854166666666667 0.41064814814814815 0.7885416666666667 0.34814814814814815 0.784375 0.32592592592592595 0.7776041666666667 0.32222222222222224 0.7682291666666666 0.325 0.76875 0.3333333333333333 0.7645833333333333 0.3527777777777778 0.7640625 0.37222222222222223 0.7692708333333333 0.3861111111111111 0.7723958333333333 0.41759259259259257 0.7723958333333333 0.46296296296296297 0.7739583333333333 0.46944444444444444 0.7723958333333333 0.48518518518518516
0 0.6984375 0.44537037037037036 0.7088541666666667 0.46111111111111114 0.7114583333333333 0.4703703703703704 0.71875 0.4777777777777778 0.73125 0.48703703703703705 0.7421875 0.4898148148148148 0.7453125 0.49907407407407406 0.7520833333333333 0.5444444444444444 0.753125 0.5259259259259259 0.7484375 0.487962962962963 0.753125 0.4722222222222222 0.7604166666666666 0.46574074074074073 0.7572916666666667 0.46574074074074073 0.7322916666666667 0.4324074074074074 0.7203125 0.42777777777777776 0.6682291666666667 0.38425925925925924 0.6484375 0.375 0.628125 0.3712962962962963 0.6166666666666667 0.37592592592592594 0.6166666666666667 0.38333333333333336 0.6203125 0.38796296296296295 0.6302083333333334 0.39166666666666666 0.6416666666666667 0.40555555555555556 0.6791666666666667 0.42777777777777776 0.6984375 0.44537037037037036
0 0.7984375 0.31296296296296294 0.8052083333333333 0.32407407407407407 0.8104166666666667 0.3416666666666667 0.8125 0.36018518518518516 0.821875 0.3888888888888889 0.8302083333333333 0.4046296296296296 0.8375 0.4111111111111111 0.8453125 0.4074074074074074 0.8515625 0.3962962962962963 0.853125 0.387037037037037 0.8453125 0.3537037037037037 0.8385416666666666 0.337037037037037 0.8130208333333333 0.29444444444444445 0.7885416666666667 0.26666666666666666 0.7723958333333333 0.25462962962962965 0.7635416666666667 0.25092592592592594 0.7390625 0.25092592592592594 0.7317708333333334 0.25462962962962965 0.7322916666666667 0.2638888888888889 0.7484375 0.26944444444444443 0.7520833333333333 0.27870370370370373 0.7598958333333333 0.2861111111111111 0.7817708333333333 0.2972222222222222 0.7984375 0.31296296296296294
0 0.6489744791666666 0.12374074074074073 0.6808411458333333 0.10647037037037037 0.7142244791666666 0.09567685185185186 0.7357723958333333 0.09136018518518518 0.7427526041666667 0.08056666666666666 0.7688526041666666 0.08920092592592593 0.7582307291666667 0.0821851851851852 0.7457875 0.07516944444444446 0.7454838541666666 0.06707407407407408 0.7442703125 0.05628148148148148 0.7542854166666667 0.03793240740740741 0.7460911458333332 0.04818611111111111 0.7394140625 0.05466203703703704 0.7336479166666667 0.05412222222222222 0.7251505208333333 0.055201851851851856 0.7148317708333334 0.05951944444444445 0.7057270833333333 0.05843981481481482 0.7108864583333333 0.06545555555555554 0.6899458333333333 0.07516944444444446 0.6641489583333333 0.08326481481481482 0.6377453125 0.09189907407407408 0.6313723958333333 0.10431203703703704 0.6201432291666666 0.11024814814814815 0.6154947916666667 0.1166324074074074 0.6183223958333334 0.1275175925925926 0.623178125 0.1275175925925926 0.6341036458333333 0.11942314814814815 0.6371385416666667 0.12643888888888888 0.6489744791666666 0.12374074074074073
0 0.7427526041666667 0.16557407407407407 0.7515536458333333 0.19471666666666668 0.753678125 0.20227222222222224 0.7439666666666667 0.20551018518518518 0.7415385416666667 0.20928796296296298 0.74851875 0.21630370370370372 0.7558026041666667 0.21684351851851852 0.7624791666666667 0.23303333333333331 0.7688526041666666 0.2422083333333333 0.7734052083333334 0.2449064814814815 0.7734052083333334 0.2551601851851852 0.7812958333333333 0.24814444444444442 0.7882760416666666 0.24436666666666668 0.7910072916666666 0.23735092592592594 0.8001119791666667 0.23789074074074076 0.8092166666666666 0.24112870370370368 0.8019328125 0.23303333333333331 0.7925249999999999 0.22979537037037037 0.7904005208333333 0.21414537037037035 0.7864552083333333 0.20551018518518518 0.7846338541666668 0.19255833333333333 0.7782609375 0.18338333333333334 0.774315625 0.16395555555555555 0.7715838541666666 0.17312962962962963 0.7573203125 0.15208240740740742 0.7427526041666667 0.12293981481481482 0.7284885416666668 0.10621018518518519 0.7075479166666666 0.09703611111111111 0.6869109375 0.1024324074074074 0.6633072916666667 0.11533796296296296 0.6608104166666667 0.12913703703703702 0.6732536458333332 0.12050185185185185 0.6875177083333334 0.11186759259259259 0.714528125 0.11564537037037037 0.7300062500000001 0.13319351851851852 0.7427526041666667 0.16557407407407407
0 0.796725 0.17716388888888887 0.7891291666666667 0.18973981481481483 0.80536875 0.19812407407407406 0.821084375 0.21489166666666668 0.83391875 0.21815185185185187 0.81663125 0.2828935185185185 0.8273703124999999 0.2512212962962963 0.8375859375 0.21489166666666668 0.8449197916666668 0.2065074074074074 0.8485869791666667 0.18694537037037037 0.8533015625 0.17110925925925927 0.8533015625 0.1492175925925926 0.8509442708333333 0.13664166666666666 0.8438718749999999 0.1268611111111111 0.8509442708333333 0.1492175925925926 0.8501583333333333 0.16878055555555554 0.8464911458333333 0.1794925925925926 0.8415145833333334 0.1692462962962963 0.8341807291666666 0.15527314814814813 0.8244895833333333 0.14316296296296296 0.8192510416666666 0.12266944444444444 0.8134885416666666 0.11614814814814814 0.8163697916666667 0.1347787037037037 0.8111312500000001 0.13198425925925927 0.7977729166666666 0.11847685185185185 0.7791760416666667 0.10170925925925926 0.7542927083333333 0.0909962962962963 0.7309812499999999 0.0900648148148148 0.7131697916666667 0.09425740740740741 0.7283619791666667 0.10636759259259258 0.7411963541666666 0.10636759259259258 0.763721875 0.11754537037037037 0.7796994791666666 0.14316296296296296 0.796725 0.17716388888888887
0 0.7407822916666666 0.3598046296296296 0.750890625 0.35112685185185183 0.7522848958333334 0.3412101851851852 0.7505421875 0.3182759259259259 0.7439192708333333 0.29782222222222227 0.7310223958333334 0.2767472222222222 0.7142916666666667 0.23397962962962965 0.6996515624999999 0.2054675925925926 0.6867546875 0.1899712962962963 0.6811776041666667 0.19059166666666666 0.669675 0.17447592592592592 0.6609609375000001 0.17509537037037037 0.6609609375000001 0.18253333333333333 0.6658411458333333 0.1887314814814815 0.6749036458333334 0.2036074074074074 0.6745552083333333 0.21104537037037038 0.6832692708333333 0.22716111111111112 0.7017432291666666 0.25753333333333334 0.7135942708333334 0.28790462962962965 0.7209140625 0.31579722222222223 0.7310223958333334 0.349887037037037 0.7407822916666666 0.3598046296296296
0 0.67420625 0.24699537037037037 0.6839661458333333 0.2786074074074074 0.6867546875 0.29782222222222227 0.6916348958333334 0.29844166666666666 0.7048802083333333 0.3188962962962963 0.7163828124999999 0.3579453703703704 0.7285828124999999 0.40009351851851854 0.7400854166666666 0.4075314814814815 0.7481020833333333 0.4255064814814815 0.7575135416666666 0.4255064814814815 0.7596046875 0.41496944444444445 0.7568161458333333 0.4050518518518519 0.7474052083333333 0.3945148148148148 0.7453135416666666 0.3808787037037037 0.7404338541666667 0.36042407407407406 0.7299770833333333 0.346787962962963 0.7128973958333333 0.28790462962962965 0.69860625 0.2507148148148148 0.6804807291666666 0.2234425925925926 0.6723463541666667 0.23257129629629628 0.6515500000000001 0.23397962962962965 0.6400473958333334 0.23955740740740739 0.6466697916666667 0.24017777777777777 0.6668864583333334 0.23893796296296296 0.67420625 0.24699537037037037
0 0.28006666666666663 0.8745509259259259 0.28359999999999996 0.881462962962963 0.29066718750000003 0.8657546296296296 0.2903135416666667 0.8418777777777777 0.29384739583333336 0.8324537037037036 0.2917270833333333 0.7909833333333333 0.29137395833333335 0.7476287037037037 0.2966739583333334 0.7206101851851852 0.30550781250000003 0.7231240740740741 0.2980875 0.7080435185185185 0.2987942708333333 0.6829111111111111 0.2966739583333334 0.6653175925925926 0.2896072916666667 0.6602907407407408 0.2783 0.6464675925925926 0.28285625 0.6627601851851851 0.2765333333333333 0.6829111111111111 0.27158645833333334 0.7212388888888889 0.27194010416666664 0.7614518518518519 0.27441302083333335 0.8098333333333333 0.277946875 0.8475333333333334 0.28006666666666663 0.8745509259259259
0 0.2535661458333333 0.7488851851851852 0.25780625 0.7438583333333333 0.2609859375 0.7545407407407407 0.263459375 0.7890981481481482 0.26522604166666663 0.862612962962963 0.2691130208333333 0.8770648148148148 0.263459375 0.9021981481481481 0.27229322916666665 0.9160212962962963 0.2797135416666666 0.9047111111111111 0.28218697916666663 0.8820916666666666 0.27865364583333335 0.8676398148148149 0.2754734375 0.8267981481481481 0.27158645833333334 0.7287787037037037 0.273353125 0.6847953703703703 0.2655796875 0.659662962962963 0.2655796875 0.6295027777777779 0.2609859375 0.659662962962963 0.25745260416666665 0.6628046296296296 0.24685208333333333 0.6653175925925926 0.24131770833333333 0.6738120370370371 0.23978541666666667 0.6854240740740741 0.2415520833333333 0.6992472222222222 0.2479125 0.7061592592592593 0.2517989583333333 0.7268935185185185 0.2535661458333333 0.7488851851851852
0 0.4119015625 0.9033759259259259 0.44551927083333337 0.891175925925926 0.4829098958333333 0.8832453703703703 0.5165276041666667 0.8637259259259259 0.5319640625 0.8564055555555555 0.5391677083333334 0.8478657407407408 0.5580348958333333 0.8442055555555555 0.5648953124999999 0.8320055555555556 0.5587208333333333 0.8161462962962963 0.5449994791666666 0.8161462962962963 0.5360802083333333 0.8216361111111111 0.5285338541666667 0.8167564814814815 0.5024630208333334 0.8228555555555556 0.47570625 0.8454259259259259 0.4612989583333333 0.8460361111111112 0.4393447916666667 0.8417657407407407 0.420134375 0.8448157407407407 0.39886666666666665 0.8527453703703703 0.38857552083333335 0.8509157407407407 0.3802192708333333 0.8487416666666666 0.3892614583333333 0.8606759259259259 0.3892614583333333 0.8747055555555556 0.39166249999999997 0.8820259259259259 0.3854880208333333 0.8978851851851852 0.3940640625 0.8923953703703704 0.4119015625 0.9033759259259259
0 0.47810729166666666 0.8966657407407408 0.49217187500000004 0.8972759259259259 0.5141260416666666 0.8936157407407408 0.5168703124999999 0.888125925925926 0.5257895833333334 0.894225925925926 0.5333359375000001 0.9045953703703703 0.5244171875 0.8862953703703703 0.5203010416666667 0.8814157407407407 0.5178994791666667 0.866775925925926 0.5069223958333333 0.869825925925926 0.4883984375 0.8789759259259259 0.4544380208333333 0.8869055555555555 0.4331697916666667 0.8960555555555556 0.4249369791666667 0.9003259259259259 0.41615625 0.9038509259259259 0.41087291666666664 0.9119157407407408 0.41704739583333333 0.915575 0.42939635416666666 0.9137453703703704 0.4355713541666667 0.9149657407407408 0.4626708333333333 0.9033759259259259 0.47810729166666666 0.8966657407407408
0 0.4921911458333333 0.6109787037037037 0.5033666666666667 0.5990555555555556 0.5126796875 0.6017055555555555 0.5286979166666667 0.5818324074074074 0.5469510416666666 0.5652722222222223 0.5611067708333334 0.5579851851851853 0.5793604166666667 0.5467240740740741 0.5879281249999999 0.5235388888888889 0.6121421875 0.5235388888888889 0.5942609375 0.5162518518518519 0.5894182291666666 0.5102907407407408 0.5849479166666666 0.5010166666666667 0.5734 0.4990296296296296 0.5611067708333334 0.5096277777777778 0.5540291666666667 0.5116157407407407 0.5521666666666667 0.5208888888888888 0.5332536458333333 0.536662962962963 0.5126796875 0.5573222222222223 0.4970338541666666 0.5765333333333332 0.4951708333333333 0.5858074074074074 0.4877208333333333 0.6083296296296297 0.4921911458333333 0.6109787037037037
0 0.5540291666666667 0.45496666666666663 0.5458338541666666 0.45364166666666667 0.5547739583333333 0.4708648148148148 0.5640869791666667 0.492725 0.5681848958333333 0.5053111111111112 0.5823406250000001 0.5072981481481481 0.5871833333333334 0.5000111111111111 0.5994765624999999 0.5000111111111111 0.6195921875 0.5000111111111111 0.5923984375 0.4914 0.5856932291666667 0.45960370370370374 0.577125 0.4390685185185185 0.5693020833333333 0.4297944444444444 0.5491864583333333 0.3602398148148148 0.539128125 0.32711851851851853 0.533540625 0.3118824074074074 0.5253453125 0.3052583333333333 0.515659375 0.2780990740740741 0.5056015625 0.269487037037037 0.5004838541666666 0.28774537037037035 0.5115619791666667 0.31254537037037033 0.5141692708333333 0.3317555555555555 0.5298151041666667 0.37150092592592593 0.5450885416666666 0.41654537037037037 0.5540291666666667 0.44503055555555554 0.5540291666666667 0.45496666666666663
