0 0.7520833333333333 0.337037037037037 0.8177083333333334 0.28888888888888886 0.8244791666666667 0.2777777777777778 0.840625 0.2657407407407407 0.8453125 0.25092592592592594 0.8421875 0.24351851851851852 0.8359375 0.24259259259259258 0.8197916666666667 0.2518518518518518 0.7994791666666666 0.25555555555555554 0.7651041666666667 0.2814814814814815 0.7411458333333333 0.29259259259259257 0.7276041666666667 0.2935185185185185 0.7125 0.30185185185185187 0.7052083333333333 0.3138888888888889 0.6880208333333333 0.3212962962962963 0.6807291666666667 0.337037037037037 0.6796875 0.35648148148148145 0.68125 0.362962962962963 0.6875 0.37037037037037035 0.7015625 0.3731481481481482 0.7182291666666667 0.3685185185185185 0.7520833333333333 0.337037037037037
0 0.8 0.8138888888888889 0.7802083333333333 0.8583333333333333 0.7796875 0.8638888888888889 0.7817708333333333 0.8657407407407407 0.8015625 0.8324074074074074 0.8171875 0.7944444444444444 0.821875 0.7768518518518519 0.8296875 0.7277777777777777 0.8385416666666666 0.6990740740740741 0.8411458333333334 0.6824074074074075 0.8411458333333334 0.6574074074074074 0.8447916666666667 0.6388888888888888 0.821875 0.6240740740740741 0.8177083333333334 0.625 0.8197916666666667 0.6398148148148148 0.8135416666666667 0.6583333333333333 0.8098958333333334 0.6851851851851852 0.8098958333333334 0.762962962962963 0.8078125 0.7824074074074074 0.8 0.8138888888888889
0 0.6916666666666667 0.7175925925925926 0.696875 0.725 0.7005208333333334 0.7111111111111111 0.7151041666666667 0.6925925925925925 0.7197916666666667 0.6824074074074075 0.7244791666666667 0.6824074074074075 0.715625 0.6555555555555556 0.7166666666666667 0.637962962962963 0.7119791666666667 0.6462962962962963 0.6770833333333334 0.6648148148148149 0.6770833333333334 0.6814814814814815 0.6578125 0.7037037037037037 0.6395833333333333 0.7166666666666667 0.6145833333333334 0.7277777777777777 0.5791666666666667 0.7527777777777778 0.578125 0.7601851851851852 0.5833333333333334 0.7638888888888888 0.6078125 0.7620370370370371 0.6458333333333334 0.7481481481481481 0.6875 0.7175925925925926 0.6916666666666667 0.7175925925925926
0 0.5328125 0.6694444444444444 0.534375 0.7333333333333333 0.5395833333333333 0.7518518518518519 0.5447916666666667 0.7555555555555555 0.5541666666666667 0.7546296296296297 0.5572916666666666 0.762962962962963 0.5598958333333334 0.7592592592592593 0.5567708333333333 0.7472222222222222 0.5604166666666667 0.7379629629629629 0.5640625 0.7166666666666667 0.5661458333333333 0.6888888888888889 0.5630208333333333 0.6685185185185185 0.5604166666666667 0.5712962962962963 0.5536458333333333 0.5324074074074074 0.540625 0.5101851851851852 0.5333333333333333 0.5055555555555555 0.53125 0.5101851851851852 0.5317708333333333 0.5185185185185185 0.5447916666666667 0.5407407407407407 0.5484375 0.5805555555555556 0.54375 0.6388888888888888 0.5385416666666667 0.6611111111111111 0.5328125 0.6694444444444444
0 0.5640625 0.3490740740740741 0.5651041666666666 0.32222222222222224 0.5692708333333333 0.3074074074074074 0.5682291666666667 0.2953703703703704 0.5635416666666667 0.29444444444444445 0.5604166666666667 0.29907407407407405 0.5473958333333333 0.34074074074074073 0.5338541666666666 0.4305555555555556 0.5125 0.46574074074074073 0.509375 0.4666666666666667 0.509375 0.5009259259259259 0.5130208333333334 0.5092592592592593 0.5203125 0.5157407407407407 0.5265625 0.512962962962963 0.540625 0.4824074074074074 0.5640625 0.3490740740740741
0 0.47708333333333336 0.5601851851851852 0.5052083333333334 0.5055555555555555 0.5104166666666666 0.5037037037037037 0.5171875 0.5138888888888888 0.521875 0.5157407407407407 0.5276041666666667 0.5120370370370371 0.5333333333333333 0.5027777777777778 0.5411458333333333 0.4777777777777778 0.5546875 0.3962962962962963 0.5604166666666667 0.3731481481481482 0.56875 0.30925925925925923 0.5677083333333334 0.2962962962962963 0.5635416666666667 0.2962962962962963 0.5604166666666667 0.30092592592592593 0.546875 0.3435185185185185 0.5333333333333333 0.4287037037037037 0.5192708333333333 0.4527777777777778 0.48489583333333336 0.4935185185185185 0.471875 0.5259259259259259 0.44895833333333335 0.5722222222222222 0.4354166666666667 0.5861111111111111 0.4265625 0.6157407407407407 0.421875 0.6342592592592593 0.42239583333333336 0.6416666666666667 0.43072916666666666 0.6509259259259259 0.44166666666666665 0.6472222222222223 0.45364583333333336 0.6268518518518519 0.47708333333333336 0.5601851851851852
0 0.37604166666666666 0.43796296296296294 0.3807291666666667 0.4101851851851852 0.38385416666666666 0.37222222222222223 0.3828125 0.34444444444444444 0.3776041666666667 0.3074074074074074 0.3729166666666667 0.2962962962962963 0.36875 0.2962962962962963 0.365625 0.3055555555555556 0.36822916666666666 0.34074074074074073 0.359375 0.44074074074074077 0.3546875 0.4675925925925926 0.34739583333333335 0.48333333333333334 0.34609375 0.5277777777777778 0.3268229166666667 0.5370370370370371 0.3854166666666667 0.5833333333333334 0.3671875 0.5393518518518519 0.3729166666666667 0.4824074074074074 0.37604166666666666 0.43796296296296294
0 0.6197916666666666 0.12777777777777777 0.6286458333333333 0.1111111111111111 0.6354166666666666 0.09074074074074075 0.6265625 0.06666666666666667 0.6182291666666667 0.075 0.6067708333333334 0.09351851851851851 0.6015625 0.11296296296296296 0.5682291666666667 0.1638888888888889 0.5609375 0.18425925925925926 0.5583333333333333 0.20462962962962963 0.5598958333333334 0.22037037037037038 0.56875 0.18703703703703703 0.5791666666666667 0.1675925925925926 0.6067708333333334 0.13333333333333333 0.6197916666666666 0.12777777777777777
0 0.7270833333333333 0.29074074074074074 0.728125 0.26296296296296295 0.7260416666666667 0.24074074074074073 0.7197916666666667 0.21666666666666667 0.7208333333333333 0.18518518518518517 0.7229166666666667 0.1685185185185185 0.7359375 0.11944444444444445 0.7369791666666666 0.10740740740740741 0.74375 0.08796296296296297 0.7479166666666667 0.08333333333333333 0.7479166666666667 0.07407407407407407 0.7380208333333333 0.07962962962962963 0.7255208333333333 0.09537037037037037 0.7166666666666667 0.11574074074074074 0.7088541666666667 0.14814814814814814 0.7026041666666667 0.20555555555555555 0.7020833333333333 0.2351851851851852 0.6994791666666667 0.25277777777777777 0.703125 0.2759259259259259 0.709375 0.29814814814814816 0.7234375 0.2972222222222222 0.7270833333333333 0.29074074074074074
0 0.6791666666666667 0.28703703703703703 0.696875 0.31203703703703706 0.7036458333333333 0.31203703703703706 0.7083333333333334 0.30648148148148147 0.7083333333333334 0.29814814814814816 0.703125 0.29444444444444445 0.7020833333333333 0.2861111111111111 0.6958333333333333 0.2712962962962963 0.6744791666666666 0.23055555555555557 0.6390625 0.14444444444444443 0.6229166666666667 0.12962962962962962 0.6151041666666667 0.13055555555555556 0.609375 0.14166666666666666 0.6088541666666667 0.14629629629629629 0.6197916666666666 0.17685185185185184 0.6265625 0.18981481481481483 0.6322916666666667 0.1935185185185185 0.6421875 0.20925925925925926 0.6791666666666667 0.28703703703703703
0 0.5395833333333333 0.8675925925925926 0.5432291666666667 0.8490740740740741 0.5411458333333333 0.8444444444444444 0.5265625 0.8398148148148148 0.5026041666666666 0.8444444444444444 0.4666666666666667 0.8425925925925926 0.45729166666666665 0.8453703703703703 0.4390625 0.8601851851851852 0.4375 0.8629629629629629 0.4390625 0.8666666666666667 0.4786458333333333 0.8666666666666667 0.5239583333333333 0.8768518518518519 0.5328125 0.8740740740740741 0.5395833333333333 0.8675925925925926
0 0.4171875 0.8916666666666667 0.41875 0.8768518518518519 0.4078125 0.8629629629629629 0.396875 0.8555555555555555 0.37552083333333336 0.8537037037037037 0.3385416666666667 0.8407407407407408 0.3234375 0.8425925925925926 0.31666666666666665 0.8398148148148148 0.31302083333333336 0.8425925925925926 0.31354166666666666 0.8490740740740741 0.33697916666666666 0.8694444444444445 0.3734375 0.8824074074074074 0.4041666666666667 0.9111111111111111 0.41041666666666665 0.9083333333333333 0.4171875 0.8916666666666667
0 0.38229166666666664 0.7907407407407407 0.3921875 0.8027777777777778 0.4010416666666667 0.7962962962962963 0.40520833333333334 0.7870370370370371 0.4005208333333333 0.7601851851851852 0.3921875 0.7324074074074074 0.3807291666666667 0.7222222222222222 0.3614583333333333 0.6898148148148148 0.34010416666666665 0.6472222222222223 0.3416666666666667 0.637962962962963 0.3338541666666667 0.637962962962963 0.31875 0.6148148148148148 0.31145833333333334 0.612037037037037 0.3104166666666667 0.6222222222222222 0.315625 0.6305555555555555 0.325 0.6611111111111111 0.35833333333333334 0.7222222222222222 0.371875 0.7666666666666667 0.38229166666666664 0.7907407407407407
0 0.4125 0.6888888888888889 0.43802083333333336 0.7055555555555556 0.45677083333333335 0.7037037037037037 0.46041666666666664 0.6925925925925925 0.46145833333333336 0.6805555555555556 0.4390625 0.6527777777777778 0.42864583333333334 0.6546296296296297 0.425 0.6592592592592592 0.40208333333333335 0.6574074074074074 0.35572916666666665 0.6444444444444445 0.32838541666666665 0.6291666666666667 0.3177083333333333 0.6129629629629629 0.31197916666666664 0.612037037037037 0.31197916666666664 0.6259259259259259 0.3223958333333333 0.6472222222222223 0.3296875 0.6537037037037037 0.3578125 0.6620370370370371 0.37083333333333335 0.6768518518518518 0.4125 0.6888888888888889
0 0.5489458333333334 0.2545425925925926 0.5482046875000001 0.2690398148148148 0.5452395833333333 0.26860092592592594 0.53758125 0.2606925925925926 0.5338755208333333 0.24531666666666668 0.5247348958333333 0.23960462962962964 0.5215229166666666 0.23169722222222222 0.511146875 0.22291018518518518 0.49904166666666666 0.22291018518518518 0.49607708333333334 0.23169722222222222 0.5101588541666666 0.23433333333333334 0.5185583333333333 0.2426805555555556 0.5096645833333333 0.25893518518518516 0.5059588541666666 0.271237037037037 0.5044765625000001 0.2830990740740741 0.5037354166666667 0.2980361111111111 0.49212395833333333 0.31956296296296294 0.4829833333333333 0.3362583333333333 0.4740895833333333 0.35734537037037034 0.467171875 0.37579814814814816 0.45778385416666667 0.40171851851851853 0.45383125 0.4197305555555556 0.4587723958333333 0.430275 0.46741927083333334 0.42236666666666667 0.47112499999999996 0.39996111111111116 0.4785364583333333 0.3955675925925926 0.48199479166666664 0.3806305555555556 0.49360625 0.34987685185185186 0.5074411458333333 0.3239564814814815 0.5185583333333333 0.30857962962962965 0.5257229166666667 0.2927638888888889 0.5301697916666667 0.27826574074074073 0.5311578124999999 0.2606925925925926 0.537334375 0.271237037037037 0.5452395833333333 0.2844166666666667 0.5521572916666667 0.2769481481481481 0.5570984375 0.271237037037037 0.5489458333333334 0.2545425925925926
0 0.48644166666666666 0.2303787037037037 0.48644166666666666 0.2510277777777778 0.48990052083333335 0.26728240740740744 0.4824890625 0.2734333333333333 0.47507760416666667 0.28749166666666665 0.46544270833333334 0.3077009259259259 0.45926614583333336 0.33757592592592595 0.4550666666666666 0.3582240740740741 0.4474078125 0.3744796296296296 0.44197291666666666 0.39776388888888886 0.42887916666666664 0.4210490740740741 0.41949114583333336 0.44125833333333336 0.41949114583333336 0.45443796296296296 0.42344427083333336 0.4531203703703704 0.4330791666666666 0.44521203703703705 0.4377729166666667 0.4346685185185185 0.44370208333333333 0.4293962962962963 0.4483963541666667 0.4179731481481482 0.45481927083333334 0.3995212962962963 0.4605015625 0.3863416666666667 0.4642072916666667 0.37579814814814816 0.4676661458333333 0.3648148148148148 0.4728541666666667 0.352512962962963 0.47828906250000003 0.34328703703703706 0.48594791666666665 0.32791018518518517 0.4948416666666667 0.3160490740740741 0.5017588541666667 0.3050657407407407 0.5029942708333334 0.2936425925925926 0.5027547572916666 0.2778402990740741 0.5005239583333333 0.27387314814814817 0.4973119791666667 0.27035833333333337 0.4953359375 0.2681611111111111 0.49212395833333333 0.2584962962962963 0.4906416666666667 0.24092314814814816 0.4950885416666667 0.20797314814814813 0.49138281250000004 0.21544166666666667 0.48644166666666666 0.2303787037037037
0 0.4708776041666667 0.2580564814814815 0.4659364583333333 0.2571787037037037 0.46124270833333336 0.2519064814814815 0.45679583333333335 0.2426805555555556 0.4506197916666667 0.2255462962962963 0.43999635416666666 0.21192685185185184 0.4491375 0.23345462962962962 0.4550666666666666 0.25234537037037036 0.4560546875 0.259375 0.4533369791666667 0.27079722222222224 0.4491375 0.2861740740740741 0.44419635416666664 0.30682314814814815 0.44320833333333337 0.31780555555555556 0.4422197916666667 0.3331824074074074 0.43900833333333333 0.3450444444444445 0.43382031249999997 0.3626175925925926 0.42863229166666666 0.3771157407407408 0.42171458333333334 0.3872203703703703 0.4147973958333333 0.4056722222222222 0.40837395833333334 0.42632037037037035 0.40787968750000003 0.4386222222222222 0.40837395833333334 0.4504842592592593 0.40491510416666665 0.4627851851851852 0.40837395833333334 0.4689361111111111 0.41084427083333336 0.4724509259259259 0.414303125 0.4592703703703704 0.41553854166666665 0.44784814814814816 0.41800885416666667 0.43906111111111107 0.4281380208333333 0.41753425925925924 0.43480833333333335 0.40391481481481484 0.43999635416666666 0.3946888888888889 0.44814895833333335 0.3771157407407408 0.44814895833333335 0.37140462962962967 0.45012552083333335 0.3634962962962963 0.45259583333333336 0.35646666666666665 0.45951354166666664 0.3388935185185185 0.46618385416666663 0.31560925925925926 0.46741927083333334 0.2962787037037037 0.4735953125 0.271237037037037 0.47705416666666667 0.2576175925925926 0.4842182291666666 0.2532240740740741 0.48940625 0.24883055555555558 0.48199479166666664 0.247512962962963 0.47779531249999996 0.2532240740740741 0.4708776041666667 0.2580564814814815
