0 0.5125 0.4351851851851852 0.5130208333333334 0.45925925925925926 0.5171875 0.4675925925925926 0.5208333333333334 0.4703703703703704 0.5432291666666667 0.4685185185185185 0.5484375 0.4666666666666667 0.5583333333333333 0.4537037037037037 0.6067708333333334 0.41388888888888886 0.621875 0.3925925925925926 0.6260416666666667 0.37777777777777777 0.6307291666666667 0.3712962962962963 0.6390625 0.3314814814814815 0.6390625 0.3055555555555556 0.6348958333333333 0.31296296296296294 0.634375 0.32222222222222224 0.6265625 0.337037037037037 0.6177083333333333 0.36944444444444446 0.5984375 0.39351851851851855 0.5703125 0.40370370370370373 0.5546875 0.40185185185185185 0.5421875 0.39166666666666666 0.53125 0.41203703703703703 0.5140625 0.42962962962962964
0 0.23958333333333334 0.3638888888888889 0.23198906249999998 0.4011537037037037 0.24284843750000001 0.3787537037037037 0.2558796875 0.3996092592592592 0.2671734375 0.4065611111111111 0.2786458333333333 0.4203703703703704 0.3140625 0.4703703703703704 0.33125 0.48333333333333334 0.3375 0.4935185185185185 0.34427083333333336 0.4935185185185185 0.3463541666666667 0.48148148148148145 0.3416666666666667 0.4759259259259259 0.3416666666666667 0.4703703703703704 0.3375 0.46574074074074073 0.33489583333333334 0.4675925925925926 0.3171875 0.43148148148148147 0.29375 0.41388888888888886 0.26666666666666666 0.36203703703703705 0.2502328125 0.3478574074074074 0.24024218749999998 0.3076916666666667 0.2458890625 0.3509462962962963
0 0.2560135416666667 0.18113518518518518 0.2658703125 0.1875675925925926 0.2697796875 0.1744361111111111 0.2780328125 0.17057407407407407 0.2836796875 0.1512638888888889 0.28281093749999997 0.17675370370370372 0.2962765625 0.19065648148148148 0.3019234375 0.20919444444444446 0.3145203125 0.22078148148148147 0.3101765625 0.22927777777777777 0.3240765625 0.27485000000000004 0.3292890625 0.30111203703703704 0.33623854166666667 0.32891944444444443 0.33884479166666664 0.3826157407407408 0.33536979166666664 0.4111953703703704 0.3201671875 0.43205 0.3071359375 0.4235537037037037 0.3162578125 0.4119675925925926 0.3223390625 0.39033981481481483 0.3240765625 0.3671675925925926 0.3192984375 0.3378157407407407 0.3136515625 0.31927777777777777 0.3075703125 0.3007398148148148 0.2967109375 0.28142962962962964 0.2854171875 0.2636638888888889 0.2789015625 0.2806564814814815 0.2793359375 0.25516666666666665 0.2702140625 0.22658796296296296 0.2658703125 0.1972361111111111 0.2619609375 0.18873888888888887 0.24675781249999998 0.18642222222222224 0.2350296875 0.18178703703703705 0.2306859375 0.17406296296296297 0.2415453125 0.18178703703703705
0 0.2667390625 0.17480925925925928 0.2702140625 0.1454574074074074 0.27368906249999997 0.1423675925925926 0.2719515625 0.13232592592592593 0.28281093749999997 0.11147037037037037 0.3027921875 0.09525 0.3132171875 0.08443611111111111 0.3258140625 0.07207777777777777 0.3192984375 0.06358055555555556 0.3297234375 0.06589814814814815 0.33797604166666667 0.05662962962962963 0.3440572916666667 0.04967777777777778 0.34970416666666665 0.05199444444444445 0.3614322916666667 0.02727777777777778 0.3549166666666667 0.047360185185185186 0.35448229166666667 0.05353981481481482 0.35839166666666666 0.0643537037037037 0.35926041666666664 0.07980185185185186 0.3505729166666667 0.09293240740740741 0.34188541666666666 0.1068361111111111 0.3275515625 0.10992592592592593 0.31408593749999997 0.11456018518518518 0.3027921875 0.12460185185185184 0.2914984375 0.14004999999999998 0.2815078125 0.1562712962962963 0.27542656249999997 0.17326388888888888
0 0.37402916666666663 0.5703398148148148 0.37489791666666666 0.5911953703703704 0.37924166666666664 0.6012361111111112 0.3835854166666667 0.5873333333333334 0.38228229166666666 0.5680222222222223 0.3835854166666667 0.5533462962962963 0.3779385416666667 0.5344092592592593 0.3727260416666667 0.5081472222222222 0.36447291666666665 0.4888361111111111 0.35839166666666666 0.4749333333333333 0.3514416666666667 0.4502157407407407 0.35752291666666663 0.4471259259259259 0.34840104166666663 0.44558148148148147 0.34449166666666664 0.43013240740740744 0.33623854166666667 0.4200916666666667 0.3292890625 0.4231814814814815 0.3236421875 0.43399444444444446 0.3258140625 0.45407777777777775 0.3375416666666667 0.47261574074074075 0.34926979166666666 0.49578796296296296 0.35752291666666663 0.5274574074074074 0.36273541666666664 0.5514018518518519 0.3679479166666667 0.5676231481481482 0.3744635416666667 0.5745750000000001
0 0.34633020833333333 0.31637870370370375 0.34014791666666666 0.3320092592592592 0.33623854166666667 0.3466851851851852 0.3392791666666667 0.36676759259259256 0.34058229166666665 0.3806712962962963 0.3488354166666667 0.38839537037037036 0.35274479166666667 0.3868509259259259 0.35535104166666664 0.39534722222222224 0.35448229166666667 0.38144351851851854 0.36447291666666665 0.36599537037037033 0.3670791666666667 0.34050555555555556 0.37576666666666664 0.3304638888888889 0.36577604166666666 0.3304638888888889 0.36838229166666664 0.3018851851851852 0.3727260416666667 0.27562314814814814 0.3744635416666667 0.22387037037037036 0.37402916666666663 0.20301574074074075 0.3809791666666667 0.17752592592592592 0.3901010416666667 0.15358055555555555 0.39531354166666666 0.12963611111111112 0.38315104166666664 0.14585648148148148 0.37489791666666666 0.18988425925925925 0.3688166666666667 0.20610555555555554 0.36186666666666667 0.24781574074074075 0.35361354166666664 0.27948518518518517 0.35013854166666664 0.31965
0 0.37481458333333334 0.18360555555555558 0.38054479166666666 0.17057407407407407 0.38315104166666664 0.13581574074074076 0.38315104166666664 0.11496018518518518 0.38879791666666663 0.09487685185185185 0.3809791666666667 0.10955277777777778 0.37316041666666666 0.1018287037037037 0.36447291666666665 0.11109814814814815 0.3531791666666667 0.12345648148148149 0.36316979166666663 0.11805 0.35708854166666665 0.14276666666666665 0.3562197916666667 0.16980185185185184 0.35100729166666667 0.20842222222222223 0.34536041666666667 0.23159537037037037 0.34058229166666665 0.2624916666666667 0.3384104166666667 0.2987953703703704 0.34231979166666665 0.3281472222222222 0.3505729166666667 0.31965 0.35535104166666664 0.28102962962962963 0.36403854166666666 0.2416361111111111 0.36664479166666664 0.21382962962962965
0 0.3984359375 0.10641203703703704 0.3935760416666667 0.11610555555555556 0.3935760416666667 0.12691944444444445 0.38879791666666663 0.13696018518518518 0.39618229166666663 0.13232592592592593 0.4083447916666667 0.14854722222222222 0.42050729166666667 0.15549814814814814 0.43093229166666663 0.1593601851851852 0.4396197916666667 0.16940185185185186 0.4422260416666666 0.20184351851851853 0.45178229166666667 0.22733333333333333 0.46655052083333337 0.24355370370370372 0.49261302083333336 0.24509907407407408 0.4965223958333333 0.23351296296296295 0.4839255208333333 0.23273981481481482 0.47045989583333336 0.22887777777777776 0.4569942708333333 0.21960925925925925 0.45178229166666667 0.20184351851851853 0.45308489583333333 0.17094722222222222 0.4496104166666666 0.14931944444444442 0.43657916666666663 0.12460185185185184 0.42441666666666666 0.10838148148148148 0.41138541666666667 0.10220185185185185
0 0.36096354166666667 0.08387499999999999 0.35839166666666666 0.09621203703703704 0.35289791666666664 0.1238888888888889 0.3641901041666667 0.08590092592592592 0.3727348958333333 0.09458425925925926 0.3852479166666667 0.09241296296296296 0.39592916666666667 0.08915648148148149 0.4151557291666667 0.09187037037037037 0.422175 0.0897 0.43346666666666667 0.08535833333333333 0.45299895833333337 0.1000111111111111 0.46551145833333335 0.10760833333333333 0.4743614583333333 0.1114074074074074 0.49175729166666665 0.11412037037037037 0.48901041666666667 0.1010962962962963 0.4734458333333333 0.09078518518518519 0.4575765625 0.07938888888888888 0.4368239583333333 0.06907777777777778 0.4206489583333333 0.056595370370370365 0.4017276041666667 0.0522537037037037 0.39531875 0.04954074074074074 0.3947083333333333 0.04574166666666667 0.4029484375 0.04411388888888889 0.3998963541666667 0.040857407407407405 0.3922671875 0.03977222222222222 0.3879942708333333 0.04574166666666667 0.36876770833333333 0.04954074074074074 0.36327447916666666 0.05605277777777778 0.35930677083333334 0.03977222222222222 0.35625520833333335 0.04248518518518519 0.3605276041666666 0.05876666666666667 0.3596119791666667 0.06744907407407408 0.35930677083333334 0.07341851851851852 0.3617484375 0.08427314814814815
0 0.43735729166666665 0.12014814814814814 0.45084531250000004 0.13266111111111112 0.46491979166666664 0.14986759259259258 0.4725432291666667 0.1597740740740741 0.46814479166666667 0.1665527777777778 0.4751822916666667 0.1618601851851852 0.4822192708333333 0.17072407407407408 0.4889635416666666 0.17489537037037037 0.49482760416666666 0.1743740740740741 0.5024510416666667 0.18480185185185186 0.5024510416666667 0.17593796296296296 0.5056765625 0.1618601851851852 0.5003984375 0.1425685185185185 0.48280572916666664 0.12014814814814814 0.4616942708333333 0.10502685185185186 0.43940989583333334 0.09042777777777779 0.4218171875 0.08886296296296296 0.39366822916666666 0.09303425925925926 0.3963072916666667 0.10137685185185184 0.4051036458333333 0.09668425925925926 0.4159526041666667 0.10659074074074074 0.43735729166666665 0.11962592592592593
0 0.4942984375 0.08558796296296296 0.5006916666666666 0.08364907407407407 0.5053833333333333 0.06331481481481481 0.5133 0.05132222222222222 0.5042104166666667 0.07947777777777777 0.5039171875 0.08834166666666667 0.511540625 0.09772685185185186 0.5138864583333334 0.13109722222222223 0.5203375 0.1618601851851852 0.5215104166666666 0.19314444444444445 0.5279609375 0.2197361111111111 0.5405692708333334 0.24476388888888892 0.5349979166666666 0.24789166666666668 0.5191645833333334 0.2218212962962963 0.5106614583333333 0.18845185185185184 0.504796875 0.1540388888888889 0.49834635416666667 0.13370462962962965 0.4889635416666666 0.11180555555555556 0.492775 0.09147037037037037 0.48016666666666663 0.07895648148148147
0 0.5306333333333334 0.1276861111111111 0.5331885416666666 0.11723611111111111 0.5400869791666667 0.09451851851851852 0.5477520833333334 0.08316018518518518 0.5661484375000001 0.06725740740740742 0.5802010416666668 0.056808333333333336 0.5750911458333333 0.049537962962962964 0.5832671875000001 0.053627777777777774 0.594509375 0.04999259259259259 0.6044739583333333 0.05271851851851852 0.6075401041666667 0.047266666666666665 0.6065182291666668 0.05771666666666667 0.6080510416666667 0.07271018518518518 0.6090734375 0.08588611111111112 0.6065182291666668 0.07816203703703704 0.6001307291666667 0.08679444444444444 0.5904213541666666 0.09088425925925926 0.5789239583333334 0.08497777777777778 0.5664041666666667 0.0881574074074074 0.5543953125000001 0.09769907407407408 0.543153125 0.1086037037037037 0.5377875 0.12450555555555556 0.5400869791666667 0.14358796296296295 0.5344661458333333 0.1363185185185185 0.5316557291666667 0.1295037037037037
0 0.5187921875 0.14941018518518517 0.5209244791666666 0.1345009259259259 0.5285895833333334 0.1295037037037037 0.5359989583333333 0.13495555555555555 0.5444307291666667 0.1567638888888889 0.5482630208333333 0.1694861111111111 0.5469859375 0.19085555555555556 0.5480078125 0.20766666666666667 0.5500515625 0.23220092592592592 0.5605276041666667 0.2730925925925926 0.5533734375 0.3089861111111111 0.5423864583333333 0.3321574074074074 0.5308890625 0.3516944444444444 0.530378125 0.3407898148148148 0.5403427083333334 0.3158009259259259 0.5457083333333334 0.29217499999999996 0.5469859375 0.27536388888888885 0.5403427083333334 0.25013981481481484 0.5352322916666666 0.2351462962962963 0.5247567708333334 0.20652314814814815 0.5209244791666666 0.17971666666666666
0 0.4609666666666667 0.2500305555555556 0.46522447916666665 0.24492314814814814 0.4787661458333333 0.24083425925925925 0.490775 0.24901203703703703 0.5009947916666666 0.25446388888888893 0.5193911458333333 0.25491851851851854 0.5273119791666666 0.25037499999999996 0.5382984375 0.24583148148148148 0.5428979166666666 0.2617333333333334 0.5464744791666667 0.2744555555555555 0.5342104166666667 0.28127037037037034 0.5273119791666666 0.2903574074074074 0.5071270833333333 0.28899444444444444 0.49358541666666667 0.2894490740740741 0.48362083333333333 0.28853981481481483 0.4634359375 0.2849055555555555 0.4555151041666667 0.2758185185185185 0.45295989583333335 0.27036666666666664 0.4562817708333334 0.25355555555555553 0.46139166666666664 0.24946666666666664
0 0.5485187499999999 0.17699074074074075 0.5543953125000001 0.17381018518518518 0.5597609375 0.17290092592592593 0.5641046875 0.17153796296296295 0.5630822916666667 0.17653611111111112 0.5704921875 0.18789444444444442 0.572025 0.21788148148148148 0.5735583333333333 0.23968981481481483 0.5707473958333333 0.2526472222222222 0.5684479166666667 0.2789990740740741 0.5666593750000001 0.3169444444444445 0.5641046875 0.33875370370370367 0.5610385416666667 0.36010740740740743 0.5574614583333334 0.37782685185185183 0.5492854166666666 0.382825 0.5464744791666667 0.3978185185185185 0.5418755208333333 0.4091768518518519 0.5372765625 0.4009990740740741 0.5403427083333334 0.38009907407407406 0.541109375 0.37146666666666667 0.5400869791666667 0.3587444444444445 0.5421312500000001 0.34193333333333337 0.5444307291666667 0.33193796296296296 0.5505630208333333 0.31670925925925925 0.5561838541666667 0.29989907407407407 0.5600166666666666 0.28081666666666666 0.5597609375 0.26627685185185185 0.5554171875 0.2521925925925926 0.5531177083333334 0.2349277777777778 0.5480078125 0.21993425925925925 0.5469859375 0.19857962962962963 0.5467302083333333 0.18358611111111112
0 0.3945078125 0.19012962962962962 0.4027364583333333 0.18416574074074074 0.40692239583333334 0.1715675925925926 0.41400677083333337 0.16927777777777778 0.4156166666666667 0.16240648148148148 0.4165828125 0.16870462962962962 0.42302291666666664 0.17901203703703703 0.43364895833333333 0.1910361111111111 0.4413770833333333 0.21050462962962962 0.4487833333333333 0.23398148148148148 0.4545791666666667 0.24886944444444445 0.4565114583333333 0.25287777777777776 0.4536135416666667 0.2740638888888889 0.452003125 0.28093518518518523 0.435903125 0.2614666666666667 0.4275307291666667 0.24657870370370372 0.4165828125 0.2305462962962963 0.4082104166666667 0.21508611111111112 0.4040244791666667 0.19504444444444444 0.4024145833333333 0.19046388888888888 0.39210989583333333 0.19218148148148148
0 0.3816322916666667 0.22537962962962962 0.38051770833333337 0.20965648148148147 0.3863140625 0.22568888888888888 0.39404218750000003 0.2239712962962963 0.4030583333333333 0.22454351851851853 0.4120744791666667 0.23141481481481482 0.41819270833333333 0.24286666666666665 0.42881874999999997 0.2548916666666667 0.4407333333333333 0.26977962962962965 0.45715520833333334 0.27665092592592594 0.47003541666666665 0.28581203703703706 0.47872968749999995 0.29211111111111115 0.4919322916666667 0.2972638888888889 0.4990161458333333 0.30642592592592593 0.5032020833333334 0.303562962962963 0.5144723958333334 0.30069999999999997 0.519946875 0.30699814814814813 0.5141505208333333 0.31673240740740743 0.5061005208333333 0.3195953703703704 0.49869427083333334 0.31845 0.49128802083333334 0.3213138888888889 0.49128802083333334 0.3270398148148148 0.47615364583333336 0.32245833333333335 0.45747760416666666 0.3127240740740741 0.44298697916666663 0.3029898148148148 0.42559895833333333 0.2789407407407407 0.4169046875 0.27378703703703705 0.4014484375 0.2795138888888889 0.3953302083333333 0.27378703703703705 0.3853479166666667 0.25832685185185184 0.3779416666666667 0.2537462962962963 0.3779416666666667 0.23427777777777778
0 0.3970828125 0.2775685185185185 0.39790625 0.28523981481481486 0.3953302083333333 0.2909657407407407 0.39565208333333335 0.2989824074074074 0.38212812500000004 0.3012722222222222 0.38760208333333335 0.3024175925925926 0.39307604166666665 0.303562962962963 0.3972625 0.30642592592592593 0.40209218750000003 0.31673240740740743 0.4111083333333333 0.32474907407407405 0.42173489583333335 0.33162037037037034 0.42656458333333336 0.3384916666666667 0.4243109375 0.32990277777777777 0.435903125 0.33219259259259254 0.4449192708333333 0.33677407407407406 0.4590875 0.3459351851851852 0.47003541666666665 0.3516611111111111 0.48484791666666666 0.34822592592592594 0.4964401041666667 0.3562425925925926 0.5077104166666666 0.3636861111111111 0.512540625 0.3619685185185185 0.5234885416666667 0.3671212962962963 0.5325046875 0.36597685185185186 0.5344369791666667 0.3522342592592593 0.528640625 0.34822592592592594 0.512540625 0.3390638888888889 0.5089984375000001 0.33505555555555555 0.497728125 0.32932962962962964 0.48871197916666664 0.3270398148148148 0.46391770833333335 0.3161601851851852 0.4413770833333333 0.303562962962963 0.42720885416666665 0.28123148148148147 0.4162604166666667 0.27436018518518523 0.4098203125 0.27378703703703705 0.4001604166666667 0.2795138888888889
0 0.3406875 0.40849907407407404 0.3476734375 0.4198212962962963 0.35507916666666667 0.4266916666666667 0.3637734375 0.4375712962962963 0.38212812500000004 0.442725 0.4011265625 0.442725 0.41915885416666665 0.4358537037037037 0.4394453125 0.4232564814814815 0.4558671875 0.4152398148148148 0.46198541666666665 0.41409444444444443 0.46359531249999997 0.4284101851851852 0.467459375 0.41295 0.4829161458333333 0.410087037037037 0.49128802083333334 0.4003527777777777 0.4961182291666667 0.3900453703703704 0.497728125 0.4014972222222222 0.5006260416666667 0.3751583333333333 0.49805 0.3642787037037037 0.49257604166666663 0.35797962962962965 0.48484791666666666 0.3499629629629629 0.4652057291666667 0.356262037037037 0.4555453125 0.36141574074074073 0.4507151041666667 0.36084259259259255 0.4536135416666667 0.37000462962962966 0.435903125 0.3877555555555556 0.41593854166666666 0.40264259259259255 0.39404218750000003 0.40951388888888884 0.37922968749999997 0.40722407407407407 0.36956979166666665 0.4043601851851852 0.3634515625 0.40550555555555556 0.3618416666666667 0.410087037037037 0.3579776041666667 0.398062037037037 0.3483171875 0.398062037037037 0.34187708333333333 0.3974898148148148
0 0.5653265624999999 0.17606574074074074 0.570990625 0.1659935185185185 0.5679697916666666 0.14316388888888887 0.5751442708333333 0.16465092592592592 0.5811859375 0.16397962962962964 0.5857171875 0.17002314814814815 0.596290625 0.17875185185185186 0.6034651041666667 0.18613796296296295 0.6068635416666667 0.19688240740740742 0.609884375 0.2035972222222222 0.6223458333333334 0.21971203703703704 0.6370723958333334 0.23179907407407407 0.6567083333333333 0.25127222222222223 0.6755890625000001 0.26537314814814816 0.6816307291666667 0.27275925925925926 0.6778546875 0.28350277777777777 0.660484375 0.2828314814814815 0.6416041666666668 0.26738796296296297 0.6291427083333333 0.2532861111111111 0.60761875 0.2418712962962963 0.5947802083333333 0.23045648148148148 0.58949375 0.22844166666666668 0.5932697916666666 0.2459 0.5853395833333334 0.22508425925925926 0.5781651041666667 0.21501203703703703 0.5725010416666667 0.2056111111111111 0.5691026041666666 0.18613796296296295
0 0.6136229166666667 0.2728888888888889 0.6004442708333334 0.272087962962963 0.5921369791666666 0.28350277777777777 0.5925145833333333 0.2922324074074074 0.5955354166666668 0.300962037037037 0.6064859375 0.293575 0.614415625 0.2929037037037037 0.617059375 0.29760462962962964 0.6348067708333333 0.3023046296296296 0.6778546875 0.3143916666666667 0.6937145833333334 0.3217777777777778 0.7027770833333334 0.3278212962962963 0.6993786458333333 0.34125092592592593 0.7073083333333333 0.3385648148148148 0.7235458333333333 0.3439361111111111 0.7367619791666667 0.3392361111111111 0.7397828125 0.3352074074074074 0.7548875 0.3667666666666667 0.761684375 0.379525 0.7567755208333333 0.36340925925925927 0.7473354166666667 0.3439361111111111 0.7416708333333334 0.3298351851851852 0.7439364583333333 0.3211064814814815 0.7428036458333334 0.30901944444444446 0.7563979166666667 0.2868601851851852 0.7563979166666667 0.2808175925925926 0.7446916666666666 0.3002898148148148 0.7424260416666667 0.3029759259259259 0.7322307291666666 0.29156111111111116 0.722790625 0.2855175925925926 0.71335 0.28350277777777777 0.7035322916666666 0.27141666666666664 0.7042875 0.28350277777777777 0.6831411458333334 0.27343055555555557 0.6778546875 0.2801453703703704 0.665015625 0.2828314814814815 0.6529322916666668 0.2761166666666667 0.6397156249999999 0.26470185185185185 0.6310307291666667 0.26201574074074074 0.6253666666666666 0.2640305555555556 0.619325 0.2640305555555556
0 0.5970458333333333 0.15221666666666667 0.6049755208333334 0.13005833333333333 0.6049755208333334 0.1132712962962963 0.6159265625 0.08708333333333333 0.635184375 0.0729824074074074 0.6536875 0.06828148148148148 0.6623723958333334 0.06425277777777778 0.6827635416666666 0.07231018518518519 0.6933369791666667 0.0749962962962963 0.6944697916666667 0.07163888888888889 0.7005114583333333 0.079025 0.7231682291666667 0.09245462962962962 0.7337411458333333 0.10857037037037037 0.7284546875 0.1307296296296296 0.7246786458333333 0.13677314814814814 0.7322307291666666 0.15624537037037037 0.7209026041666667 0.13744444444444445 0.7005114583333333 0.13945833333333335 0.6888052083333334 0.13610092592592593 0.6940921875 0.12804351851851853 0.67445625 0.1287148148148148 0.6831411458333334 0.1173 0.6676593749999999 0.09984166666666666 0.6480234374999999 0.09178333333333334 0.6317859375 0.09715555555555555 0.6189473958333332 0.1287148148148148 0.6140380208333334 0.14415925925925926 0.6061083333333334 0.1723611111111111 0.596290625 0.1690037037037037 0.5978010416666667 0.1609462962962963
0 0.7027067708333333 0.04526296296296296 0.7039098958333334 0.02933611111111111 0.7103291666666667 0.01926388888888889 0.7061755208333333 0.03470740740740741 0.7069307291666667 0.04545092592592593 0.7122171875000001 0.042765740740740736 0.7269442708333334 0.05418055555555556 0.7375171875 0.06358148148148149 0.748090625 0.07969722222222221 0.7688588541666667 0.10118425925925925 0.78471875 0.12065740740740741 0.7956692708333333 0.14483055555555555 0.8017114583333333 0.1656462962962963 0.7813203125 0.14684537037037035 0.7696140625000001 0.13140092592592595 0.7560203125 0.11058518518518519 0.7394052083333332 0.10051296296296297 0.7314755208333333 0.09379814814814816 0.7186364583333333 0.09178333333333334 0.7084411458333334 0.07969722222222221 0.6944697916666667 0.0662675925925926 0.6869171875000001 0.06693888888888888 0.6993786458333333 0.06156666666666667 0.7008890625 0.048137037037037034
0 0.6957614583333334 0.18806666666666666 0.6922036458333333 0.17638981481481483 0.6967354166666666 0.1643037037037037 0.70881875 0.1669898148148148 0.720525 0.1656462962962963 0.7303427083333334 0.17571851851851852 0.7401604166666667 0.18511944444444445 0.7650828125 0.2099638888888889 0.7798098958333333 0.22205092592592593 0.7911380208333333 0.22809444444444446 0.8024666666666668 0.2462240740740741 0.81001875 0.2596537037037037 0.821346875 0.2898703703703704 0.81001875 0.2972564814814815 0.8122843750000001 0.33421203703703706 0.8054875 0.29728055555555555 0.7949140625 0.29593703703703705 0.7835859374999999 0.28317870370370374 0.7696140625000001 0.2784787037037037 0.7767890625 0.26639166666666664 0.7647052083333333 0.24356203703703705 0.7488458333333334 0.2247601851851852 0.7329859375000001 0.21133055555555555 0.720525 0.20797314814814813 0.7103291666666667 0.1858138888888889 0.6956026041666666 0.1871574074074074
0 0.7310979166666667 0.17136574074074074 0.7401604166666667 0.16733703703703703 0.7586635416666667 0.18009537037037035 0.7884947916666667 0.19419629629629628 0.8039770833333333 0.2022537037037037 0.8228572916666667 0.22709907407407406 0.837584375 0.25462962962962965 0.8504234375 0.2788027777777778 0.8545770833333334 0.300962037037037 0.8568427083333333 0.31170555555555557 0.8625067708333333 0.2908898148148148 0.8564651041666667 0.31842037037037035 0.8466468749999999 0.3331925925925926 0.8428708333333332 0.35938055555555554 0.8372067708333333 0.39429722222222224 0.8402276041666668 0.33185000000000003 0.8315427083333333 0.32647777777777776 0.821346875 0.2989472222222222 0.81001875 0.26134444444444443 0.7903828125000001 0.22709907407407406 0.7665932291666666 0.2076259259259259
0 0.7323010416666667 0.11290648148148147 0.7522442708333333 0.12065740740740741 0.7597963541666667 0.1287148148148148 0.7631947916666667 0.12334351851851853 0.76395 0.13341574074074075 0.777921875 0.15423148148148147 0.7994458333333333 0.1669898148148148 0.8194588541666668 0.18646203703703704 0.8300322916666667 0.20660648148148147 0.8311651041666667 0.2133212962962963 0.8451364583333334 0.23010833333333333 0.8466468749999999 0.24689537037037038 0.8368291666666666 0.24488148148148145 0.8243682291666666 0.22540833333333335 0.8013338541666666 0.20526388888888888 0.777921875 0.18847685185185187 0.7582859375000001 0.17974722222222222 0.740915625 0.1703472222222222 0.7295874999999999 0.14885925925925925 0.7258114583333334 0.13341574074074075 0.731853125 0.11192777777777778
0 0.7443802083333334 0.057074074074074076 0.7499786458333334 0.05047592592592593 0.76395 0.06793425925925926 0.7673484375 0.059204629629629635 0.7873619791666666 0.07934907407407407 0.7994458333333333 0.10352314814814816 0.8194588541666668 0.1283675925925926 0.8383395833333334 0.14918333333333333 0.8466468749999999 0.1747 0.8511786458333332 0.15455555555555556 0.8508010416666667 0.1344111111111111 0.8530666666666666 0.1605990740740741 0.8504234375 0.1767138888888889 0.8447588541666666 0.18074351851851853 0.842115625 0.19484444444444443 0.8387171875 0.19350185185185184 0.8436260416666667 0.2210324074074074 0.8356963541666667 0.19417314814814815 0.8251234375000001 0.19081574074074073 0.8130395833333334 0.1773861111111111 0.8024666666666668 0.16194166666666665 0.7900052083333333 0.1310537037037037 0.7767890625 0.10755185185185186 0.7605515625 0.09345092592592594 0.7605515625 0.0806925925925926 0.7518666666666667 0.07532037037037037 0.7443140625000001 0.06927685185185185
