0 0.8375 0.7444444444444445 0.8401041666666667 0.7388888888888889 0.8385416666666666 0.7194444444444444 0.840625 0.6981481481481482 0.8390625 0.6018518518518519 0.8411458333333334 0.575925925925926 0.8375 0.55 0.83125 0.5277777777777778 0.8354166666666667 0.5157407407407407 0.8276041666666667 0.5259259259259259 0.8145833333333333 0.5324074074074074 0.8151041666666666 0.5685185185185185 0.8208333333333333 0.6083333333333333 0.8213541666666667 0.6842592592592592 0.8296875 0.7324074074074074 0.8338541666666667 0.7435185185185185 0.8375 0.7444444444444445
0 0.7145833333333333 0.6083333333333333 0.7291666666666666 0.6287037037037037 0.7447916666666666 0.6555555555555556 0.753125 0.6768518518518518 0.765625 0.6944444444444444 0.775 0.7018518518518518 0.7838541666666666 0.6916666666666667 0.7869791666666667 0.6842592592592592 0.7854166666666667 0.6648148148148149 0.7666666666666667 0.6138888888888889 0.7635416666666667 0.6111111111111112 0.7604166666666666 0.6185185185185185 0.7536458333333333 0.6138888888888889 0.715625 0.5712962962962963 0.6854166666666667 0.525 0.6786458333333333 0.5194444444444445 0.6682291666666667 0.4981481481481482 0.6630208333333333 0.4925925925925926 0.6572916666666667 0.4925925925925926 0.6552083333333333 0.49722222222222223 0.6546875 0.5074074074074074 0.6578125 0.5203703703703704 0.6625 0.5277777777777778 0.6734375 0.5601851851851852 0.6890625 0.5833333333333334 0.7145833333333333 0.6083333333333333
0 0.7395833333333334 0.7759259259259259 0.7484375 0.8185185185185185 0.7484375 0.825925925925926 0.74375 0.8333333333333334 0.7505208333333333 0.8444444444444444 0.7598958333333333 0.8787037037037037 0.7682291666666666 0.8898148148148148 0.778125 0.8888888888888888 0.784375 0.8814814814814815 0.7869791666666667 0.8731481481481481 0.7869791666666667 0.8592592592592593 0.7796875 0.8203703703703704 0.7557291666666667 0.7574074074074074 0.7302083333333333 0.7046296296296296 0.7192708333333333 0.6898148148148148 0.7005208333333334 0.674074074074074 0.6921875 0.6777777777777778 0.68125 0.6694444444444444 0.6744791666666666 0.6694444444444444 0.6697916666666667 0.674074074074074 0.6692708333333334 0.6824074074074075 0.6734375 0.6907407407407408 0.6895833333333333 0.7018518518518518 0.6979166666666666 0.7166666666666667 0.7234375 0.7444444444444445 0.7395833333333334 0.7759259259259259
0 0.7041666666666667 0.10092592592592593 0.70625 0.07592592592592592 0.6984375 0.07037037037037037 0.6848958333333334 0.0712962962962963 0.675 0.07407407407407407 0.6645833333333333 0.08333333333333333 0.6223958333333334 0.09537037037037037 0.609375 0.10462962962962963 0.5927083333333333 0.12685185185185185 0.5916666666666667 0.1388888888888889 0.5958333333333333 0.14166666666666666 0.6083333333333333 0.13055555555555556 0.6494791666666667 0.11481481481481481 0.6859375 0.11481481481481481 0.7041666666666667 0.10092592592592593
0 0.7520833333333333 0.22962962962962963 0.7557291666666667 0.23425925925925925 0.7671875 0.2675925925925926 0.7723958333333333 0.2722222222222222 0.7828125 0.2953703703703704 0.7911458333333333 0.2972222222222222 0.7932291666666667 0.29259259259259257 0.7927083333333333 0.2833333333333333 0.7890625 0.2777777777777778 0.7614583333333333 0.17962962962962964 0.753125 0.14629629629629629 0.75 0.11481481481481481 0.7442708333333333 0.09537037037037037 0.7333333333333333 0.075 0.7255208333333333 0.07685185185185185 0.71875 0.08333333333333333 0.71875 0.1 0.721875 0.11851851851851852 0.73125 0.14537037037037037 0.7322916666666667 0.15833333333333333 0.7416666666666667 0.18055555555555555 0.7520833333333333 0.22962962962962963
0 0.7864583333333334 0.33796296296296297 0.7932291666666667 0.33796296296296297 0.7973958333333333 0.3453703703703704 0.8182291666666667 0.3453703703703704 0.8411458333333334 0.3194444444444444 0.8463541666666666 0.30462962962962964 0.8453125 0.29814814814814816 0.8411458333333334 0.2972222222222222 0.8220484375 0.31296296296296294 0.7984375 0.31203703703703706 0.7739583333333333 0.3 0.7536458333333333 0.2777777777777778 0.7473958333333334 0.26296296296296295 0.7359375 0.25555555555555554 0.7161458333333334 0.2537037037037037 0.7109375 0.26296296296296295 0.709375 0.28055555555555556 0.7244791666666667 0.30185185185185187 0.7322916666666667 0.30833333333333335 0.740625 0.30833333333333335 0.7703125 0.325 0.7864583333333334 0.33796296296296297
0 0.41458333333333336 0.24444444444444444 0.42291666666666666 0.24351851851851852 0.42604166666666665 0.2388888888888889 0.4265625 0.23148148148148148 0.4244791666666667 0.22685185185185186 0.40989583333333335 0.22037037037037038 0.39895833333333336 0.20462962962962963 0.36354166666666665 0.175 0.3411458333333333 0.14814814814814814 0.3375 0.13796296296296295 0.32864583333333336 0.13055555555555556 0.3104166666666667 0.12037037037037036 0.303125 0.14166666666666666 0.30416666666666664 0.1537037037037037 0.3177083333333333 0.17037037037037037 0.3546875 0.19722222222222222 0.38229166666666664 0.23148148148148148 0.3958333333333333 0.23981481481481481 0.41458333333333336 0.24444444444444444
0 0.2786458333333333 0.36944444444444446 0.30364583333333334 0.32222222222222224 0.3140625 0.31296296296296294 0.3223958333333333 0.2814814814814815 0.325 0.26481481481481484 0.32395833333333335 0.2574074074074074 0.309375 0.24259259259259258 0.2947916666666667 0.27037037037037037 0.2890625 0.2861111111111111 0.2890625 0.29444444444444445 0.2828125 0.31851851851851853 0.25052083333333336 0.3925925925925926 0.2453125 0.4222222222222222 0.2390625 0.4425925925925926 0.24010416666666667 0.4601851851851852 0.24427083333333333 0.46296296296296297 0.24895833333333334 0.45740740740740743 0.25416666666666665 0.4388888888888889 0.2640625 0.4212962962962963 0.2786458333333333 0.36944444444444446
0 0.3572916666666667 0.5583333333333333 0.3640625 0.5333333333333333 0.3651041666666667 0.5157407407407407 0.36302083333333335 0.5055555555555555 0.35989583333333336 0.5046296296296297 0.3546875 0.537962962962963 0.3458333333333333 0.5518518518518518 0.3390625 0.549074074074074 0.3307291666666667 0.5361111111111111 0.31354166666666666 0.5185185185185185 0.3104166666666667 0.5101851851851852 0.30625 0.512962962962963 0.30104166666666665 0.5259259259259259 0.30052083333333335 0.5435185185185185 0.3125 0.562962962962963 0.3234375 0.5712962962962963 0.33958333333333335 0.575 0.34791666666666665 0.5712962962962963 0.3572916666666667 0.5583333333333333
0 0.3385416666666667 0.6129629629629629 0.3463541666666667 0.6166666666666667 0.3489583333333333 0.6240740740740741 0.35260416666666666 0.6231481481481481 0.3546875 0.6166666666666667 0.353125 0.6083333333333333 0.3489583333333333 0.6018518518518519 0.3234375 0.5861111111111111 0.2984375 0.5777777777777777 0.27239583333333334 0.562037037037037 0.24791666666666667 0.5537037037037037 0.24479166666666666 0.5675925925925925 0.24427083333333333 0.5833333333333334 0.24583333333333332 0.5861111111111111 0.2671875 0.6 0.2828125 0.5990740740740741 0.321875 0.6138888888888889 0.3385416666666667 0.6129629629629629
0 0.3463541666666667 0.7518518518518519 0.3651041666666667 0.7657407407407407 0.38385416666666666 0.7888888888888889 0.3885416666666667 0.8009259259259259 0.39166666666666666 0.8 0.39010416666666664 0.7861111111111111 0.37447916666666664 0.7490740740740741 0.35260416666666666 0.7314814814814815 0.3302083333333333 0.7185185185185186 0.32395833333333335 0.7203703703703703 0.3026041666666667 0.7074074074074074 0.2859375 0.7083333333333334 0.2708333333333333 0.7129629629629629 0.26875 0.7166666666666667 0.2677083333333333 0.7296296296296296 0.26927083333333335 0.7407407407407407 0.27708333333333335 0.75 0.2890625 0.7555555555555555 0.3328125 0.7490740740740741 0.3463541666666667 0.7518518518518519
0 0.36822916666666666 0.9194444444444444 0.39375 0.9222222222222223 0.4046875 0.9296296296296296 0.415625 0.9277777777777778 0.4171875 0.9231481481481482 0.4119791666666667 0.9074074074074074 0.39791666666666664 0.8972222222222223 0.3921875 0.8870370370370371 0.3390625 0.8601851851851852 0.3203125 0.8342592592592593 0.30572916666666666 0.8055555555555556 0.2828125 0.7787037037037037 0.2713541666666667 0.7759259259259259 0.2630208333333333 0.7907407407407407 0.2609375 0.799074074074074 0.26145833333333335 0.8083333333333333 0.27760416666666665 0.8444444444444444 0.28802083333333334 0.8601851851851852 0.32135416666666666 0.8898148148148148 0.36822916666666666 0.9194444444444444
0 0.4864583333333333 0.5694444444444444 0.49375 0.5916666666666667 0.4984375 0.5916666666666667 0.5 0.575925925925926 0.4979166666666667 0.5481481481481482 0.48802083333333335 0.5148148148148148 0.48020833333333335 0.47129629629629627 0.4786458333333333 0.4388888888888889 0.48072916666666665 0.4212962962962963 0.47552083333333334 0.3851851851851852 0.47708333333333336 0.3768518518518518 0.46510416666666665 0.3675925925925926 0.4588541666666667 0.3675925925925926 0.4515625 0.3731481481481482 0.45 0.37592592592592594 0.4510416666666667 0.41203703703703703 0.46145833333333336 0.45925925925925926 0.471875 0.5287037037037037 0.4822916666666667 0.5657407407407408 0.4864583333333333 0.5694444444444444
0 0.6265625 0.6916666666666667 0.6296875 0.6888888888888889 0.6260416666666667 0.6796296296296296 0.6109375 0.6611111111111111 0.5958333333333333 0.65 0.565625 0.6361111111111111 0.5453125 0.6175925925925926 0.5328125 0.6148148148148148 0.5276041666666667 0.6268518518518519 0.5270833333333333 0.6305555555555555 0.5317708333333333 0.6416666666666667 0.5447916666666667 0.6555555555555556 0.5692708333333333 0.6620370370370371 0.6067708333333334 0.6842592592592592 0.6265625 0.6916666666666667
0 0.5526041666666667 0.775 0.5604166666666667 0.7546296296296297 0.5661458333333333 0.7277777777777777 0.5567708333333333 0.7138888888888889 0.5489583333333333 0.7185185185185186 0.5359375 0.7361111111111112 0.5270833333333333 0.762962962962963 0.5265625 0.7703703703703704 0.5109375 0.8037037037037037 0.4859375 0.8287037037037037 0.47708333333333336 0.8435185185185186 0.4661458333333333 0.8518518518518519 0.465625 0.8611111111111112 0.46979166666666666 0.8629629629629629 0.490625 0.8555555555555555 0.5197916666666667 0.8268518518518518 0.5458333333333333 0.7814814814814814 0.5526041666666667 0.775
0 0.603125 0.7898148148148149 0.6234375 0.7648148148148148 0.634375 0.7583333333333333 0.6364583333333333 0.75 0.6296875 0.7472222222222222 0.6145833333333334 0.7555555555555555 0.5729166666666666 0.7888888888888889 0.5604166666666667 0.7925925925925926 0.54375 0.8203703703703704 0.54375 0.8305555555555556 0.5479166666666667 0.8388888888888889 0.5625 0.8333333333333334 0.5692708333333333 0.825925925925926 0.5791666666666667 0.8074074074074075 0.603125 0.7898148148148149
0 0.6260416666666667 0.8768518518518519 0.6239583333333333 0.8722222222222222 0.5760416666666667 0.8703703703703703 0.55625 0.8657407407407407 0.5510416666666667 0.8629629629629629 0.5463541666666667 0.8546296296296296 0.5364583333333334 0.8518518518518519 0.5145833333333333 0.8546296296296296 0.5114583333333333 0.8666666666666667 0.5114583333333333 0.875 0.5166666666666667 0.8842592592592593 0.5354166666666667 0.8944444444444445 0.5963541666666666 0.8953703703703704 0.6223958333333334 0.8833333333333333 0.6260416666666667 0.8768518518518519
0 0.4401041666666667 0.7296296296296296 0.45677083333333335 0.6990740740740741 0.4703125 0.6861111111111111 0.478125 0.6685185185185185 0.48541666666666666 0.6601851851851852 0.4921875 0.6435185185185185 0.5015625 0.6296296296296297 0.5036458333333333 0.6157407407407407 0.5057291666666667 0.6148148148148148 0.5161458333333333 0.5814814814814815 0.515625 0.5675925925925925 0.5135416666666667 0.5648148148148148 0.5083333333333333 0.5675925925925925 0.49583333333333335 0.5944444444444444 0.49375 0.5935185185185186 0.4859375 0.6064814814814815 0.4734375 0.6361111111111111 0.4557291666666667 0.6638888888888889 0.44427083333333334 0.6759259259259259 0.4276041666666667 0.6824074074074075 0.4114583333333333 0.7092592592592593 0.40989583333333335 0.7166666666666667 0.40572916666666664 0.7203703703703703 0.41041666666666665 0.7490740740740741 0.40729166666666666 0.7555555555555555 0.4114583333333333 0.7574074074074074 0.4161458333333333 0.7564814814814815 0.4239583333333333 0.7425925925925926 0.4401041666666667 0.7296296296296296
0 0.5751989583333333 0.4101009259259259 0.5889276041666667 0.3586611111111111 0.5974614583333333 0.3019453703703704 0.6123031250000001 0.27952314814814816 0.6171265625 0.25248425925925927 0.61786875 0.23269907407407406 0.6286286458333333 0.22412592592592592 0.6160135416666667 0.2228074074074074 0.6097057291666667 0.2155527777777778 0.5918958333333334 0.2175314814814815 0.5817374999999999 0.22316944444444445 0.5982036458333333 0.22544537037037035 0.5833619791666667 0.259737962962963 0.5878140625 0.28875555555555554 0.5811354166666667 0.3507472222222222 0.5636963541666666 0.4081222222222222 0.5751989583333333 0.4101009259259259
0 0.5982036458333333 0.5931472222222223 0.6045109375000001 0.58985 0.6071083333333332 0.5575351851851852 0.6111901041666666 0.5370907407407407 0.6037692708333334 0.4836722222222222 0.59560625 0.4361898148148148 0.6000588541666667 0.4018962962962963 0.5952348958333334 0.37024074074074076 0.5952348958333334 0.3484777777777778 0.5904114583333333 0.37024074074074076 0.584475 0.3676027777777778 0.5759411458333333 0.39464166666666667 0.5789093750000001 0.43223240740740737 0.5863302083333333 0.45795277777777776 0.5915244791666667 0.521262962962963 0.5896692708333333 0.545663888888889 0.59560625 0.5548972222222223 0.5982036458333333 0.5931472222222223
0 0.48725572916666665 0.7916583333333334 0.4884510416666667 0.8015722222222222 0.4976151041666667 0.7966148148148149 0.5167406250000001 0.7959074074074074 0.523115625 0.7867009259259259 0.523115625 0.7612055555555556 0.5227171875 0.7711203703703703 0.5175375 0.7661629629629629 0.507975 0.7534157407407407 0.4980140625 0.7527074074074074 0.49203697916666667 0.7364194444444444 0.49044322916666666 0.7527074074074074 0.46932604166666664 0.754124074074074 0.4454197916666667 0.7548324074074074 0.4282864583333333 0.7442092592592593 0.3966375 0.7455175925925925 0.40198958333333334 0.7626222222222222 0.41195052083333333 0.7597898148148148 0.41234895833333335 0.7753694444444444 0.43904427083333336 0.7824518518518518 0.47370885416666664 0.7859925925925926 0.48725572916666665 0.7916583333333334
