0 0.5598958333333334 0.1712962962962963 0.5729166666666666 0.17592592592592593 0.5776041666666667 0.16203703703703703 0.5776041666666667 0.15555555555555556 0.5739583333333333 0.14722222222222223 0.5640625 0.13333333333333333 0.55625 0.13055555555555556 0.5265625 0.10740740740740741 0.5109375 0.10185185185185185 0.4895833333333333 0.10277777777777777 0.4859375 0.10648148148148148 0.48541666666666666 0.11481481481481481 0.4869791666666667 0.11666666666666667 0.5208333333333334 0.12777777777777777 0.5369791666666667 0.13796296296296295 0.5510416666666667 0.16203703703703703 0.5598958333333334 0.1712962962962963
0 0.7614583333333333 0.20185185185185187 0.765625 0.2 0.765625 0.1935185185185185 0.7630208333333334 0.18888888888888888 0.7338541666666667 0.1675925925925926 0.6973958333333333 0.13425925925925927 0.6807291666666667 0.13148148148148148 0.6770833333333334 0.1388888888888889 0.6765625 0.14907407407407408 0.6890625 0.1648148148148148 0.7145833333333333 0.17592592592592593 0.7317708333333334 0.18981481481481483 0.7520833333333333 0.19537037037037036 0.7614583333333333 0.20185185185185187
0 0.5796875 0.4212962962962963 0.5770833333333333 0.4222222222222222 0.5614583333333333 0.43796296296296294 0.5510416666666667 0.45555555555555555 0.5213541666666667 0.475 0.5015625 0.49722222222222223 0.5026041666666666 0.5037037037037037 0.509375 0.5037037037037037 0.5744791666666667 0.4648148148148148 0.584375 0.45092592592592595 0.5859375 0.4361111111111111 0.5796875 0.4212962962962963
0 0.6265625 0.7564814814814815 0.6265625 0.7509259259259259 0.6234375 0.7453703703703703 0.615625 0.7398148148148148 0.6078125 0.7277777777777777 0.5729166666666666 0.6898148148148148 0.5635416666666667 0.6712962962962963 0.5510416666666667 0.6546296296296297 0.5484375 0.6527777777777778 0.5416666666666666 0.662962962962963 0.540625 0.6694444444444444 0.5427083333333333 0.6787037037037037 0.5526041666666667 0.6990740740740741 0.603125 0.7481481481481481 0.621875 0.7583333333333333 0.6265625 0.7564814814814815
0 0.7578125 0.38425925925925924 0.7630208333333334 0.3962962962962963 0.775 0.4074074074074074 0.7916666666666666 0.4083333333333333 0.7932291666666667 0.38981481481481484 0.7828125 0.36666666666666664 0.7765625 0.36203703703703705 0.7755208333333333 0.3574074074074074 0.7703125 0.36203703703703705 0.7578125 0.35555555555555557 0.7234375 0.31203703703703706 0.7161458333333334 0.29444444444444445 0.7114583333333333 0.2935185185185185 0.7088541666666667 0.29814814814814816 0.7098958333333333 0.30925925925925923 0.7203125 0.3351851851851852 0.7354166666666667 0.3611111111111111 0.7453125 0.36944444444444446 0.7484375 0.3768518518518518 0.7578125 0.38425925925925924
0 0.2921875 0.8083333333333333 0.290625 0.8027777777777778 0.28229166666666666 0.8009259259259259 0.2557291666666667 0.774074074074074 0.2453125 0.7453703703703703 0.24479166666666666 0.7314814814814815 0.2390625 0.7194444444444444 0.228125 0.7083333333333334 0.21927083333333333 0.7175925925925926 0.22083333333333333 0.7351851851851852 0.22604166666666667 0.7490740740740741 0.2546875 0.7935185185185185 0.2765625 0.8111111111111111 0.28854166666666664 0.812037037037037 0.2921875 0.8083333333333333
0 0.6895833333333333 0.8592592592592593 0.6942708333333333 0.850925925925926 0.6953125 0.8324074074074074 0.6854166666666667 0.7435185185185185 0.675 0.6935185185185185 0.66875 0.6925925925925925 0.6697916666666667 0.7333333333333333 0.6760416666666667 0.7685185185185185 0.6765625 0.8037037037037037 0.6744791666666666 0.8333333333333334 0.6786458333333333 0.8574074074074074 0.6895833333333333 0.8592592592592593
0 0.6682291666666667 0.7759259259259259 0.6697916666666667 0.7675925925925926 0.665625 0.7620370370370371 0.6609375 0.762962962962963 0.6322916666666667 0.775 0.6078125 0.7925925925925926 0.5958333333333333 0.787962962962963 0.5859375 0.7898148148148149 0.575 0.7944444444444444 0.5729166666666666 0.8 0.571875 0.8194444444444444 0.5765625 0.8166666666666667 0.5875 0.8240740740740741 0.596875 0.8231481481481482 0.6541666666666667 0.787962962962963 0.6682291666666667 0.7759259259259259
0 0.7871515625 0.5437861111111111 0.7903208333333333 0.5700833333333334 0.8040567708333334 0.5550564814814815 0.8114526041666666 0.5362722222222222 0.8119807291666666 0.5024620370370371 0.8119807291666666 0.46489444444444444 0.8019432291666667 0.42544907407407406 0.7897927083333334 0.41230092592592593 0.7977171875 0.4282666666666667 0.8014151041666667 0.4432935185185185 0.8040567708333334 0.47052962962962963 0.7993020833333334 0.4987055555555555 0.7903208333333333 0.5146712962962964 0.7871515625 0.5437861111111111
0 0.8045848958333334 0.6311296296296296 0.8156791666666667 0.6348870370370371 0.823075 0.6254944444444445 0.8193770833333333 0.6076499999999999 0.8093395833333333 0.593562962962963 0.8019432291666667 0.5879277777777777 0.7913776041666666 0.5635083333333334 0.7644348958333332 0.5466037037037037 0.7517557291666667 0.5494212962962963 0.7401333333333333 0.5541166666666667 0.7406619791666667 0.5635083333333334 0.7501708333333333 0.5635083333333334 0.7623218749999999 0.5625694444444445 0.7776421875 0.5729009259259259 0.7924343749999999 0.5898055555555556 0.7956041666666667 0.6095287037037037 0.8045848958333334 0.6311296296296296
0 0.7813401041666667 0.7635546296296296 0.7765854166666667 0.7804592592592592 0.7961322916666667 0.7353787037037036 0.8051130208333334 0.711899074074074 0.8051130208333334 0.6874805555555555 0.8109244791666667 0.6583657407407407 0.8077546874999999 0.6386435185185185 0.7987739583333333 0.6292518518518518 0.793490625 0.6480351851851852 0.7945473958333333 0.6715148148148148 0.7950755208333333 0.6921768518518518 0.793490625 0.7128388888888889 0.782925 0.7306833333333334 0.7813401041666667 0.7635546296296296
0 0.7750005208333334 0.7842166666666667 0.7654916666666666 0.8161481481481482 0.7559822916666668 0.83775 0.7496427083333334 0.8490203703703704 0.7596802083333334 0.8508981481481481 0.7728875 0.8227231481481482 0.7903208333333333 0.7907907407407407 0.7982453125000001 0.7663722222222222 0.8066979166666666 0.7532231481481482 0.8135656250000001 0.7428925925925925 0.8177921875 0.7231694444444444 0.8109244791666667 0.7128388888888889 0.8056416666666667 0.7156564814814814 0.7961322916666667 0.733500925925926 0.7961322916666667 0.7541629629629629 0.7845098958333333 0.7710675925925926 0.7750005208333334 0.7842166666666667
0 0.297603125 0.17706018518518518 0.30590260416666665 0.15492777777777778 0.31242395833333336 0.13595648148148148 0.31538802083333334 0.10855462962962964 0.321909375 0.08747592592592593 0.321909375 0.06323611111111112 0.3118307291666667 0.05902037037037037 0.3011598958333333 0.09274537037037038 0.2999744791666667 0.127525 0.2928604166666667 0.16125092592592594 0.28100364583333337 0.2013 0.297603125 0.17706018518518518
0 0.3106453125 0.1559814814814815 0.2999744791666667 0.19497685185185185 0.29938125 0.2318638888888889 0.3100526041666667 0.2539962962962963 0.3236875 0.24872685185185187 0.3278375 0.22448703703703704 0.3278375 0.19392314814814815 0.3225020833333333 0.16441296296296296 0.32309479166666666 0.13595648148148148 0.32843020833333336 0.10855462962962964 0.3302088541666667 0.0748287037037037 0.3201307291666666 0.04742685185185185 0.31123802083333335 0.035833333333333335 0.3047171875 0.038995370370370375 0.3207234375 0.05585833333333333 0.32428072916666667 0.08115277777777777 0.3171666666666667 0.11803981481481482 0.3106453125 0.1559814814814815
0 0.29938125 0.20235462962962963 0.30945937500000004 0.1570351851851852 0.31301666666666667 0.13595648148148148 0.297603125 0.1791675925925926 0.28337500000000004 0.20024629629629628 0.273296875 0.21289351851851854 0.26618281250000003 0.22343240740740739 0.26736822916666664 0.22343240740740739 0.25314010416666666 0.24345740740740743 0.2561046875 0.26453611111111114 0.26914687499999995 0.25926666666666665 0.28574635416666666 0.24345740740740743 0.28989583333333335 0.22237870370370372 0.29938125 0.20235462962962963
0 0.25491875 0.3794138888888889 0.26321875 0.3836296296296296 0.2620328125 0.37414444444444445 0.24958333333333332 0.3572814814814815 0.244840625 0.32987962962962963 0.24246927083333333 0.3066935185185185 0.23654114583333333 0.28139907407407405 0.240690625 0.26032037037037037 0.2317984375 0.23397222222222222 0.22231302083333335 0.23502592592592592 0.21994166666666667 0.2708592592592593 0.22705572916666666 0.2866685185185185 0.2347625 0.3203944444444445 0.24246927083333333 0.35938981481481486 0.25491875 0.3794138888888889
0 0.2276484375 0.37625185185185184 0.2306125 0.4215712962962963 0.24128385416666667 0.43105648148148146 0.23831927083333332 0.41103148148148144 0.2389125 0.38257592592592593 0.23535520833333334 0.3372574074074074 0.2335765625 0.3077472222222222 0.22586979166666668 0.2856148148148148 0.21816302083333333 0.2708592592592593 0.21104895833333334 0.2761287037037037 0.2074921875 0.291937962962963 0.21282760416666668 0.3077472222222222 0.220534375 0.3203944444444445 0.224684375 0.34252685185185183 0.2276484375 0.37625185185185184
0 0.321909375 0.3604435185185185 0.33495156249999997 0.36360555555555557 0.3497723958333333 0.3899537037037037 0.3539223958333333 0.3867916666666667 0.34799375 0.368875 0.33198750000000005 0.3467425925925926 0.31598072916666664 0.3477962962962963 0.3047171875 0.3530657407407407 0.2946385416666667 0.3572814814814815 0.29878854166666663 0.3583351851851852 0.28871041666666664 0.37203703703703705 0.2839677083333333 0.38784537037037037 0.29167447916666667 0.40049259259259257 0.3011598958333333 0.39311481481481486 0.31123802083333335 0.37625185185185184 0.321909375 0.3604435185185185
0 0.4025348958333333 0.49639999999999995 0.39660625 0.47426759259259255 0.38356406249999997 0.45529722222222224 0.3669645833333333 0.4278944444444444 0.35629374999999996 0.40470833333333334 0.3491796875 0.3941694444444444 0.3574791666666667 0.4247333333333333 0.36874322916666663 0.4521351851851852 0.37704270833333337 0.47953703703703704 0.3841567708333333 0.502724074074074 0.39542083333333333 0.5090472222222222 0.4025348958333333 0.49639999999999995
0 0.38119270833333335 0.4500268518518519 0.39245625 0.4658361111111111 0.4025348958333333 0.47426759259259255 0.4114270833333334 0.47321388888888893 0.41854114583333335 0.4689981481481481 0.41735572916666663 0.45529722222222224 0.40846302083333336 0.4437037037037037 0.3977921875 0.4384342592592593 0.3847494791666667 0.4321101851851852 0.3734859375 0.4194629629629629 0.35570052083333337 0.3899537037037037 0.3539223958333333 0.40049259259259257 0.3592578125 0.41103148148148144 0.36400052083333334 0.4247333333333333 0.3728927083333333 0.4384342592592593 0.38119270833333335 0.4500268518518519
0 0.390678125 0.5132629629629629 0.3806 0.49639999999999995 0.36874322916666663 0.48796851851851847 0.35866510416666664 0.48164537037037036 0.3491796875 0.4763759259259259 0.33850833333333336 0.47426759259259255 0.3248734375 0.47426759259259255 0.31123802083333335 0.47110555555555556 0.2981958333333333 0.47005185185185183 0.32131614583333334 0.48059074074074076 0.3396942708333333 0.49639999999999995 0.35866510416666664 0.5058851851851852 0.36992864583333335 0.5227481481481482 0.38356406249999997 0.5248564814814815 0.390678125 0.5132629629629629
0 0.23120520833333333 0.49956203703703705 0.2323911458333333 0.5311796296296296 0.24009791666666666 0.573337037037037 0.24543333333333334 0.5807148148148148 0.24128385416666667 0.5554203703703704 0.24306197916666666 0.533287962962963 0.24306197916666666 0.5101009259259259 0.2377265625 0.4848064814814815 0.2377265625 0.4605666666666666 0.23298385416666667 0.4352722222222222 0.22646302083333333 0.4215712962962963 0.2187557291666667 0.42262500000000003 0.21401302083333332 0.4331648148148148 0.21460625 0.4458111111111111 0.21816302083333333 0.46267407407407407 0.224684375 0.47742962962962965 0.23120520833333333 0.49956203703703705
0 0.287525 0.516425 0.30056718750000005 0.5238018518518519 0.3201307291666666 0.539611111111111 0.32546614583333333 0.5301259259259259 0.313609375 0.5185324074074074 0.297603125 0.5037777777777778 0.2839677083333333 0.4942925925925926 0.2721109375 0.47742962962962965 0.26499687499999997 0.4531888888888889 0.2519546875 0.44265 0.24543333333333334 0.4500268518518519 0.2478046875 0.4637287037037037 0.2561046875 0.49007685185185185 0.2685541666666667 0.5048314814814815 0.287525 0.516425
0 0.2685541666666667 0.5227481481481482 0.2821890625 0.5259101851851852 0.30768125 0.5406648148148149 0.321909375 0.5438268518518519 0.31242395833333336 0.5322333333333333 0.30175260416666666 0.5259101851851852 0.2839677083333333 0.5132629629629629 0.2655901041666667 0.49850833333333333 0.2513619791666667 0.48059074074074076 0.24365520833333332 0.48796851851851847 0.2377265625 0.49850833333333333 0.23713385416666669 0.5069398148148149 0.24721197916666665 0.5174787037037036 0.25669739583333334 0.5216944444444443 0.2685541666666667 0.5227481481481482
0 0.3088666666666667 0.6597592592592593 0.3088666666666667 0.6702981481481481 0.3064953125 0.6871611111111111 0.3106453125 0.7092935185185185 0.32131614583333334 0.7303722222222222 0.33139427083333334 0.7324796296296296 0.3396942708333333 0.7282638888888888 0.3396942708333333 0.7082398148148148 0.3325802083333333 0.6787296296296297 0.3248734375 0.6597592592592593 0.31894479166666667 0.6418425925925927 0.30945937500000004 0.6133861111111111 0.2999744791666667 0.5849296296296297 0.28811770833333333 0.567012962962963 0.2786322916666667 0.5638518518518519 0.26914687499999995 0.5438268518518519 0.26262552083333335 0.5543657407407407 0.26914687499999995 0.5680675925925927 0.27566822916666667 0.5891453703703704 0.2869317708333333 0.6165481481481481 0.2981958333333333 0.6365722222222223 0.3088666666666667 0.6597592592592593
0 0.38000677083333334 0.5259101851851852 0.3806 0.5406648148148149 0.3669645833333333 0.5754444444444444 0.36103645833333337 0.5965231481481481 0.3651859375 0.5912537037037037 0.37645 0.5627972222222223 0.3960135416666667 0.5375037037037037 0.41201979166666663 0.5058851851851852 0.42921197916666665 0.48586111111111113 0.44759010416666667 0.47216018518518516 0.4523328125 0.4458111111111111 0.44166197916666666 0.4257870370370371 0.43454791666666664 0.43948796296296294 0.4238765625 0.4531888888888889 0.4114270833333334 0.47426759259259255 0.3960135416666667 0.49956203703703705 0.38000677083333334 0.5259101851851852
0 0.34087968750000003 0.5880916666666667 0.3497723958333333 0.556474074074074 0.35985052083333335 0.5290722222222223 0.3651859375 0.5227481481481482 0.35985052083333335 0.5153703703703704 0.34384427083333335 0.5427731481481481 0.33732291666666664 0.5638518518518519 0.333765625 0.587037962962963 0.3302088541666667 0.6133861111111111 0.3308015625 0.6260333333333333 0.32309479166666666 0.64395 0.3278375 0.6660824074074074 0.33850833333333336 0.6850527777777777 0.34087968750000003 0.6597592592592593 0.3396942708333333 0.6291953703703703 0.34087968750000003 0.5880916666666667
0 0.337915625 0.6998083333333334 0.3391015625 0.7229944444444444 0.3491796875 0.7440731481481482 0.3568864583333333 0.7388037037037037 0.3592578125 0.7124555555555555 0.3509578125 0.6945388888888888 0.3533291666666667 0.6766222222222221 0.35629374999999996 0.647112037037037 0.3574791666666667 0.6133861111111111 0.3592578125 0.5775527777777777 0.3515510416666666 0.567012962962963 0.3474010416666667 0.5743907407407407 0.3414729166666667 0.6039009259259259 0.342065625 0.6418425925925927 0.342065625 0.677675925925926 0.337915625 0.6998083333333334
0 0.4232838541666667 0.6787296296296297 0.41261302083333334 0.6460583333333334 0.40134895833333334 0.6207638888888889 0.3977921875 0.5891453703703704 0.40075625 0.5680675925925927 0.3942348958333334 0.556474074074074 0.3888994791666667 0.5522583333333333 0.38119270833333335 0.573337037037037 0.38593541666666664 0.6102240740740741 0.3960135416666667 0.633411111111111 0.41083437500000003 0.6587046296296296 0.4220984375 0.6924305555555555 0.4232838541666667 0.6787296296296297
0 0.4049057291666667 0.6060083333333334 0.41854114583333335 0.6281407407407408 0.43217656249999997 0.6344648148148148 0.44521875000000005 0.6313027777777778 0.4286192708333333 0.6249796296296296 0.41083437500000003 0.6133861111111111 0.40727708333333335 0.5880916666666667 0.40905572916666666 0.5659592592592593 0.4132057291666667 0.5459351851851852 0.41024166666666667 0.5227481481481482 0.4043130208333333 0.5280175925925926 0.39542083333333333 0.5448805555555556 0.3948276041666666 0.556474074074074 0.3977921875 0.583875925925926 0.4049057291666667 0.6060083333333334
0 0.45944687500000003 0.6239250000000001 0.46359635416666667 0.607062962962963 0.46063229166666664 0.583875925925926 0.45174010416666666 0.5680675925925927 0.44521875000000005 0.5438268518518519 0.4434401041666666 0.5195861111111111 0.43988333333333335 0.49639999999999995 0.4357333333333333 0.4942925925925926 0.4369192708333333 0.5353953703703703 0.4404760416666667 0.5712287037037037 0.4440328125 0.5975768518518519 0.4428473958333334 0.6112787037037037 0.44877552083333333 0.6239250000000001 0.45944687500000003 0.6239250000000001
0 0.47960312499999996 0.6365722222222223 0.47011770833333333 0.6249796296296296 0.46003958333333334 0.6154944444444445 0.4458114583333333 0.6291953703703703 0.43336197916666663 0.6365722222222223 0.4220984375 0.6281407407407408 0.4137984375 0.6176018518518518 0.406684375 0.5975768518518519 0.40194166666666664 0.5807148148148148 0.39957031249999997 0.6028472222222223 0.41083437500000003 0.6355185185185185 0.42921197916666665 0.6481657407407407 0.44521875000000005 0.6523814814814815 0.45766822916666666 0.6565972222222223 0.4772317708333333 0.6544888888888889 0.47960312499999996 0.6365722222222223
0 0.40134895833333334 0.8441962962962962 0.4060916666666667 0.8589509259259259 0.4155770833333333 0.8779222222222222 0.42031979166666666 0.9000546296296296 0.4315833333333333 0.8853 0.43336197916666663 0.8515740740740741 0.4238765625 0.8252259259259259 0.4161697916666667 0.7999314814814815 0.4132057291666667 0.7788527777777777 0.40134895833333334 0.7451268518518518 0.40075625 0.720887037037037 0.3918635416666667 0.6977 0.390678125 0.7092935185185185 0.3883067708333333 0.6829453703703704 0.3841567708333333 0.6692444444444444 0.37407864583333333 0.6713518518518518 0.3752640625 0.6797833333333334 0.37941406250000004 0.7103472222222221 0.386528125 0.7314259259259259 0.3888994791666667 0.757774074074074 0.3918635416666667 0.7862305555555555 0.4001635416666666 0.8146861111111111 0.40134895833333334 0.8441962962962962
0 0.4250625 0.8262796296296295 0.43099062499999996 0.8368185185185185 0.43869739583333334 0.8210101851851852 0.439290625 0.7925537037037037 0.43632604166666666 0.7672592592592592 0.4274338541666667 0.7409111111111111 0.4232838541666667 0.734587962962963 0.4137984375 0.7261564814814815 0.4049057291666667 0.7430194444444445 0.41735572916666663 0.7335342592592592 0.42446927083333336 0.7525046296296297 0.42446927083333336 0.7767453703703704 0.42031979166666666 0.7915000000000001 0.42031979166666666 0.808362962962963 0.4250625 0.8262796296296295
0 0.293453125 0.4384342592592593 0.31242395833333336 0.4384342592592593 0.32843020833333336 0.4173555555555556 0.3236875 0.40260092592592595 0.3106453125 0.4036546296296296 0.2999744791666667 0.4120861111111111 0.28989583333333335 0.41630185185185187 0.2762609375 0.4194629629629629 0.2602541666666667 0.4194629629629629 0.25076875 0.4247333333333333 0.23713385416666669 0.43948796296296294 0.24424791666666668 0.44265 0.2513619791666667 0.4384342592592593 0.26440416666666666 0.4321101851851852 0.2774463541666667 0.43421851851851856 0.293453125 0.4384342592592593
0 0.3296161458333334 0.48164537037037036 0.3361369791666667 0.47005185185185183 0.342065625 0.4521351851851852 0.3225020833333333 0.4384342592592593 0.3088666666666667 0.4352722222222222 0.2910817708333333 0.4352722222222222 0.27566822916666667 0.4384342592592593 0.25669739583333334 0.4384342592592593 0.2667755208333333 0.44686574074074076 0.2839677083333333 0.4479194444444444 0.30353125 0.4531888888888889 0.31538802083333334 0.47005185185185183 0.3296161458333334 0.48164537037037036
0 0.5972578125 0.8724731481481481 0.6103182291666667 0.8840824074074074 0.6258901041666667 0.8894398148148148 0.6349317708333333 0.8697935185185185 0.6278989583333333 0.8537194444444445 0.6148390625 0.8492546296296297 0.5882161458333334 0.8555055555555556 0.5696302083333333 0.8608638888888889 0.5545604166666667 0.8671148148148149 0.5420026041666667 0.8733657407407408 0.5445140625 0.8831888888888889 0.5505421875 0.8849750000000001 0.5620953125 0.8742592592592593 0.5816859375 0.8724731481481481 0.5972578125 0.8724731481481481
