0 0.6010416666666667 0.524074074074074 0.6005208333333333 0.5333333333333333 0.6020833333333333 0.5361111111111111 0.6078125 0.5333333333333333 0.6161458333333333 0.5083333333333333 0.6307291666666667 0.48518518518518516 0.6552083333333333 0.41203703703703703 0.65625 0.40370370370370373 0.6630208333333333 0.3861111111111111 0.6734375 0.37407407407407406 0.6822916666666666 0.3537037037037037 0.690625 0.32222222222222224 0.7072916666666667 0.3074074074074074 0.7265625 0.29814814814814816 0.7052083333333333 0.30277777777777776 0.69375 0.3101851851851852 0.6838541666666667 0.30277777777777776 0.6880208333333333 0.2712962962962963 0.6890625 0.2351851851851852 0.6875 0.2537037037037037 0.6854166666666667 0.25462962962962965 0.6708333333333333 0.30833333333333335 0.6614583333333334 0.32037037037037036 0.6505208333333333 0.3416666666666667 0.6520833333333333 0.3453703703703704 0.65 0.3592592592592593 0.6291666666666667 0.45092592592592595 0.6072916666666667 0.5018518518518519
0 0.509375 0.29814814814814816 0.5088541666666667 0.30648148148148147 0.5166666666666667 0.3101851851851852 0.5239583333333333 0.30648148148148147 0.540625 0.30833333333333335 0.5932291666666667 0.2916666666666667 0.609375 0.2962962962962963 0.6197916666666666 0.29444444444444445 0.6375 0.2833333333333333 0.6505208333333333 0.30648148148148147 0.65625 0.3101851851851852 0.6395833333333333 0.2712962962962963 0.6380208333333334 0.25277777777777777 0.6411458333333333 0.24722222222222223 0.6421875 0.2361111111111111 0.6380208333333334 0.21296296296296297 0.634375 0.21481481481481482 0.6359375 0.21944444444444444 0.6354166666666666 0.23796296296296296 0.628125 0.25092592592592594 0.6067708333333334 0.25092592592592594 0.5880208333333333 0.26481481481481484 0.5505208333333333 0.27037037037037037 0.5302083333333333 0.28055555555555556
0 0.7401041666666667 0.5861111111111111 0.7473958333333334 0.6546296296296297 0.7473958333333334 0.7240740740740741 0.7520833333333333 0.7453703703703703 0.734375 0.7824074074074074 0.7354166666666667 0.7851851851851852 0.7489583333333333 0.7694444444444445 0.7557291666666667 0.7546296296296297 0.759375 0.7518518518518519 0.7729166666666667 0.7537037037037037 0.775 0.7601851851851852 0.7796875 0.7592592592592593 0.7713869791666668 0.747212962962963 0.7719364583333334 0.7335379629629629 0.7702885416666666 0.7013055555555555 0.7630208333333334 0.6518518518518519 0.7588541666666667 0.5814814814814815 0.7536458333333333 0.5574074074074075 0.7515625 0.5296296296296297 0.7473958333333334 0.5305555555555556 0.7447916666666666 0.537962962962963
0 0.771875 0.7898148148148149 0.7697916666666667 0.8027777777777778 0.7671875 0.8064814814814815 0.7587520833333333 0.8094925925925925 0.7432859374999999 0.8041111111111111 0.7631234374999999 0.8148731481481482 0.745303125 0.8238416666666667 0.7365614583333334 0.8196564814814815 0.7402598958333333 0.8292222222222222 0.745303125 0.828625 0.7695114583333333 0.8196564814814815 0.7791666666666667 0.8277777777777777 0.7848958333333333 0.8268518518518518 0.7947916666666667 0.8166666666666667 0.8067708333333333 0.7935185185185185 0.8078125 0.7851851851851852 0.8057291666666667 0.7712962962962963 0.8182291666666667 0.7379629629629629 0.8369791666666667 0.6731481481481482 0.8385416666666666 0.6509259259259259 0.8421875 0.6333333333333333 0.840625 0.6194444444444445 0.834375 0.6222222222222222 0.8270833333333333 0.6453703703703704 0.8208333333333333 0.6546296296296297 0.7932291666666667 0.7453703703703703 0.7869791666666667 0.7564814814814815 0.7817708333333333 0.7592592592592593 0.7786458333333334 0.7666666666666667 0.7776041666666667 0.7777777777777778
0 0.4979166666666667 0.07314814814814814 0.4984375 0.07592592592592592 0.50625 0.06944444444444445 0.5223958333333333 0.06574074074074074 0.5286458333333334 0.06944444444444445 0.5302083333333333 0.07592592592592592 0.5213541666666667 0.10277777777777777 0.5192708333333333 0.1175925925925926 0.5197916666666667 0.13518518518518519 0.515625 0.1638888888888889 0.49322916666666666 0.26296296296296295 0.4921875 0.2796296296296296 0.49375 0.2861111111111111 0.48854166666666665 0.3138888888888889 0.49375 0.32685185185185184 0.4979166666666667 0.32685185185185184 0.5015625 0.31666666666666665 0.5036458333333333 0.3 0.5130208333333334 0.26666666666666666 0.528125 0.18425925925925926 0.5390625 0.14351851851851852 0.5447916666666667 0.12962962962962962 0.5484375 0.12962962962962962 0.5494791666666666 0.07685185185185185 0.5651041666666666 0.06574074074074074 0.571875 0.06759259259259259 0.5838541666666667 0.05648148148148148 0.5786458333333333 0.05555555555555555 0.5453125 0.06851851851851852 0.5135416666666667 0.05740740740740741 0.5020833333333333 0.06481481481481481
0 0.565625 0.06759259259259259 0.5635416666666667 0.08333333333333333 0.5651041666666666 0.0962962962962963 0.5609375 0.1175925925925926 0.559375 0.12314814814814815 0.5520833333333334 0.1259259259259259 0.5520833333333334 0.13425925925925927 0.5552083333333333 0.1398148148148148 0.5583333333333333 0.1388888888888889 0.5651041666666666 0.12314814814814815 0.5833333333333334 0.13148148148148148 0.6041666666666666 0.12962962962962962 0.6276041666666666 0.13425925925925927 0.6395833333333333 0.1425925925925926 0.6604166666666667 0.15 0.6979166666666666 0.14444444444444443 0.7052083333333333 0.1361111111111111 0.7046875 0.12685185185185185 0.7 0.12222222222222222 0.6880208333333333 0.12222222222222222 0.678125 0.11574074074074074 0.6223958333333334 0.10277777777777777 0.6083333333333333 0.0962962962962963 0.5953125 0.08333333333333333 0.5776041666666667 0.08518518518518518 0.5729166666666666 0.07777777777777778 0.58125 0.05925925925925926 0.571875 0.06018518518518518
0 0.5458333333333333 0.13055555555555556 0.5510416666666667 0.15185185185185185 0.5505208333333333 0.16944444444444445 0.5458333333333333 0.1824074074074074 0.5447916666666667 0.21944444444444444 0.5515625 0.1824074074074074 0.553125 0.17685185185185184 0.5578125 0.17314814814814813 0.5796875 0.18333333333333332 0.5854166666666667 0.17962962962962964 0.5989583333333334 0.1814814814814815 0.6348958333333333 0.20555555555555555 0.6515625 0.21203703703703702 0.6661458333333333 0.21203703703703702 0.678125 0.21851851851851853 0.684375 0.21296296296296297 0.6833333333333333 0.20462962962962963 0.6807291666666667 0.20092592592592592 0.6651041666666667 0.18981481481481483 0.6583333333333333 0.18055555555555555 0.6135416666666667 0.15833333333333333 0.5828125 0.1361111111111111 0.5703125 0.13518518518518519 0.5609375 0.1388888888888889 0.5494791666666666 0.12407407407407407 0.5484375 0.11388888888888889
0 0.74375 0.053703703703703705 0.7354166666666667 0.06666666666666667 0.7307291666666667 0.08055555555555556 0.7203125 0.08888888888888889 0.7104166666666667 0.09166666666666666 0.7279828125000001 0.09279074074074074 0.7439161458333333 0.12404722222222223 0.7642447916666666 0.1279537037037037 0.7854166666666667 0.1638888888888889 0.790625 0.18611111111111112 0.7984375 0.19814814814814816 0.8057291666666667 0.21851851851851853 0.8088541666666667 0.2175925925925926 0.8057291666666667 0.1824074074074074 0.7984375 0.16666666666666666 0.7942708333333334 0.1425925925925926 0.7583333333333333 0.08981481481481482 0.7411692708333334 0.0654425925925926 0.7483114583333333 0.05469814814814815 0.7598958333333333 0.05277777777777778 0.7515625 0.05
0 0.8182291666666667 0.08611111111111111 0.80625 0.10740740740740741 0.7932291666666667 0.11851851851851852 0.7932291666666667 0.14074074074074075 0.7979166666666667 0.17592592592592593 0.809375 0.19444444444444445 0.8213541666666667 0.24537037037037038 0.8239583333333333 0.30185185185185187 0.828125 0.31574074074074077 0.8296875 0.34074074074074073 0.8348958333333333 0.3435185185185185 0.8395833333333333 0.3351851851851852 0.8416666666666667 0.2824074074074074 0.8390625 0.26944444444444443 0.8380208333333333 0.24537037037037038 0.8302083333333333 0.20833333333333334 0.8234375 0.15 0.8130208333333333 0.11851851851851852 0.8125 0.10555555555555556 0.8197916666666667 0.09074074074074075 0.8203125 0.08611111111111111
0 0.25 0.7777777777777778 0.24947916666666667 0.7870370370370371 0.2515625 0.7944444444444444 0.25891302083333334 0.7729027777777778 0.2640625 0.799074074074074 0.28229166666666666 0.8314814814814815 0.2875 0.8453703703703703 0.3067708333333333 0.8731481481481481 0.31927083333333334 0.8888888888888888 0.3333333333333333 0.9 0.3416666666666667 0.9 0.34270833333333334 0.8962962962962963 0.340625 0.8888888888888888 0.33125 0.8759259259259259 0.321875 0.8537037037037037 0.3015625 0.8240740740740741 0.2942708333333333 0.8046296296296296 0.2911458333333333 0.787962962962963 0.2833333333333333 0.7712962962962963 0.2767130208333333 0.7575601851851852 0.2786458333333333 0.7481481481481481 0.28072916666666664 0.7361111111111112 0.2838541666666667 0.7324074074074074 0.2828125 0.7305555555555555 0.275 0.7379629629629629 0.2682291666666667 0.7574074074074074 0.25677083333333334 0.7666666666666667
0 0.2515625 0.41944444444444445 0.2390625 0.4527777777777778 0.25729166666666664 0.4787037037037037 0.271875 0.4898148148148148 0.284375 0.4898148148148148 0.3234375 0.5018518518518519 0.35260416666666666 0.5064814814814815 0.38177083333333334 0.5018518518518519 0.3885416666666667 0.49722222222222223 0.3859375 0.4898148148148148 0.3770833333333333 0.4842592592592593 0.33489583333333334 0.48518518518518516 0.31145833333333334 0.475 0.29635416666666664 0.4648148148148148 0.2890625 0.45555555555555555 0.2864583333333333 0.4462962962962963 0.26458333333333334 0.4305555555555556 0.2557291666666667 0.4148148148148148
0 0.3723958333333333 0.06388888888888888 0.3692708333333333 0.08981481481481482 0.3703125 0.1037037037037037 0.371875 0.10833333333333334 0.38229166666666664 0.1175925925925926 0.3963541666666667 0.12314814814814815 0.40208333333333335 0.12037037037037036 0.41354166666666664 0.12222222222222222 0.4635416666666667 0.14629629629629629 0.4979166666666667 0.14722222222222223 0.5010416666666667 0.14537037037037037 0.5036458333333333 0.13796296296296295 0.5020833333333333 0.13055555555555556 0.496875 0.12685185185185185 0.42916666666666664 0.09814814814814815 0.4114583333333333 0.08518518518518518 0.4046875 0.07592592592592592 0.3921875 0.0712962962962963 0.3875 0.07314814814814814 0.3754239583333333 0.07671481481481482 0.3776041666666667 0.06296296296296296 0.38177083333333334 0.05277777777777778 0.38125 0.04814814814814815 0.3765625 0.05185185185185185
0 0.36625416666666666 0.2694611111111111 0.3646359375 0.2876814814814815 0.37552083333333336 0.2833333333333333 0.37552083333333336 0.2861111111111111 0.42604166666666665 0.30277777777777776 0.4348958333333333 0.3194444444444444 0.4449651041666666 0.3138888888888889 0.4588541666666667 0.3194444444444444 0.475 0.3175925925925926 0.4859375 0.3101851851851852 0.48802083333333335 0.2953703703703704 0.48541666666666666 0.2833333333333333 0.4744791666666667 0.2777777777777778 0.4434375 0.2814814814814815 0.43125 0.2796296296296296 0.4119791666666667 0.27037037037037037 0.39947916666666666 0.2740740740740741 0.3958333333333333 0.27037037037037037
0 0.434375 0.325 0.42936406250000003 0.33754537037037036 0.40239375 0.35864259259259257 0.4077880208333333 0.3615194444444444 0.429903125 0.3471351851851852 0.43697916666666664 0.35 0.44895833333333335 0.3611111111111111 0.4947916666666667 0.37222222222222223 0.5083333333333333 0.38055555555555554 0.5401041666666667 0.38425925925925924 0.5682291666666667 0.375 0.5739583333333333 0.3648148148148148 0.5739583333333333 0.3611111111111111 0.5692708333333333 0.35648148148148145 0.553125 0.3592592592592593 0.534375 0.3527777777777778 0.5067708333333333 0.35 0.48385416666666664 0.33796296296296297 0.47708333333333336 0.3314814814814815 0.4734375 0.32222222222222224 0.46770833333333334 0.32037037037037036 0.4427083333333333 0.3148148148148148 0.43697916666666664 0.3175925925925926
0 0.27239583333333334 0.22037037037037038 0.2713541666666667 0.22870370370370371 0.275 0.24814814814814815 0.29010416666666666 0.2759259259259259 0.3182291666666667 0.3574074074074074 0.32864583333333336 0.37962962962962965 0.3328125 0.3962962962962963 0.3416666666666667 0.4 0.3421875 0.38796296296296295 0.3338541666666667 0.3388888888888889 0.2947916666666667 0.21851851851851853 0.2828125 0.19814814814814816 0.27401614583333334 0.19754074074074074
0 0.3729166666666667 0.4527777777777778 0.37447916666666664 0.4685185185185185 0.37916666666666665 0.4759259259259259 0.38385416666666666 0.4787037037037037 0.4 0.4759259259259259 0.4125 0.4666666666666667 0.42291666666666666 0.45092592592592595 0.4734375 0.41203703703703703 0.49947916666666664 0.3888888888888889 0.5010416666666667 0.38425925925925924 0.49583333333333335 0.3768518518518518 0.46458333333333335 0.38333333333333336 0.4427083333333333 0.3990740740740741 0.43108125 0.41513518518518516 0.4260223958333333 0.41750185185185185 0.421875 0.42314814814814816 0.42229479166666667 0.4260222222222222 0.4198984375 0.42791574074074074 0.4192708333333333 0.43148148148148147 0.41696927083333335 0.4326490740740741 0.3927083333333333 0.43796296296296294
0 0.2671875 0.37037037037037035 0.2677083333333333 0.37592592592592594 0.26510416666666664 0.38425925925925924 0.26614583333333336 0.39444444444444443 0.284375 0.4203703703703704 0.2942708333333333 0.42777777777777776 0.31145833333333334 0.4287037037037037 0.34427083333333336 0.4425925925925926 0.35885416666666664 0.4444444444444444 0.3729166666666667 0.4527777777777778 0.37864583333333335 0.44722222222222224 0.384375 0.44722222222222224 0.39114583333333336 0.4398148148148148 0.4239583333333333 0.4351851851851852 0.42552083333333335 0.42407407407407405 0.4354166666666667 0.42407407407407405 0.43697916666666664 0.41944444444444445 0.4359375 0.4083333333333333 0.42083333333333334 0.41759259259259257 0.39114583333333336 0.4185185185185185 0.346875 0.4074074074074074 0.325 0.3972222222222222 0.303125 0.375 0.28020833333333334 0.362962962962963 0.2713541666666667 0.3611111111111111
0 0.2321234375 0.4574898148148148 0.23894010416666667 0.4829509259259259 0.23786927083333334 0.49882222222222217 0.24322447916666665 0.5413583333333334 0.2464375 0.5851648148148147 0.2457234375 0.6073851851851851 0.2528640625 0.6397638888888889 0.26107552083333335 0.6486518518518518 0.26821614583333336 0.642937962962963 0.2710723958333333 0.6289712962962963 0.26785885416666666 0.6010361111111111 0.2703583333333333 0.5845296296296296 0.2632177083333333 0.5877046296296297 0.2621463541666667 0.5553259259259259 0.25964739583333335 0.5077111111111111 0.25250677083333334 0.4823157407407407 0.24822291666666668 0.4766018518518519 0.24108229166666667 0.46073055555555553
0 0.22215989583333334 0.3991259259259259 0.2253734375 0.4137277777777778 0.23287083333333333 0.4048398148148148 0.22822916666666665 0.3756361111111111 0.22858645833333335 0.33754351851851855 0.227515625 0.3080111111111111 0.23322760416666669 0.3010277777777778 0.24108229166666667 0.2734 0.23894010416666667 0.2613370370370371 0.24608072916666668 0.25625833333333337 0.2500078125 0.21689629629629628 0.25536302083333334 0.17816944444444444 0.26571666666666666 0.1413462962962963 0.2710723958333333 0.1413462962962963 0.27214322916666667 0.16229722222222223 0.2785697916666667 0.18007407407407405 0.28178281250000003 0.19340555555555555 0.26928697916666666 0.22895833333333335 0.26357447916666665 0.2740342592592592 0.2653598958333333 0.3143592592592592 0.2667880208333333 0.33150092592592595 0.273928125 0.3213435185185185 0.2828541666666667 0.31245555555555554 0.27464218749999997 0.3308666666666667 0.2710723958333333 0.35562592592592596 0.26607395833333336 0.3924490740740741 0.25464895833333334 0.4076851851851852 0.24215312500000002 0.41530370370370373 0.23429895833333333 0.4172083333333333 0.22894322916666668 0.42609722222222224 0.22144583333333331 0.42355740740740744 0.21966093750000001 0.40387685185185185
0 0.2895119791666667 0.10725833333333333 0.2807119791666667 0.12070277777777778 0.27285729166666667 0.14038333333333333 0.2600046875 0.1416527777777778 0.25250677083333334 0.1276861111111111 0.245009375 0.1308601851851852 0.24465260416666668 0.14038333333333333 0.25893333333333335 0.14673240740740742 0.27178645833333337 0.15815925925925928 0.27499947916666667 0.17212685185185184 0.2874953125 0.1759361111111111 0.30534635416666667 0.16069907407407408 0.3206984375 0.1626037037037037 0.3249828125 0.15815925925925928 0.3146291666666666 0.14863703703703704 0.32676770833333335 0.12959074074074073 0.33390833333333336 0.11244907407407406 0.3510453125 0.10800462962962963 0.3699677083333333 0.12451111111111111 0.3781791666666667 0.15625462962962963 0.38139218750000003 0.18609351851851852 0.3828203125 0.19371203703703704 0.38817552083333334 0.19117314814814815 0.390675 0.1765712962962963 0.3856765625 0.15054166666666668 0.38960364583333335 0.13974814814814815 0.3781791666666667 0.11308425925925926 0.360328125 0.08959351851851852 0.33283697916666666 0.08578425925925927 0.30713125 0.10292592592592592 0.30820260416666667 0.09149814814814815 0.29963385416666666 0.10419537037037038 0.2871380208333333 0.109275
0 0.24358125 0.6526101851851851 0.240725 0.6335638888888889 0.2471515625 0.6526101851851851 0.25393489583333334 0.6468962962962963 0.26714479166666666 0.6519759259259259 0.2696442708333333 0.6564194444444444 0.2835682291666667 0.6621333333333334 0.30177604166666666 0.6634027777777778 0.32284062500000005 0.6741962962962963 0.32962395833333336 0.6818148148148149 0.34104843749999997 0.6862583333333333 0.346046875 0.6957814814814814 0.34140572916666667 0.7008601851851851 0.33069479166666665 0.6976861111111111 0.3221265625 0.7014953703703704 0.3042755208333333 0.6932416666666666 0.2860671875 0.6913370370370371 0.27499947916666667 0.6868935185185185 0.26785885416666666 0.6995907407407407 0.26286041666666665 0.6887981481481482 0.25179270833333334 0.6837185185185186 0.24750885416666665 0.6780055555555555 0.24679479166666668 0.6964166666666667 0.245009375 0.6875277777777777 0.245009375 0.6767351851851852 0.23894010416666667 0.6830842592592593 0.24215312500000002 0.6691166666666666
0 0.34019218749999997 0.8290777777777778 0.35077864583333335 0.8562185185185185 0.3562432291666667 0.8651888888888889 0.3583453125 0.876400925925926 0.35876562500000003 0.8928453703703704 0.360446875 0.9033101851851852 0.3591859375 0.9219972222222221 0.36717239583333333 0.9294722222222223 0.375159375 0.9272296296296296 0.36507083333333334 0.9227444444444444 0.36549114583333336 0.9092898148148149 0.37557968750000004 0.9190074074074074 0.38650885416666664 0.9160175925925925 0.376 0.9115324074074075 0.37221666666666664 0.9077944444444445 0.3881901041666667 0.9040574074074074 0.39953958333333334 0.9063 0.4071057291666667 0.9063 0.39995989583333336 0.8995722222222222 0.41635364583333334 0.8831277777777778 0.4453578125 0.8696731481481481 0.4659546875 0.8569666666666667 0.4747822916666667 0.8450064814814815 0.47730416666666664 0.8375314814814815 0.4924369791666667 0.8240768518518519 0.4949588541666667 0.806137962962963 0.48907395833333334 0.8016527777777778 0.4785651041666667 0.8128648148148149 0.47268020833333335 0.81735 0.4659546875 0.8188444444444444 0.44956093750000004 0.8337944444444445 0.4243401041666666 0.847249074074074 0.3961765625 0.8554712962962963 0.39575625 0.8397740740740741 0.3860885416666667 0.8502388888888889 0.37431875 0.8562185185185185 0.3617078125 0.8621981481481481 0.36128750000000004 0.8681787037037038
0 0.40794635416666664 0.8906027777777777 0.40836666666666666 0.9085425925925926 0.41214999999999996 0.9205018518518518 0.4192958333333333 0.932462037037037 0.43148593749999997 0.9287240740740741 0.42265885416666665 0.9272296296296296 0.41971614583333333 0.92125 0.43064531250000004 0.9152694444444445 0.4386322916666667 0.9130268518518518 0.445778125 0.9160175925925925 0.4449375 0.9085425925925926 0.46133124999999997 0.8943398148148147 0.48613177083333337 0.8891083333333333 0.5067286458333333 0.8838759259259259 0.5168171874999999 0.876400925925926 0.5260651041666666 0.8681787037037038 0.532790625 0.8659361111111111 0.5348921875 0.8502388888888889 0.5281666666666667 0.847249074074074 0.516396875 0.8569666666666667 0.5092510416666667 0.8502388888888889 0.5046270833333334 0.8539759259259259 0.49874218750000004 0.8442592592592593 0.4810875 0.8562185185185185 0.463853125 0.8577138888888889 0.44199479166666666 0.8719157407407407 0.4239197916666667 0.8816333333333333
0 0.6759729166666666 0.7783574074074073 0.6854552083333334 0.8127703703703704 0.6894895833333333 0.8277175925925926 0.6857911458333333 0.8384796296296296 0.6931880208333333 0.857612037037037 0.7099994791666667 0.8665805555555556 0.7325265625 0.875549074074074 0.7621145833333334 0.8677759259259259 0.7785895833333334 0.8492416666666667 0.7880041666666667 0.8277175925925926 0.7967458333333333 0.8103787037037037 0.7765723958333334 0.8253259259259259 0.7641317708333334 0.8456546296296297 0.7402598958333333 0.8564166666666666 0.7247932291666667 0.8408712962962963 0.725465625 0.8348925925925925 0.7170604166666668 0.8313046296296296 0.7063010416666666 0.8235324074074074 0.6915072916666667 0.8217388888888888 0.6868 0.8038018518518518
0 0.6840390625 0.8395435185185185 0.68175625 0.8441694444444444 0.6831015625 0.8555296296296296 0.6928520833333334 0.8680851851851852 0.7160515625 0.8860222222222223 0.7409322916666666 0.8997731481481481 0.7664854166666667 0.8967842592592593 0.7869953125 0.8866203703703703 0.796409375 0.8812388888888889 0.8098588541666667 0.860312962962963 0.8135572916666667 0.8555296296296296 0.8202817708333333 0.8680851851851852 0.8135572916666667 0.8818370370370371 0.8048151041666666 0.8931962962962964 0.8216265625 0.8794453703703704 0.8222989583333333 0.8650962962962963 0.8155744791666667 0.8489527777777778 0.8098588541666667 0.8280268518518519 0.8085135416666667 0.8190583333333333 0.8078411458333333 0.7927518518518519 0.8054875 0.825037037037037 0.7917026041666666 0.8292222222222222 0.7819520833333333 0.8441694444444444 0.7604333333333333 0.8680851851851852 0.7278192708333333 0.874662037037037 0.7019302083333333 0.8633018518518518
0 0.6417453125 0.7242824074074075 0.6424182291666667 0.764938888888889 0.6440989583333334 0.7834740740740741 0.6501510416666666 0.8163574074074075 0.6592291666666666 0.8492416666666667 0.6592291666666666 0.857612037037037 0.656203125 0.8611990740740741 0.6609104166666667 0.8773425925925926 0.6669625 0.9006601851851852 0.6723421875 0.9072370370370371 0.6575484374999999 0.9162046296296296 0.6588932291666667 0.924575925925926 0.6783942708333334 0.9096287037037037 0.6857911458333333 0.9042472222222222 0.6962140625 0.9156074074074074 0.714034375 0.9174009259259259 0.6941968749999999 0.9060407407407407 0.6878083333333334 0.8940833333333333 0.6864635416666667 0.8761462962962964 0.6820927083333334 0.854025 0.6814203125 0.8450564814814814 0.6760406250000001 0.8426648148148148 0.6689796875 0.818749074074074 0.6666260416666667 0.7870611111111111 0.657884375 0.7607537037037038 0.6525046875 0.7434148148148149 0.6511598958333333 0.7487962962962963 0.6474614583333334 0.726674074074074 0.6410729166666667 0.7147166666666667
0 0.6270359375000001 0.7664074074074074 0.6212359375 0.8097805555555555 0.6145114583333334 0.8061935185185185 0.6124937500000001 0.8223361111111112 0.6128302083333333 0.8366861111111111 0.6114854166666667 0.8582101851851851 0.6128302083333333 0.8863101851851852 0.6037520833333333 0.8976703703703705 0.5798796875 0.9054435185185186 0.5644135416666667 0.9036490740740741 0.5923203125000001 0.9120194444444445 0.6111489583333333 0.9006601851851852 0.61585625 0.896475 0.6212359375 0.9012574074074073 0.6296416666666667 0.9018555555555555 0.639728125 0.9215861111111111 0.6531770833333332 0.93175 0.6639364583333334 0.9359351851851851 0.6484703125000001 0.9227814814814815 0.6367020833333333 0.9030518518518519 0.6340125000000001 0.8952787037037037 0.6390557291666668 0.8875064814814815 0.6427541666666666 0.8683740740740741 0.6451078124999999 0.8492416666666667 0.6525046875 0.8289129629629629 0.6501510416666666 0.8205425925925927 0.6451078124999999 0.8319027777777778 0.6440989583333334 0.8014101851851853 0.6434265625 0.7676194444444444 0.6410729166666667 0.7275611111111111 0.6417453125 0.6934814814814815 0.6350208333333334 0.663587037037037 0.62896875 0.6468462962962963 0.624934375 0.6510314814814815 0.6205635416666666 0.6259194444444445 0.6128302083333333 0.6109722222222222 0.6074505208333334 0.6109722222222222 0.605096875 0.6205388888888889 0.6087953125 0.6396712962962964 0.6111489583333333 0.652825 0.6108125 0.6725555555555556 0.6182098958333333 0.7042435185185185 0.6259427083333333 0.741312037037037 0.6272880208333333 0.7658259259259259
