0 0.3963541666666667 0.3398148148148148 0.3932291666666667 0.3453703703703704 0.39427083333333335 0.3527777777777778 0.4041666666666667 0.3685185185185185 0.40729166666666666 0.37037037037037035 0.4197916666666667 0.3925925925925926 0.440625 0.41388888888888886 0.45729166666666665 0.4388888888888889 0.4671875 0.44537037037037036 0.475 0.44351851851851853 0.478125 0.43425925925925923 0.478125 0.4287037037037037 0.4708333333333333 0.4101851851851852 0.46041666666666664 0.3990740740740741 0.4473958333333333 0.39444444444444443 0.43697916666666664 0.3851851851851852 0.4276041666666667 0.37222222222222223 0.4192708333333333 0.36574074074074076 0.4005208333333333 0.3416666666666667 0.396875 0.3398148148148148
0 0.39375 0.2861111111111111 0.3848958333333333 0.2916666666666667 0.3697916666666667 0.29444444444444445 0.35208333333333336 0.30277777777777776 0.3296875 0.30277777777777776 0.3265625 0.30648148148148147 0.3182291666666667 0.30462962962962964 0.3020833333333333 0.32037037037037036 0.30104166666666665 0.33611111111111114 0.3046875 0.34444444444444444 0.31666666666666665 0.3453703703703704 0.3333333333333333 0.33240740740740743 0.3614583333333333 0.32314814814814813 0.3770833333333333 0.3148148148148148 0.3807291666666667 0.30833333333333335 0.3963541666666667 0.30092592592592593 0.39895833333333336 0.29444444444444445 0.3984375 0.28888888888888886 0.3963541666666667 0.2861111111111111
0 0.2864583333333333 0.42592592592592593 0.25833333333333336 0.45740740740740743 0.24947916666666667 0.47129629629629627 0.2390625 0.4824074074074074 0.23229166666666667 0.48518518518518516 0.21822916666666667 0.5101851851851852 0.21770833333333334 0.5203703703703704 0.21927083333333333 0.5259259259259259 0.22447916666666667 0.5333333333333333 0.22864583333333333 0.5324074074074074 0.23489583333333333 0.5259259259259259 0.2453125 0.5101851851851852 0.25677083333333334 0.48703703703703705 0.2640625 0.4787037037037037 0.28854166666666664 0.43796296296296294 0.290625 0.4324074074074074 0.290625 0.42685185185185187 0.28854166666666664 0.42592592592592593
0 0.5859375 0.4722222222222222 0.5765625 0.4759259259259259 0.56875 0.48333333333333334 0.5447916666666667 0.524074074074074 0.5364583333333334 0.5564814814814815 0.5354166666666667 0.5712962962962963 0.53125 0.5907407407407408 0.5328125 0.5990740740740741 0.5364583333333334 0.5972222222222222 0.5390625 0.5916666666666667 0.5489583333333333 0.5472222222222223 0.5557291666666667 0.5287037037037037 0.5640625 0.5157407407407407 0.5796875 0.5111111111111111 0.5875 0.5046296296296297 0.5947916666666667 0.4935185185185185 0.5953125 0.48055555555555557 0.5901041666666667 0.4722222222222222
0 0.7578125 0.637962962962963 0.7552083333333334 0.6398148148148148 0.7541666666666667 0.6462962962962963 0.753125 0.6851851851851852 0.7541666666666667 0.7203703703703703 0.7588541666666667 0.7601851851851852 0.759375 0.7870370370370371 0.7635416666666667 0.8055555555555556 0.7666666666666667 0.8111111111111111 0.771875 0.8111111111111111 0.7776041666666667 0.8027777777777778 0.7786458333333334 0.7796296296296297 0.76875 0.7324074074074074 0.7609375 0.6694444444444444 0.7614583333333333 0.65 0.759375 0.637962962962963
0 0.6651041666666667 0.4351851851851852 0.6640625 0.4388888888888889 0.6572916666666667 0.4425925925925926 0.6473958333333333 0.45555555555555555 0.6421875 0.4685185185185185 0.61875 0.4888888888888889 0.6161458333333333 0.4935185185185185 0.6151041666666667 0.5018518518518519 0.6192708333333333 0.5037037037037037 0.628125 0.4962962962962963 0.6572916666666667 0.48518518518518516 0.6625 0.48055555555555557 0.6729166666666667 0.4638888888888889 0.6744791666666666 0.45740740740740743 0.6734375 0.4444444444444444 0.6697916666666667 0.4398148148148148 0.6666666666666666 0.4398148148148148 0.6661458333333333 0.4351851851851852
0 0.54453125 0.6166666666666667 0.5354166666666667 0.6222222222222222 0.5286458333333334 0.6416666666666667 0.5182291666666666 0.7055555555555556 0.5130208333333334 0.7203703703703703 0.5135416666666667 0.7287037037037037 0.5171875 0.7296296296296296 0.5213541666666667 0.7222222222222222 0.5354166666666667 0.6777777777777778 0.5484375 0.6537037037037037 0.5536458333333333 0.6268518518518519 0.5526041666666667 0.6222222222222222 0.5473958333333333 0.6166666666666667
0 0.5557291666666667 0.7083333333333334 0.5432291666666667 0.7296296296296296 0.5375 0.7592592592592593 0.540625 0.7870370370370371 0.5447916666666667 0.7953703703703704 0.553125 0.8018518518518518 0.5598958333333334 0.8018518518518518 0.5609375 0.7981481481481482 0.5546875 0.7925925925925926 0.5479166666666667 0.7787037037037037 0.5479166666666667 0.7666666666666667 0.5505208333333333 0.7601851851851852 0.559375 0.75 0.5677083333333334 0.7268518518518519 0.5666666666666667 0.7166666666666667 0.5588541666666667 0.7083333333333334
0 0.5171875 0.8194444444444444 0.50625 0.8240740740740741 0.49635416666666665 0.8361111111111111 0.496875 0.8527777777777777 0.5005208333333333 0.8601851851851852 0.5213541666666667 0.8611111111111112 0.5203125 0.8574074074074074 0.525 0.850925925925926 0.5421875 0.8435185185185186 0.575 0.8388888888888889 0.5802083333333333 0.8342592592592593 0.5739583333333333 0.8287037037037037 0.5640625 0.8277777777777777 0.5453125 0.8194444444444444 0.5302083333333333 0.8240740740740741 0.5177083333333333 0.8203703703703704
0 0.55625 0.12314814814814815 0.55625 0.1287037037037037 0.5822916666666667 0.14907407407407408 0.621875 0.18888888888888888 0.6385416666666667 0.1925925925925926 0.6421875 0.19074074074074074 0.6453125 0.1824074074074074 0.6447916666666667 0.17037037037037037 0.6411458333333333 0.1638888888888889 0.6328125 0.15648148148148147 0.6234375 0.15185185185185185 0.6119791666666666 0.1537037037037037 0.6010416666666667 0.14907407407407408 0.5604166666666667 0.12314814814814815
0 0.7432291666666667 0.13240740740740742 0.7411458333333333 0.13425925925925927 0.7432291666666667 0.17685185185185184 0.7526041666666666 0.22870370370370371 0.7567708333333333 0.26666666666666666 0.7635416666666667 0.2851851851851852 0.7713541666666667 0.28703703703703703 0.7760416666666666 0.2814814814814815 0.778125 0.2712962962962963 0.7770833333333333 0.25277777777777777 0.7651041666666667 0.21388888888888888 0.753125 0.15185185185185185 0.7494791666666667 0.14537037037037037 0.7479166666666667 0.13425925925925927 0.7447916666666666 0.13240740740740742
0 0.621875 0.21574074074074073 0.5916666666666667 0.24351851851851852 0.5796875 0.2611111111111111 0.5526041666666667 0.287962962962963 0.5463541666666667 0.29814814814814816 0.5427083333333333 0.30925925925925923 0.5447916666666667 0.325 0.5484375 0.3287037037037037 0.5552083333333333 0.32685185185185184 0.56875 0.3138888888888889 0.5807291666666666 0.28888888888888886 0.5994791666666667 0.26296296296296295 0.6109375 0.25092592592592594 0.6203125 0.2324074074074074 0.6265625 0.225 0.6270833333333333 0.21944444444444444 0.6234375 0.21574074074074073
0 0.7234375 0.21203703703703702 0.7182291666666667 0.2175925925925926 0.7098958333333333 0.2361111111111111 0.7057291666666666 0.26296296296296295 0.7 0.27685185185185185 0.6973958333333333 0.2953703703703704 0.6944369791666667 0.3079861111111111 0.6896171875 0.31590092592592595 0.6869791666666667 0.32222222222222224 0.6848958333333334 0.3333333333333333 0.671875 0.35648148148148145 0.6697916666666667 0.3731481481481482 0.6765625 0.36944444444444446 0.6828125 0.3527777777777778 0.7052083333333333 0.31574074074074077 0.7213541666666666 0.2712962962962963 0.728125 0.25833333333333336 0.7322916666666667 0.23981481481481481 0.7333333333333333 0.22407407407407406 0.73125 0.21851851851851853 0.7244791666666667 0.21203703703703702
0 0.5800567708333334 0.30254166666666665 0.5954437499999999 0.32183703703703703 0.6095322916666667 0.33305 0.6262166666666666 0.3515185185185185 0.6388229166666667 0.3594333333333333 0.6499453125 0.3693268518518518 0.6558776041666667 0.38383796296296296 0.6543947916666667 0.40164629629629633 0.6358567708333334 0.3957101851851852 0.6269583333333333 0.3779018518518519 0.6102739583333334 0.35679537037037035 0.5947020833333333 0.33568888888888887 0.5820963541666667 0.31458240740740745 0.5731979166666666 0.3126037037037037 0.5731979166666666 0.30270925925925923
0 0.6050833333333333 0.3183611111111111 0.620284375 0.33568888888888887 0.6403057291666666 0.3475611111111111 0.654765625 0.3370074074074074 0.6658885416666667 0.31458240740740745 0.6788651041666667 0.28358148148148143 0.6918416666666667 0.262475 0.70259375 0.26115648148148146 0.7007401041666667 0.28028425925925926 0.6936953124999999 0.30666666666666664 0.6825723958333333 0.3251351851851852 0.6718203125 0.3337101851851852 0.6625515624999999 0.3515185185185185 0.6436427083333334 0.3587740740740741 0.6254755208333334 0.34822037037037035 0.609903125 0.32975185185185185
0 0.5081598958333333 0.002777777777777778 0.49270833333333336 0.004629629629629629 0.4890625 0.01574074074074074 0.48854166666666665 0.02962962962962963 0.49635416666666665 0.041666666666666664 0.5098958333333333 0.05277777777777778 0.5369791666666667 0.05277777777777778 0.5760416666666667 0.06296296296296296 0.603125 0.062037037037037036 0.6067708333333334 0.06018518518518518 0.609375 0.05462962962962963 0.609375 0.04814814814814815 0.6057291666666667 0.041666666666666664 0.59375 0.041666666666666664 0.5838541666666667 0.03611111111111111 0.5536458333333333 0.027777777777777776 0.5317708333333333 0.01574074074074074 0.5244791666666667 0.007407407407407408 0.5109375 0.002777777777777778
0 0.74523125 0.06327685185185185 0.7519052083333333 0.08656851851851852 0.7641401041666666 0.09250462962962963 0.7797119791666667 0.10635555555555556 0.7956552083333333 0.1287814814814815 0.8078901041666666 0.1446111111111111 0.8123390625 0.15846296296296294 0.8182713541666666 0.1676962962962963 0.8249453125 0.17363333333333333 0.8293942708333333 0.1676962962962963 0.8201250000000001 0.15450555555555556 0.8086317708333334 0.1307601851851852 0.7934302083333333 0.10239814814814815 0.7782291666666666 0.07997314814814814 0.7693307291666667 0.06216388888888889 0.7559833333333333 0.05227037037037037 0.7481973958333333 0.05095185185185185
0 0.7430067708333333 0.09788148148148149 0.7500510416666667 0.09316481481481481 0.763028125 0.09910092592592593 0.7682187500000001 0.107675 0.7752630208333334 0.11888796296296296 0.7915765625 0.1366962962962963 0.8023286458333333 0.1531861111111111 0.8112270833333334 0.16637777777777776 0.8186421875 0.17429259259259258 0.8190130208333334 0.1888037037037037 0.8090026041666667 0.18154814814814815 0.7908348958333333 0.15714351851851852 0.7741505208333332 0.13999444444444442 0.763028125 0.12944166666666668 0.7556125 0.13142037037037038 0.7456020833333333 0.12152592592592591
0 0.43854166666666666 0.04814814814814815 0.4270833333333333 0.05925925925925926 0.4203125 0.07222222222222222 0.4166666666666667 0.08981481481481482 0.3885416666666667 0.1361111111111111 0.37395833333333334 0.1675925925925926 0.3734375 0.17407407407407408 0.37552083333333336 0.17777777777777778 0.38229166666666664 0.17407407407407408 0.3885416666666667 0.16296296296296298 0.39375 0.15925925925925927 0.41510416666666666 0.12129629629629629 0.4296875 0.10092592592592593 0.4395833333333333 0.09259259259259259 0.446875 0.062037037037037036 0.44375 0.05185185185185185 0.4395833333333333 0.04814814814814815
0 0.3645833333333333 0 0.353125 0.010185185185185186 0.3328125 0.017592592592592594 0.3223958333333333 0.026851851851851852 0.3145833333333333 0.02962962962962963 0.2984375 0.02962962962962963 0.2859375 0.03611111111111111 0.2828125 0.041666666666666664 0.2791666666666667 0.03888888888888889 0.27760416666666665 0.049074074074074076 0.2786458333333333 0.06481481481481481 0.2796875 0.06851851851851852 0.284375 0.07222222222222222 0.296875 0.07314814814814814 0.33229166666666665 0.04814814814814815 0.36822916666666666 0.013888888888888888 0.3697916666666667 0.004629629629629629 0.36614583333333334 0
0 0.29791666666666666 0.15648148148148147 0.28854166666666664 0.1675925925925926 0.259375 0.1925925925925926 0.24895833333333334 0.19722222222222222 0.2359375 0.1925925925925926 0.21770833333333334 0.20185185185185187 0.21458333333333332 0.2101851851851852 0.21458333333333332 0.2222222222222222 0.21770833333333334 0.22962962962962963 0.2390625 0.22870370370370371 0.25 0.21851851851851853 0.2671875 0.20925925925925926 0.28072916666666664 0.19537037037037036 0.3015625 0.16666666666666666 0.3026041666666667 0.15833333333333333 0.30052083333333335 0.15648148148148147
0 0.249659375 0.26352962962962967 0.26123229166666667 0.26959351851851854 0.26097187499999996 0.2908759259259259 0.256290625 0.32187314814814816 0.24718854166666665 0.3385277777777778 0.2401671875 0.37045 0.23756666666666665 0.4130138888888889 0.23808645833333333 0.44493611111111114 0.23886666666666667 0.46066574074074074 0.2401671875 0.4740824074074074 0.233665625 0.4819481481481482 0.22612395833333335 0.47176944444444446 0.22924427083333335 0.45372685185185185 0.228984375 0.4199537037037037 0.22794427083333335 0.3815537037037037 0.23210520833333334 0.35518333333333335 0.23418541666666667 0.31863425925925926 0.23600625 0.29272592592592594 0.24406770833333333 0.2732953703703704
0 0.24809895833333334 0.25104629629629627 0.2591515625 0.24137222222222224 0.26721354166666667 0.2316574074074074 0.2729348958333333 0.23628333333333335 0.2698140625 0.24831203703703705 0.2591515625 0.2538638888888889 0.25056927083333336 0.2635796296296296 0.24172760416666667 0.27930925925925926 0.2354859375 0.29642685185185186 0.232625 0.3223351851851852 0.23002447916666666 0.3491685185185185 0.21962239583333334 0.3598092592592593 0.21338072916666664 0.35240740740740745 0.21520104166666665 0.3269620370370371 0.2224828125 0.31076944444444443 0.23054479166666667 0.28578611111111113 0.2378265625 0.2677435185185185
