0 0.3609375 0.38425925925925924 0.3697916666666667 0.4111111111111111 0.353125 0.43796296296296294 0.3484375 0.4388888888888889 0.3494791666666667 0.44166666666666665 0.3619791666666667 0.4398148148148148 0.3765625 0.4185185185185185 0.38697916666666665 0.412962962962963 0.40625 0.42407407407407405 0.41770833333333335 0.42592592592592593 0.3890625 0.40555555555555556 0.38385416666666666 0.3675925925925926 0.3848958333333333 0.3574074074074074 0.3776041666666667 0.3537037037037037 0.36302083333333335 0.32222222222222224 0.3223958333333333 0.2675925925925926 0.3067708333333333 0.2564814814814815 0.2947916666666667 0.25925925925925924 0.29583333333333334 0.2675925925925926 0.30885416666666665 0.2759259259259259 0.3182291666666667 0.2935185185185185 0.3463541666666667 0.32685185185185184 0.35572916666666665 0.3472222222222222 0.3609375 0.38425925925925924
0 0.5765625 0.8935185185185185 0.5760416666666667 0.9064814814814814 0.5671875 0.9074074074074074 0.571875 0.9111111111111111 0.5848958333333333 0.9120370370370371 0.5875 0.9074074074074074 0.5885416666666666 0.8898148148148148 0.59375 0.8759259259259259 0.6151041666666667 0.8388888888888889 0.6145833333333334 0.8305555555555556 0.6109375 0.8277777777777777 0.5990489583333333 0.8513879629629629 0.5767182291666667 0.8404046296296296 0.5738677083333333 0.8159037037037038 0.5624651041666666 0.8218175925925926 0.5442708333333334 0.8111111111111111 0.5166666666666667 0.7805555555555556 0.5020833333333333 0.7694444444444445 0.484375 0.7657407407407407 0.4713541666666667 0.7583333333333333 0.4630208333333333 0.762962962962963 0.4630208333333333 0.7712962962962963 0.4661458333333333 0.7768518518518519 0.4822916666666667 0.7870370370370371 0.54375 0.8583333333333333 0.5536458333333333 0.8759259259259259 0.5765625 0.8935185185185185
0 0.5916666666666667 0.6574074074074074 0.6041666666666666 0.6712962962962963 0.6109375 0.6962962962962963 0.6109375 0.7055555555555556 0.6067708333333334 0.7203703703703703 0.5984375 0.7314814814814815 0.5723958333333333 0.7407407407407407 0.575 0.7472222222222222 0.5859375 0.7490740740740741 0.6020833333333333 0.7435185185185185 0.6151041666666667 0.7240740740740741 0.6192708333333333 0.7074074074074074 0.6197916666666666 0.6796296296296296 0.6083333333333333 0.6296296296296297 0.5994791666666667 0.612037037037037 0.5854166666666667 0.5972222222222222 0.5833333333333334 0.5768518518518518 0.5838541666666667 0.5888888888888889 0.5807291666666666 0.600925925925926 0.5744791666666667 0.612037037037037 0.5661458333333333 0.6185185185185185 0.5755208333333334 0.6212962962962963 0.5916666666666667 0.6574074074074074
0 0.6088541666666667 0.5148148148148148 0.6260416666666667 0.49722222222222223 0.6322916666666667 0.48333333333333334 0.6541619791666666 0.5184824074074074 0.6451348958333334 0.49144629629629627 0.6750671874999999 0.4973611111111111 0.634375 0.4759259259259259 0.6265625 0.4564814814814815 0.61875 0.45 0.6046875 0.46574074074074073 0.5921875 0.4740740740740741 0.58125 0.4981481481481482 0.56875 0.5046296296296297 0.5484375 0.5064814814814815 0.4984375 0.525 0.4973958333333333 0.5351851851851852 0.5026041666666666 0.5416666666666666 0.5177083333333333 0.5407407407407407 0.5255208333333333 0.5462962962962963 0.5541666666666667 0.5425925925925926 0.6088541666666667 0.5148148148148148
0 0.7563947916666667 0.6466962962962963 0.7615567708333334 0.6613824074074074 0.7415979166666666 0.6717851851851852 0.7491682291666667 0.6803518518518519 0.7567708333333333 0.6731481481481482 0.7760416666666666 0.6462962962962963 0.7760416666666666 0.6370370370370371 0.7708333333333334 0.6157407407407407 0.7276041666666667 0.5120370370370371 0.7067708333333333 0.4898148148148148 0.7005208333333334 0.4898148148148148 0.6994791666666667 0.4925925925925926 0.7005208333333334 0.5018518518518519 0.7098958333333333 0.5166666666666667 0.7375 0.5805555555555556 0.7429744791666667 0.6056962962962963 0.7422859375 0.6326212962962963 0.7563947916666667 0.6466962962962963
0 0.8197916666666667 0.6620370370370371 0.8291666666666667 0.6574074074074074 0.8359375 0.6453703703703704 0.8395833333333333 0.6268518518518519 0.834375 0.6231481481481481 0.8192708333333333 0.5916666666666667 0.8088541666666667 0.5805555555555556 0.7786458333333334 0.5324074074074074 0.771875 0.49907407407407406 0.7729166666666667 0.45185185185185184 0.7713541666666667 0.44166666666666665 0.7671875 0.4425925925925926 0.7666666666666667 0.45 0.7671875 0.4722222222222222 0.7645833333333333 0.5074074074074074 0.7677083333333333 0.5361111111111111 0.7895833333333333 0.5842592592592593 0.8067708333333333 0.6425925925925926 0.8197916666666667 0.6620370370370371
0 0.8 0.7092592592592593 0.7947916666666667 0.7194444444444444 0.8005208333333333 0.7300925925925926 0.8 0.7722222222222223 0.7953125 0.7861111111111111 0.7869791666666667 0.8416666666666667 0.7890625 0.8805555555555555 0.7911458333333333 0.8916666666666667 0.7953125 0.8953703703703704 0.7989583333333333 0.8898148148148148 0.8005208333333333 0.8685185185185185 0.80625 0.8490740740740741 0.8182291666666667 0.7861111111111111 0.8234375 0.7379629629629629 0.8265625 0.725 0.8270833333333333 0.7055555555555556 0.8203125 0.6620370370370371 0.8140625 0.6555555555555556 0.7989583333333333 0.6555555555555556 0.7859375 0.649074074074074 0.7822916666666667 0.65 0.7828125 0.6527777777777778 0.7958333333333333 0.6583333333333333 0.8005208333333333 0.6638888888888889 0.803125 0.675 0.8 0.7092592592592593
0 0.8213541666666667 0.32314814814814813 0.8229166666666666 0.3509259259259259 0.8145833333333333 0.41574074074074074 0.8145833333333333 0.4351851851851852 0.8109375 0.4527777777777778 0.8114583333333333 0.46111111111111114 0.8166666666666667 0.4638888888888889 0.8208333333333333 0.4583333333333333 0.8302083333333333 0.42777777777777776 0.8380208333333333 0.375 0.8380208333333333 0.3296296296296296 0.8345104166666667 0.2537962962962963 0.8238427083333334 0.23605092592592594 0.8310692708333334 0.22136481481481482 0.8307291666666666 0.20462962962962963 0.8276041666666667 0.2037037037037037 0.8203125 0.225 0.7807291666666667 0.24351851851851852 0.7807291666666667 0.2490740740740741 0.7973958333333333 0.24259259259259258 0.8041666666666667 0.24537037037037038 0.8109375 0.29814814814814816 0.8166666666666667 0.3074074074074074 0.8213541666666667 0.32314814814814813
0 0.7302436635416666 0.3887539509259259 0.7322916666666667 0.39166666666666666 0.7473958333333334 0.38425925925925924 0.7583333333333333 0.3888888888888889 0.7671875 0.4287037037037037 0.771875 0.43148148148148147 0.76875 0.4203703703703704 0.7651041666666667 0.387037037037037 0.7770833333333333 0.3425925925925926 0.7755208333333333 0.30925925925925923 0.7791666666666667 0.21296296296296297 0.78125 0.19907407407407407 0.7807291666666667 0.18425925925925926 0.7880208333333333 0.16018518518518518 0.7869791666666667 0.15 0.7791666666666667 0.14907407407407408 0.7760416666666666 0.1527777777777778 0.7682291666666666 0.1824074074074074 0.7635416666666667 0.18981481481481483 0.759375 0.21481481481481482 0.7572916666666667 0.2462962962962963 0.759375 0.2740740740740741 0.7546875 0.3148148148148148 0.7484375 0.34444444444444444 0.7484375 0.36203703703703705 0.7477921875 0.3801703703703704 0.7302436635416666 0.3887539509259259
0 0.7885416666666667 0.15092592592592594 0.7869791666666667 0.13518518518518519 0.790625 0.12314814814814815 0.8026041666666667 0.11481481481481481 0.80625 0.10740740740740741 0.7989583333333333 0.09814814814814815 0.7973453125 0.10874907407407407 0.7890864583333334 0.11486759259259259 0.7859895833333332 0.10201759259259259 0.7244791666666667 0.0787037037037037 0.7072916666666667 0.06574074074074074 0.6828125 0.053703703703703705 0.678125 0.05555555555555555 0.6807291666666667 0.06759259259259259 0.6932291666666667 0.08703703703703704 0.76086875 0.13873333333333332 0.7842687500000001 0.14240462962962963 0.7869791666666667 0.15462962962962962 0.7885416666666667 0.15092592592592594
0 0.3692708333333333 0.22870370370370371 0.3729166666666667 0.2361111111111111 0.378125 0.2361111111111111 0.37916666666666665 0.2324074074074074 0.37604166666666666 0.22870370370370371 0.38333333333333336 0.20925925925925926 0.39791666666666664 0.20555555555555555 0.40520833333333334 0.19722222222222222 0.42135416666666664 0.19166666666666668 0.45729166666666665 0.18888888888888888 0.4703125 0.1824074074074074 0.496875 0.15833333333333333 0.5 0.1527777777777778 0.5005208333333333 0.14351851851851852 0.49322916666666666 0.1388888888888889 0.4796875 0.14722222222222223 0.428125 0.1638888888888889 0.38697916666666665 0.1648148148148148 0.3723958333333333 0.17685185185185184 0.36822916666666666 0.17685185185185184 0.365625 0.16944444444444445 0.3697916666666667 0.14537037037037037 0.3651041666666667 0.14444444444444443 0.36041666666666666 0.15 0.35833333333333334 0.16111111111111112 0.3609375 0.1712962962962963 0.36666666666666664 0.17777777777777778 0.371875 0.2064814814814815 0.3692708333333333 0.21666666666666667 0.3692708333333333 0.22870370370370371
0 0.43932187500000003 0.098325 0.44786302083333335 0.0928574074074074 0.4639208333333333 0.09407222222222222 0.4803203125 0.10075555555555556 0.5011609375 0.10865370370370371 0.5079942708333334 0.10622314814814815 0.5175604166666666 0.11229814814814815 0.5295182291666667 0.11108333333333333 0.5281515625000001 0.0989324074074074 0.5196104166666667 0.0825287037037037 0.5100442708333334 0.0819212962962963 0.4956947916666667 0.0758462962962963 0.4813453125 0.07037870370370371 0.4663125 0.07037870370370371 0.45059635416666666 0.05944259259259259 0.44786302083333335 0.05154444444444444 0.43966354166666666 0.05215185185185185 0.43180520833333336 0.043646296296296294 0.42326406250000004 0.0442537037037037 0.42497239583333335 0.03878611111111111 0.43453854166666667 0.03149537037037037 0.43351354166666667 0.02359814814814815 0.4242890625 0.026027777777777778 0.4181390625 0.040000925925925926 0.4144802083333333 0.05115370370370371 0.41301458333333335 0.061264814814814814 0.41438125 0.07463148148148148 0.4198473958333333 0.08374444444444444 0.43317187500000004 0.09467962962962963 0.43932187500000003 0.098325
0 0.5578755208333334 0.11016203703703703 0.5865744791666666 0.11076944444444445 0.6053651041666667 0.11441481481481482 0.6255229166666666 0.11988240740740742 0.6296229166666667 0.10773148148148147 0.6514885416666666 0.09861851851851851 0.650121875 0.09254259259259259 0.651146875 0.0706712962962963 0.6484135416666666 0.06398888888888889 0.6528552083333333 0.05609074074074075 0.6518302083333333 0.04150925925925926 0.6354307291666667 0.042117592592592595 0.6149317708333334 0.05001481481481481 0.6419223958333333 0.05548333333333333 0.6303062500000001 0.05669814814814815 0.6183479166666667 0.05852037037037037 0.5995572916666667 0.06520370370370371 0.6019489583333333 0.07188703703703704 0.5899911458333332 0.07613981481481481 0.5711999999999999 0.07674722222222222 0.5479677083333333 0.07370925925925925 0.5288348958333333 0.07553148148148148 0.5218572916666667 0.07835462962962964 0.5179020833333333 0.0864675925925926 0.52131875 0.09254259259259259 0.5278098958333334 0.10104814814814815 0.5308848958333333 0.11198425925925926 0.5578755208333334 0.11016203703703703
0 0.5458468750000001 0.41279074074074074 0.5442723958333333 0.4260907407407407 0.5486026041666666 0.43729166666666663 0.5458468750000001 0.4260907407407407 0.5525390625 0.4169907407407408 0.5694666666666667 0.4253907407407408 0.573796875 0.43309166666666665 0.5777333333333333 0.44709166666666667 0.5793078125 0.4736916666666667 0.5828510416666667 0.48769259259259257 0.5828510416666667 0.46669166666666667 0.5816697916666667 0.4449916666666667 0.5954479166666666 0.43869166666666665 0.6088322916666667 0.4169907407407408 0.6304833333333334 0.39599074074074075 0.652921875 0.37989074074074075 0.6686677083333333 0.3588898148148148 0.6844140625 0.34138981481481484 0.7107890625 0.3133888888888889 0.6993729166666667 0.30358888888888885 0.6840203125 0.3224888888888889 0.6674869791666667 0.3259898148148148 0.6560708333333333 0.3420898148148148 0.6438677083333334 0.3518898148148148 0.6289088541666668 0.3637898148148148 0.6056828125 0.37639074074074075 0.599384375 0.3714898148148148 0.5922984375 0.37989074074074075 0.5832442708333333 0.39109074074074074 0.5754739583333334 0.40984907407407406 0.5682854166666667 0.41279074074074074 0.5572630208333333 0.39039074074074076 0.5635614583333334 0.41419074074074075 0.5525390625 0.4078907407407407 0.5458468750000001 0.41279074074074074
0 0.625365625 0.4603916666666667 0.6265468750000001 0.4484916666666666 0.6407182291666668 0.4358916666666666 0.6509531249999999 0.42259074074074077 0.6533151041666667 0.4057907407407408 0.6643375 0.38899074074074075 0.6824458333333333 0.3791907407407408 0.6985859375000001 0.3644898148148148 0.7135447916666667 0.34348981481481483 0.71826875 0.3315898148148148 0.7296848958333333 0.31618888888888885 0.7344083333333333 0.2986888888888889 0.7296848958333333 0.2951888888888889 0.7151192708333334 0.3112888888888889 0.704096875 0.3252898148148148 0.6824458333333333 0.34838981481481485 0.6564645833333334 0.37008981481481484 0.6375692708333334 0.39319074074074073 0.6179734375 0.4087296296296296 0.6119812499999999 0.42469074074074076 0.6052890625 0.42259074074074077 0.6076510416666667 0.42959166666666665 0.61355625 0.44219166666666665 0.6202479166666667 0.45479166666666665 0.625365625 0.4603916666666667
0 0.730865625 0.2776638888888889 0.7450375 0.2699638888888889 0.757240625 0.2538638888888889 0.7320463541666666 0.2664638888888889 0.7253541666666667 0.2405638888888889 0.7076401041666667 0.21606296296296298 0.6946494791666668 0.18876296296296297 0.6785093750000001 0.13346203703703705 0.6694552083333334 0.11316111111111112 0.6604010416666667 0.11456111111111111 0.6694552083333334 0.15936203703703702 0.6796901041666668 0.20206296296296297 0.6932135416666667 0.2318759259259259 0.7005541666666667 0.2636638888888889 0.7103953125 0.2818638888888889 0.7186625000000001 0.29306481481481483 0.71826875 0.31056481481481485 0.7229927083333333 0.2888648148148148 0.730865625 0.2776638888888889
0 0.6895317708333334 0.27066388888888887 0.7033098958333334 0.2867648148148148 0.7111828125 0.2867648148148148 0.6942557291666667 0.23986388888888888 0.6804776041666667 0.19926296296296298 0.6670932291666667 0.15376203703703703 0.6604010416666667 0.11736111111111111 0.652528125 0.09986111111111111 0.6434739583333333 0.09846111111111111 0.6340260416666667 0.10336111111111111 0.6321401041666667 0.11378703703703703 0.6379625 0.14396203703703706 0.6411119791666666 0.18316296296296297 0.6462296875 0.16916203703703703 0.6596140625 0.20556296296296298 0.6729979166666666 0.24686388888888888 0.6895317708333334 0.27066388888888887
0 0.356403125 0.7449824074074074 0.3735578125 0.7045638888888889 0.3868526041666666 0.6885490740740741 0.4010052083333333 0.6542314814814816 0.403578125 0.6344037037037037 0.42587916666666664 0.6161009259259259 0.44003177083333334 0.6038981481481481 0.42330572916666664 0.609237037037037 0.403578125 0.625251851851852 0.39843177083333337 0.618387962962963 0.39371458333333337 0.612287037037037 0.39242760416666667 0.5886462962962964 0.38728125 0.5611916666666666 0.3842796875 0.5703435185185185 0.38813906249999997 0.5924592592592592 0.3911411458333333 0.6130500000000001 0.3795619791666667 0.6260148148148148 0.3709848958333334 0.6488925925925926 0.3632651041666667 0.6763472222222222 0.35125677083333334 0.7038018518518518 0.3379625 0.7335435185185185 0.3293848958333333 0.7541342592592593 0.32380989583333336 0.773962037037037 0.32809843749999995 0.7831138888888889 0.3261604166666666 0.7812370370370371 0.31952135416666666 0.7983657407407407 0.31952135416666666 0.8166685185185185 0.32895625 0.8113305555555556 0.336246875 0.7899768518518518 0.3439661458333333 0.7808259259259259 0.356403125 0.7449824074074074
0 0.412584375 0.8811231481481482 0.42545 0.8841740740740741 0.4314541666666667 0.8841740740740741 0.41044010416666665 0.8902749999999999 0.4280234375 0.9055268518518519 0.43917395833333334 0.9017138888888889 0.43917395833333334 0.885699074074074 0.43745833333333334 0.8734972222222221 0.44003177083333334 0.8559564814814815 0.4477510416666667 0.8300277777777777 0.4498953125 0.8208768518518519 0.4348854166666667 0.8071490740740741 0.44260468750000004 0.8285027777777778 0.42330572916666664 0.8246898148148147 0.4310255208333333 0.8452805555555556 0.41687291666666665 0.8391796296296296 0.4074380208333333 0.8239268518518519 0.403578125 0.8391796296296296 0.38513697916666667 0.8338407407407408 0.3714135416666667 0.8239268518518519 0.36197864583333333 0.8101999999999999 0.35383020833333334 0.7850333333333334 0.34653958333333335 0.7758824074074074 0.3385067708333333 0.7909925925925927 0.3478260416666667 0.8208768518518519 0.3641229166666667 0.8475685185185186 0.38170624999999997 0.8605324074074074 0.3975739583333333 0.8719722222222223 0.40014739583333336 0.8803601851851852 0.412584375 0.8811231481481482
0 0.2899296875 0.6793981481481481 0.2916453125 0.6702462962962963 0.28521197916666663 0.6732972222222222 0.2839255208333333 0.6633824074074074 0.2877854166666667 0.6412666666666667 0.29722031250000003 0.607712037037037 0.3083708333333333 0.5756814814814815 0.30794166666666667 0.5634796296296296 0.31308802083333337 0.5489898148148148 0.31094374999999996 0.5360259259259259 0.3057973958333333 0.5360259259259259 0.2976489583333333 0.5558537037037037 0.29121614583333333 0.5680555555555555 0.28306770833333333 0.5924592592592592 0.27877916666666663 0.6130500000000001 0.27406197916666664 0.6351657407407407 0.2672 0.6519435185185186 0.26419791666666664 0.6557564814814815 0.25776510416666665 0.6717712962962963 0.25647864583333335 0.6870240740740741 0.26119583333333335 0.698462962962963 0.26762864583333335 0.7083768518518518 0.27920833333333334 0.6900740740740741 0.2899296875 0.6793981481481481
0 0.24103958333333333 0.6839731481481481 0.24747239583333333 0.698462962962963 0.2556208333333333 0.7236296296296296 0.26334010416666664 0.7541342592592593 0.27191770833333334 0.7793009259259259 0.28478333333333333 0.8021787037037037 0.2886432291666667 0.7892148148148148 0.280065625 0.7678611111111111 0.28049479166666663 0.7587101851851852 0.272775 0.7335435185185185 0.2667713541666667 0.7083768518518518 0.26033802083333335 0.695412962962963 0.25647864583333335 0.6755842592592592 0.25862291666666665 0.6603324074074074 0.250903125 0.6405046296296296 0.24833020833333333 0.6283027777777778 0.2620536458333333 0.5993231481481481 0.25133229166666665 0.61 0.24361249999999998 0.6313527777777778 0.23803749999999999 0.6366907407407407 0.22944375 0.6281981481481481 0.22860260416666664 0.6275398148148149 0.22688697916666667 0.6336407407407407 0.23331979166666666 0.6450796296296296 0.23546406250000002 0.6649083333333333 0.24103958333333333 0.6839731481481481
