0 0.5083333333333333 0.48518518518518516 0.5114583333333333 0.5009259259259259 0.509375 0.5518518518518518 0.5135416666666667 0.55 0.5151041666666667 0.5453703703703704 0.521875 0.49907407407407406 0.553125 0.4703703703703704 0.5645833333333333 0.44907407407407407 0.6036458333333333 0.41944444444444445 0.6151041666666667 0.4074074074074074 0.6234375 0.3962962962962963 0.6265625 0.387037037037037 0.6390625 0.37407407407407406 0.6411458333333333 0.35833333333333334 0.6380208333333334 0.35462962962962963 0.6333333333333333 0.35555555555555557 0.6203125 0.3675925925925926 0.6104166666666667 0.37037037037037035 0.5890625 0.38796296296296295 0.5875 0.39351851851851855 0.5807291666666666 0.3962962962962963 0.5734375 0.4064814814814815 0.5369791666666667 0.42685185185185187 0.528125 0.4351851851851852 0.5260416666666666 0.44166666666666665 0.5046875 0.4722222222222222 0.4895833333333333 0.4787037037037037 0.49166666666666664 0.48148148148148145 0.5026041666666666 0.47962962962962963 0.5083333333333333 0.48518518518518516
0 0.5869791666666667 0.8777777777777778 0.5921875 0.8777777777777778 0.596875 0.8842592592592593 0.6072916666666667 0.8861111111111111 0.6072916666666667 0.8833333333333333 0.5984375 0.8768518518518519 0.5911458333333334 0.875 0.5880208333333333 0.8592592592592593 0.5994791666666667 0.8379629629629629 0.6078125 0.8148148148148148 0.603125 0.8175925925925925 0.5932291666666667 0.8379629629629629 0.5786458333333333 0.8518518518518519 0.5583333333333333 0.85 0.5317708333333333 0.8592592592592593 0.5046875 0.8601851851851852 0.4921875 0.8648148148148148 0.4869791666666667 0.8703703703703703 0.4817708333333333 0.8685185185185185 0.4744791666666667 0.8805555555555555 0.4734375 0.8888888888888888 0.47552083333333334 0.8925925925925926 0.49895833333333334 0.8944444444444445 0.5635416666666667 0.8935185185185185 0.5817708333333333 0.8851851851851852 0.5869791666666667 0.8777777777777778
0 0.7140625 0.9407407407407408 0.7208333333333333 0.9425925925925925 0.7265625 0.9185185185185185 0.7505208333333333 0.9037037037037037 0.7666666666666667 0.8722222222222222 0.7953125 0.8296296296296296 0.8026041666666667 0.8138888888888889 0.8010416666666667 0.8092592592592592 0.8057291666666667 0.8064814814814815 0.8088541666666667 0.7981481481481482 0.8151041666666666 0.7648148148148148 0.8140625 0.7527777777777778 0.8098958333333334 0.7509259259259259 0.80625 0.7574074074074074 0.8020833333333334 0.7722222222222223 0.79375 0.7824074074074074 0.7786458333333334 0.8157407407407408 0.778125 0.8212962962962963 0.7661458333333333 0.8388888888888889 0.7447916666666666 0.8555555555555555 0.7395833333333334 0.8490740740740741 0.7151041666666667 0.8935185185185185 0.703125 0.8962962962962963 0.7020833333333333 0.9 0.7125 0.9 0.7166666666666667 0.9064814814814814 0.7208333333333333 0.9222222222222223 0.71875 0.9351851851851852 0.7140625 0.9407407407407408
0 0.3177083333333333 0.5648148148148148 0.31875 0.5694444444444444 0.3260416666666667 0.549074074074074 0.328125 0.5324074074074074 0.33619791666666665 0.524074074074074 0.3546875 0.5166666666666667 0.3640625 0.5037037037037037 0.375 0.4962962962962963 0.4041666666666667 0.4861111111111111 0.4203125 0.4740740740740741 0.43125 0.47129629629629627 0.43333333333333335 0.462037037037037 0.428125 0.4564814814814815 0.403125 0.4546296296296296 0.3765625 0.4666666666666667 0.35104166666666664 0.4722222222222222 0.32395833333333335 0.49444444444444446 0.309375 0.4935185185185185 0.30520833333333336 0.49907407407407406 0.3140625 0.49907407407407406 0.321875 0.5055555555555555 0.32447916666666665 0.5120370370370371 0.325 0.5231481481481481 0.3177083333333333 0.5648148148148148
0 0.5276041666666667 0.7481481481481481 0.5447916666666667 0.7527777777777778 0.5489583333333333 0.7277777777777777 0.5489583333333333 0.7240740740740741 0.5395833333333333 0.7083333333333334 0.5171875 0.6953703703703704 0.47552083333333334 0.6805555555555556 0.45260416666666664 0.6814814814814815 0.43125 0.6944444444444444 0.43020833333333336 0.7018518518518518 0.43385416666666665 0.7064814814814815 0.4817708333333333 0.7138888888888889 0.5020833333333333 0.725925925925926 0.5145833333333333 0.7398148148148148 0.5276041666666667 0.7481481481481481
0 0.8057291666666667 0.7435185185185185 0.8192708333333333 0.700925925925926 0.8265625 0.6601851851851852 0.8291666666666667 0.6287037037037037 0.84375 0.5685185185185185 0.8442708333333333 0.5388888888888889 0.85 0.5259259259259259 0.8494791666666667 0.5203703703703704 0.8380208333333333 0.524074074074074 0.8286458333333333 0.5185185185185185 0.8192708333333333 0.5009259259259259 0.8177083333333334 0.4888888888888889 0.8182291666666667 0.5046296296296297 0.8 0.700925925925926 0.8005208333333333 0.7203703703703703 0.7953125 0.7379629629629629 0.7979166666666667 0.7490740740740741 0.8057291666666667 0.7435185185185185
0 0.3859375 0.8777777777777778 0.4109375 0.8675925925925926 0.4552083333333333 0.8611111111111112 0.4739583333333333 0.8453703703703703 0.4786458333333333 0.8333333333333334 0.475 0.8287037037037037 0.4630208333333333 0.8351851851851851 0.4421875 0.8333333333333334 0.40260416666666665 0.8361111111111111 0.36875 0.8324074074074074 0.3567708333333333 0.8398148148148148 0.3489583333333333 0.8388888888888889 0.346875 0.8416666666666667 0.3515625 0.8453703703703703 0.3458333333333333 0.8564814814814815 0.35259062500000005 0.8646814814814815 0.32742499999999997 0.879862037037037 0.3645833333333333 0.8768518518518519 0.3859375 0.8777777777777778
0 0.29038125000000004 0.633887962962963 0.28475416666666664 0.626237962962963 0.2973322916666667 0.6091712962962963 0.3092479166666667 0.6062287037037036 0.3218260416666666 0.6009324074074074 0.33970052083333335 0.5950472222222222 0.3403625 0.5909277777777778 0.3509546875 0.5938703703703704 0.3569125 0.5873962962962963 0.3555885416666667 0.5797462962962963 0.33970052083333335 0.5750379629629631 0.3347354166666667 0.5697416666666667 0.3171921875 0.5697416666666667 0.3049453125 0.5768037037037037 0.29335989583333333 0.5844537037037038 0.27647916666666666 0.5997546296296297 0.27217604166666665 0.5873962962962963 0.2662177083333333 0.604462962962963 0.25882864583333337 0.6151314814814814 0.252315625 0.6333000000000001 0.25695 0.640950925925926 0.269528125 0.6462472222222222 0.28078177083333333 0.640950925925926 0.29038125000000004 0.633887962962963
0 0.26456302083333333 0.7423638888888889 0.27019010416666667 0.7753203703703704 0.27945781249999996 0.7917990740740741 0.2966703125 0.8076888888888889 0.310903125 0.822400925925926 0.32910833333333334 0.8276981481481481 0.3324182291666667 0.7976842592592592 0.3257984375 0.7835601851851852 0.3128890625 0.770024074074074 0.31619895833333334 0.7547231481481481 0.311234375 0.7429527777777778 0.30527604166666666 0.7553111111111112 0.2960078125 0.7394222222222222 0.28541614583333336 0.7211777777777777 0.2830989583333333 0.7099962962962963 0.2797890625 0.6941064814814815 0.27283802083333336 0.6705666666666666 0.2655557291666667 0.6535 0.25297760416666665 0.6516388888888889 0.2513229166666667 0.6628203703703703 0.25827395833333333 0.687537962962963 0.25661875 0.7111731481481481 0.26456302083333333 0.7423638888888889
0 0.2506609375 0.6639972222222222 0.25397083333333337 0.6492851851851852 0.25728072916666667 0.6486962962962963 0.2549635416666666 0.6381037037037037 0.252315625 0.6322185185185185 0.26356979166666666 0.6086777777777778 0.2615838541666667 0.5874916666666666 0.2705208333333333 0.569837037037037 0.277803125 0.5786638888888889 0.2797890625 0.5692481481481482 0.26853489583333334 0.5645398148148147 0.2589359375 0.5810185185185185 0.2513229166666667 0.5792527777777777 0.24337864583333332 0.5604203703703704 0.23874479166666665 0.5604203703703704 0.23311770833333334 0.5674824074074074 0.24006875 0.5798416666666667 0.23808281250000002 0.5668944444444445 0.24271666666666666 0.5716018518518519 0.24668854166666668 0.5833722222222223 0.24271666666666666 0.5945537037037038 0.24139270833333332 0.6080898148148148 0.23411041666666668 0.6198592592592592 0.24039947916666668 0.6233907407407406 0.23440520833333334 0.637900925925926 0.24106145833333334 0.6516388888888889 0.24106145833333334 0.672237037037037 0.24834375 0.7004851851851852 0.2536395833333333 0.7116666666666667 0.25695 0.687537962962963 0.2506609375 0.6639972222222222
0 0.2377515625 0.7729666666666667 0.23311770833333334 0.7576657407407408 0.23411041666666668 0.7400101851851852 0.23940677083333334 0.7323592592592593 0.24304791666666667 0.7441296296296296 0.24966770833333335 0.7670814814814815 0.25827395833333333 0.7794398148148147 0.26820364583333334 0.7870907407407407 0.2801197916666667 0.8088657407407408 0.294353125 0.8306398148148149 0.30626927083333333 0.8447648148148148 0.32315 0.8553574074074074 0.3314255208333333 0.8588888888888889 0.33506614583333333 0.8535916666666666 0.34996145833333336 0.8583000000000001 0.34996145833333336 0.8465296296296296 0.33870729166666663 0.8377018518518519 0.33175625 0.8218129629629629 0.32811510416666667 0.821224074074074 0.32414322916666666 0.8247555555555556 0.30891718749999997 0.8188703703703704 0.29766302083333335 0.8076888888888889 0.2834302083333334 0.7947416666666667 0.27482395833333334 0.7812055555555556 0.26919687499999995 0.7688472222222222 0.2629078125 0.7364796296296297 0.2579427083333333 0.7152925925925926 0.2549635416666666 0.7052879629629629 0.24834375 0.7052879629629629 0.23907552083333333 0.7176472222222222 0.23742083333333333 0.7276518518518519 0.23146250000000002 0.734125 0.22881458333333335 0.7517805555555556 0.235434375 0.777675 0.2377515625 0.7729666666666667
0 0.5658979166666666 0.597887962962963 0.5567739583333334 0.6403157407407408 0.5480005208333334 0.642812037037037 0.5546682291666667 0.6534185185185185 0.5518609375000001 0.6765037037037037 0.5525625000000001 0.692725925925926 0.5515098958333333 0.7214277777777778 0.5539661458333334 0.7027092592592593 0.5574755208333334 0.708325 0.5662489583333333 0.7101962962962962 0.5774786458333333 0.6827435185185186 0.5795838541666666 0.6590342592592592 0.5844968749999999 0.6253416666666667 0.5806369791666667 0.597887962962963 0.5866026041666667 0.5754268518518518 0.5925682291666666 0.54735 0.5932703125 0.5329990740740741 0.595025 0.5142814814814815 0.595025 0.49805925925925926 0.5988854166666666 0.47746944444444445 0.5965265624999999 0.4586675925925926 0.5874296875 0.460137962962963 0.5830520833333334 0.47475092592592594 0.5806369791666667 0.496187037037037 0.5729166666666666 0.5049222222222223 0.5711619791666667 0.5211444444444444 0.5673015625000001 0.5641962962962963 0.5658979166666666 0.597887962962963
0 0.5722145833333333 0.7359796296296296 0.5764255208333334 0.7366037037037038 0.5869536458333333 0.7060314814814815 0.5936213541666666 0.687312962962963 0.591515625 0.6615296296296296 0.5978322916666666 0.6596574074074074 0.5995869791666667 0.6471796296296296 0.5960776041666667 0.6409398148148149 0.5999380208333334 0.6240935185185185 0.6076583333333333 0.5966407407407407 0.6066057291666667 0.562324074074074 0.610465625 0.5598287037037037 0.6259067708333333 0.5748027777777778 0.6238010416666667 0.5411101851851852 0.6125713541666666 0.5361185185185185 0.6027453125 0.5579564814814815 0.5964286458333333 0.5504694444444443 0.5918666666666667 0.5510935185185185 0.5873046875 0.5723074074074074 0.5806369791666667 0.5966407407407407 0.5823916666666666 0.62035 0.5827427083333333 0.642812037037037 0.5799348958333332 0.6634018518518519 0.5781802083333333 0.679 0.5658979166666666 0.7077009259259259 0.5636614583333334 0.7111074074074074 0.5616869791666667 0.7241249999999999 0.5550192708333334 0.7391 0.55010625 0.7422194444444444 0.5511588541666667 0.7584416666666667 0.5627395833333334 0.754074074074074 0.5722145833333333 0.7359796296296296
0 0.46121510416666667 0.5892888888888889 0.48254375 0.5996305555555556 0.4948239583333333 0.608824074074074 0.5048421875 0.6168675925925926 0.5012869791666666 0.6260611111111111 0.5058114583333333 0.6283592592592593 0.5138906249999999 0.6277842592592592 0.5303718749999999 0.6312324074074074 0.5384505208333333 0.6295083333333333 0.5397432291666667 0.6329555555555555 0.5365114583333334 0.6438722222222222 0.5277864583333334 0.6599601851851852 0.5345729166666667 0.655937962962963 0.5426515625 0.639275925925926 0.5465296875 0.6496175925925926 0.5300484375 0.6800694444444445 0.5342494791666667 0.6823685185185185 0.5468526041666667 0.6628333333333334 0.5491151041666666 0.6478944444444444 0.542975 0.6272101851851851 0.5452369791666667 0.6214648148148149 0.5462062499999999 0.6111222222222221 0.561071875 0.5979074074074074 0.5617182291666667 0.5904379629629629 0.5455598958333333 0.6053768518518519 0.5426515625 0.5944601851851853 0.522615625 0.5795212962962963 0.5067807291666667 0.5760740740740741 0.4815744791666667 0.5657314814814814 0.46283124999999997 0.557112962962963 0.4453802083333333 0.5484944444444445 0.433746875 0.5438981481481481 0.4305151041666667 0.5490694444444445 0.4114484375 0.543324074074074 0.4044890625 0.5550657407407408 0.41500312500000003 0.5645824074074074 0.42340572916666663 0.5668805555555555 0.42986874999999997 0.573775925925926 0.44570364583333333 0.5812453703703704 0.46121510416666667 0.5892888888888889
0 0.5390723958333333 0.5932018518518518 0.5495755208333333 0.6013203703703704 0.5651020833333333 0.5907657407407407 0.5655588541666667 0.5607249999999999 0.5550557291666667 0.5566648148148148 0.5436390625 0.5493574074074075 0.5358760416666667 0.5363666666666667 0.5335927083333334 0.5550407407407407 0.5116729166666667 0.559912962962963 0.4847296875 0.5493574074074075 0.46555 0.5428620370370371 0.4600703125 0.5493574074074075 0.4450005208333333 0.5396148148148148 0.44461302083333337 0.5462185185185185 0.455046875 0.5542296296296296 0.47194322916666664 0.5582888888888888 0.49797291666666665 0.5720916666666667 0.5194359375000001 0.5802111111111111 0.5390723958333333 0.5932018518518518
0 0.54105 0.1458824074074074 0.5495625000000001 0.13556296296296294 0.5615572916666667 0.12249166666666667 0.5704572916666667 0.11561203703703704 0.5894171875 0.10254074074074074 0.5998640625 0.10254074074074074 0.6161156250000001 0.10254074074074074 0.6308192708333333 0.09084537037037037 0.637396875 0.07708703703703704 0.6335276041666666 0.06539166666666667 0.6428140625 0.04888055555555555 0.6401057291666666 0.03649722222222222 0.6149546874999999 0.040625 0.6226937499999999 0.050256481481481485 0.6254020833333332 0.05576018518518518 0.6091505208333333 0.05644814814814815 0.5898041666666667 0.07227129629629629 0.5677484375 0.08258981481481482 0.5514973958333333 0.09634907407407407 0.53679375 0.10598055555555556 0.5247984375 0.1218037037037037 0.5263463541666666 0.13143518518518518 0.5135776041666666 0.14725833333333332 0.5114734375 0.15766203703703704 0.5139640625 0.16720833333333335 0.5201552083333333 0.1692722222222222 0.5278942708333333 0.16170462962962961 0.5325375 0.1479462962962963 0.54105 0.1458824074074074
0 0.584 0.16101666666666667 0.5878692708333334 0.16376851851851854 0.6006380208333333 0.1555138888888889 0.6099244791666667 0.1424425925925926 0.6207588541666667 0.13143518518518518 0.6335276041666666 0.1163 0.6540354166666666 0.11217222222222223 0.6737692708333333 0.11010833333333334 0.6880859375 0.1011648148148148 0.7020156249999999 0.08602962962962964 0.7051109375000001 0.07502314814814816 0.7024026041666667 0.06263981481481481 0.7047239583333333 0.039249074074074075 0.6989203125 0.03443333333333334 0.6884729166666667 0.04888055555555555 0.680346875 0.057824074074074076 0.6679651041666667 0.05988796296296296 0.6497791666666667 0.06745555555555556 0.6567437500000001 0.07295925925925927 0.6401057291666666 0.0846537037037037 0.6284973958333333 0.09015740740740741 0.607603125 0.10598055555555556 0.5948338541666666 0.11698796296296296 0.5867083333333334 0.12868333333333334 0.5769307291666668 0.14652037037037036 0.5704572916666667 0.15413796296296295 0.5627182291666667 0.15964074074074075 0.5619442708333333 0.17408796296296294 0.5665875 0.18165555555555554 0.5766479166666667 0.1692722222222222 0.584 0.16101666666666667
0 0.6273369791666668 0.1361388888888889 0.6207588541666667 0.15058611111111112 0.6134072916666666 0.15746574074074074 0.6083770833333334 0.1726009259259259 0.6122463541666666 0.18292037037037037 0.6261760416666667 0.17466481481481483 0.6327536458333333 0.1691611111111111 0.6428140625 0.16296944444444444 0.659065625 0.15058611111111112 0.6737692708333333 0.14164259259259257 0.6853770833333334 0.13338703703703703 0.6965984375000001 0.1306351851851852 0.7116890625 0.12100462962962963 0.7097541666666667 0.14645833333333336 0.7236838541666667 0.13820277777777776 0.7302619791666667 0.1237564814814815 0.7387744791666666 0.11481296296296296 0.7430307291666666 0.10242962962962962 0.7449656250000001 0.08316666666666667 0.7434177083333334 0.07491111111111111 0.7399354166666666 0.06596759259259259 0.7329703125000001 0.05220833333333333 0.7260057291666667 0.05083240740740741 0.7132364583333334 0.04876944444444444 0.7140104166666668 0.05564814814814815 0.7291010416666667 0.06046388888888889 0.7360661458333334 0.07009537037037038 0.7248447916666667 0.07215925925925926 0.7143973958333334 0.07766296296296296 0.7140104166666668 0.07491111111111111 0.7031765624999999 0.07284722222222222 0.7050604166666666 0.08462222222222222 0.6907942708333333 0.09348611111111112 0.6714473958333333 0.10586944444444445 0.6544223958333333 0.11412499999999999 0.6424270833333333 0.12100462962962963 0.6273369791666668 0.1361388888888889
0 0.7176942708333333 0.26549814814814815 0.731784375 0.2381685185185185 0.7386161458333333 0.21843055555555554 0.7467286458333333 0.20248888888888888 0.757403125 0.18654722222222223 0.7638078125 0.17971481481481483 0.7629536458333334 0.19413796296296298 0.7702125 0.19186111111111112 0.7723473958333333 0.1706046296296296 0.7860104166666667 0.15238518518518518 0.7949770833333333 0.12429722222222224 0.7872911458333333 0.11746481481481481 0.7804598958333333 0.10987314814814815 0.7646614583333334 0.1197425925925926 0.7569760416666667 0.13264722222222222 0.7463015624999999 0.12657407407407406 0.7441666666666666 0.13416574074074075 0.7522791666666666 0.14251666666666668 0.7497171875 0.15314444444444444 0.7339192708333333 0.1804740740740741 0.7164130208333332 0.21008055555555555 0.6963453125 0.24272314814814816 0.6882328125 0.26701574074074075 0.6796625 0.27643240740740743 0.6779854166666667 0.2958638888888889 0.6890864583333334 0.2958638888888889 0.699334375 0.2768851851851852 0.7044578125 0.279162037037037 0.7176942708333333 0.26549814814814815
0 0.7793385416666666 0.11258981481481481 0.7862723958333333 0.124425 0.7990307291666666 0.13428796296296297 0.8109572916666666 0.14020462962962962 0.82704375 0.14464351851851853 0.8431302083333333 0.14562962962962964 0.8542244791666668 0.13576666666666665 0.8550567708333333 0.1313287037037037 0.8583848958333333 0.124425 0.8545020833333333 0.11653518518518519 0.8403567708333333 0.12590462962962964 0.8395244791666666 0.12245277777777777 0.8309265625 0.11554907407407408 0.8190005208333333 0.11061759259259259 0.8040229166666666 0.10469999999999999 0.7890458333333333 0.09483796296296296 0.7801703124999999 0.08546851851851851 0.7771197916666667 0.07905740740740741 0.7701859375000001 0.07560555555555555 0.7568729166666667 0.07461944444444445 0.7459755208333333 0.07840462962962963 0.7427276041666667 0.08645462962962963 0.7416182291666666 0.10371388888888888 0.7496614583333333 0.10963148148148148 0.7596463541666666 0.12097314814814816 0.7793385416666666 0.11258981481481481
0 0.8140078125 0.2043111111111111 0.8176135416666667 0.21959814814814815 0.8220510416666666 0.22896759259259258 0.8253796875 0.24425462962962965 0.8328682291666667 0.25855555555555554 0.8356416666666667 0.26356666666666667 0.8342552083333333 0.2882222222222222 0.8264890625 0.2990712962962963 0.8370286458333334 0.34000092592592596 0.8356416666666667 0.3044953703703704 0.8414661458333333 0.2684972222222222 0.8514510416666667 0.25616944444444445 0.8589395833333333 0.26356666666666667 0.8703114583333333 0.23841666666666667 0.851728125 0.20981574074074075 0.8417437499999999 0.18663888888888888 0.8381380208333333 0.19403518518518517 0.8273208333333333 0.17283148148148147 0.8153947916666666 0.14422962962962962 0.8012494791666666 0.13584722222222223 0.792096875 0.12499814814814814 0.7762875 0.11513518518518519 0.7602010416666667 0.11365648148148148 0.74466875 0.11365648148148148 0.7438369791666666 0.12302592592592593 0.75493125 0.13042222222222222 0.770740625 0.1402851851851852 0.7866557291666666 0.15161296296296295 0.7970890625 0.1569712962962963 0.806796875 0.1688064814814815 0.813453125 0.18064166666666664 0.8181682291666666 0.1964212962962963 0.8192776041666666 0.2087490740740741 0.8140078125 0.2043111111111111
