0 0.30364583333333334 0.13796296296296295 0.30364583333333334 0.15 0.31145833333333334 0.16296296296296298 0.3296875 0.18055555555555555 0.35833333333333334 0.2 0.3765625 0.22592592592592592 0.3880208333333333 0.2361111111111111 0.415625 0.24444444444444444 0.42083333333333334 0.24444444444444444 0.42604166666666665 0.2388888888888889 0.425 0.22777777777777777 0.40989583333333335 0.22037037037037038 0.39895833333333336 0.20462962962962963 0.36354166666666665 0.175 0.3489583333333333 0.15925925925925927 0.33645833333333336 0.13796296296296295 0.3260416666666667 0.1287037037037037 0.3109375 0.125 0.3067708333333333 0.1287037037037037
0 0.23958333333333334 0.44074074074074077 0.24010416666666667 0.4601851851851852 0.2453125 0.462037037037037 0.24791666666666667 0.45925925925925926 0.25364583333333335 0.43703703703703706 0.2630208333333333 0.42314814814814816 0.27760416666666665 0.37222222222222223 0.2989583333333333 0.33055555555555555 0.3140625 0.3074074074074074 0.321875 0.2833333333333333 0.32395833333333335 0.26481481481481484 0.321875 0.25555555555555554 0.3171875 0.25 0.3104166666666667 0.24814814814814815 0.2942708333333333 0.2722222222222222 0.28958333333333336 0.2851851851851852 0.28541666666666665 0.30833333333333335 0.25104166666666666 0.3925925925925926 0.24583333333333332 0.4212962962962963
0 0.328125 0.5398148148148149 0.3255208333333333 0.55 0.3307291666666667 0.5638888888888889 0.3375 0.5685185185185185 0.34739583333333335 0.5675925925925925 0.35520833333333335 0.562962962962963 0.3734375 0.5407407407407407 0.3885416666666667 0.5296296296296297 0.4083333333333333 0.525 0.41041666666666665 0.5166666666666667 0.40260416666666665 0.5083333333333333 0.3859375 0.5083333333333333 0.35989583333333336 0.524074074074074 0.3458333333333333 0.524074074074074
0 0.24479166666666666 0.5666666666666667 0.246875 0.5842592592592593 0.2671875 0.5962962962962963 0.2828125 0.5925925925925926 0.3338541666666667 0.6018518518518519 0.35 0.5990740740740741 0.35260416666666666 0.5953703703703703 0.3494791666666667 0.5851851851851851 0.32708333333333334 0.5740740740740741 0.2869791666666667 0.5666666666666667 0.2713541666666667 0.5574074074074075 0.24791666666666667 0.5527777777777778
0 0.4505208333333333 0.3731481481481482 0.4510416666666667 0.41203703703703703 0.46510416666666665 0.4824074074074074 0.4703125 0.5231481481481481 0.4822916666666667 0.5648148148148148 0.4859375 0.5666666666666667 0.490625 0.5824074074074074 0.496875 0.5851851851851851 0.49947916666666664 0.5777777777777777 0.4984375 0.5564814814814815 0.4864583333333333 0.5101851851851852 0.48020833333333335 0.47129629629629627 0.478125 0.44537037037037036 0.48020833333333335 0.4148148148148148 0.47604166666666664 0.38055555555555554 0.4734375 0.37222222222222223 0.4625 0.36666666666666664
0 0.5916666666666667 0.13148148148148148 0.5911458333333334 0.13796296296296295 0.5963541666666666 0.14166666666666666 0.6541666666666667 0.11388888888888889 0.6854166666666667 0.11481481481481481 0.7041666666666667 0.10092592592592593 0.7067708333333333 0.0787037037037037 0.703125 0.07222222222222222 0.6885416666666667 0.07037037037037037 0.6765625 0.07314814814814814 0.6447916666666667 0.08981481481481482 0.6223958333333334 0.09537037037037037 0.609375 0.10462962962962963
0 0.7182291666666667 0.08518518518518518 0.721875 0.1175925925925926 0.7411458333333333 0.17962962962962964 0.7526041666666666 0.23148148148148148 0.7557291666666667 0.2351851851851852 0.7671875 0.2675925925925926 0.7776041666666667 0.28055555555555556 0.7828125 0.2953703703703704 0.7911458333333333 0.2972222222222222 0.7932291666666667 0.29074074074074074 0.7921875 0.2824074074074074 0.7848958333333333 0.2657407407407407 0.7828125 0.25092592592592594 0.7729166666666667 0.225 0.753125 0.14629629629629629 0.75 0.11481481481481481 0.7442708333333333 0.0962962962962963 0.7333333333333333 0.075 0.7239583333333334 0.07777777777777778
0 0.7104166666666667 0.2657407407407407 0.7088541666666667 0.27870370370370373 0.7239583333333334 0.30092592592592593 0.7338541666666667 0.30833333333333335 0.7479166666666667 0.30462962962962964 0.775 0.32685185185185184 0.7911458333333333 0.32685185185185184 0.80625 0.33425925925925926 0.8161458333333333 0.3314814814814815 0.8265625 0.33425925925925926 0.8427083333333333 0.3138888888888889 0.8411458333333334 0.31203703703703706 0.8401041666666667 0.31574074074074077 0.8338541666666667 0.3074074074074074 0.8317708333333333 0.31203703703703706 0.8260416666666667 0.3148148148148148 0.8036458333333333 0.3138888888888889 0.7885416666666667 0.30925925925925923 0.7739583333333333 0.3 0.7541666666666667 0.2777777777777778 0.7458333333333333 0.262037037037037 0.7364583333333333 0.25555555555555554 0.7166666666666667 0.2537037037037037 0.7119791666666667 0.25925925925925924
0 0.8375 0.5111111111111111 0.8244791666666667 0.5277777777777778 0.8135416666666667 0.5324074074074074 0.815625 0.5407407407407407 0.815625 0.575925925925926 0.8213541666666667 0.6148148148148148 0.8223958333333333 0.6944444444444444 0.8302083333333333 0.7324074074074074 0.8364583333333333 0.7444444444444445 0.8401041666666667 0.7379629629629629 0.8380208333333333 0.712037037037037 0.840625 0.6972222222222222 0.8390625 0.6481481481481481 0.840625 0.5722222222222222 0.8369791666666667 0.5472222222222223 0.83125 0.5277777777777778 0.8385416666666666 0.5138888888888888
0 0.6546875 0.5009259259259259 0.6546875 0.5166666666666667 0.6645833333333333 0.5388888888888889 0.6734375 0.5675925925925925 0.6890625 0.5907407407407408 0.715625 0.6138888888888889 0.7291666666666666 0.6314814814814815 0.7609375 0.6935185185185185 0.7713541666666667 0.7074074074074074 0.775 0.7064814814814815 0.7895833333333333 0.6851851851851852 0.7859375 0.6787037037037037 0.7822916666666667 0.6537037037037037 0.771875 0.6342592592592593 0.7666666666666667 0.6138888888888889 0.7630208333333334 0.6129629629629629 0.7604166666666666 0.6203703703703703 0.7546875 0.6175925925925926 0.7083333333333334 0.5666666666666667 0.6885416666666667 0.5361111111111111 0.6760416666666667 0.5231481481481481 0.6708333333333333 0.5092592592592593 0.6625 0.49722222222222223 0.6572916666666667 0.49722222222222223
0 0.6697916666666667 0.687962962962963 0.66875 0.6944444444444444 0.6723958333333333 0.700925925925926 0.6895833333333333 0.7046296296296296 0.7208333333333333 0.7351851851851852 0.7302083333333333 0.7481481481481481 0.7432291666666667 0.7796296296296297 0.7489583333333333 0.812962962962963 0.746875 0.8333333333333334 0.7505208333333333 0.8407407407407408 0.7572916666666667 0.8722222222222222 0.7671875 0.8888888888888888 0.7755208333333333 0.8888888888888888 0.7854166666666667 0.8805555555555555 0.784375 0.8379629629629629 0.778125 0.8101851851851852 0.7708333333333334 0.7953703703703704 0.75625 0.7527777777777778 0.75 0.7444444444444445 0.7421875 0.7231481481481481 0.7317708333333334 0.7046296296296296 0.71875 0.6888888888888889 0.7026041666666667 0.6796296296296296 0.6921875 0.6842592592592592 0.6776041666666667 0.6814814814814815
0 0.5270833333333333 0.6277777777777778 0.5322916666666667 0.6425925925925926 0.5442708333333334 0.6555555555555556 0.5703125 0.662962962962963 0.6161458333333333 0.687962962962963 0.6260416666666667 0.6916666666666667 0.6296875 0.6888888888888889 0.6260416666666667 0.6796296296296296 0.6067708333333334 0.6574074074074074 0.5666666666666667 0.6370370370370371 0.54375 0.6166666666666667 0.5328125 0.6138888888888889
0 0.4114583333333333 0.7101851851851851 0.40677083333333336 0.7222222222222222 0.40729166666666666 0.7518518518518519 0.4078125 0.7555555555555555 0.415625 0.7592592592592593 0.421875 0.7555555555555555 0.4427083333333333 0.725925925925926 0.45729166666666665 0.6990740740740741 0.46927083333333336 0.687037037037037 0.4791666666666667 0.6675925925925926 0.48802083333333335 0.6574074074074074 0.5015625 0.6305555555555555 0.515625 0.5833333333333334 0.5151041666666667 0.5675925925925925 0.5135416666666667 0.5648148148148148 0.509375 0.5666666666666667 0.5057291666666667 0.5740740740740741 0.49375 0.5861111111111111 0.49166666666666664 0.5972222222222222 0.4817708333333333 0.6138888888888889 0.471875 0.637962962962963 0.4578125 0.6611111111111111 0.4427083333333333 0.6777777777777778 0.4276041666666667 0.6814814814814815
0 0.2682291666666667 0.7203703703703703 0.2682291666666667 0.737037037037037 0.27395833333333336 0.7481481481481481 0.2890625 0.7555555555555555 0.3223958333333333 0.75 0.33958333333333335 0.75 0.3494791666666667 0.7537037037037037 0.37864583333333335 0.7814814814814814 0.3885416666666667 0.8009259259259259 0.3921875 0.8018518518518518 0.3885416666666667 0.7824074074074074 0.3729166666666667 0.7472222222222222 0.34479166666666666 0.725925925925926 0.30052083333333335 0.7074074074074074 0.2864583333333333 0.7074074074074074 0.2708333333333333 0.7129629629629629
0 0.2630208333333333 0.7907407407407407 0.26145833333333335 0.8055555555555556 0.2640625 0.8175925925925925 0.27708333333333335 0.8435185185185186 0.2875 0.8592592592592593 0.321875 0.8907407407407407 0.3697916666666667 0.9203703703703704 0.3932291666666667 0.9222222222222223 0.40520833333333334 0.9296296296296296 0.4125 0.9296296296296296 0.4171875 0.924074074074074 0.41354166666666664 0.9101851851851852 0.3953125 0.8935185185185185 0.3927083333333333 0.887962962962963 0.34270833333333334 0.862037037037037 0.3203125 0.8342592592592593 0.3046875 0.8037037037037037 0.2828125 0.7796296296296297 0.2713541666666667 0.7759259259259259
0 0.4661458333333333 0.8546296296296296 0.4661458333333333 0.8611111111111112 0.475 0.862037037037037 0.4817708333333333 0.8564814814814815 0.49322916666666666 0.8537037037037037 0.5203125 0.825925925925926 0.5364583333333334 0.7972222222222223 0.5526041666666667 0.775 0.5635416666666667 0.7453703703703703 0.5645833333333333 0.725925925925926 0.5546875 0.7138888888888889 0.5416666666666666 0.7277777777777777 0.5359375 0.737037037037037 0.5229166666666667 0.7805555555555556 0.5125 0.8046296296296296 0.4859375 0.8305555555555556 0.4791666666666667 0.8425925925925926 0.46927083333333336 0.8490740740740741
0 0.5458333333333333 0.8138888888888889 0.5427083333333333 0.8222222222222222 0.5447916666666667 0.8342592592592593 0.5484375 0.8398148148148148 0.5578125 0.837037037037037 0.56875 0.8268518518518518 0.5791666666666667 0.8074074074074075 0.6109375 0.7824074074074074 0.6348958333333333 0.7574074074074074 0.6364583333333333 0.75 0.6302083333333334 0.7472222222222222 0.6203125 0.7546296296296297 0.6135416666666667 0.7555555555555555 0.5682291666666667 0.7925925925925926 0.5598958333333334 0.7916666666666666
0 0.5119791666666667 0.8638888888888889 0.5114583333333333 0.8722222222222222 0.5177083333333333 0.8824074074074074 0.5364583333333334 0.8935185185185185 0.603125 0.8944444444444445 0.6114583333333333 0.8870370370370371 0.6223958333333334 0.8833333333333333 0.6260416666666667 0.8768518518518519 0.6239583333333333 0.8722222222222222 0.5729166666666666 0.8694444444444445 0.5640625 0.8648148148148148 0.5546875 0.8648148148148148 0.5453125 0.8527777777777777 0.534375 0.850925925925926 0.5161458333333333 0.8518518518518519
0 0.42604166666666665 0.7453703703703703 0.4119791666666667 0.7527777777777778 0.41510416666666666 0.7666666666666667 0.43072916666666666 0.7768518518518519 0.47239583333333335 0.7824074074074074 0.48385416666666664 0.7870370370370371 0.490625 0.7944444444444444 0.5010416666666667 0.7972222222222223 0.5151041666666667 0.7935185185185185 0.5223958333333333 0.7787037037037037 0.5223958333333333 0.7675925925925926 0.4947916666666667 0.7472222222222222 0.48359375 0.7537037037037037 0.46875 0.7546296296296297
0 0.513371875 0.27394444444444443 0.542975 0.27923240740740746 0.5643947916666666 0.30363703703703704 0.5847166666666667 0.31828055555555557 0.5907583333333334 0.27239907407407404 0.5885614583333333 0.2509222222222222 0.6028411458333333 0.2460416666666667 0.6083338541666666 0.23725555555555555 0.6193182291666666 0.25677962962962964 0.6346968749999999 0.26849351851851855 0.6154734375 0.2655648148148148 0.6154734375 0.3055898148148148 0.60119375 0.33780370370370366 0.5847166666666667 0.3465898148148148 0.5621979166666667 0.3290185185185185 0.5402286458333333 0.3173037037037037 0.5297932291666666 0.29485092592592593
0 0.571878125 0.35158703703703703 0.5682395833333334 0.3709953703703704 0.5682395833333334 0.39930462962962965 0.5753796875 0.3983287037037037 0.5819703125 0.44616203703703705 0.5869135416666666 0.5057101851851852 0.5946026041666667 0.5359731481481481 0.6044890625 0.5613537037037036 0.6088828125 0.548663888888889 0.598996875 0.518400925925926 0.5995458333333333 0.47349629629629625 0.5869135416666666 0.4168759259259259 0.5918567708333333 0.3827092592592593 0.5902088541666667 0.34951851851851856 0.5775765624999999 0.3358518518518519
