0 0.8359375 0.6074074074074074 0.8401041666666667 0.600925925925926 0.8411458333333334 0.587037037037037 0.8380208333333333 0.5740740740740741 0.8098958333333334 0.5731481481481482 0.7921875 0.5787037037037037 0.7635416666666667 0.5777777777777777 0.7416666666666667 0.5833333333333334 0.7161458333333334 0.6037037037037037 0.7151041666666667 0.6111111111111112 0.7182291666666667 0.6148148148148148 0.765625 0.6083333333333333 0.796875 0.6083333333333333 0.8161458333333333 0.6148148148148148 0.8359375 0.6074074074074074
0 0.6765625 0.11574074074074074 0.6890625 0.11296296296296296 0.7067708333333333 0.09537037037037037 0.7078125 0.07592592592592592 0.7026041666666667 0.07037037037037037 0.6890625 0.06944444444444445 0.6776041666666667 0.07314814814814814 0.6625 0.08518518518518518 0.6276041666666666 0.09537037037037037 0.6088541666666667 0.11018518518518519 0.5953125 0.13796296296296295 0.5953125 0.15 0.5994791666666667 0.15092592592592594 0.6140625 0.13333333333333333 0.6380208333333334 0.11944444444444445 0.6578125 0.11296296296296296 0.6765625 0.11574074074074074
0 0.7947916666666667 0.29444444444444445 0.7947916666666667 0.2833333333333333 0.7880208333333333 0.27037037037037037 0.7588541666666667 0.16574074074074074 0.7536458333333333 0.14444444444444443 0.7510416666666667 0.11574074074074074 0.7447916666666666 0.09444444444444444 0.7338541666666667 0.07407407407407407 0.725 0.07685185185185185 0.7197916666666667 0.08333333333333333 0.7197916666666667 0.1 0.7234375 0.12129629629629629 0.7442708333333333 0.18611111111111112 0.759375 0.24722222222222223 0.7838541666666666 0.29444444444444445 0.7947916666666667 0.29444444444444445
0 0.75625 0.3148148148148148 0.7984375 0.3453703703703704 0.8109375 0.3472222222222222 0.8260416666666667 0.3416666666666667 0.8432291666666667 0.31851851851851853 0.8479166666666667 0.3055555555555556 0.8458333333333333 0.2962962962962963 0.8416666666666667 0.2962962962962963 0.8260416666666667 0.31296296296296294 0.8005208333333333 0.31203703703703706 0.775 0.2953703703703704 0.7411458333333333 0.25925925925925924 0.7244791666666667 0.25555555555555554 0.7125 0.25833333333333336 0.7072916666666667 0.287962962962963 0.7140625 0.287962962962963 0.7223958333333333 0.3 0.7333333333333333 0.30925925925925923 0.7442708333333333 0.30925925925925923 0.75625 0.3148148148148148
0 0.5010416666666667 0.4305555555555556 0.5057291666666667 0.4305555555555556 0.5078125 0.4212962962962963 0.5041666666666667 0.4 0.5052083333333334 0.3787037037037037 0.5 0.325 0.49895833333333334 0.2916666666666667 0.5005208333333333 0.25092592592592594 0.5046875 0.2175925925925926 0.49947916666666664 0.1824074074074074 0.5020833333333333 0.17685185185185184 0.4875 0.175 0.4822916666666667 0.17777777777777778 0.47760416666666666 0.20277777777777778 0.47760416666666666 0.22962962962962963 0.4817708333333333 0.2645064814814815 0.4828125 0.34074074074074073 0.4859375 0.37407407407407406 0.4973958333333333 0.42592592592592593 0.5010416666666667 0.4305555555555556
0 0.590625 0.7601851851851852 0.5869791666666667 0.7916666666666666 0.5916666666666667 0.8 0.6005208333333333 0.7870370370370371 0.6067708333333334 0.7490740740740741 0.609375 0.7481481481481481 0.6109375 0.7425925925925926 0.6119791666666666 0.6925925925925925 0.6020833333333333 0.6212962962962963 0.6 0.5916666666666667 0.6020833333333333 0.5592592592592592 0.5942708333333333 0.5194444444444445 0.5958333333333333 0.512962962962963 0.5708333333333333 0.5055555555555555 0.5744791666666667 0.5166666666666667 0.5708333333333333 0.5398148148148149 0.5708333333333333 0.5777777777777777 0.5807291666666666 0.6203703703703703 0.5885416666666666 0.6833333333333333 0.590625 0.7601851851851852
0 0.6036458333333333 0.8666666666666667 0.6072916666666667 0.8648148148148148 0.6119791666666666 0.8453703703703703 0.6109375 0.8379629629629629 0.6151041666666667 0.8314814814814815 0.6177083333333333 0.8064814814814815 0.640625 0.7407407407407407 0.6442708333333333 0.7361111111111112 0.6458333333333334 0.7240740740740741 0.6395833333333333 0.7240740740740741 0.621875 0.7509259259259259 0.60625 0.787962962962963 0.5973958333333333 0.8175925925925925 0.5869791666666667 0.8388888888888889 0.5838541666666667 0.8518518518518519 0.5838541666666667 0.8657407407407407 0.5875 0.8740740740740741 0.5973958333333333 0.8805555555555555 0.6020833333333333 0.8740740740740741 0.6036458333333333 0.8666666666666667
0 0.403125 0.7638888888888888 0.4041666666666667 0.7675925925925926 0.4078125 0.7675925925925926 0.415625 0.7314814814814815 0.409375 0.6388888888888888 0.41041666666666665 0.6185185185185185 0.4041666666666667 0.5814814814814815 0.39166666666666666 0.5861111111111111 0.3890625 0.600925925925926 0.3890625 0.6259259259259259 0.3958333333333333 0.6509259259259259 0.39895833333333336 0.6833333333333333 0.39947916666666666 0.7212962962962963 0.4036458333333333 0.737037037037037 0.403125 0.7638888888888888
0 0.41510416666666666 0.24351851851851852 0.42291666666666666 0.24259259259259258 0.4265625 0.2361111111111111 0.4244791666666667 0.22592592592592592 0.4171875 0.22314814814814815 0.396875 0.20277777777777778 0.37864583333333335 0.18981481481481483 0.3484375 0.15833333333333333 0.33645833333333336 0.1388888888888889 0.32708333333333334 0.12962962962962962 0.3104166666666667 0.125 0.30416666666666664 0.13703703703703704 0.3046875 0.15185185185185185 0.3177083333333333 0.17037037037037037 0.3546875 0.19537037037037036 0.3765625 0.22037037037037038 0.39375 0.23333333333333334 0.41510416666666666 0.24351851851851852
0 0.4192708333333333 0.3388888888888889 0.42239583333333336 0.34629629629629627 0.4270833333333333 0.3453703703703704 0.4317708333333333 0.33796296296296297 0.446875 0.29814814814814816 0.44895833333333335 0.2824074074074074 0.4510416666666667 0.2814814814814815 0.4546875 0.26851851851851855 0.471875 0.1787037037037037 0.4786458333333333 0.15648148148148147 0.4822916666666667 0.13148148148148148 0.4822916666666667 0.11481481481481481 0.47760416666666666 0.10740740740740741 0.46822916666666664 0.10462962962962963 0.4583333333333333 0.12407407407407407 0.4515625 0.15 0.44947916666666665 0.1925925925925926 0.4348958333333333 0.262037037037037 0.4296875 0.2759259259259259 0.4239583333333333 0.3138888888888889 0.4192708333333333 0.3296296296296296 0.4192708333333333 0.3388888888888889
0 0.27760416666666665 0.37407407407407406 0.30104166666666665 0.32592592592592595 0.3140625 0.30833333333333335 0.321875 0.27685185185185185 0.32447916666666665 0.2601851851851852 0.3229166666666667 0.25555555555555554 0.309375 0.24351851851851852 0.2953125 0.26666666666666666 0.28854166666666664 0.2833333333333333 0.28854166666666664 0.2935185185185185 0.2828125 0.31851851851851853 0.2515625 0.3925925925925926 0.24479166666666666 0.42685185185185187 0.23958333333333334 0.4425925925925926 0.23958333333333334 0.4583333333333333 0.24322916666666666 0.46296296296296297 0.24739583333333334 0.46111111111111114 0.2546875 0.43703703703703706 0.2635416666666667 0.42407407407407405 0.27760416666666665 0.37407407407407406
0 0.3015625 0.8759259259259259 0.3296875 0.9055555555555556 0.3494791666666667 0.9203703703703704 0.3692708333333333 0.9231481481481482 0.38333333333333336 0.9324074074074075 0.39010416666666664 0.9314814814814815 0.3927083333333333 0.9277777777777778 0.3921875 0.9194444444444444 0.3885416666666667 0.9111111111111111 0.3776041666666667 0.9018518518518519 0.3692708333333333 0.887962962962963 0.3182291666666667 0.8472222222222222 0.3 0.8037037037037037 0.296875 0.7870370370370371 0.2713541666666667 0.7425925925925926 0.2671875 0.7388888888888889 0.25416666666666665 0.7518518518518519 0.25052083333333336 0.7592592592592593 0.25052083333333336 0.7675925925925926 0.259375 0.8027777777777778 0.2713541666666667 0.8324074074074074 0.2796875 0.8407407407407408 0.3015625 0.8759259259259259
0 0.40625 0.7666666666666667 0.4078125 0.7666666666666667 0.4083333333333333 0.7527777777777778 0.4119791666666667 0.7444444444444445 0.4114583333333333 0.737037037037037 0.4171875 0.7333333333333333 0.4265625 0.7638888888888888 0.434375 0.7759259259259259 0.453125 0.7907407407407407 0.4744791666666667 0.7935185185185185 0.5015625 0.7731481481481481 0.5109375 0.7546296296296297 0.5203125 0.7240740740740741 0.5145833333333333 0.7212962962962963 0.5078125 0.7064814814814815 0.5052083333333334 0.6685185185185185 0.5057291666666667 0.7027777777777777 0.5036458333333333 0.7138888888888889 0.49166666666666664 0.725925925925926 0.48072916666666665 0.7435185185185185 0.48072916666666665 0.7490740740740741 0.46822916666666664 0.7675925925925926 0.4609375 0.7685185185185185 0.44114583333333335 0.7537037037037037 0.43072916666666666 0.7379629629629629 0.4197916666666667 0.712037037037037 0.41354166666666664 0.7092592592592593 0.4119791666666667 0.6657407407407407 0.4078125 0.6388888888888888 0.4088541666666667 0.6138888888888889 0.4041666666666667 0.5842592592592593 0.3927083333333333 0.587037037037037 0.38958333333333334 0.6027777777777777 0.38958333333333334 0.6240740740740741 0.3984375 0.6638888888888889 0.403125 0.7212962962962963 0.40572916666666664 0.7314814814814815 0.4036458333333333 0.7592592592592593 0.40625 0.7666666666666667
0 0.4901041666666667 0.5203703703703704 0.5166666666666667 0.5111111111111111 0.521875 0.5074074074074074 0.5244791666666667 0.5009259259259259 0.5244791666666667 0.49444444444444446 0.5213541666666667 0.4888888888888889 0.5046875 0.49166666666666664 0.4666666666666667 0.4842592592592593 0.44375 0.46574074074074073 0.43645833333333334 0.4546296296296296 0.43020833333333336 0.42962962962962964 0.4197916666666667 0.41203703703703703 0.4041666666666667 0.39537037037037037 0.39947916666666666 0.3990740740740741 0.39375 0.41203703703703703 0.39427083333333335 0.42777777777777776 0.40572916666666664 0.45740740740740743 0.4359375 0.4925925925925926 0.4609375 0.512962962962963 0.4713541666666667 0.5185185185185185 0.4901041666666667 0.5203703703703704
0 0.33229166666666665 0.6222222222222222 0.35260416666666666 0.6296296296296297 0.3572916666666667 0.625 0.36041666666666666 0.6055555555555555 0.34322916666666664 0.5814814814814815 0.3411458333333333 0.5740740740740741 0.3296875 0.575 0.30364583333333334 0.5564814814814815 0.2947916666666667 0.5398148148148149 0.2671875 0.5120370370370371 0.259375 0.4981481481481482 0.2546875 0.4962962962962963 0.2515625 0.5009259259259259 0.253125 0.5138888888888888 0.2625 0.5324074074074074 0.26458333333333334 0.5416666666666666 0.28229166666666666 0.5685185185185185 0.31145833333333334 0.5944444444444444 0.33229166666666665 0.6222222222222222
0 0.33932187500000005 0.4979361111111111 0.3574463541666667 0.4627925925925926 0.370628125 0.4256972222222222 0.38600625 0.38079166666666664 0.3816125 0.36517222222222223 0.3695296875 0.398362962962963 0.35415104166666667 0.42667314814814816 0.3382234375 0.4627925925925926 0.312409375 0.4871972222222222 0.30581875000000003 0.4813407407407407 0.30032656249999995 0.4959833333333334 0.28659531250000003 0.5194120370370371 0.28769374999999997 0.5291740740740741 0.2926369791666667 0.5438175925925925 0.30417083333333333 0.5447935185185184 0.3255911458333333 0.5213648148148148 0.33932187500000005 0.4979361111111111
0 0.4167635416666667 0.35931574074074074 0.42445260416666664 0.33100555555555555 0.4140171875 0.3212435185185185 0.401934375 0.2831712962962963 0.3876541666666667 0.26852870370370374 0.40522968750000005 0.30660092592592597 0.40522968750000005 0.3231962962962963 0.39259739583333336 0.33491018518518517 0.39094947916666667 0.3534583333333333 0.38216197916666667 0.3837203703703704 0.366234375 0.42667314814814816 0.35909427083333334 0.4627925925925926 0.35579895833333336 0.49305462962962965 0.36898020833333334 0.479387962962963 0.3717265625 0.4647453703703704 0.37721875 0.4637685185185185 0.38820364583333333 0.42667314814814816 0.406328125 0.3866490740740741 0.4167635416666667 0.35931574074074074
0 0.5119927083333333 0.9151046296296296 0.5180645833333333 0.9073101851851851 0.5302083333333333 0.9139055555555556 0.5376296875000001 0.9133055555555556 0.547075 0.9181018518518518 0.5484244791666666 0.9085092592592593 0.566640625 0.8965175925925927 0.5973375 0.902512962962963 0.6152161458333333 0.888124074074074 0.6263484375 0.885125925925926 0.6081322916666667 0.8737342592592593 0.5818203125 0.8671388888888889 0.5598937500000001 0.8713351851851853 0.5487619791666667 0.8701361111111111 0.541003125 0.8659398148148149 0.5180645833333333 0.8737342592592593 0.5123296875 0.8785305555555556 0.5008604166666667 0.8647407407407407 0.4990265625 0.8664638888888888 0.50895625 0.8797296296296295 0.5126671875000001 0.8875240740740741 0.5126671875000001 0.9007148148148149 0.5065953125 0.9163037037037036 0.50929375 0.9348898148148148 0.5119927083333333 0.9151046296296296
0 0.6223 0.8875240740740741 0.6395041666666667 0.8935194444444444 0.6469255208333333 0.9103074074074073 0.6469255208333333 0.8971175925925925 0.6833572916666667 0.8983166666666667 0.7137171875 0.904912037037037 0.7349692708333334 0.9055111111111112 0.754871875 0.8941194444444445 0.7609437499999999 0.8845259259259259 0.7747744791666666 0.8767314814814815 0.7774734375 0.8575453703703704 0.7707265625 0.8527490740740741 0.7531854166666666 0.8617425925925926 0.7450890625 0.8575453703703704 0.7261984375 0.8701361111111111 0.7015734375 0.8695370370370371 0.6762734375 0.8623416666666667 0.6560333333333334 0.8527490740740741 0.6583947916666666 0.8299648148148148 0.6455760416666667 0.8353611111111111 0.6327578125 0.832362962962963 0.6216255208333333 0.8371601851851852 0.6172036458333333 0.826425 0.616565625 0.8395583333333333 0.6091442708333333 0.8497509259259259 0.6064458333333334 0.8671388888888889 0.6094817708333333 0.8773314814814815 0.6223 0.8875240740740741
0 0.6254203125 0.46222592592592593 0.6276598958333334 0.47985648148148147 0.6260598958333333 0.5077231481481481 0.6314994791666667 0.5213731481481482 0.6113411458333334 0.5668712962962963 0.6206203124999999 0.5577712962962963 0.6334192708333333 0.5281972222222222 0.6417390624999999 0.5287666666666666 0.650378125 0.5486712962962963 0.6561380208333334 0.5566342592592592 0.6449385416666666 0.5293351851851852 0.6484583333333334 0.5105675925925927 0.6538979166666666 0.4832685185185185 0.6500583333333334 0.4588129629629629 0.6510182291666666 0.4275333333333333 0.6561380208333334 0.4053527777777778 0.6567776041666666 0.38569907407407406 0.6612572916666667 0.34475092592592593 0.6593375 0.3305324074074074 0.6625374999999999 0.32143333333333335 0.6634973958333333 0.3015277777777778 0.6583776041666667 0.29811481481481483 0.6522979166666667 0.31517685185185185 0.6484583333333334 0.3350824074074074 0.6423786458333333 0.3592861111111111 0.6385390624999999 0.40421574074074074 0.6359791666666667 0.44573240740740744 0.6308598958333334 0.467912962962963 0.6254203125 0.46222592592592593
0 0.6609375 0.5156861111111112 0.6737364583333334 0.5395722222222222 0.6855755208333334 0.5577712962962963 0.6980546875000001 0.5827953703703703 0.7076541666666666 0.5879138888888888 0.7079739583333333 0.5748333333333334 0.6983750000000001 0.5606148148148149 0.6913354166666666 0.5429842592592593 0.6769364583333334 0.5242166666666667 0.6670171875 0.49691759259259266 0.6660572916666666 0.4741685185185185 0.6695770833333333 0.4548324074074074 0.6730963541666667 0.4246898148148148 0.6711765625 0.40364722222222227 0.6746963541666666 0.39227222222222224 0.6881354166666667 0.3706611111111111 0.6801359375 0.3780546296296296 0.6705369791666667 0.39568518518518514 0.6628572916666666 0.3945472222222222 0.6577375 0.38715370370370367 0.6570979166666666 0.40137222222222224 0.6497385416666667 0.4229833333333333 0.6494182291666667 0.4588129629629629 0.6526182291666667 0.49009351851851857 0.6609375 0.5156861111111112
