0 0.6546875 0.37777777777777777 0.6786458333333333 0.3527777777777778 0.68125 0.34444444444444444 0.678125 0.3398148148148148 0.6734375 0.34074074074074073 0.6276041666666666 0.3675925925925926 0.6151041666666667 0.37037037037037035 0.6072916666666667 0.36574074074074076 0.5927083333333333 0.3768518518518518 0.5869791666666667 0.3861111111111111 0.5869791666666667 0.3962962962962963 0.5901041666666667 0.4046296296296296 0.5947916666666667 0.4074074074074074 0.6078125 0.40555555555555556 0.6270833333333333 0.3907407407407407 0.6546875 0.37777777777777777
0 0.6302083333333334 0.5018518518518519 0.6317708333333333 0.4935185185185185 0.6307291666666667 0.4898148148148148 0.6270833333333333 0.4888888888888889 0.5833333333333334 0.5157407407407407 0.5598958333333334 0.5175925925925926 0.5489583333333333 0.525 0.5411458333333333 0.5361111111111111 0.5416666666666666 0.5481481481481482 0.5447916666666667 0.5537037037037037 0.5614583333333333 0.5527777777777778 0.5765625 0.5398148148148149 0.6052083333333333 0.5259259259259259 0.6302083333333334 0.5018518518518519
0 0.5130208333333334 0.6342592592592593 0.5083333333333333 0.6527777777777778 0.5088541666666667 0.6712962962962963 0.5135416666666667 0.6777777777777778 0.5208333333333334 0.6777777777777778 0.5307291666666667 0.6537037037037037 0.5354166666666667 0.612037037037037 0.5354166666666667 0.587037037037037 0.5302083333333333 0.5666666666666667 0.5213541666666667 0.5481481481481482 0.5083333333333333 0.5324074074074074 0.5036458333333333 0.5333333333333333 0.5046875 0.5407407407407407 0.5119791666666667 0.5509259259259259 0.5239583333333333 0.5861111111111111 0.521875 0.6148148148148148 0.5177083333333333 0.6277777777777778 0.5130208333333334 0.6342592592592593
0 0.7927083333333333 0.775 0.7979166666666667 0.774074074074074 0.8015625 0.7666666666666667 0.8046875 0.7490740740740741 0.803125 0.700925925925926 0.80625 0.662962962962963 0.80625 0.6037037037037037 0.8020833333333334 0.6018518518518519 0.7984375 0.6148148148148148 0.7953125 0.6472222222222223 0.7953125 0.6861111111111111 0.784375 0.7416666666666667 0.7854166666666667 0.7666666666666667 0.7869791666666667 0.7712962962962963 0.7927083333333333 0.775
0 0.7828125 0.850925925925926 0.7828125 0.8398148148148148 0.7807291666666667 0.8287037037037037 0.7770833333333333 0.825 0.76875 0.8212962962962963 0.7546875 0.8212962962962963 0.7375 0.8388888888888889 0.7083333333333334 0.8518518518518519 0.6885416666666667 0.8675925925925926 0.6854166666666667 0.8731481481481481 0.6854166666666667 0.8814814814814815 0.6901041666666666 0.8851851851851852 0.7541666666666667 0.8537037037037037 0.76875 0.8574074074074074 0.7828125 0.850925925925926
0 0.540625 0.7861111111111111 0.54375 0.7620370370370371 0.5484375 0.7472222222222222 0.5484375 0.7361111111111112 0.5442708333333334 0.7342592592592593 0.5411458333333333 0.7379629629629629 0.5375 0.7527777777777778 0.5291666666666667 0.7703703703703704 0.5036458333333333 0.8546296296296296 0.49895833333333334 0.8787037037037037 0.4984375 0.887962962962963 0.5010416666666667 0.8935185185185185 0.5104166666666666 0.8962962962962963 0.5213541666666667 0.8731481481481481 0.5255208333333333 0.8398148148148148 0.540625 0.7861111111111111
0 0.4640625 0.8453703703703703 0.3958333333333333 0.8740740740740741 0.37395833333333334 0.8898148148148148 0.3723958333333333 0.8925925925925926 0.3734375 0.8981481481481481 0.4432291666666667 0.8935185185185185 0.4588541666666667 0.8824074074074074 0.4640625 0.8740740740740741 0.4640625 0.8453703703703703
0 0.36822916666666666 0.8537037037037037 0.36614583333333334 0.8481481481481481 0.3609375 0.8462962962962963 0.31197916666666664 0.8435185185185186 0.2911458333333333 0.8314814814814815 0.2677083333333333 0.8361111111111111 0.2635416666666667 0.8435185185185186 0.2630208333333333 0.8592592592592593 0.26458333333333334 0.862037037037037 0.284375 0.8722222222222222 0.33541666666666664 0.8722222222222222 0.3651041666666667 0.8611111111111112 0.36822916666666666 0.8537037037037037
0 0.23802083333333332 0.27685185185185185 0.24947916666666667 0.19444444444444445 0.24791666666666667 0.18611111111111112 0.24427083333333333 0.18796296296296297 0.24166666666666667 0.1962962962962963 0.221875 0.287962962962963 0.21614583333333334 0.2916666666666667 0.21145833333333333 0.31203703703703706 0.2109375 0.32407407407407407 0.21302083333333333 0.3333333333333333 0.221875 0.3388888888888889 0.2296875 0.3296296296296296 0.23645833333333333 0.3111111111111111 0.23802083333333332 0.27685185185185185
0 0.3614583333333333 0.5583333333333333 0.3729166666666667 0.549074074074074 0.3848958333333333 0.5287037037037037 0.3848958333333333 0.5212962962962963 0.3807291666666667 0.5074074074074074 0.3765625 0.5037037037037037 0.3692708333333333 0.5083333333333333 0.36614583333333334 0.5148148148148148 0.34427083333333336 0.5277777777777778 0.3302083333333333 0.5537037037037037 0.3203125 0.5657407407407408 0.2869791666666667 0.5805555555555556 0.2708333333333333 0.5796296296296296 0.26666666666666666 0.5833333333333334 0.2671875 0.5944444444444444 0.271875 0.6 0.303125 0.600925925925926 0.3140625 0.5962962962962963 0.3515625 0.5601851851851852 0.3614583333333333 0.5583333333333333
0 0.3885416666666667 0.44537037037037036 0.4197916666666667 0.4111111111111111 0.4244791666666667 0.4 0.4244791666666667 0.38796296296296295 0.4192708333333333 0.3768518518518518 0.40572916666666664 0.3787037037037037 0.396875 0.38796296296296295 0.39166666666666666 0.40370370370370373 0.3776041666666667 0.42407407407407405 0.3260416666666667 0.45185185185185184 0.3265625 0.4601851851851852 0.3338541666666667 0.46296296296296297 0.3416666666666667 0.45925925925925926 0.3671875 0.45740740740740743 0.38229166666666664 0.4462962962962963 0.3885416666666667 0.44537037037037036
0 0.425 0.47962962962962963 0.44375 0.48148148148148145 0.446875 0.4777777777777778 0.44895833333333335 0.4675925925925926 0.4588541666666667 0.46296296296296297 0.46041666666666664 0.45925925925925926 0.459375 0.4537037037037037 0.425 0.45185185185185184 0.39427083333333335 0.44351851851851853 0.3770833333333333 0.4462962962962963 0.36875 0.45555555555555555 0.36770833333333336 0.46574074074074073 0.3723958333333333 0.475 0.384375 0.4824074074074074 0.40208333333333335 0.47962962962962963 0.40677083333333336 0.48333333333333334 0.425 0.47962962962962963
0 0.42864583333333334 0.24351851851851852 0.4114583333333333 0.15462962962962962 0.4088541666666667 0.13055555555555556 0.409375 0.09351851851851851 0.40729166666666666 0.07592592592592592 0.39791666666666664 0.05740740740740741 0.38958333333333334 0.05925925925925926 0.384375 0.06944444444444445 0.3859375 0.1 0.39375 0.12129629629629629 0.4078125 0.20833333333333334 0.4192708333333333 0.25 0.4244791666666667 0.25 0.42864583333333334 0.24351851851851852
0 0.4973958333333333 0.11851851851851852 0.4942708333333333 0.10555555555555556 0.4744791666666667 0.08703703703703704 0.453125 0.07592592592592592 0.42239583333333336 0.05 0.4088541666666667 0.04351851851851852 0.4041666666666667 0.04722222222222222 0.4015625 0.05277777777777778 0.403125 0.06388888888888888 0.41510416666666666 0.08611111111111111 0.46979166666666666 0.10462962962962963 0.49375 0.12129629629629629 0.4973958333333333 0.11851851851851852
0 0.6078125 0.13796296296296295 0.6307291666666667 0.1361111111111111 0.6369791666666667 0.13240740740740742 0.6484375 0.11851851851851852 0.65 0.10648148148148148 0.6473958333333333 0.09907407407407408 0.6427083333333333 0.09537037037037037 0.6234375 0.1 0.6135416666666667 0.11388888888888889 0.5916666666666667 0.13240740740740742 0.5848958333333333 0.1425925925925926 0.5598958333333334 0.18888888888888888 0.5604166666666667 0.19166666666666668 0.5640625 0.1925925925925926 0.5703125 0.18611111111111112 0.5916666666666667 0.14814814814814814 0.6078125 0.13796296296296295
0 0.384375 0.11574074074074074 0.3880208333333333 0.11296296296296296 0.3848958333333333 0.10092592592592593 0.3619791666666667 0.08611111111111111 0.3229166666666667 0.07685185185185185 0.2994791666666667 0.06388888888888888 0.2890625 0.06574074074074074 0.2864583333333333 0.07037037037037037 0.2869791666666667 0.08796296296296297 0.29791666666666666 0.1 0.30520833333333336 0.1037037037037037 0.3333333333333333 0.10185185185185185 0.37083333333333335 0.10833333333333334 0.384375 0.11574074074074074
0 0.3951427083333333 0.49668240740740743 0.42835625 0.4906037037037037 0.4376364583333333 0.4819212962962963 0.41272604166666665 0.4801842592592593 0.3795125 0.4775796296296296 0.3629057291666667 0.47584259259259254 0.351671875 0.47497407407407405 0.3443453125 0.47236944444444445 0.33457708333333336 0.47410555555555556 0.3404380208333333 0.47410555555555556 0.32334270833333334 0.4897361111111111 0.32187760416666666 0.5140490740740741 0.3340885416666667 0.527074074074074 0.3536255208333333 0.5244685185185186 0.3751166666666667 0.5053657407407407 0.3951427083333333 0.49668240740740743
0 0.4278677083333333 0.30044074074074073 0.44105520833333334 0.26918148148148147 0.44056666666666666 0.2500777777777778 0.43030989583333334 0.244 0.4185875 0.2544194444444445 0.4151682291666667 0.2839425925925926 0.40637656250000004 0.30217777777777777 0.36925572916666666 0.32562222222222226 0.40295729166666666 0.31520185185185184 0.4278677083333333 0.30044074074074073
0 0.47133802083333337 0.2717861111111111 0.4664536458333333 0.25702407407407407 0.44935885416666665 0.2631027777777778 0.4342171875 0.28654722222222223 0.4195640625 0.30912407407407405 0.3887927083333333 0.32214907407407406 0.3658364583333333 0.3299638888888889 0.3531375 0.3473305555555556 0.35997552083333334 0.36643333333333333 0.384396875 0.3403833333333333 0.4141916666666667 0.3317009259259259 0.44154375 0.31520185185185184 0.46108125 0.3030453703703704 0.47133802083333337 0.2717861111111111
0 0.4898984375 0.2900212962962963 0.4786645833333333 0.28654722222222223 0.4537546875 0.30651944444444446 0.4327520833333333 0.3247537037037037 0.4141916666666667 0.3299638888888889 0.40442291666666663 0.3369101851851852 0.39758489583333334 0.35427685185185187 0.4102838541666667 0.372512037037037 0.42542552083333335 0.3568824074074074 0.4478932291666667 0.32735925925925924 0.47573385416666664 0.30651944444444446 0.4898984375 0.2900212962962963
0 0.783625 0.5217861111111111 0.7967562499999999 0.4858222222222222 0.8116625000000001 0.4530138888888889 0.8237291666666666 0.4296685185185185 0.8251484375 0.4038 0.8290526041666666 0.3873962962962963 0.8240838541666666 0.379825 0.8088229166666667 0.41894259259259264 0.7903682291666667 0.45806111111111114 0.7712036458333333 0.479512962962963 0.7623307291666667 0.5123212962962963 0.7669447916666667 0.5236787037037037 0.783625 0.5217861111111111
0 0.75239375 0.4940240740740741 0.7648151041666666 0.49907222222222225 0.772978125 0.4870842592592593 0.7694291666666667 0.4637398148148148 0.754878125 0.4561685185185185 0.7410364583333333 0.44228796296296297 0.7172583333333333 0.42588333333333334 0.7030619791666666 0.41641944444444445 0.6867364583333334 0.4075861111111111 0.6821229166666666 0.418312037037037 0.6934796875 0.4296685185185185 0.711225 0.44228796296296297 0.7332286458333334 0.4637398148148148 0.7484895833333333 0.48266759259259256 0.75239375 0.4940240740740741
