0 0.3104166666666667 0.07962962962962963 0.3 0.13055555555555556 0.2828125 0.15092592592592594 0.3026041666666667 0.1398148148148148 0.31614583333333335 0.1574074074074074 0.35052083333333334 0.18333333333333332 0.3692708333333333 0.2101851851851852 0.3927083333333333 0.23425925925925925 0.4046875 0.2361111111111111 0.4109375 0.24074074074074073 0.41770833333333335 0.23981481481481481 0.42135416666666664 0.2351851851851852 0.42083333333333334 0.22407407407407406 0.40520833333333334 0.21481481481481482 0.3921875 0.19444444444444445 0.3802083333333333 0.18611111111111112 0.3567708333333333 0.15925925925925927 0.3416666666666667 0.1388888888888889 0.334375 0.12314814814814815 0.3104166666666667 0.10555555555555556 0.3125 0.08518518518518518
0 0.28020833333333334 0.5037037037037037 0.26145833333333335 0.562962962962963 0.25104166666666666 0.5814814814814815 0.24479166666666666 0.6064814814814815 0.23541666666666666 0.6064814814814815 0.24166666666666667 0.6194444444444445 0.2557291666666667 0.6287037037037037 0.259375 0.6546296296296297 0.26145833333333335 0.65 0.2609375 0.6287037037037037 0.2713541666666667 0.6027777777777777 0.27395833333333336 0.5722222222222222 0.278125 0.5555555555555556 0.2989583333333333 0.5074074074074074 0.30833333333333335 0.48055555555555557 0.309375 0.4703703703703704 0.3026041666666667 0.47129629629629627
0 0.37135416666666665 0.35648148148148145 0.371875 0.37407407407407406 0.3796875 0.4 0.3807291666666667 0.4101851851851852 0.3776041666666667 0.43333333333333335 0.36875 0.44722222222222224 0.35989583333333336 0.4675925925925926 0.359375 0.4740740740740741 0.37395833333333334 0.45 0.38229166666666664 0.44166666666666665 0.40572916666666664 0.45555555555555555 0.446875 0.45740740740740743 0.4666666666666667 0.46296296296296297 0.4786458333333333 0.4703703703703704 0.5109375 0.4722222222222222 0.521875 0.4675925925925926 0.5276041666666667 0.4564814814814815 0.54375 0.44722222222222224 0.5489583333333333 0.4361111111111111 0.5479166666666667 0.42685185185185187 0.540625 0.42407407407407405 0.49322916666666666 0.4361111111111111 0.45873437499999997 0.42741666666666667 0.4105921875 0.39610185185185187 0.39121770833333336 0.4034083333333333 0.3794760416666667 0.3898388888888889 0.3729166666666667 0.3527777777777778
0 0.2942708333333333 0.6444444444444445 0.296875 0.6611111111111111 0.3015625 0.6722222222222223 0.2984375 0.7018518518518518 0.303125 0.7 0.3223958333333333 0.7101851851851851 0.3458333333333333 0.7092592592592593 0.38385416666666666 0.7194444444444444 0.41302083333333334 0.7129629629629629 0.4203125 0.7046296296296296 0.415625 0.6944444444444444 0.4078125 0.6962962962962963 0.3770833333333333 0.687962962962963 0.37083333333333335 0.6898148148148148 0.340625 0.6787037037037037 0.33541666666666664 0.675 0.3302083333333333 0.6620370370370371 0.325 0.6657407407407407 0.30625 0.6666666666666666
0 0.5604166666666667 0.8481481481481481 0.5604166666666667 0.8722222222222222 0.5625 0.8796296296296297 0.5671875 0.8851851851851852 0.5822916666666667 0.8861111111111111 0.5916666666666667 0.8833333333333333 0.6052083333333333 0.8731481481481481 0.6192708333333333 0.8722222222222222 0.6296875 0.8833333333333333 0.6390625 0.9092592592592592 0.6520833333333333 0.9203703703703704 0.6578125 0.9194444444444444 0.65625 0.9120370370370371 0.6463541666666667 0.8962962962962963 0.6427083333333333 0.8814814814814815 0.6255208333333333 0.8555555555555555 0.6119791666666666 0.8481481481481481 0.59375 0.8462962962962963 0.5838541666666667 0.8407407407407408 0.56875 0.8481481481481481
0 0.5171875 0.7166666666666667 0.5208333333333334 0.725925925925926 0.5171875 0.7314814814814815 0.5166666666666667 0.7583333333333333 0.5119791666666667 0.7777777777777778 0.5125 0.7861111111111111 0.5182291666666666 0.7944444444444444 0.5291666666666667 0.7972222222222223 0.5375 0.7861111111111111 0.5458333333333333 0.7527777777777778 0.5453125 0.7138888888888889 0.5567708333333333 0.6268518518518519 0.55625 0.6037037037037037 0.5588541666666667 0.5805555555555556 0.55625 0.5731481481481482 0.5489583333333333 0.5796296296296296 0.5390625 0.6175925925925926 0.5338541666666666 0.6555555555555556 0.5302083333333333 0.6675925925925926 0.53125 0.6787037037037037 0.5276041666666667 0.7046296296296296
0 0.5947916666666667 0.09722222222222222 0.6135416666666667 0.13055555555555556 0.6177083333333333 0.1449074074074074 0.6234375 0.19722222222222222 0.6296875 0.2111111111111111 0.6390625 0.2537037037037037 0.6427083333333333 0.28425925925925927 0.6541666666666667 0.3287037037037037 0.6588541666666666 0.33796296296296297 0.6651041666666667 0.3425925925925926 0.6744791666666666 0.3648148148148148 0.6828125 0.3675925925925926 0.6838541666666667 0.3574074074074074 0.6760416666666667 0.33055555555555555 0.6755208333333333 0.31203703703703706 0.6572916666666667 0.24351851851851852 0.6477796875 0.15029351851851852 0.6342765625 0.12315370370370371 0.6421875 0.07314814814814814 0.64375 0.06296296296296296 0.6416666666666667 0.06296296296296296 0.634375 0.08703703703703704 0.6276041666666666 0.11944444444444445 0.6234375 0.12314814814814815 0.6203125 0.12407407407407407 0.6130208333333333 0.1175925925925926
0 0.6796875 0.09537037037037037 0.6791666666666667 0.10277777777777777 0.68125 0.10555555555555556 0.69375 0.10092592592592593 0.7369791666666666 0.1 0.7479166666666667 0.1037037037037037 0.7661458333333333 0.11851851851851852 0.7776041666666667 0.11944444444444445 0.7979166666666667 0.11203703703703703 0.7984375 0.07592592592592592 0.7921875 0.08148148148148149 0.7713541666666667 0.07037037037037037 0.7612848958333333 0.07592592592592592 0.725 0.07037037037037037 0.7078125 0.0712962962962963 0.6859375 0.08611111111111111
0 0.69375 0.5166666666666667 0.6932291666666667 0.5212962962962963 0.6994791666666667 0.5361111111111111 0.7130208333333333 0.5527777777777778 0.7536458333333333 0.5666666666666667 0.7708333333333334 0.5657407407407408 0.7848958333333333 0.5564814814814815 0.7927083333333333 0.5425925925925926 0.7979166666666667 0.5222222222222223 0.7958333333333333 0.5083333333333333 0.7911458333333333 0.5046296296296297 0.7880208333333333 0.5296296296296297 0.7828125 0.5388888888888889 0.771875 0.5453703703703704 0.7552083333333334 0.5416666666666666 0.7395833333333334 0.5277777777777778 0.7359375 0.512962962962963 0.7286458333333333 0.5120370370370371 0.7078125 0.49722222222222223 0.7046875 0.4842592592592593
0 0.7119088541666667 0.3930277777777778 0.7142453125 0.4034129629629629 0.7169713541666667 0.4103361111111111 0.7119088541666667 0.4291407407407407 0.7072364583333334 0.4568333333333333 0.7017848958333333 0.48521759259259256 0.7091833333333334 0.4540638888888889 0.7161921875 0.42360185185185184 0.7220333333333334 0.412525 0.7379984375 0.41321759259259255 0.7438390625 0.40906296296296296 0.7562994791666667 0.4194481481481482 0.7520161458333334 0.4021398148148148 0.7695385416666666 0.38137037037037036 0.7886187499999999 0.3709861111111111 0.7999109375 0.3619861111111111 0.8248322916666667 0.3585240740740741 0.8252213541666666 0.35367777777777776 0.8333984375 0.35506296296296297 0.83495625 0.33360092592592594 0.8248322916666667 0.33221574074074073 0.8217171874999999 0.32183148148148144 0.7999109375 0.32806203703703707 0.7858932291666666 0.3405240740740741 0.766034375 0.3571398148148148 0.7504588541666667 0.36129351851851854 0.7329359375000001 0.36821666666666664 0.71775 0.37721666666666664
0 0.7076255208333334 0.3722583333333333 0.7052895833333334 0.3826425925925926 0.7111302083333333 0.3978740740740741 0.7212541666666666 0.37571944444444444 0.7516265625 0.3597962962962963 0.7746010416666667 0.30995 0.7886187499999999 0.2635648148148148 0.8045838541666667 0.2241027777777778 0.8178229166666667 0.2047175925925926 0.8267791666666666 0.1728712962962963 0.829115625 0.1638712962962963 0.8485848958333333 0.17148703703703702 0.8509213541666667 0.1458712962962963 0.8470270833333333 0.1507175925925926 0.8435229166666667 0.1638712962962963 0.8267791666666666 0.15487129629629628 0.8221062499999999 0.1458712962962963 0.8158760416666666 0.14160462962962964 0.80146875 0.07583518518518519 0.8108140625 0.14991296296296297 0.7967958333333333 0.15891296296296298 0.7839463541666666 0.19006666666666666 0.7703177083333334 0.19075925925925927 0.7812203125 0.20391296296296296 0.7742114583333334 0.24129814814814812 0.7609723958333333 0.2883759259259259 0.7453963541666667 0.31756574074074073 0.7286526041666667 0.33625740740740745 0.7239802083333333 0.35356574074074076
0 0.8174489583333333 0.21472314814814816 0.8201593749999999 0.24417962962962964 0.8275578125 0.2787953703703704 0.8306729166666666 0.3092574074074074 0.8306729166666666 0.3286425925925926 0.8314515625 0.3722583333333333 0.8357348958333334 0.38956666666666667 0.8388500000000001 0.39164351851851853 0.8376817708333333 0.3978740740740741 0.836903125 0.41656666666666664 0.8481953125 0.42695092592592593 0.8520895833333333 0.4110277777777778 0.8485848958333333 0.385412037037037 0.8532578125000001 0.3867972222222222 0.8540364583333333 0.34179629629629626 0.8489744791666667 0.29679629629629634 0.8454697916666666 0.24764166666666665 0.84780625 0.22341018518518518 0.8435229166666667 0.19364074074074075 0.8345666666666667 0.17010185185185187 0.8275578125 0.17494814814814813 0.8174338541666667 0.19779444444444444
0 0.41876458333333333 0.27177962962962965 0.4134671875 0.29256203703703704 0.4145734375 0.3102638888888889 0.41936718749999996 0.3148537037037037 0.4256364583333333 0.3135425925925926 0.43116770833333334 0.2814157407407407 0.4370682291666667 0.27354814814814815 0.44813072916666663 0.23420925925925926 0.45255625 0.19880462962962964 0.45993125 0.1627435185185185 0.4735755208333333 0.13651759259259258 0.48463854166666664 0.08855 0.5071333333333333 0.08199351851851852 0.529259375 0.07740370370370371 0.5244651041666667 0.07150277777777778 0.4920140625 0.07937037037037037 0.4809510416666667 0.08264907407407407 0.47468229166666664 0.07412500000000001 0.46951927083333334 0.04658796296296296 0.4603 0.036753703703703705 0.43817447916666663 0.04658796296296296 0.4359619791666667 0.05773425925925926 0.44628697916666665 0.050522222222222225 0.45624375 0.04527685185185185 0.4658317708333334 0.056423148148148146 0.45808750000000004 0.04986666666666667 0.44075572916666667 0.054455555555555556 0.43964947916666663 0.06232407407407407 0.45329375 0.05576759259259259 0.46177552083333334 0.06035648148148148 0.4669380208333333 0.07019166666666667 0.4610375 0.08002592592592592 0.45108125 0.10231851851851852 0.44075572916666667 0.11149722222222222 0.4473932291666667 0.1305111111111111 0.4403869791666667 0.15422037037037037 0.4359619791666667 0.17192314814814813 0.43043020833333334 0.20142685185185186 0.4223177083333333 0.230275 0.4171546875 0.25912407407407406
0 0.5563552083333333 0.2158962962962963 0.5571776041666666 0.19444259259259258 0.5643078125 0.21394537037037037 0.5758260416666666 0.22321018518518518 0.5859729166666666 0.23442407407407406 0.5898125000000001 0.23881296296296298 0.6005078125 0.21930925925925926 0.6048958333333334 0.18761574074074075 0.6024276041666667 0.2168712962962963 0.6158651041666666 0.18956666666666666 0.6205270833333334 0.18859166666666666 0.5925546875 0.24125092592592592 0.5909093750000001 0.25831574074074076 0.5881666666666666 0.27001851851851855 0.5972166666666666 0.29927314814814815 0.60105625 0.3295037037037037 0.5961197916666666 0.31195092592592594 0.5898125000000001 0.28318333333333334 0.5851500000000001 0.2714814814814815 0.5706156250000001 0.2724564814814815 0.5590973958333334 0.2661175925925926 0.543465625 0.2729435185185185 0.5473052083333333 0.2612416666666667 0.5346901041666666 0.2446638888888889 0.5182354166666666 0.23149907407407408 0.5023296875 0.2178462962962963 0.48450364583333333 0.18907870370370372 0.4776479166666666 0.16518703703703702 0.4751796875 0.14275833333333335 0.47380833333333333 0.13682777777777777 0.48093854166666666 0.10806018518518519 0.4853265625 0.12902685185185184 0.49465052083333333 0.14852962962962962 0.5047979166666666 0.1753472222222222 0.5185098958333333 0.1958259259259259 0.5324958333333334 0.20752777777777778 0.5489505208333333 0.21484166666666665
0 0.46097604166666667 0.7827361111111111 0.46650729166666666 0.7872129629629631 0.48309739583333333 0.7647962962962963 0.4976963541666667 0.7400194444444445 0.5073182291666667 0.7252722222222222 0.5166083333333333 0.7128833333333333 0.5225807291666666 0.7040351851851852 0.528553125 0.710524074074074 0.5225807291666666 0.7252722222222222 0.5199265625 0.7370703703703703 0.5059911458333334 0.7606666666666666 0.49371458333333335 0.7824935185185184 0.47679322916666667 0.8037305555555555 0.4801109375 0.8119898148148148 0.47015729166666664 0.8231981481481482 0.45788072916666667 0.8373555555555556 0.4489223958333334 0.8290972222222222 0.44726354166666665 0.8178888888888889 0.4346552083333333 0.8202481481481482 0.45091302083333334 0.8090398148148148 0.4585442708333333 0.793112037037037
0 0.4081114583333333 0.8710768518518519 0.4187291666666667 0.852199074074074 0.43697760416666664 0.8415805555555556 0.45688541666666665 0.8386314814814815 0.4718161458333333 0.8439407407407408 0.4907286458333333 0.8533787037037037 0.5033364583333333 0.8728462962962963 0.5122953124999999 0.8840546296296297 0.5069864583333333 0.8964425925925926 0.48774218750000004 0.8793351851851852 0.471484375 0.870487037037037 0.4479270833333333 0.8728462962962963 0.4399640625 0.8858240740740742 0.42702395833333334 0.8993925925925926 0.4210515625 0.901162037037037 0.4140838541666667 0.9005722222222222 0.4077796875 0.9111907407407408 0.4101020833333333 0.8934935185185184 0.4057890625 0.8816953703703704
0 0.3679203125 0.6023574074074075 0.37655104166666664 0.5986462962962963 0.38639166666666663 0.6101092592592593 0.3935171875 0.6101092592592593 0.406071875 0.6221749999999999 0.41998385416666667 0.6324305555555555 0.43185989583333334 0.6481166666666667 0.44068229166666667 0.6559592592592592 0.456290625 0.6631981481481481 0.45764791666666665 0.6559592592592592 0.46714895833333336 0.6650083333333333 0.4803822916666666 0.6788842592592593 0.48750781249999997 0.6692314814814815 0.49497291666666665 0.6288111111111111 0.49497291666666665 0.6631981481481481 0.4861505208333333 0.6849166666666667 0.4847932291666667 0.7012055555555555 0.4722385416666667 0.7078416666666667 0.4552729166666667 0.7072388888888889 0.4386463541666667 0.6915527777777777 0.41659062500000005 0.6722481481481482 0.39860677083333335 0.6541490740740741 0.38367708333333334 0.6300175925925926 0.3707828125 0.6161416666666667
0 0.41310885416666665 0.7418592592592592 0.42337708333333335 0.7459472222222223 0.43321718750000004 0.7266416666666667 0.45255833333333334 0.7145759259259259 0.46375572916666663 0.7115592592592593 0.4861505208333333 0.6946675925925926 0.5058312500000001 0.6789814814814814 0.5177072916666667 0.6759657407407408 0.5316192708333333 0.6638999999999999 0.5353515625 0.6723453703703705 0.5231364583333333 0.6910472222222223 0.5211005208333334 0.6988907407407408 0.5024380208333333 0.7175925925925926 0.48004322916666664 0.7254351851851852 0.46104114583333333 0.7399138888888889 0.4542546875 0.7495666666666667 0.46511302083333333 0.7501703703703704 0.4495046875 0.7549962962962963 0.4386463541666667 0.771887962962963 0.4308421875 0.769475 0.42880625 0.7972268518518518 0.42846666666666666 0.8153250000000001 0.4250734375 0.8014490740740742 0.4291453125 0.7779212962962962 0.4257520833333333 0.7634425925925926 0.4206625 0.7519796296296296 0.4081078125 0.7489629629629629 0.39419583333333336 0.7423268518518518 0.39385624999999996 0.735087962962963 0.40437552083333334 0.744137037037037
0 0.310740625 0.8412342592592593 0.3370015625 0.8553046296296297 0.363621875 0.8546657407407408 0.3902427083333333 0.8559444444444444 0.4139848958333333 0.8540259259259259 0.4366484375 0.8399546296296296 0.4578729166666667 0.8373962962962963 0.4478005208333334 0.8220462962962962 0.41578385416666663 0.834837962962963 0.394559375 0.8341981481481481 0.3769322916666667 0.8239648148148148 0.357146875 0.8034981481481481 0.3427572916666667 0.796462037037037 0.35247031250000005 0.777275 0.3463546875 0.7715185185185185 0.33484322916666664 0.7843101851851851 0.3190145833333334 0.7823916666666666 0.3064239583333333 0.78495 0.2952723958333333 0.7638435185185185 0.30210729166666667 0.788787037037037 0.2974307291666667 0.8086148148148148 0.29707083333333334 0.8246046296296297 0.2941932291666667 0.8380361111111111
0 0.2910078125 0.8428981481481482 0.2898760416666667 0.8521074074074073 0.29275416666666665 0.8668175925925926 0.2952723958333333 0.8847259259259259 0.29167499999999996 0.903274074074074 0.29922916666666666 0.8872842592592594 0.29599166666666665 0.8700157407407407 0.30714375 0.8764111111111111 0.3154171875 0.8783305555555555 0.32189270833333333 0.8808888888888889 0.3319651041666667 0.8962388888888889 0.326209375 0.8776907407407407 0.33808072916666665 0.8719342592592593 0.35678697916666663 0.8738527777777777 0.3665 0.8757722222222222 0.3866453125 0.880249074074074 0.40391249999999995 0.8770509259259259 0.4096682291666667 0.8738527777777777 0.4168630208333333 0.8546657407407408 0.40571145833333333 0.8546657407407408 0.37333489583333335 0.8565842592592593 0.35067135416666667 0.8565842592592593 0.3395197916666667 0.8578629629629629 0.32081354166666665 0.850187962962963 0.31038125 0.8412342592592593 0.30030833333333334 0.8380361111111111 0.29239427083333336 0.8373962962962963
0 0.23856822916666667 0.6662287037037038 0.24311041666666666 0.6805925925925925 0.24311041666666666 0.6965824074074074 0.251384375 0.717049074074074 0.2564208333333333 0.7375157407407408 0.26433489583333336 0.7605416666666667 0.27080989583333337 0.782287962962963 0.2715296875 0.7969981481481482 0.2769255208333333 0.8149064814814815 0.28304114583333334 0.828337962962963 0.2873578125 0.8328157407407407 0.28016302083333333 0.8443277777777778 0.2704505208333333 0.8443277777777778 0.27872447916666665 0.8488055555555556 0.292034375 0.835374074074074 0.2963515625 0.8257796296296296 0.2985098958333333 0.809150925925926 0.3017473958333333 0.7963583333333334 0.30210729166666667 0.7835666666666666 0.29167499999999996 0.7656583333333333 0.28196197916666665 0.7426324074074074 0.270090625 0.709374074074074 0.2589390625 0.675475925925926 0.2557010416666667 0.679312962962963 0.2499453125 0.6658814814814815 0.24418958333333332 0.6569277777777778 0.239153125 0.6569277777777778
