0 0.44877239583333334 0.06430462962962963 0.44046822916666667 0.05499814814814815 0.4344453125 0.04390555555555555 0.426271875 0.038550925925925926 0.4189583333333333 0.036255555555555555 0.4144411458333333 0.034725925925925924 0.4109994791666667 0.04237592592592592 0.4103546875 0.05461574074074074 0.4127203125 0.06456111111111111 0.42067916666666666 0.07527129629629631 0.42498125000000003 0.07680185185185184 0.4299286458333333 0.08100925925925925 0.4353057291666667 0.08215648148148148 0.4406833333333333 0.08215648148148148 0.4471364583333333 0.08789444444444444 0.4548796875 0.09783981481481481 0.4604723958333333 0.10969814814814816 0.46585 0.1230861111111111 0.469721875 0.1353259259259259 0.47273281250000004 0.1376212962962963 0.47531406249999997 0.12499814814814814 0.47251770833333334 0.11428796296296297 0.46563489583333334 0.09133703703703704 0.4561703125 0.07488888888888888
0 0.483703125 0.12580925925925926 0.4802078125 0.12470185185185186 0.4759057291666667 0.12776203703703704 0.4739697916666667 0.13120462962962962 0.4724640625 0.13923796296296298 0.4722489583333333 0.14765277777777777 0.47569062500000003 0.16295277777777778 0.4814984375 0.17672407407407406 0.48515520833333337 0.18284351851851852 0.48709062500000005 0.19699722222222224 0.4913927083333334 0.21382685185185185 0.4941890625 0.22645 0.4956947916666667 0.23983796296296295 0.5002119791666667 0.2559037037037037 0.5045140625 0.2677611111111111 0.5066651041666667 0.27273425925925926 0.5086005208333334 0.2842092592592593 0.5122572916666667 0.28956481481481483 0.51526875 0.2872694444444444 0.5163442708333333 0.27923703703703706 0.5150536458333334 0.27120370370370367 0.5129026041666667 0.2643185185185185 0.5116119791666667 0.25054814814814813 0.508815625 0.23257037037037037 0.505159375 0.21994722222222224 0.5015026041666667 0.19967407407407406 0.4984911458333333 0.18284351851851852 0.4967703125 0.16945555555555555 0.4967703125 0.15492037037037037 0.49461927083333335 0.1453574074074074 0.4898869791666666 0.13464722222222222 0.48687552083333335 0.12852685185185184
0 0.478540625 0.2693675925925926 0.46907656249999996 0.25712685185185186 0.4600421875 0.24603425925925926 0.44950260416666665 0.23570648148148146 0.4426192708333333 0.2292037037037037 0.4370265625 0.2211712962962963 0.43336979166666667 0.2139037037037037 0.4290682291666667 0.20051574074074072 0.42777760416666666 0.1886574074074074 0.4217546875 0.17220925925925926 0.4172375 0.1618814814814815 0.41078437500000003 0.15499629629629627 0.4073432291666667 0.1588212962962963 0.40454687500000003 0.16876666666666668 0.4049770833333334 0.18292037037037037 0.40669791666666666 0.19669074074074072 0.4118598958333333 0.20548796296296296 0.4180979166666667 0.21811111111111112 0.43100364583333334 0.23188148148148147 0.4372416666666667 0.24182685185185185 0.44111354166666666 0.24947685185185187 0.45036302083333335 0.25253703703703706 0.4589666666666667 0.2548324074074074 0.46541979166666664 0.26286481481481483 0.47015208333333336 0.271662962962963 0.47380833333333333 0.27816574074074074 0.47811041666666665 0.2808425925925926 0.47832552083333335 0.2739574074074074
0 0.47450781249999996 0.2959759259259259 0.47370104166666666 0.2796953703703704 0.4646666666666667 0.2666898148148148 0.4564932291666667 0.25597962962962967 0.4461682291666667 0.2529194444444445 0.43648906249999997 0.2471814814814815 0.43433802083333334 0.24029629629629629 0.4212166666666667 0.22346574074074074 0.4136885416666667 0.21237314814814814 0.4087411458333333 0.20281018518518518 0.398846875 0.20013333333333333 0.3874463541666667 0.1921 0.38142343749999996 0.18368518518518517 0.3749708333333333 0.1794777777777778 0.37174427083333333 0.18751018518518517 0.3730348958333333 0.1951601851851852 0.37583125 0.20281018518518518 0.37884270833333333 0.20625277777777776 0.3831442708333333 0.20969537037037037 0.38637083333333333 0.21122592592592593 0.38959739583333336 0.21734629629629632 0.39927708333333334 0.22843888888888889 0.4080958333333333 0.23532407407407407 0.4158395833333334 0.24488703703703704 0.424228125 0.2548324074074074 0.42960572916666667 0.2624824074074074 0.43734947916666667 0.2743398148148148 0.4422963541666666 0.28352037037037037 0.4489645833333333 0.2999685185185185 0.45993489583333336 0.3030287037037037 0.47025937500000003 0.3041759259259259 0.47348593749999995 0.2999685185185185 0.47456145833333335 0.2953787037037037
0 0.2287479166666667 0.4333370370370371 0.22287864583333333 0.43279259259259256 0.21855677083333333 0.43156944444444445 0.21747604166666665 0.4263296296296296 0.21767239583333334 0.4205648148148148 0.21894947916666666 0.41392685185185185 0.22042291666666666 0.4088611111111111 0.22268229166666667 0.4027472222222222 0.22494166666666665 0.40065185185185187 0.22867395833333332 0.3968083333333333 0.2323083333333333 0.3933148148148148 0.2348625 0.3913935185185185 0.23820208333333334 0.38755092592592594 0.24124739583333332 0.3833583333333333 0.24596197916666668 0.3758472222222222 0.25146302083333333 0.3655407407407407 0.2595177083333333 0.35175092592592594 0.2678671875 0.3390462962962963 0.2747427083333333 0.3319287037037037 0.2787703125 0.32756111111111114 0.2805385416666667 0.32529074074074077 0.28407447916666667 0.3186527777777778 0.28603906250000005 0.31498425925925927 0.2888875 0.313062962962963 0.29311145833333335 0.31620740740740744 0.29389739583333335 0.32109814814814813 0.2935041666666667 0.32459166666666667 0.29173645833333334 0.32843518518518516 0.28977187499999996 0.333675 0.28653020833333337 0.3378675925925926 0.28446770833333335 0.3415361111111111 0.28368177083333335 0.3429333333333333 0.28220833333333334 0.34782407407407406 0.2805385416666667 0.3532388888888889 0.2763145833333333 0.3602259259259259 0.27199270833333333 0.3659907407407407 0.2697333333333333 0.3686111111111111 0.2658041666666667 0.37350185185185186 0.2625625 0.3764712962962963 0.25912447916666664 0.38031481481481483 0.25637447916666667 0.3860787037037037 0.25313281249999997 0.3941138888888889 0.24920364583333335 0.4014509259259259 0.246453125 0.4068657407407408 0.24399739583333335 0.41280462962962966 0.24183645833333334 0.4178703703703704 0.2399703125 0.4227611111111111 0.2370234375 0.4262546296296296 0.232603125 0.43149537037037033
0 0.39041927083333333 0.46547962962962963 0.387878125 0.45723425925925926 0.38809010416666667 0.44782037037037037 0.393171875 0.4350175925925926 0.39931302083333337 0.43388796296296295 0.40630052083333335 0.4312518518518519 0.4135005208333334 0.4289925925925926 0.4209114583333333 0.4256037037037037 0.4285348958333334 0.42259074074074077 0.43488750000000004 0.41656574074074076 0.44208697916666667 0.4075287037037037 0.4494984375 0.3992435185185185 0.4560625 0.391712962962963 0.460509375 0.3875703703703704 0.4672854166666667 0.37777962962962963 0.47088541666666667 0.37665 0.4732145833333333 0.38003888888888887 0.47363802083333334 0.38418148148148146 0.47152083333333333 0.39058333333333334 0.46749739583333333 0.39585462962962964 0.46220364583333334 0.40225648148148146 0.4590270833333333 0.41054074074074076 0.45690989583333336 0.4154361111111111 0.4509807291666667 0.42372037037037036 0.44208697916666667 0.4316287037037037 0.43509895833333334 0.43577037037037036 0.4276880208333333 0.4421722222222222 0.42260572916666667 0.44819722222222225 0.4164651041666667 0.44819722222222225 0.4122296875 0.4568583333333333 0.4065125 0.4628833333333333 0.40058333333333335 0.46664814814814815 0.3935958333333333 0.4711675925925926 0.3902078125 0.4658953703703703
0 0.42908854166666666 0.4918685185185185 0.4274973958333333 0.47201203703703704 0.42608333333333337 0.461325 0.42466927083333333 0.4512657407407408 0.4209572916666667 0.448437037037037 0.41583125 0.4503231481481481 0.41247291666666663 0.45598055555555556 0.40911458333333334 0.4625824074074074 0.40946770833333335 0.4732694444444444 0.4103515625 0.48521388888888883 0.41353333333333336 0.49464444444444444 0.4160078125 0.5025027777777777 0.41777552083333336 0.510675 0.42078072916666664 0.5185342592592593 0.4229015625 0.5326787037037037 0.4229015625 0.5414805555555555 0.42466927083333333 0.5527962962962962 0.42661354166666665 0.5612833333333334 0.4282046875 0.5713425925925926 0.42944166666666667 0.5820296296296296 0.4335072916666666 0.5880018518518518 0.43615885416666667 0.5924027777777777 0.4398708333333333 0.5971175925925926 0.43757291666666664 0.5820296296296296 0.43456822916666665 0.5647416666666667 0.4315630208333333 0.5471388888888888 0.42926510416666663 0.5270212962962962 0.4280276041666667 0.5138185185185185 0.42979531249999997 0.5028166666666667 0.42926510416666663 0.4949583333333333
0 0.44035677083333336 0.6018527777777778 0.443759375 0.6162925925925926 0.4442901041666667 0.6291805555555555 0.4441130208333333 0.6417537037037038 0.4435828125 0.6508694444444444 0.4400473958333333 0.6577851851851853 0.43421458333333335 0.6593564814814815 0.42961875000000005 0.6514981481481482 0.42661354166666665 0.6423824074074075 0.42431562500000003 0.6285518518518519 0.4241390625 0.61975 0.42555312500000003 0.6150351851851852 0.42519947916666667 0.6059194444444445 0.42166458333333334 0.5892592592592593 0.4190130208333333 0.5757425925925926 0.4172453125 0.5650555555555555 0.4144171875 0.5521675925925926 0.41247291666666663 0.53205 0.4103515625 0.5226203703703703 0.4077005208333333 0.510675 0.40557916666666666 0.5037601851851852 0.40522552083333335 0.4937009259259259 0.40876093750000003 0.49212962962962964 0.41211927083333333 0.49778796296296296 0.4156546875 0.5056462962962962 0.4179526041666667 0.5135046296296296 0.42042708333333334 0.5238777777777778 0.42166458333333334 0.5279638888888889 0.4229015625 0.5367657407407407 0.4232552083333333 0.542737962962963 0.4232552083333333 0.5515388888888889 0.42519947916666667 0.5637981481481482 0.42714427083333334 0.5713425925925926 0.42838125 0.581087037037037 0.4310328125 0.5880018518518518 0.43492135416666666 0.5964888888888888 0.4377494791666667 0.5996324074074073
0 0.31092343749999996 0.605225 0.3026609375 0.6104425925925926 0.2944864583333333 0.6108583333333333 0.2895817708333333 0.6064972222222222 0.2874796875 0.5996435185185185 0.2880640625 0.594037037037037 0.29004895833333333 0.5867685185185185 0.2965885416666667 0.5813685185185186 0.30674843749999997 0.575762037037037 0.3137552083333333 0.5730620370370371 0.318309375 0.5734777777777778 0.32449895833333336 0.570362962962963 0.333140625 0.5630944444444445 0.3392130208333333 0.5583175925925925 0.3458692708333333 0.5518796296296296 0.3541604166666667 0.549387962962963 0.36046666666666666 0.5460657407407408 0.36490416666666664 0.5464805555555555 0.3677067708333333 0.5446120370370371 0.3720276041666667 0.5400425925925926 0.3772828125 0.5365129629629629 0.3817203125 0.5398351851851853 0.3825375 0.5468962962962963 0.37985208333333337 0.553749074074074 0.37436302083333334 0.5560333333333333 0.369225 0.5562407407407407 0.36537135416666666 0.5626787037037037 0.35813124999999996 0.5687009259259259 0.34680364583333334 0.5745157407407407 0.3367604166666667 0.5797074074074073 0.33010416666666664 0.5824074074074074 0.3235645833333333 0.5900907407407407 0.31679114583333334 0.596112962962963 0.31200364583333334 0.6023435185185184
0 0.4187296875 0.8617157407407408 0.4117604166666667 0.8614842592592593 0.4068145833333333 0.8630833333333333 0.40456614583333333 0.8678814814814815 0.40516562500000003 0.8742777777777778 0.4098119791666667 0.8788092592592592 0.4159572916666667 0.878275925925926 0.4198541666666667 0.8769435185185186 0.42375104166666666 0.8764101851851852 0.42809739583333334 0.8785425925925926 0.4340927083333333 0.8804083333333333 0.4426359375 0.8804083333333333 0.45132916666666667 0.8796092592592593 0.45972239583333335 0.8804083333333333 0.47456041666666665 0.8780092592592592 0.4817546875 0.8756111111111111 0.48805000000000004 0.8748111111111112 0.4961432291666667 0.8713462962962962 0.5021385416666667 0.860151851851852 0.5025880208333333 0.8492240740740741 0.499590625 0.8409611111111112 0.491496875 0.8396287037037037 0.4831036458333333 0.8425601851851852 0.476209375 0.8441601851851852 0.4691645833333334 0.8486907407407408 0.46212031249999996 0.8537546296296296 0.45477604166666663 0.8540212962962963 0.44053749999999997 0.8526888888888889 0.4304953125 0.8542879629629629 0.42405052083333333 0.8574861111111112 0.42105312500000003 0.8590861111111111
0 0.5894942708333333 0.8597138888888889 0.57994375 0.8580527777777778 0.5732182291666666 0.8593287037037037 0.5672098958333333 0.8612425925925926 0.5576151041666667 0.8645907407407408 0.5512479166666666 0.8655481481481482 0.5451505208333334 0.8661861111111111 0.5405770833333333 0.8684185185185186 0.5342994791666666 0.8733620370370371 0.5288296874999999 0.8762324074074074 0.5234489583333334 0.8802185185185185 0.5179791666666667 0.8827703703703704 0.5125088541666667 0.883249074074074 0.5091015625 0.8806972222222222 0.5064109375 0.8770296296296296 0.5046177083333333 0.8703314814814814 0.5063213541666667 0.8626777777777778 0.5117020833333333 0.8539064814814815 0.5204005208333333 0.8478472222222222 0.5265880208333333 0.8473685185185186 0.5319682291666666 0.8500796296296297 0.537528125 0.8515148148148148 0.5435359375 0.8515148148148148 0.5499927083333334 0.8518333333333333 0.5568078125 0.8507175925925926 0.5636229166666666 0.8491231481481482 0.5683760416666667 0.8480064814814815 0.5740255208333332 0.8488037037037037 0.5809302083333333 0.847687037037037 0.5879244791666667 0.8465712962962963 0.5933052083333333 0.846412037037037 0.5954572916666667 0.8510361111111111 0.5946505208333334 0.856937037037037 0.5912427083333333 0.8602851851851852
0 0.675109375 0.7980611111111111 0.6689369791666666 0.8044388888888889 0.6582098958333333 0.8014111111111111 0.6503776041666666 0.8002 0.6452697916666666 0.7935388888888889 0.6459510416666667 0.777187962962963 0.655315625 0.7693157407407407 0.6636588541666666 0.7696185185185185 0.6720015625 0.7711324074074074 0.67813125 0.7747657407407407 0.6851125 0.7802157407407407 0.6941364583333333 0.7859694444444444 0.70265 0.7914194444444443 0.7113333333333334 0.7947500000000001 0.7178036458333333 0.7989888888888889 0.7256359375 0.7980805555555556 0.7331276041666667 0.7989888888888889 0.7380656250000001 0.7983833333333333 0.7435140625 0.7971722222222223 0.7479411458333334 0.8011083333333333 0.7489625 0.8065583333333333 0.7462380208333333 0.8104944444444444 0.7380656250000001 0.813825925925926 0.7346598958333334 0.8104944444444444 0.7295520833333333 0.8107972222222222 0.7224010416666666 0.8129175925925927 0.71320625 0.8111 0.7031604166666666 0.8062555555555555 0.6958390624999999 0.8032277777777778 0.691071875 0.7980805555555556 0.6852828125 0.7956583333333334 0.6806854166666666 0.7968694444444445 0.6769395833333333 0.797475
0 0.7896135416666666 0.7738453703703704 0.783484375 0.78385 0.7783760416666666 0.7935388888888889 0.7724166666666666 0.8047416666666667 0.7644140625 0.8168537037037037 0.7557307291666666 0.8304787037037037 0.7494307291666666 0.8374425925925926 0.7409171874999999 0.8480407407407408 0.7359796875 0.8556101851851852 0.7344473958333333 0.8616657407407408 0.7271255208333333 0.8719611111111111 0.7196338541666666 0.8780166666666667 0.7143557291666667 0.8777138888888889 0.7112911458333334 0.8695379629629629 0.7112911458333334 0.8619685185185185 0.7158880208333334 0.8483435185185185 0.7215067708333333 0.8392592592592593 0.7288286458333334 0.8310842592592593 0.7347880208333333 0.8283592592592594 0.7409171874999999 0.8295703703703704 0.7472171875 0.8229092592592592 0.7536875 0.8168537037037037 0.7599874999999999 0.8074666666666667 0.7664572916666667 0.7980805555555556 0.7746302083333333 0.7871805555555556 0.7802489583333333 0.7759768518518518 0.7856973958333333 0.7696185185185185 0.7884218749999999 0.7671962962962963 0.78944375 0.7705268518518519
0 0.8188083333333334 0.49558703703703705 0.8219151041666667 0.5045296296296297 0.8222838541666667 0.5153583333333334 0.8213614583333333 0.5268435185185185 0.818778125 0.5416092592592593 0.8161947916666666 0.5501416666666666 0.8126890625000001 0.5639231481481481 0.8095520833333333 0.5809861111111111 0.8064151041666666 0.6249574074074074 0.8064151041666666 0.6407083333333333 0.8056770833333334 0.6600685185185186 0.8001411458333333 0.6636777777777778 0.7975578124999999 0.6538333333333333 0.8001411458333333 0.6328324074074073 0.7997723958333334 0.6164259259259259 0.8010640625 0.5957527777777778 0.8025401041666667 0.5727833333333333 0.8025401041666667 0.5540787037037037 0.8040161458333334 0.5363592592592593 0.80696875 0.5156861111111112 0.8115817708333334 0.4976388888888889
0 0.8130723958333334 0.4879388888888889 0.8141651041666667 0.46482500000000004 0.8134270833333334 0.4520268518518519 0.8078911458333333 0.4428388888888889 0.8023557291666666 0.44907407407407407 0.7977421875 0.46351203703703703 0.7933140625 0.4776222222222222 0.7933140625 0.49632592592592595 0.7923911458333334 0.5127333333333333 0.7918375 0.5291407407407407 0.7892541666666666 0.549812962962963 0.7903614583333333 0.5685175925925926 0.7912838541666667 0.5803305555555555 0.7888854166666667 0.5947685185185185 0.7870401041666667 0.605925 0.7923911458333334 0.6124879629629629 0.7968197916666667 0.6082222222222222 0.7981114583333333 0.5928 0.79921875 0.5783611111111111 0.8018020833333334 0.5685175925925926 0.8021708333333333 0.5514537037037037 0.8034625 0.5360314814814815 0.8054921875000001 0.5219212962962962 0.8075223958333333 0.5074833333333333 0.8099208333333333 0.4986231481481482
0 0.7344796875 0.26094351851851855 0.7371395833333333 0.24017777777777777 0.7391380208333334 0.22359444444444446 0.7411359375 0.21569814814814817 0.7402479166666667 0.20385277777777777 0.738471875 0.19082314814814816 0.7342531250000001 0.18253148148148146 0.725371875 0.18332037037037036 0.7242614583333334 0.19358703703703706 0.7215973958333334 0.2054324074074074 0.72093125 0.22280462962962963 0.7202651041666667 0.2382037037037037 0.7211531250000001 0.2603148148148148 0.7222635416666667 0.2816361111111111 0.7202651041666667 0.3025629629629629 0.7240395833333333 0.3191462962962963 0.7264817708333333 0.3278333333333333 0.7247057291666666 0.3448111111111111 0.7282583333333333 0.35744629629629626 0.7340312499999999 0.35507685185185184 0.7349192708333334 0.3440212962962963 0.734475 0.3345453703703704 0.7333651041666667 0.32309537037037034 0.7326989583333333 0.3073009259259259 0.7335869791666667 0.29387685185185186 0.7353630208333333 0.27689814814814817
0 0.5471354166666667 0.2814814814814815 0.5442708333333334 0.2814814814814815 0.540625 0.287962962962963 0.5338541666666666 0.31296296296296294 0.5307291666666667 0.3537037037037037 0.5166666666666667 0.4287037037037037 0.5144932291666666 0.45030833333333337 0.515625 0.46574074074074073 0.5151135416666667 0.48228796296296295 0.5151135416666667 0.49827777777777776 0.5191427083333333 0.5126138888888889 0.5222416666666666 0.4839425925925926 0.540625 0.38333333333333336 0.5583333333333333 0.33055555555555555 0.5598958333333334 0.31666666666666665 0.5588541666666667 0.2916666666666667 0.55625 0.2861111111111111 0.55 0.2814814814814815
0 0.4985364583333334 0.38536203703703703 0.4928072916666667 0.3927694444444444 0.4912447916666667 0.4094361111111111 0.49384895833333337 0.42702870370370366 0.5006197916666667 0.44739907407407403 0.5016614583333333 0.4594361111111111 0.5053072916666667 0.4714731481481481 0.5063489583333334 0.4890657407407408 0.5141614583333334 0.523325 0.5200723958333333 0.5490037037037037 0.5241015625 0.5440416666666668 0.5200723958333333 0.5208842592592592 0.516353125 0.5004833333333334 0.5146822916666667 0.486287962962963 0.5154234375000001 0.48118518518518516 0.5136406250000001 0.4714731481481481 0.5115572916666667 0.41499166666666665 0.5063489583333334 0.3946212962962963 0.502703125 0.3881398148148148 0.4990572916666667 0.3862879629629629
0 0.6345385416666667 0.4061472222222222 0.6280635416666667 0.3997509259259259 0.6281083333333334 0.39177962962962964 0.6286296875 0.38380555555555557 0.6328005208333334 0.3736064814814815 0.6385359375 0.3702694444444445 0.643228125 0.3749046296296296 0.6477119791666667 0.3812101851851852 0.6495890625 0.38510370370370367 0.6515703125000001 0.3904814814814815 0.6529260416666667 0.3923361111111111 0.6540729166666667 0.39177962962962964 0.65396875 0.38621666666666665 0.6525088541666667 0.3802824074074074 0.6512572916666667 0.3721231481481481 0.6479208333333334 0.3687851851851852 0.6417682291666666 0.36229537037037035 0.6361375 0.36248055555555553 0.6314447916666667 0.36470555555555556 0.6271697916666666 0.3660037037037037 0.6237286458333333 0.37045462962962966 0.6215385416666667 0.3758324074074074 0.6195572916666666 0.3828787037037037 0.6178890625 0.3934481481481481 0.6196619791666667 0.4058722222222222 0.6212260416666666 0.41959444444444444 0.62258125 0.43035 0.6255010416666666 0.4383240740740741 0.63019375 0.446112037037037 0.6355119791666667 0.45167500000000005 0.6406213541666667 0.45334444444444444 0.6451052083333334 0.4524166666666667 0.64635625 0.4475953703703704 0.647190625 0.4420324074074074 0.6470864583333333 0.43665462962962964 0.6462520833333334 0.4309064814814815 0.6438536458333334 0.42497222222222225 0.6421854166666667 0.4208925925925926 0.6391614583333334 0.4151444444444444 0.6363458333333334 0.41125
0 0.6269718750000001 0.35886388888888887 0.6310927083333334 0.3367203703703704 0.6331859375000001 0.316712962962963 0.6352791666666667 0.29624074074074075 0.6331859375000001 0.2762324074074074 0.6339708333333333 0.24831574074074073 0.6376338541666667 0.2213287037037037 0.6392041666666667 0.20364814814814813 0.6360640624999999 0.18410555555555555 0.6329244791666666 0.16688981481481482 0.6282145833333334 0.16363333333333333 0.6235052083333333 0.16735555555555556 0.6190572916666667 0.17526481481481482 0.616440625 0.18922407407407407 0.6153942708333333 0.21016203703703704 0.6148708333333333 0.22225925925925924 0.6185338541666667 0.2362175925925926 0.620365625 0.25250277777777774 0.6227203125 0.26925370370370366 0.6229817708333333 0.2874 0.6198421875 0.31019907407407404 0.61931875 0.33299814814814815 0.6187953125 0.3469564814814815 0.6180104166666667 0.3623111111111111 0.6185338541666667 0.3702212962962963 0.6201036458333333 0.3772009259259259 0.6242901041666666 0.36929074074074075 0.6269067708333333 0.36370740740740737
