0 0.6041666666666666 0.6694444444444444 0.6 0.7 0.5947916666666667 0.7212962962962963 0.5833333333333334 0.7527777777777778 0.5791666666666667 0.7796296296296297 0.5692708333333333 0.8064814814814815 0.5713541666666667 0.8092592592592592 0.5765625 0.8064814814814815 0.5953125 0.7694444444444445 0.6119791666666666 0.7092592592592593 0.6244791666666667 0.6842592592592592 0.628125 0.6638888888888889 0.6151041666666667 0.6481481481481481
0 0.5838541666666667 0.5611111111111111 0.584375 0.5916666666666667 0.590625 0.5981481481481481 0.5927083333333333 0.6101851851851852 0.6229166666666667 0.6583333333333333 0.6364583333333333 0.6685185185185185 0.65625 0.700925925925926 0.665625 0.7092592592592593 0.6775567708333334 0.7137546296296297 0.6764203125 0.7716305555555556 0.684375 0.7046296296296296 0.6881630208333332 0.6962574074074074 0.7196020833333333 0.6854898148148147 0.6870265624999999 0.6881814814814815 0.6765625 0.6703703703703704 0.6354166666666666 0.6324074074074074 0.6229166666666667 0.612037037037037 0.5927083333333333 0.575 0.5875 0.562037037037037
0 0.5213541666666667 0.7361111111111112 0.5229166666666667 0.7833333333333333 0.5322916666666667 0.8092592592592592 0.5442708333333334 0.8268518518518518 0.5567708333333333 0.8314814814814815 0.5630208333333333 0.825925925925926 0.5677083333333334 0.8064814814814815 0.5635416666666667 0.787962962962963 0.5546875 0.7648148148148148 0.5536458333333333 0.7537037037037037 0.5473958333333333 0.7462962962962963 0.54375 0.7351851851851852 0.5416666666666666 0.7101851851851851 0.5463541666666667 0.6953703703703704 0.571875 0.6444444444444445 0.5755208333333334 0.6416666666666667 0.5830494791666666 0.6250842592592593 0.5830494791666666 0.6062407407407407 0.5682291666666667 0.6398148148148148 0.5619791666666667 0.6527777777777778 0.5526041666666667 0.6601851851851852 0.540625 0.6759259259259259 0.528125 0.7037037037037037
0 0.37642031249999997 0.8122925925925926 0.38626875 0.8728611111111112 0.38626875 0.8836287037037037 0.3616479166666667 0.9017990740740741 0.3892994791666667 0.8910314814814815 0.396875 0.8981481481481481 0.4125 0.9027777777777778 0.4270833333333333 0.8953703703703704 0.4635416666666667 0.8870370370370371 0.4817708333333333 0.8768518518518519 0.4973958333333333 0.862037037037037 0.5015625 0.8490740740740741 0.496875 0.8444444444444444 0.4864583333333333 0.8537037037037037 0.43854166666666666 0.8657407407407407 0.42552083333333335 0.8648148148148148 0.4161458333333333 0.8583333333333333 0.3892994791666667 0.8647851851851851
0 0.25 0.652525 0.25104166666666666 0.7182657407407407 0.24791666666666667 0.7923398148148147 0.25 0.7988212962962963 0.2526041666666667 0.7997472222222222 0.2557291666666667 0.7923398148148147 0.25833333333333336 0.7636361111111111 0.2635416666666667 0.7432657407407407 0.2630208333333333 0.6997472222222222 0.26614583333333336 0.6599324074074074 0.26875 0.6460435185185185 0.28020833333333334 0.6182657407407407 0.28541666666666665 0.5830805555555555 0.2864583333333333 0.5728953703703703 0.2796875 0.5608583333333333 0.2617421875 0.5357685185185185 0.25189375 0.5384601851851852 0.24393958333333332 0.549900925925926 0.242803125 0.5673981481481482 0.24962135416666667 0.5451898148148148 0.26022708333333333 0.5451898148148148 0.2719697916666667 0.5593222222222222 0.2598958333333333 0.5803027777777777 0.25364583333333335 0.5997472222222222 0.253125 0.6330805555555555
0 0.3203125 0.13055555555555556 0.31875 0.13796296296296295 0.32083333333333336 0.14444444444444443 0.36302083333333335 0.21944444444444444 0.375 0.2462962962962963 0.3859375 0.28425925925925927 0.3875 0.29814814814814816 0.3953125 0.31666666666666665 0.40729166666666666 0.33425925925925926 0.4119791666666667 0.33611111111111114 0.41770833333333335 0.3296296296296296 0.42135416666666664 0.3212962962962963 0.4166666666666667 0.28055555555555556 0.4083333333333333 0.25833333333333336 0.3984375 0.24814814814814815 0.3885416666666667 0.2222222222222222 0.3609375 0.16574074074074074 0.3302083333333333 0.13055555555555556
0 0.23939375000000002 0.4242518518518519 0.23446979166666668 0.420887037037037 0.22878802083333336 0.4370388888888889 0.22840885416666667 0.44780648148148144 0.23598489583333335 0.42559814814814817 0.23901510416666666 0.43300092592592593 0.2401515625 0.4464601851851852 0.2371213541666667 0.4545361111111111 0.23854166666666668 0.47129629629629627 0.24010416666666667 0.48333333333333334 0.24895833333333334 0.4842592592592593 0.2552083333333333 0.4898148148148148 0.2875 0.49074074074074076 0.32916666666666666 0.5009259259259259 0.35 0.49444444444444446 0.35833333333333334 0.49537037037037035 0.36302083333333335 0.49074074074074076 0.3609375 0.48703703703703705 0.34427083333333336 0.4842592592592593 0.3302083333333333 0.4703703703703704 0.2947916666666667 0.4675925925925926 0.28020833333333334 0.45925925925925926 0.27239583333333334 0.45092592592592595 0.2604166666666667 0.4462962962962963 0.2484375 0.44722222222222224 0.24469687499999998 0.4437685185185185
0 0.6744791666666666 0.5712962962962963 0.6760416666666667 0.5768518518518518 0.6714963541666666 0.5973296296296297 0.6347536458333334 0.5778138888888888 0.6684661458333333 0.6087703703703704 0.6734375 0.6166666666666667 0.6775567708333334 0.620211111111111 0.6802083333333333 0.6753953703703703 0.6828125 0.6222222222222222 0.6895833333333333 0.6194444444444445 0.7005208333333334 0.6083333333333333 0.7244791666666667 0.5611111111111111 0.7390625 0.5435185185185185 0.7520833333333333 0.5333333333333333 0.7713541666666667 0.5305555555555556 0.7979166666666667 0.5435185185185185 0.8005208333333333 0.5398148148148149 0.796875 0.5324074074074074 0.771875 0.5166666666666667 0.7515625 0.5148148148148148 0.7171875 0.537962962962963 0.6979166666666666 0.5574074074074075 0.6776041666666667 0.5638888888888889 0.678125 0.5675925925925925
0 0.475 0.8935185185185185 0.4744791666666667 0.8972222222222223 0.478125 0.9009259259259259 0.5026041666666666 0.9018518518518519 0.5291666666666667 0.8972222222222223 0.546875 0.9 0.5630208333333333 0.9101851851851852 0.5770833333333333 0.9111111111111111 0.5864583333333333 0.9055555555555556 0.5885416666666666 0.887962962962963 0.5796875 0.8740740740740741 0.5557291666666667 0.862037037037037 0.5515625 0.8657407407407407 0.5020833333333333 0.8722222222222222 0.4786458333333333 0.887962962962963
0 0.6963541666666667 0.4821546296296296 0.6942708333333333 0.49048796296296293 0.6973958333333333 0.49419166666666664 0.7244791666666667 0.49789537037037035 0.7536458333333333 0.4867842592592592 0.7677083333333333 0.47382129629629627 0.7776041666666667 0.46271018518518514 0.790625 0.44048796296296294 0.7984375 0.4358583333333333 0.809375 0.39048796296296295 0.8110796874999999 0.3766416666666667 0.8338067708333334 0.32482222222222223 0.8076703125000001 0.36721944444444443 0.79375 0.3562287037037037 0.772821875 0.3443388888888889 0.7561552083333333 0.3490490740740741 0.7519885416666666 0.35645185185185185 0.76751875 0.3477037037037037 0.7864583333333334 0.35900648148148145 0.7895833333333333 0.3701175925925926 0.7755208333333333 0.4071546296296296 0.7729166666666667 0.42845092592592593 0.76875 0.44233981481481477 0.7520833333333333 0.4608583333333333 0.7197916666666667 0.4691916666666666 0.7119791666666667 0.47659907407407404
0 0.8139203125000001 0.4710435185185185 0.8186078125 0.5048398148148148 0.8180869791666667 0.5256731481481481 0.8133994791666667 0.5534509259259259 0.7988161458333334 0.6071546296296296 0.7982953125000001 0.6210435185185185 0.7925661458333334 0.6432657407407407 0.7920453125000001 0.6543768518518518 0.7951703125 0.6599324074074074 0.8029828125 0.6534509259259259 0.8081911458333334 0.6330805555555555 0.8144411458333334 0.6228953703703703 0.8290244791666667 0.5664138888888889 0.8436078125 0.47567314814814815 0.8436078125 0.4349324074074074 0.8402463541666666 0.4224037037037037 0.8470645833333333 0.33760833333333334 0.8364583333333333 0.4163472222222222 0.8321494791666667 0.4136361111111111 0.8239583333333333 0.40759814814814815 0.8107010416666667 0.3880824074074074 0.8213067708333334 0.4156740740740741 0.8194130208333333 0.4338444444444445
0 0.53125 0.8324074074074074 0.5302083333333333 0.8388888888888889 0.5333333333333333 0.8462962962962963 0.5520833333333334 0.8574074074074074 0.5563447916666667 0.8607472222222222 0.5571020833333333 0.8620935185185186 0.5608901041666667 0.8614203703703703 0.5767994791666666 0.8701685185185185 0.5927083333333333 0.8856472222222223 0.609375 0.8925925925925926 0.63125 0.9027777777777778 0.6442708333333333 0.9120370370370371 0.65 0.9203703703703704 0.6601328125 0.9334287037037037 0.6714963541666666 0.9415046296296297 0.6848958333333334 0.9388888888888889 0.6890625 0.9305555555555556 0.6938447916666667 0.8984342592592592 0.7226328125 0.8351740740740742 0.6919505208333334 0.889012037037037 0.6703125 0.8685185185185185 0.6619791666666667 0.8666666666666667 0.6541666666666667 0.8592592592592593 0.6416666666666667 0.8675925925925926 0.61875 0.8629629629629629 0.6041666666666666 0.8583333333333333 0.5609375 0.8333333333333334
0 0.33030312500000003 0.6557564814814815 0.32310625000000004 0.649699074074074 0.31666666666666665 0.6396046296296296 0.33068177083333333 0.6490268518518518 0.3348484375 0.6456611111111111 0.3344697916666667 0.636912962962963 0.3325755208333333 0.6274907407407407 0.32339010416666664 0.6201268518518518 0.31581458333333334 0.6120509259259259 0.30823854166666664 0.6006101851851852 0.30748125000000004 0.5911879629629629 0.30520833333333336 0.5831129629629629 0.2995265625 0.5777287037037037 0.2942234375 0.5716722222222221 0.2900567708333333 0.570999074074074 0.28248125 0.5609046296296297 0.2749052083333333 0.5487907407407407 0.2688447916666667 0.5386962962962963 0.2601328125 0.529274074074074 0.2559661458333333 0.520525925925926 0.254071875 0.5124500000000001 0.24242447916666665 0.49962500000000004 0.24119322916666666 0.4882231481481481 0.25028385416666665 0.4882231481481481 0.25748125 0.49495277777777774 0.2654354166666667 0.5010092592592593 0.27225364583333334 0.5131231481481482 0.2836171875 0.5319666666666667 0.29498125000000003 0.549463888888889 0.30785989583333334 0.5595583333333333 0.3222536458333333 0.570999074074074 0.334375 0.5804212962962964 0.34270833333333334 0.5979185185185185 0.3473484375 0.6126851851851852 0.3632578125 0.6308564814814815 0.3621213541666667 0.6059555555555556 0.3670453125 0.6396046296296296 0.34621197916666663 0.6214342592592592 0.34232968750000003 0.6241638888888889 0.33863645833333333 0.6308564814814815 0.33560625 0.6517185185185185
0 0.23892031249999998 0.34880833333333333 0.25142031249999997 0.3266 0.2658145833333333 0.33063796296296294 0.28248125 0.3494814814814815 0.28664791666666667 0.34891666666666665 0.2911932291666667 0.343425 0.29535989583333333 0.3151601851851852 0.3142994791666667 0.27814629629629634 0.30331458333333333 0.3151601851851852 0.2991479166666667 0.34678981481481486 0.3044505208333333 0.3603574074074074 0.31316302083333336 0.3805462962962963 0.3184661458333334 0.3966981481481482 0.32339010416666664 0.4148685185185185 0.3302083333333333 0.4310194444444444 0.33551145833333335 0.4491898148148148 0.34232968750000003 0.4592851851851852 0.35104166666666664 0.4673601851851852 0.36126874999999997 0.4734175925925926 0.3726328125 0.47880092592592594 0.384375 0.48687685185185187 0.39725364583333334 0.4936064814814815 0.40255677083333335 0.5023555555555556 0.41278385416666663 0.5104314814814814 0.42301145833333337 0.5151416666666666 0.41808697916666665 0.5198527777777778 0.40482968750000003 0.5137962962962963 0.3946020833333333 0.5057203703703703 0.38285989583333335 0.4962990740740741 0.37490520833333335 0.4936064814814815 0.3650567708333333 0.48956851851851857 0.3597536458333333 0.4855305555555556 0.352178125 0.48216574074074076 0.34270833333333334 0.47880092592592594 0.33248125 0.47072592592592594 0.32755677083333334 0.4660148148148148 0.3192234375 0.4599574074074074 0.31354166666666666 0.4518824074074074 0.3067234375 0.4451527777777778 0.30104166666666665 0.43371203703703703 0.2942234375 0.4229444444444444 0.28589010416666666 0.4054462962962963 0.28248125 0.38660370370370367 0.28096614583333335 0.375162962962963 0.27793541666666666 0.3609222222222222 0.2552083333333333 0.3340027777777778
0 0.6723484375000001 0.4530305555555556 0.6711171875 0.4364037037037037 0.6661932291666666 0.4263092592592592 0.6597536458333334 0.4148685185185185 0.6517994791666666 0.40477407407407406 0.6374052083333334 0.39064074074074073 0.6279354166666666 0.38391111111111115 0.6161932291666666 0.38660370370370367 0.609375 0.3940064814814815 0.6052083333333333 0.4054462962962963 0.6029354166666666 0.41957962962962964 0.6067234375 0.4343842592592593 0.6082385416666667 0.41890648148148146 0.6120265625 0.4041009259259259 0.6214963541666666 0.3973712962962963 0.6313447916666667 0.40006296296296295 0.6404354166666667 0.41284907407407406 0.6480114583333333 0.4242898148148148 0.6502838541666667 0.43775 0.6571020833333333 0.45255462962962967 0.6642994791666667 0.4579388888888889
0 0.5775567708333333 0.4148685185185185 0.5798296875 0.3973712962962963 0.58626875 0.38256574074074073 0.5946020833333333 0.37583611111111115 0.6048296875 0.3691055555555556 0.6169505208333333 0.371125 0.6283145833333333 0.375162962962963 0.6411932291666667 0.37045185185185187 0.6482005208333333 0.3631814814814815 0.6735796875 0.4001953703703704 0.6523671875 0.35712499999999997 0.6517994791666666 0.34891666666666665 0.660321875 0.28646203703703704 0.6451703125 0.33895462962962963 0.6381630208333333 0.3341111111111111 0.6245265624999999 0.3341111111111111 0.6150567708333334 0.33949444444444443 0.6010416666666667 0.3495898148148148 0.5881630208333333 0.3590111111111111 0.5749052083333334 0.37583611111111115 0.5707385416666667 0.3913138888888889 0.5703598958333332 0.4081388888888889
0 0.49176145833333335 0.311875 0.49573854166666664 0.30651944444444446 0.49857968750000003 0.2324638888888889 0.5038828125 0.2957240740740741 0.5161932291666667 0.308537962962963 0.5241479166666667 0.3199787037037037 0.5283145833333334 0.33343796296296296 0.5321020833333333 0.346225 0.5392994791666667 0.36237592592592593 0.546875 0.38256574074074073 0.5571020833333333 0.39804351851851855 0.577178125 0.41621388888888894 0.5817234375000001 0.4263092592592592 0.5839963541666666 0.43775 0.5722536458333334 0.4444796296296296 0.55748125 0.43505740740740745 0.5476328125 0.41890648148148146 0.5377838541666667 0.3966981481481482 0.5267994791666667 0.3785277777777778 0.5173296875 0.36237592592592593 0.50748125 0.3556462962962963 0.5006630208333334 0.3442055555555556 0.49668541666666666 0.3381212962962963 0.4864583333333333 0.32062407407407406 0.4667614583333333 0.32062407407407406 0.4535036458333333 0.33879444444444445 0.4599432291666667 0.3145675925925926 0.4732005208333333 0.31052962962962966
0 0.5696020833333333 0.47828240740740735 0.5319130208333334 0.4861768518518519 0.5641098958333333 0.46598703703703703 0.5694130208333333 0.4505083333333333 0.5845645833333334 0.4424333333333333 0.5904354166666667 0.45120925925925925 0.6036932291666666 0.46803333333333336 0.6116479166666667 0.4855305555555556 0.6275567708333334 0.5050472222222222 0.6362687499999999 0.5185064814814815 0.6529354166666667 0.5386962962962963 0.6677083333333333 0.5474444444444444 0.6752838541666667 0.5569509259259259 0.6733901041666667 0.5784861111111111 0.6555869791666668 0.570999074074074 0.639678125 0.5548472222222223 0.62376875 0.5326398148148148 0.6144885416666667 0.5184796296296296 0.603125 0.5124222222222222 0.5913828124999999 0.5030009259259259 0.5779354166666667 0.4929333333333334
0 0.6620265624999999 0.5386962962962963 0.6661932291666666 0.5299472222222222 0.6658145833333333 0.5158148148148148 0.6559661458333333 0.5003361111111112 0.6442234375000001 0.4902416666666667 0.6339963541666667 0.48418518518518516 0.6264203125000001 0.4774555555555556 0.6173296875 0.4545740740740741 0.60748125 0.4303472222222222 0.59876875 0.4175601851851852 0.5911932291666666 0.4067925925925926 0.5847536458333333 0.39266018518518514 0.5805869791666667 0.4007361111111111 0.5851328124999999 0.41688703703703706 0.5911932291666666 0.42765462962962963 0.5942234375000001 0.43707685185185186 0.5983901041666667 0.4532277777777778 0.60748125 0.47072592592592594 0.6142994791666666 0.48216574074074076 0.6294505208333334 0.5023555555555556 0.639678125 0.5185064814814815 0.6608901041666667 0.5407148148148148
0 0.44498125 0.15024444444444446 0.446875 0.1367851851851852 0.45028385416666666 0.1327472222222222 0.4631630208333333 0.1367851851851852 0.4767994791666667 0.15630092592592593 0.4821020833333333 0.16841481481481482 0.4961171875 0.18456574074074072 0.5135416666666667 0.18860370370370372 0.534375 0.19264166666666666 0.554071875 0.19331481481481483 0.5589963541666666 0.19869907407407408 0.5578598958333333 0.20879351851851854 0.5495265625 0.21552314814814813 0.5423296875 0.21552314814814813 0.5286932291666667 0.2114851851851852 0.5086171875 0.20677407407407408 0.48778385416666664 0.19667962962962962 0.4783145833333334 0.19264166666666666 0.46808697916666664 0.18456574074074072 0.45293541666666665 0.16908796296296297 0.4434661458333334 0.15630092592592593
0 0.44005677083333333 0.28214814814814815 0.4317234375 0.2720527777777778 0.434375 0.2552287037037037 0.44763281250000003 0.23369351851851852 0.4631630208333333 0.22225277777777777 0.4817234375 0.21081203703703702 0.4919505208333333 0.2054287037037037 0.504071875 0.20677407407407408 0.5313447916666667 0.21350462962962963 0.5404354166666666 0.22023425925925927 0.5377838541666667 0.2269638888888889 0.5241479166666667 0.22965555555555556 0.5055869791666666 0.23100185185185185 0.49081458333333333 0.22965555555555556 0.479071875 0.24244259259259263 0.46884479166666665 0.25792037037037036 0.4589963541666667 0.2720527777777778
