0 0.29134479166666666 0.5041212962962963 0.2965286458333333 0.4969018518518519 0.3020583333333333 0.4907537037037037 0.30897031249999996 0.46738981481481484 0.30482291666666667 0.4876796296296296 0.31035260416666666 0.5036648148148147 0.31795625 0.5208796296296296 0.32314010416666666 0.5442425925925927 0.34629583333333336 0.6284740740740741 0.35528125 0.6530666666666667 0.3528619791666667 0.6622888888888889 0.3597744791666667 0.6825787037037037 0.360465625 0.6918009259259259 0.35528125 0.6936453703703703 0.34664114583333333 0.6770444444444444 0.33005208333333336 0.6309333333333333 0.3169192708333333 0.5848212962962963 0.30447760416666664 0.555925 0.29583750000000003 0.5467018518518518 0.29169010416666663 0.5202648148148148 0.28961666666666663 0.5147314814814814 0.2827046875 0.5368648148148147 0.275446875 0.5682212962962963 0.28201302083333335 0.5282574074074075 0.28650625 0.5116574074074074
0 0.2431328125 0.5114944444444445 0.2509088541666667 0.5171907407407408 0.2564385416666667 0.5141166666666667 0.2678432291666667 0.533175925925926 0.28961666666666663 0.5546953703703704 0.26853489583333334 0.5282574074074075 0.26853489583333334 0.5202648148148148 0.2612770833333333 0.5061240740740741 0.2699171875 0.4618564814814815 0.2657697916666667 0.37885555555555556 0.26715208333333335 0.33038333333333336 0.28201302083333335 0.28427129629629627 0.28892552083333334 0.27013055555555554 0.28754270833333334 0.26582685185185184 0.29445520833333333 0.25598888888888893 0.2885796875 0.23692962962962963 0.2768291666666666 0.2529148148148148 0.27406458333333333 0.24615185185185184 0.26093125 0.2713601851851852 0.2519458333333333 0.32484907407407404 0.24330572916666665 0.3955546296296296 0.23743020833333334 0.4139990740740741 0.23535677083333334 0.4521175925925926 0.23812135416666666 0.4963851851851852 0.23812135416666666 0.5074518518518518 0.23362864583333334 0.5203629629629629 0.2274078125 0.5271268518518519 0.22222343749999998 0.5111407407407408 0.22377864583333332 0.5270657407407408 0.23172760416666666 0.5319842592592593
0 0.344740625 0.6128722222222223 0.35165260416666666 0.6063777777777778 0.36582239583333337 0.6174444444444445 0.36962395833333334 0.6395777777777778 0.369278125 0.6266666666666666 0.3519979166666667 0.6002296296296297 0.3533807291666667 0.5584212962962963 0.33955625 0.4643537037037037 0.3253864583333333 0.4016416666666667 0.31812864583333333 0.39610833333333334 0.3053416666666667 0.3647518518518519 0.2963557291666667 0.36721111111111115 0.29704687500000004 0.3838111111111111 0.30568697916666665 0.4034861111111111 0.31570989583333336 0.45574537037037033 0.32193072916666665 0.5092351851851852 0.3278057291666666 0.5578064814814815
0 0.35718229166666665 0.557575 0.36616770833333334 0.5479694444444445 0.38137447916666667 0.5418212962962963 0.38863229166666663 0.5418212962962963 0.3893234375 0.5602657407407408 0.39036041666666665 0.5479694444444445 0.38921927083333335 0.5381138888888889 0.3668796875 0.5445148148148148 0.3640307291666666 0.5445148148148148 0.3661296875 0.5378462962962963 0.36463072916666667 0.519175925925926 0.35713385416666665 0.49277037037037036 0.3520364583333333 0.4778342592592593 0.3532359375 0.4570296296296296 0.35698437499999996 0.43755925925925926 0.3710776041666667 0.4234222222222222 0.3953661458333333 0.4215555555555555 0.37212708333333333 0.41675462962962967 0.3577338541666667 0.42048888888888886 0.3488880208333333 0.436225 0.3422911458333333 0.4586296296296296 0.34124166666666667 0.4751666666666666 0.3448395833333333 0.49757129629629626 0.3497875 0.5330453703703704 0.3530859375 0.5533166666666667
0 0.3585760416666667 0.44004629629629627 0.3614776041666667 0.45587314814814817 0.3554817708333333 0.48064629629629624 0.3597369791666667 0.47101203703703703 0.36302447916666664 0.4627546296296296 0.36844010416666667 0.4600018518518519 0.38816770833333336 0.4696361111111111 0.4084755208333333 0.4586259259259259 0.43787291666666667 0.463787037037037 0.4765546875 0.47204444444444443 0.4976359375 0.4772055555555555 0.501890625 0.47204444444444443 0.5140755208333333 0.48271018518518516 0.5239390625 0.47858148148148155 0.5237458333333334 0.4600018518518519 0.505565625 0.45208796296296294 0.5015041666666666 0.4493361111111111 0.5013104166666666 0.4414222222222222 0.46127552083333334 0.42525092592592595 0.40344687500000004 0.417337962962963 0.37172812499999996 0.41527314814814814 0.35935 0.4366055555555555
0 0.3254067708333333 0.3927231481481482 0.3219255208333333 0.38033703703703703 0.30954791666666664 0.3486824074074074 0.3263739583333333 0.38343333333333335 0.33991249999999995 0.37379907407407403 0.3722114583333333 0.38343333333333335 0.41688854166666667 0.3927231481481482 0.44841406250000004 0.40407777777777776 0.46562708333333336 0.4178398148148148 0.4687213541666667 0.42437777777777774 0.45305572916666664 0.4233453703703704 0.4215302083333333 0.41680833333333334 0.36157395833333333 0.4119907407407407 0.3561588541666667 0.4095824074074074 0.35248385416666667 0.4164638888888889 0.3375916666666667 0.41543148148148146 0.32772812500000004 0.4116472222222222 0.3248265625 0.3940990740740741
0 0.3940666666666666 0.36230555555555555 0.426171875 0.3832935185185185 0.4634994791666667 0.4077222222222222 0.46910833333333335 0.4156361111111111 0.46330625 0.41701203703703704 0.43526197916666665 0.3974009259259259 0.39135885416666666 0.3832935185185185 0.3706640625 0.36987499999999995 0.3611875 0.37400370370370367 0.3414598958333333 0.3678111111111111 0.33353020833333336 0.3595527777777778 0.32772812500000004 0.37434814814814815 0.3296619791666667 0.3609296296296296 0.33314322916666667 0.3361564814814815 0.3178640625 0.2855787037037037 0.33488385416666666 0.3296194444444444 0.35248385416666667 0.3248027777777778 0.3635083333333334 0.3282435185185185 0.37743333333333334 0.34579074074074073
0 0.4696885416666667 0.4110537037037037 0.49454114583333336 0.4319722222222222 0.5121411458333334 0.43816481481481484 0.5136885416666667 0.4305953703703704 0.5084666666666666 0.42130555555555554 0.4933807291666667 0.4137361111111111 0.4471567708333334 0.3724481481481482 0.40750833333333336 0.32187037037037036 0.38584687500000003 0.30432314814814815 0.38313906249999996 0.3036351851851852 0.37695 0.30845185185185187 0.3742421875 0.32221481481481484 0.37714322916666665 0.33804166666666663 0.4057677083333333 0.3693518518518518 0.44193489583333334 0.3920601851851852
0 0.50363125 0.3852666666666667 0.5436666666666666 0.3944925925925926 0.5376708333333333 0.388987037037037 0.5032447916666667 0.38004166666666667 0.49202708333333334 0.3532046296296296 0.4500578125 0.3232703703703704 0.428009375 0.3115722222222222 0.41659843750000003 0.30365833333333336 0.40073906249999997 0.27441296296296297 0.3964838541666667 0.24654351851851852 0.39715520833333334 0.2386925925925926 0.3872916666666667 0.25039074074074075 0.3867109375 0.26965833333333333 0.405278125 0.31748333333333334 0.4448359375 0.3675138888888889 0.487771875 0.40776944444444446 0.494928125 0.4115537037037037 0.5015041666666666 0.40295277777777777
0 0.47297656250000003 0.16645740740740742 0.4611786458333333 0.17712407407407407 0.4586645833333333 0.20568148148148147 0.4700755208333333 0.2445611111111111 0.4907697916666667 0.28756944444444443 0.49966666666666665 0.31131018518518516 0.5019875 0.3305777777777778 0.5178468749999999 0.3429638888888889 0.5215213541666667 0.348812962962963 0.5017942708333334 0.33952314814814816 0.495025 0.34571666666666667 0.48554791666666663 0.34055555555555556 0.4714291666666667 0.29892314814814813 0.4619520833333333 0.25557129629629627 0.45247552083333337 0.2170351851851852 0.45170156250000004 0.19191851851851852 0.4584708333333333 0.1681777777777778 0.46640052083333333 0.16198518518518518 0.4810994791666667 0.16576944444444444 0.4836140625 0.171275
0 0.4892223958333333 0.2738064814814815 0.5010203125 0.27896759259259263 0.524809375 0.26726944444444445 0.556528125 0.23630277777777778 0.5687130208333334 0.20981018518518518 0.5766427083333333 0.1936388888888889 0.5886338541666666 0.18056481481481482 0.5990776041666667 0.1877898148148148 0.6013984375 0.1998324074074074 0.5979171875 0.21772314814814814 0.5824447916666667 0.23699166666666666 0.5607833333333333 0.2638287037037037 0.5292578124999999 0.2951388888888889 0.5077895833333333 0.300987962962963 0.4979260416666667 0.2910101851851852 0.49096354166666667 0.28722499999999995
0 0.8222026041666666 0.36145648148148146 0.8294760416666667 0.3177648148148148 0.8387328125 0.30423796296296296 0.84898125 0.3218814814814815 0.84898125 0.3565814814814815 0.8417083333333333 0.39775 0.8377411458333334 0.4736194444444445 0.8317901041666667 0.5153768518518518 0.828484375 0.5112601851851851 0.823525 0.5324324074074075 0.8119541666666666 0.5471361111111112 0.8159213541666667 0.5142 0.818896875 0.4636212962962963 0.8248473958333334 0.3983388888888889 0.823525 0.3671675925925926
0 0.7993911458333333 0.15516203703703701 0.8134416666666666 0.1932296296296296 0.8217067708333333 0.23851574074074072 0.8263354166666667 0.293212037037037 0.8319557291666667 0.3173259259259259 0.8458406249999999 0.3173259259259259 0.8491468750000001 0.2849787037037037 0.8392286458333333 0.22381296296296296 0.8253432291666667 0.17440925925925926 0.80616875 0.13441666666666666
0 0.7093026041666667 0.2138148148148148 0.7013682291666666 0.23087037037037036 0.7030213541666667 0.2426324074074074 0.7159145833333334 0.22616481481481482 0.7357510416666667 0.21440277777777778 0.7744312499999999 0.17499814814814815 0.7965812499999999 0.15558981481481482 0.8131114583333333 0.1232425925925926 0.8279880208333333 0.12618240740740738 0.8392286458333333 0.14088611111111113 0.8342697916666667 0.1285351851851852 0.8164171875 0.11736111111111111 0.8084828125 0.09795277777777778 0.8068296875000001 0.07442685185185186 0.7972427083333333 0.0609 0.78699375 0.062076851851851855 0.8035239583333333 0.07325092592592593 0.8041848958333334 0.10030462962962962 0.7823656250000001 0.12030185185185184 0.766496875 0.15323703703703703 0.7238489583333333 0.19146574074074074
0 0.28018385416666663 0.1578064814814815 0.28977135416666666 0.13293981481481482 0.3215088541666667 0.12176574074074074 0.35886666666666667 0.1111787037037037 0.37341302083333333 0.09353518518518518 0.3882901041666667 0.11941296296296297 0.37341302083333333 0.08588888888888889 0.3707682291666667 0.07353888888888889 0.3730822916666667 0.05765925925925926 0.3535770833333334 0.04236759259259259 0.36944583333333336 0.061187962962962965 0.36547864583333334 0.07353888888888889 0.3542380208333333 0.07118611111111112 0.3387 0.08294814814814815 0.3291125 0.09059444444444445 0.30398697916666667 0.09765185185185185 0.2851427083333334 0.11941296296296297 0.2758859375 0.14058518518518517 0.2788614583333333 0.15528888888888887
0 0.36580937500000005 0.11764814814814815 0.3899432291666667 0.09471111111111111 0.44680625 0.07589074074074074 0.47060937500000005 0.062363888888888885 0.4914369791666667 0.07177407407407407 0.5046614583333333 0.052953703703703704 0.5013552083333334 0.040014814814814816 0.5089588541666666 0.05001296296296297 0.4947432291666667 0.07236203703703703 0.4967270833333333 0.08588888888888889 0.4970572916666667 0.11411944444444444 0.49309010416666665 0.14646666666666666 0.4878005208333333 0.14881944444444445 0.49507395833333334 0.12294166666666666 0.49309010416666665 0.09882777777777778 0.4835026041666667 0.11059074074074074 0.46531979166666665 0.11882499999999999 0.44614479166666665 0.10588611111111111 0.42035833333333333 0.11176666666666667 0.3892817708333334 0.13411574074074073 0.3684541666666667 0.13235185185185186 0.35985833333333334 0.1317638888888889 0.36051979166666664 0.12176574074074074
0 0.3151427083333333 0.1255740740740741 0.31212395833333334 0.13749074074074075 0.32782083333333334 0.15950833333333334 0.3586104166666667 0.15521203703703704 0.37913697916666667 0.16863703703703703 0.3894005208333333 0.1997833333333333 0.3894005208333333 0.2411333333333333 0.39272083333333335 0.2465027777777778 0.39573958333333337 0.22878148148148147 0.39694687500000003 0.1933398148148148 0.3866833333333333 0.1648787037037037 0.37430729166666665 0.14178703703703704 0.3537807291666667 0.12728796296296296 0.33989531250000005 0.11923333333333333
0 0.3042755208333333 0.1385648148148148 0.31876510416666665 0.15252685185185186 0.329028125 0.18367314814814814 0.3377822916666667 0.20730185185185185 0.35166770833333333 0.2218009259259259 0.37823124999999996 0.25509537037037033 0.3866833333333333 0.2604648148148148 0.3915135416666667 0.2808712962962963 0.38034427083333333 0.276575 0.35046041666666666 0.24328055555555556 0.31967031250000005 0.20730185185185185 0.3021625 0.1874324074074074 0.29371041666666664 0.15521203703703704 0.29371041666666664 0.14017592592592593
0 0.3042755208333333 0.21733981481481482 0.3106145833333333 0.2062277777777778 0.3229911458333333 0.21159722222222221 0.3423098958333333 0.2411333333333333 0.360421875 0.2588537037037037 0.38034427083333333 0.2781861111111111 0.37943906250000003 0.2910740740740741 0.36102552083333334 0.27227870370370366 0.337178125 0.2642240740740741 0.31936875 0.2534842592592592 0.30548281250000003 0.23254074074074074
0 0.28525833333333334 0.1529425925925926 0.2970307291666667 0.181525 0.3018609375 0.21428240740740742 0.3057848958333333 0.23737407407407404 0.32148177083333335 0.25670648148148145 0.35468645833333334 0.27174166666666666 0.3694776041666667 0.28033425925925926 0.3598177083333333 0.28301944444444443 0.33325416666666663 0.28624166666666667 0.303671875 0.2674462962962963 0.28525833333333334 0.22717037037037036 0.27288229166666667 0.19119166666666665 0.26865625000000004 0.16648888888888888 0.25054427083333336 0.18206203703703705 0.24239427083333334 0.20461666666666667 0.2481296875 0.17884074074074074 0.27137291666666663 0.15950833333333334 0.27650416666666666 0.15145277777777777
0 0.5950958333333334 0.133075 0.6070729166666666 0.1476074074074074 0.6158057291666666 0.1769037037037037 0.6227921875 0.20042962962962962 0.6452489583333333 0.24171111111111113 0.6524848958333334 0.263462037037037 0.6602197916666667 0.2758907407407407 0.6604692708333334 0.28476851851851853 0.65423125 0.28743148148148145 0.6445005208333333 0.2701194444444444 0.6360166666666667 0.2674564814814815 0.6175526041666667 0.2248435185185185 0.6030807291666667 0.20353703703703704 0.5891078125 0.16358796296296296 0.5861135416666666 0.142725
0 0.5584171875 0.12630092592592593 0.5711427083333334 0.11298518518518519 0.5841171875000001 0.10943333333333334 0.5953458333333334 0.11742407407407407 0.5943473958333333 0.13073981481481484 0.5886088541666666 0.14228148148148148 0.5703937499999999 0.15781666666666666 0.5416994791666667 0.1751287037037037 0.5187442708333333 0.1840064814814815 0.4932932291666667 0.18356203703703705 0.481815625 0.1671388888888889 0.4670942708333333 0.1600361111111111 0.46784270833333336 0.15293425925925927 0.502775 0.16314351851851852 0.5454421875000001 0.13739814814814813
0 0.5404520833333333 0.11377962962962963 0.5449432291666666 0.10721388888888889 0.5629083333333333 0.10499444444444445 0.5666510416666667 0.11476018518518519 0.5484364583333333 0.13251574074074074 0.5222375 0.1507148148148148 0.5020265625 0.16225555555555554 0.4728333333333333 0.15293425925925927 0.49678645833333335 0.15737314814814815 0.5105098958333333 0.15293425925925927 0.5252317708333334 0.14094907407407406 0.5372083333333334 0.12186203703703703
0 0.51575 0.08479814814814814 0.5214890625 0.07569814814814815 0.5509317708333333 0.0717037037037037 0.5853651041666666 0.07525462962962963 0.6073223958333334 0.06593333333333333 0.6340208333333333 0.06371388888888889 0.6412567708333333 0.06948425925925926 0.6469953125 0.053504629629629624 0.6487421875 0.04373888888888889 0.6517364583333334 0.052616666666666666 0.6449994791666666 0.0685962962962963 0.6467458333333334 0.08901481481481481 0.6529838541666667 0.10898981481481482 0.6597208333333333 0.12319444444444445 0.65423125 0.12053055555555556 0.6437515625 0.10055555555555555 0.6410072916666666 0.09700462962962964 0.6327729166666667 0.10987777777777778 0.6153067708333333 0.11520462962962963 0.594596875 0.10810185185185185 0.5651541666666666 0.10366296296296297 0.5367093749999999 0.10543888888888889 0.5197421875 0.10810185185185185 0.5152510416666667 0.102775 0.49978072916666666 0.10188796296296296 0.49354322916666665 0.09389814814814815 0.5060187500000001 0.08812685185185186 0.5125062499999999 0.08524259259259259
0 0.6501208333333334 0.06625092592592592 0.6657046875 0.05764814814814815 0.6794817708333334 0.052425 0.6882901041666667 0.05925462962962963 0.7151666666666666 0.06407685185185186 0.7325572916666666 0.059656481481481484 0.7598854166666666 0.06528148148148148 0.7671130208333333 0.06889814814814814 0.7745661458333333 0.07894259259259259 0.7797609375000001 0.08738055555555554 0.7822453125000001 0.09541574074074075 0.7838260416666666 0.10264814814814814 0.7896984375 0.1078712962962963 0.7833744791666667 0.119925 0.776146875 0.11671111111111111 0.7619182291666667 0.10184444444444445 0.7368484375000001 0.086175 0.6991307291666666 0.08938888888888889 0.6837729166666667 0.10505925925925926 0.6670598958333334 0.10505925925925926 0.6544119791666667 0.0934074074074074 0.6492171875 0.0845675925925926
0 0.7537874999999999 0.09997777777777778 0.7531098958333333 0.10827314814814815 0.7458828125 0.12113055555555555 0.7262333333333333 0.12675555555555554 0.7029703125 0.12997037037037037 0.6867088541666667 0.1335861111111111 0.6611875 0.15005925925925925 0.6437968749999999 0.1584972222222222 0.6437968749999999 0.15488055555555555 0.637246875 0.16492592592592592 0.6282130208333334 0.1745685185185185 0.620759375 0.1753722222222222 0.620759375 0.1625148148148148 0.631375 0.1476490740740741 0.6392796875 0.14242592592592593 0.6458291666666667 0.1271574074074074 0.6663822916666666 0.11711296296296296 0.6887416666666667 0.10827314814814815 0.7077135416666667 0.0934074074074074 0.7345901041666667 0.08938888888888889 0.7415916666666666 0.09059444444444445
0 0.6450390625 0.20417222222222223 0.6514755208333334 0.19064074074074075 0.675190625 0.18541666666666667 0.7113270833333334 0.1576935185185185 0.7244265624999999 0.13880925925925924 0.73233125 0.12997037037037037 0.7492703125 0.1223361111111111 0.7571755208333334 0.12555 0.76530625 0.1363990740740741 0.762821875 0.15327407407407406 0.7461083333333334 0.1713546296296296 0.7314281250000001 0.17858703703703704 0.7056807291666666 0.19264907407407408 0.6966463541666666 0.20269444444444445 0.6914520833333333 0.20831944444444445 0.6821916666666666 0.20952407407407408 0.6623166666666667 0.21715833333333334 0.6478619791666667 0.22197962962962964 0.6435708333333333 0.22519444444444445 0.6365692708333334 0.22398888888888888 0.6259541666666667 0.20349722222222222 0.6415380208333333 0.20189074074074073
