0 0.8166666666666667 0.6175925925925926 0.8197916666666667 0.637962962962963 0.8098958333333334 0.675 0.8109375 0.7398148148148148 0.8088541666666667 0.7768518518518519 0.8010416666666667 0.812037037037037 0.7807291666666667 0.8583333333333333 0.7802083333333333 0.8648148148148148 0.7817708333333333 0.8657407407407407 0.803125 0.8296296296296296 0.8171875 0.7944444444444444 0.8265625 0.7435185185185185 0.8401041666666667 0.6898148148148148 0.8421875 0.6731481481481482 0.8411458333333334 0.649074074074074 0.8473958333333333 0.6425925925925926 0.8369791666666667 0.6324074074074074 0.8234375 0.6259259259259259 0.8182291666666667 0.6157407407407407
0 0.5609375 0.1824074074074074 0.5583333333333333 0.2074074074074074 0.5604166666666667 0.21944444444444444 0.5630208333333333 0.2 0.5770833333333333 0.1685185185185185 0.6057291666666667 0.13333333333333333 0.615625 0.12685185185185185 0.6192708333333333 0.12777777777777777 0.628125 0.1111111111111111 0.6354166666666666 0.09166666666666666 0.6265625 0.06851851851851852 0.6088541666666667 0.09166666666666666 0.6 0.11481481481481481 0.56875 0.16296296296296298
0 0.609375 0.14166666666666666 0.609375 0.14907407407407408 0.6177083333333333 0.17222222222222222 0.6475692708333334 0.21604907407407406 0.6734375 0.2759259259259259 0.696875 0.3111111111111111 0.7057291666666666 0.3101851851851852 0.70625 0.29907407407407405 0.6932291666666667 0.2657407407407407 0.6703125 0.22407407407407406 0.6416666666666667 0.14814814814814814 0.6307291666666667 0.13425925925925927 0.6192708333333333 0.1259259259259259 0.615625 0.12685185185185185
0 0.7026041666666667 0.20462962962962963 0.7020833333333333 0.2361111111111111 0.6994791666666667 0.25092592592592594 0.7026041666666667 0.2722222222222222 0.7104166666666667 0.29814814814814816 0.7244791666666667 0.2962962962962963 0.7270833333333333 0.29074074074074074 0.728125 0.27870370370370373 0.7276041666666667 0.25555555555555554 0.7197916666666667 0.21666666666666667 0.7208333333333333 0.18333333333333332 0.7385416666666667 0.10092592592592593 0.7479166666666667 0.08425925925925926 0.7479166666666667 0.07407407407407407 0.7385416666666667 0.0787037037037037 0.7255208333333333 0.09537037037037037 0.7177083333333333 0.1111111111111111 0.7088541666666667 0.14814814814814814
0 0.6807291666666667 0.33796296296296297 0.6796875 0.35648148148148145 0.6880208333333333 0.36944444444444446 0.7098958333333333 0.37222222222222223 0.7177083333333333 0.3685185185185185 0.7583333333333333 0.3314814814814815 0.81875 0.28703703703703703 0.8229166666666666 0.2777777777777778 0.840625 0.2657407407407407 0.8447916666666667 0.25555555555555554 0.8447916666666667 0.2490740740740741 0.8421875 0.24351851851851852 0.8369791666666667 0.24259259259259258 0.81875 0.2518518518518518 0.8083333333333333 0.2518518518518518 0.7708333333333334 0.275 0.7604166666666666 0.2851851851851852 0.7380208333333333 0.2935185185185185 0.7276041666666667 0.2935185185185185 0.7166666666666667 0.30185185185185187 0.7119791666666667 0.30185185185185187 0.7083333333333334 0.30833333333333335 0.6895833333333333 0.3212962962962963
0 0.578125 0.7555555555555555 0.5776041666666667 0.7592592592592593 0.5828125 0.7638888888888888 0.6166666666666667 0.7592592592592593 0.6453125 0.7481481481481481 0.6875 0.7175925925925926 0.6921875 0.7175925925925926 0.696875 0.7231481481481481 0.7244791666666667 0.6814814814814815 0.715625 0.6537037037037037 0.7161458333333334 0.6407407407407407 0.7130208333333333 0.6407407407407407 0.7109375 0.6481481481481481 0.6770833333333334 0.6648148148148149 0.6760416666666667 0.6694444444444444 0.678125 0.6805555555555556 0.6583333333333333 0.7037037037037037 0.6385416666666667 0.7175925925925926 0.6098958333333333 0.7305555555555555 0.5953125 0.7435185185185185 0.5807291666666666 0.7509259259259259
0 0.43854166666666666 0.8611111111111112 0.4375 0.8648148148148148 0.4395833333333333 0.8666666666666667 0.4671875 0.8657407407407407 0.5255208333333333 0.8768518518518519 0.5395833333333333 0.8675925925925926 0.5427083333333333 0.8481481481481481 0.534375 0.8416666666666667 0.521875 0.8388888888888889 0.509375 0.8435185185185186 0.4708333333333333 0.8416666666666667 0.4588541666666667 0.8444444444444444
0 0.31302083333333336 0.8425925925925926 0.3140625 0.85 0.3375 0.8694444444444445 0.37395833333333334 0.8824074074074074 0.4010416666666667 0.9111111111111111 0.4088541666666667 0.9101851851851852 0.415625 0.8981481481481481 0.4171875 0.8898148148148148 0.41770833333333335 0.8759259259259259 0.4140625 0.8694444444444445 0.3963541666666667 0.8555555555555555 0.3796875 0.8555555555555555 0.3375 0.8407407407407408
0 0.3104166666666667 0.6129629629629629 0.3104166666666667 0.6222222222222222 0.31875 0.6388888888888888 0.3260416666666667 0.662962962962963 0.3619791666666667 0.7296296296296296 0.3723958333333333 0.7675925925925926 0.3796875 0.7851851851851852 0.3859375 0.7972222222222223 0.3921875 0.8027777777777778 0.4 0.7972222222222223 0.4041666666666667 0.7870370370370371 0.403125 0.7722222222222223 0.3921875 0.7333333333333333 0.38333333333333336 0.725925925925926 0.3614583333333333 0.6898148148148148 0.3453125 0.6555555555555556 0.3411458333333333 0.6388888888888888 0.32916666666666666 0.6324074074074074 0.3177083333333333 0.6129629629629629
0 0.31197916666666664 0.6138888888888889 0.31354166666666666 0.6296296296296297 0.321875 0.6453703703703704 0.3302083333333333 0.6527777777777778 0.3567708333333333 0.6611111111111111 0.36614583333333334 0.675 0.37864583333333335 0.6814814814814815 0.4083333333333333 0.687037037037037 0.4395833333333333 0.7064814814814815 0.44895833333333335 0.7074074074074074 0.4588541666666667 0.7018518518518518 0.46145833333333336 0.6805555555555556 0.4395833333333333 0.6564814814814814 0.43020833333333336 0.6537037037037037 0.42291666666666666 0.6601851851851852 0.4192708333333333 0.6574074074074074 0.4046875 0.6583333333333333 0.3536458333333333 0.6435185185185185 0.3307291666666667 0.6342592592592593 0.3177083333333333 0.6138888888888889
0 0.346875 0.4861111111111111 0.3458333333333333 0.5370370370370371 0.3541666666666667 0.5444444444444444 0.3614583333333333 0.5453703703703704 0.37447916666666664 0.5018518518518519 0.3734375 0.47685185185185186 0.37552083333333336 0.4444444444444444 0.38333333333333336 0.37962962962962965 0.3828125 0.34444444444444444 0.3765625 0.30277777777777776 0.3729166666666667 0.2962962962962963 0.36875 0.2953703703703704 0.365625 0.30462962962962964 0.36822916666666666 0.3388888888888889 0.35885416666666664 0.4444444444444444 0.3536458333333333 0.4722222222222222
0 0.5317708333333333 0.5074074074074074 0.5307291666666667 0.5138888888888888 0.5411458333333333 0.5324074074074074 0.5489583333333333 0.5703703703703704 0.5484375 0.5972222222222222 0.5442708333333334 0.637962962962963 0.5369791666666667 0.6685185185185185 0.5328125 0.674074074074074 0.5328125 0.7203703703703703 0.534375 0.7361111111111112 0.5390625 0.7518518518518519 0.55625 0.7546296296296297 0.5640625 0.7175925925925926 0.5661458333333333 0.6916666666666667 0.5614583333333333 0.6388888888888888 0.5604166666666667 0.5722222222222222 0.55625 0.5416666666666666 0.5526041666666667 0.5305555555555556 0.540625 0.5101851851851852 0.5328125 0.5046296296296297
0 0.44935885416666665 0.23039537037037036 0.4559375 0.25583703703703703 0.4494265625 0.2758962962962963 0.44421770833333335 0.3021277777777778 0.4411791666666666 0.3376166666666666 0.4220802083333333 0.3808212962962963 0.4094921875 0.41553888888888885 0.41079479166666666 0.43251203703703706 0.40645416666666667 0.4510277777777778 0.40905833333333336 0.4664583333333333 0.42511875 0.44022685185185184 0.45376718749999995 0.3723342592592592 0.45940989583333336 0.3198722222222222 0.4746020833333333 0.28052499999999997 0.4719979166666667 0.26741018518518517 0.4858880208333333 0.250437037037037 0.4672234375 0.261237962962963 0.46027812500000004 0.2527509259259259
0 0.4767109375 0.28249537037037037 0.48719010416666664 0.2681814814814815 0.4897947916666666 0.26509537037037034 0.48675625 0.24503611111111112 0.4945692708333333 0.21494722222222223 0.4897947916666666 0.25120833333333337 0.49673958333333335 0.2697240740740741 0.5002119791666667 0.2851546296296296 0.49500364583333334 0.3198722222222222 0.4746020833333333 0.34918888888888894 0.4581078125 0.3954796296296296 0.4359703125 0.43868425925925925 0.41730572916666664 0.4595148148148148 0.438575 0.40396666666666664 0.4572395833333333 0.352275 0.4607119791666667 0.3121574074074074
0 0.5730583333333333 0.3151361111111111 0.566409375 0.33198055555555556 0.5570869791666666 0.3622111111111111 0.5510546875000001 0.3924425925925926 0.5499578125000001 0.428037037037037 0.5442 0.46655648148148143 0.5403614583333333 0.4870361111111111 0.5307645833333333 0.5075148148148148 0.5241838541666667 0.5153166666666666 0.5274744791666667 0.5455472222222223 0.5373453125 0.5528611111111111 0.5277484375 0.5518861111111112 0.5214421875 0.5309194444444445 0.5189744791666667 0.5123907407407406 0.5104744791666667 0.5055648148148149 0.5088291666666667 0.5002009259259259 0.5099260416666667 0.48508518518518523 0.5145875 0.4714324074074074 0.521990625 0.45387962962962963 0.5302161458333333 0.44120185185185185 0.5351515625 0.430475 0.5378937500000001 0.4114583333333333 0.5425546874999999 0.3900046296296296 0.5455708333333333 0.3705 0.5485869791666667 0.34465833333333334 0.5568130208333333 0.32466666666666666 0.5680546875 0.3076009259259259 0.5727156250000001 0.301262037037037 0.5746354166666666 0.307112962962963 0.5732640625 0.3168648148148148
0 0.46578125 0.5899361111111111 0.4589953125 0.6187453703703704 0.44830156250000003 0.6416620370370371 0.4387052083333333 0.6538518518518518 0.4282859375 0.653363888888889 0.4206083333333333 0.64215 0.40744739583333334 0.641174074074074 0.4016895833333333 0.6211833333333334 0.41402812499999997 0.6089935185185185 0.4093666666666667 0.6250833333333333 0.4099151041666667 0.6328851851851851 0.41430208333333335 0.6343481481481481 0.42088281250000004 0.6333731481481482 0.4238989583333333 0.6221583333333334 0.43185052083333336 0.6002166666666667 0.4411729166666667 0.5826629629629629 0.44967291666666664 0.5724231481481481 0.46009218749999997 0.5519444444444445 0.4688661458333333 0.5319527777777778 0.47654322916666664 0.5124490740740741 0.49244635416666666 0.48124351851851854 0.4984786458333333 0.47685462962962966 0.5064302083333333 0.47052222222222223 0.5119140625 0.4597944444444444 0.5184947916666667 0.45248055555555555 0.5179463541666667 0.4617453703703704 0.5127364583333333 0.4744222222222222 0.5088979166666666 0.49392685185185187 0.5078010416666666 0.5046537037037037 0.5042364583333333 0.5144055555555556 0.49491406250000003 0.5319592592592592 0.481753125 0.55 0.471059375 0.5729166666666666
0 0.5294697916666666 0.2452740740740741 0.5348786458333333 0.26833055555555557 0.52939375 0.2835037037037037 0.5202515625 0.301387037037037 0.5120239583333334 0.31710185185185186 0.5022723958333334 0.33986203703703705 0.4903880208333333 0.3555768518518519 0.476675 0.39513611111111113 0.4693614583333333 0.40543240740740744 0.4672286458333333 0.42277314814814815 0.4629625 0.42981851851851854 0.45900104166666666 0.42819259259259257 0.45564895833333335 0.418437962962963 0.4574770833333333 0.40272314814814814 0.4620479166666666 0.3853824074074074 0.4696666666666667 0.36695740740740745 0.47911302083333335 0.3447388888888889 0.49374010416666664 0.3252305555555556 0.49800625000000004 0.31601851851851853 0.5001395833333333 0.30030277777777775 0.5031869791666667 0.27754259259259256 0.507453125 0.26507870370370373 0.5150713541666667 0.2509898148148148 0.519946875 0.24448703703703703 0.5077578125 0.2369 0.496178125 0.2309388888888889 0.5056244791666666 0.23039722222222223 0.5162901041666667 0.23310648148148147 0.5229942708333334 0.23960925925925927 0.5272604166666667 0.2412351851851852
