0 0.746875 0.6805555555555556 0.746875 0.6657407407407407 0.7427083333333333 0.6564814814814814 0.7364583333333333 0.6518518518518519 0.728125 0.6537037037037037 0.7088541666666667 0.6638888888888889 0.6953125 0.6759259259259259 0.6484375 0.6972222222222222 0.6260416666666667 0.7203703703703703 0.6265625 0.7277777777777777 0.6567708333333333 0.7240740740740741 0.7052083333333333 0.700925925925926 0.7291666666666666 0.6981481481481482 0.7416666666666667 0.6888888888888889 0.746875 0.6805555555555556
0 0.6223958333333334 0.7944444444444444 0.6255208333333333 0.7712962962962963 0.6229166666666667 0.7546296296296297 0.6229166666666667 0.7277777777777777 0.6244791666666667 0.7240740740740741 0.6244791666666667 0.6277777777777778 0.6229166666666667 0.6231481481481481 0.61875 0.6231481481481481 0.615625 0.6324074074074074 0.6098958333333333 0.6657407407407407 0.6083333333333333 0.6888888888888889 0.609375 0.7416666666666667 0.6046875 0.7657407407407407 0.6052083333333333 0.7870370370370371 0.6078125 0.8027777777777778 0.61875 0.8037037037037037 0.6223958333333334 0.7944444444444444
0 0.6109375 0.8694444444444445 0.6135416666666667 0.8629629629629629 0.6239583333333333 0.8555555555555555 0.6276041666666666 0.8425925925925926 0.6223958333333334 0.8407407407407408 0.615625 0.8453703703703703 0.6020833333333333 0.8453703703703703 0.5723958333333333 0.8555555555555555 0.5427083333333333 0.8527777777777777 0.5161458333333333 0.8657407407407407 0.5145833333333333 0.8722222222222222 0.5166666666666667 0.8916666666666667 0.5276041666666667 0.8972222222222223 0.5463541666666667 0.8972222222222223 0.5630208333333333 0.8861111111111111 0.6109375 0.8694444444444445
0 0.2765625 0.3648148148148148 0.30572916666666666 0.3037037037037037 0.31302083333333336 0.29444444444444445 0.31875 0.26944444444444443 0.32135416666666666 0.24537037037037038 0.3203125 0.23981481481481481 0.3151041666666667 0.23333333333333334 0.30520833333333336 0.22962962962962963 0.2921875 0.2574074074074074 0.28802083333333334 0.27037037037037037 0.2869791666666667 0.287962962962963 0.2828125 0.30648148148148147 0.2526041666666667 0.38055555555555554 0.24739583333333334 0.4 0.24635416666666668 0.4148148148148148 0.24114583333333334 0.43148148148148147 0.24114583333333334 0.44166666666666665 0.24375 0.45092592592592595 0.24635416666666668 0.45 0.25416666666666665 0.42777777777777776 0.2635416666666667 0.41388888888888886 0.2765625 0.3648148148148148
0 0.4171875 0.7046296296296296 0.41354166666666664 0.6481481481481481 0.4109375 0.6342592592592593 0.4114583333333333 0.6 0.40520833333333334 0.5638888888888889 0.390625 0.5740740740740741 0.38958333333333334 0.6055555555555555 0.39791666666666664 0.6472222222222223 0.40208333333333335 0.7509259259259259 0.4046875 0.7537037037037037 0.409375 0.7453703703703703 0.4171875 0.7046296296296296
0 0.4739583333333333 0.6481481481481481 0.4765625 0.6435185185185185 0.47604166666666664 0.5824074074074074 0.46770833333333334 0.5037037037037037 0.46822916666666664 0.4324074074074074 0.4588541666666667 0.38981481481481484 0.44114583333333335 0.39537037037037037 0.440625 0.4398148148148148 0.44895833333333335 0.4861111111111111 0.4557291666666667 0.5833333333333334 0.465625 0.6416666666666667 0.4703125 0.649074074074074 0.4739583333333333 0.6481481481481481
0 0.784375 0.4981481481481482 0.7854166666666667 0.4861111111111111 0.7791666666666667 0.48518518518518516 0.7697916666666667 0.4962962962962963 0.7604166666666666 0.5009259259259259 0.7505208333333333 0.5111111111111111 0.7208333333333333 0.5638888888888889 0.6973958333333333 0.5898148148148148 0.6854166666666667 0.6194444444444445 0.6822916666666666 0.6342592592592593 0.6885416666666667 0.6425925925925926 0.6932291666666667 0.6462962962962963 0.7026041666666667 0.6398148148148148 0.7723958333333333 0.5148148148148148 0.784375 0.4981481481481482
0 0.7911458333333333 0.11296296296296296 0.8 0.1037037037037037 0.8 0.0824074074074074 0.7984375 0.075 0.7697916666666667 0.06481481481481481 0.7609375 0.0712962962962963 0.7197916666666667 0.06944444444444445 0.703125 0.07592592592592592 0.68125 0.09907407407407408 0.6807291666666667 0.10648148148148148 0.6848958333333334 0.10925925925925926 0.696875 0.10277777777777777 0.7463541666666667 0.09907407407407408 0.765625 0.11203703703703703 0.7911458333333333 0.11296296296296296
0 0.7989583333333333 0.3314814814814815 0.8026041666666667 0.337037037037037 0.80625 0.337037037037037 0.8088541666666667 0.3296296296296296 0.8067708333333333 0.30277777777777776 0.8098958333333334 0.28703703703703703 0.8130208333333333 0.1425925925925926 0.8078125 0.11203703703703703 0.7984375 0.10555555555555556 0.790625 0.11574074074074074 0.7895833333333333 0.1537037037037037 0.7916666666666666 0.1638888888888889 0.79375 0.21574074074074073 0.7916666666666666 0.22962962962962963 0.7911458333333333 0.2796296296296296 0.7989583333333333 0.3314814814814815
0 0.3717760416666666 0.3589685185185185 0.3672619791666667 0.3695648148148148 0.362928125 0.37181296296296296 0.3557057291666667 0.3824092592592593 0.3472192708333333 0.4029583333333333 0.33746927083333333 0.42318796296296296 0.3271770833333333 0.4350685185185185 0.3232046875 0.4447009259259259 0.3134546875 0.4565814814814815 0.3067739583333333 0.45915 0.3018984375 0.4626824074074074 0.2950375 0.4761685185185185 0.28853697916666665 0.4880481481481481 0.28510625 0.4996083333333333 0.2849260416666667 0.5073138888888888 0.2874536458333333 0.515662962962963 0.292509375 0.526900925925926 0.29612083333333333 0.5294694444444444 0.30027343749999996 0.5285064814814815 0.3080375 0.5204787037037036 0.3150796875 0.5092407407407408 0.32121875 0.49382870370370374 0.330246875 0.4752046296296296 0.34415 0.4597925925925926 0.3560671875 0.4366740740740741 0.3593171875 0.4289675925925926 0.3676229166666667 0.4158027777777778 0.3784567708333333 0.3901324074074074 0.37629010416666664 0.37921481481481484 0.38211302083333337 0.3608018518518519 0.38369270833333335 0.3580055555555556 0.3833317708333333 0.3493361111111111 0.38152604166666665 0.3416296296296296 0.3753869791666667 0.346125 0.3717760416666666 0.3589685185185185
0 0.34973593750000004 0.5618861111111111 0.33951718750000004 0.5479666666666666 0.3247317708333333 0.5410064814814816 0.312990625 0.5406203703703704 0.3019015625 0.5367537037037037 0.29516145833333335 0.5305666666666666 0.2895078125 0.5228342592592592 0.28494218750000005 0.5131675925925926 0.279984375 0.5039027777777778 0.27431041666666667 0.49781018518518516 0.26885052083333333 0.4934314814814814 0.26553177083333335 0.48886203703703707 0.26135625 0.4772490740740741 0.25664583333333335 0.4705851851851852 0.2516140625 0.47134722222222225 0.24883020833333333 0.47477407407407407 0.24872343749999998 0.48410277777777777 0.2514 0.49019444444444443 0.2562171875 0.5014277777777778 0.25942916666666666 0.5084712962962963 0.261784375 0.5172296296296296 0.26670937499999997 0.5256064814814815 0.27216927083333337 0.5347444444444445 0.27966302083333333 0.5435018518518518 0.2891916666666667 0.5541638888888889 0.2963375 0.5556768518518518 0.30661510416666665 0.5659574074074074 0.3145375 0.5764287037037037 0.32063958333333337 0.5830916666666667 0.3258854166666667 0.5912787037037037 0.33284427083333334 0.599275 0.3387328125 0.6025111111111111 0.348046875 0.6063185185185185 0.353828125 0.6072703703703703 0.355540625 0.6065092592592592 0.364828125 0.6217314814814815 0.3713588541666667 0.6316314814814815 0.37564114583333336 0.6390564814814815 0.3716796875 0.625587037037037 0.3644 0.6118787037037037 0.35861875 0.6057870370370371 0.3563703125 0.5996944444444444 0.35894010416666666 0.5930314814814815 0.3588328125 0.5873194444444444 0.3588328125 0.5840833333333333 0.3617489583333333 0.5832925925925926 0.3734359375 0.5730990740740741 0.38865625000000004 0.5560861111111111 0.3769151041666667 0.5649796296296297 0.36299947916666664 0.5758055555555556 0.35778125000000005 0.5765796296296296 0.34973593750000004 0.5618861111111111
0 0.45354479166666667 0.06500833333333333 0.463528125 0.0842962962962963 0.45788541666666666 0.09586851851851852 0.45614895833333335 0.1267287037037037 0.4492041666666667 0.15141666666666667 0.45571510416666666 0.14910277777777778 0.4570171875 0.17687685185185184 0.4513744791666667 0.2277962962962963 0.4409567708333333 0.2756296296296296 0.44182499999999997 0.29105925925925924 0.43835260416666666 0.33889259259259263 0.45484687500000004 0.3095759259259259 0.4687369791666667 0.27022870370370367 0.47655 0.21930925925925926 0.4830614583333333 0.13984444444444447 0.4826270833333333 0.10898425925925927 0.4804567708333333 0.0850675925925926 0.49521510416666664 0.07195185185185185 0.5190885416666666 0.06269351851851852 0.4999895833333333 0.06037962962962962 0.4869677083333333 0.06886574074074074 0.47828645833333333 0.07889537037037037 0.4656984375 0.07658055555555555 0.45918749999999997 0.05806481481481481 0.44833593749999995 0.04263425925925926 0.44182499999999997 0.03723425925925926 0.432709375 0.04032037037037037 0.43618229166666667 0.061922222222222226 0.4409567708333333 0.05729351851851852 0.45354479166666667 0.06500833333333333
0 0.4136109375 0.3851833333333333 0.41187447916666664 0.3982990740740741 0.4175171875 0.4029277777777778 0.42923697916666664 0.38826944444444444 0.4305390625 0.3867259259259259 0.4357479166666666 0.38981203703703704 0.4448635416666667 0.36898148148148147 0.46005572916666665 0.3365777777777778 0.47524791666666666 0.3072611111111111 0.4878359375 0.29414537037037036 0.49564895833333333 0.2694574074074074 0.5012921875 0.28411574074074075 0.5060666666666667 0.32577685185185185 0.50736875 0.2872018518518519 0.5060666666666667 0.2694574074074074 0.4969515625 0.257112962962963 0.49347864583333334 0.24554074074074075 0.4908744791666667 0.21390925925925924 0.48175885416666664 0.17919074074074076 0.4860994791666667 0.21390925925925924 0.48957239583333334 0.24862685185185185 0.48175885416666664 0.24708333333333335 0.4705239583333333 0.25702407407407407 0.45918749999999997 0.2987740740740741 0.43878645833333335 0.3319490740740741 0.4248963541666667 0.35509444444444443 0.4266328125 0.3712962962962963 0.4136109375 0.3851833333333333
0 0.3932291666666667 0.22777777777777777 0.4203125 0.2324074074074074 0.42604166666666665 0.225 0.42604166666666665 0.21666666666666667 0.4234375 0.21296296296296297 0.40989583333333335 0.2074074074074074 0.3984375 0.1925925925925926 0.35885416666666664 0.15833333333333333 0.34270833333333334 0.13796296296296295 0.3359375 0.12314814814814815 0.3151041666666667 0.11296296296296296 0.31197916666666664 0.09907407407407408 0.3145833333333333 0.07777777777777778 0.3104166666666667 0.08703703703703704 0.3072916666666667 0.10648148148148148 0.2947916666666667 0.1398148148148148 0.2859375 0.15 0.28541666666666665 0.1537037037037037 0.2869791666666667 0.1537037037037037 0.29739583333333336 0.14537037037037037 0.36302083333333335 0.19722222222222222 0.3729166666666667 0.2101851851851852 0.3932291666666667 0.22777777777777777
0 0.3020833333333333 0.8648148148148148 0.31302083333333336 0.8787037037037037 0.34427083333333336 0.9083333333333333 0.365625 0.9120370370370371 0.37916666666666665 0.9185185185185185 0.3854166666666667 0.9175925925925926 0.390625 0.9120370370370371 0.390625 0.9037037037037037 0.38645833333333335 0.8962962962962963 0.37083333333333335 0.8861111111111111 0.36354166666666665 0.875 0.3333333333333333 0.85 0.3182291666666667 0.8333333333333334 0.2989583333333333 0.7833333333333333 0.29375 0.762962962962963 0.27447916666666666 0.725 0.2713541666666667 0.6768518518518518 0.265625 0.7148148148148148 0.25364583333333335 0.725925925925926 0.23958333333333334 0.725925925925926 0.23489583333333333 0.7361111111111112 0.2359375 0.7481481481481481 0.24322916666666666 0.7583333333333333 0.24739583333333334 0.7620370370370371 0.253125 0.7601851851851852 0.2677083333333333 0.8074074074074075 0.3020833333333333 0.8648148148148148
0 0.5447916666666667 0.46296296296296297 0.5526041666666667 0.4638888888888889 0.565625 0.4740740740740741 0.5807291666666666 0.4935185185185185 0.5864583333333333 0.5111111111111111 0.5869791666666667 0.5277777777777778 0.5817708333333333 0.549074074074074 0.5682291666666667 0.5722222222222222 0.571875 0.5768518518518518 0.5760416666666667 0.575 0.5916666666666667 0.5527777777777778 0.5947916666666667 0.5444444444444444 0.5979166666666667 0.525 0.5958333333333333 0.49444444444444446 0.5848958333333333 0.4675925925925926 0.5666666666666667 0.44074074074074077 0.5614583333333333 0.425 0.5333333333333333 0.3972222222222222 0.5296875 0.3675925925925926 0.5255208333333333 0.3472222222222222 0.5244791666666667 0.3490740740740741 0.5265625 0.4074074074074074 0.5234375 0.41944444444444445 0.5072916666666667 0.4287037037037037 0.521875 0.42777777777777776 0.5270833333333333 0.4398148148148148 0.5447916666666667 0.46296296296296297
0 0.7489583333333333 0.3611111111111111 0.7552083333333334 0.38425925925925924 0.7619791666666667 0.3962962962962963 0.7890625 0.48333333333333334 0.80625 0.5222222222222223 0.8276041666666667 0.5462962962962963 0.8322916666666667 0.5453703703703704 0.8338541666666667 0.5407407407407407 0.8322916666666667 0.5333333333333333 0.8255208333333334 0.5296296296296297 0.821875 0.5111111111111111 0.8135416666666667 0.5027777777777778 0.8026041666666667 0.4759259259259259 0.79375 0.4388888888888889 0.7869791666666667 0.3962962962962963 0.784375 0.3537037037037037 0.7817708333333333 0.3416666666666667 0.76875 0.3138888888888889 0.76875 0.3055555555555556 0.7734375 0.2916666666666667 0.7880208333333333 0.2712962962962963 0.7869791666666667 0.26944444444444443 0.7828125 0.26944444444444443 0.7776041666666667 0.275 0.7630208333333334 0.30092592592592593 0.7526041666666666 0.31296296296296294 0.740625 0.31851851851851853 0.7208333333333333 0.3212962962962963 0.7067708333333333 0.3296296296296296 0.7036458333333333 0.3333333333333333 0.7270833333333333 0.325 0.7369791666666666 0.32407407407407407 0.7453125 0.3287037037037037 0.7473958333333334 0.33425925925925926 0.7489583333333333 0.3611111111111111
0 0.8135692708333334 0.26779166666666665 0.815546875 0.27364999999999995 0.8218088541666667 0.26134722222222223 0.8244458333333333 0.2754074074074074 0.8293895833333333 0.3226 0.8274119791666668 0.3448611111111111 0.8346630208333334 0.39465555555555554 0.8458692708333333 0.4175027777777778 0.8494947916666666 0.4479648148148148 0.8560869791666667 0.43449074074074073 0.8501541666666667 0.4005138888888889 0.8557572916666667 0.4039592592592593 0.8550979166666667 0.34479166666666666 0.8468583333333334 0.2662925925925926 0.8518020833333334 0.26219166666666666 0.8461989583333334 0.22469907407407408 0.8366406249999999 0.19482314814814813 0.8438916666666666 0.1708046296296296 0.8544385416666667 0.16728888888888888 0.8442213541666667 0.16377407407407407 0.8369703125 0.17549074074074075 0.8297192708333333 0.19189351851851852 0.820490625 0.19599444444444444 0.8129604166666666 0.1846138888888889 0.8138984375 0.18753425925925926 0.8188427083333334 0.20217962962962965 0.8171947916666666 0.22151203703703704 0.820490625 0.24318703703703703 0.8135692708333334 0.26779166666666665
0 0.8225645833333334 0.4725648148148148 0.8229859375 0.5077398148148149 0.8276177083333334 0.5668638888888888 0.8314072916666666 0.6162583333333334 0.8326703125 0.6244907407407407 0.8314072916666666 0.6409555555555555 0.8402494791666667 0.6514333333333333 0.84488125 0.6177555555555556 0.8490921875 0.6020388888888889 0.8469864583333333 0.5511472222222222 0.8423546875 0.49726296296296296 0.8453026041666667 0.4703203703703704 0.8440390625 0.4216740740740741 0.8326703125 0.3909898148148148 0.8229859375 0.3962277777777778 0.8019322916666667 0.3827564814814815 0.7918895833333334 0.3846611111111111 0.8149854166666667 0.397725 0.8213015625 0.4029638888888889 0.8183541666666667 0.4291583333333333 0.8183541666666667 0.44861666666666666 0.8116171875 0.46582962962962965 0.8225645833333334 0.4725648148148148
0 0.7473958333333334 0.6657407407407407 0.7473958333333334 0.6814814814814815 0.7515625 0.6981481481481482 0.7479166666666667 0.7101851851851851 0.7479166666666667 0.7324074074074074 0.7364583333333333 0.8166666666666667 0.7359375 0.8342592592592593 0.7385416666666667 0.8564814814814815 0.74375 0.875 0.7453125 0.8972222222222223 0.7505208333333333 0.9083333333333333 0.7567708333333333 0.9101851851851852 0.7609375 0.9009259259259259 0.7588541666666667 0.8685185185185185 0.7625 0.8472222222222222 0.7630208333333334 0.8101851851851852 0.7666666666666667 0.775 0.7770833333333333 0.7074074074074074 0.7822916666666667 0.6888888888888889 0.78125 0.637962962962963 0.778125 0.6296296296296297 0.778125 0.6212962962962963 0.7927083333333333 0.6074074074074074 0.8026041666666667 0.6046296296296296 0.8088541666666667 0.5953703703703703 0.7984375 0.5972222222222222 0.7765625 0.6111111111111112 0.7552083333333334 0.6092592592592593 0.7473958333333334 0.6 0.74375 0.6037037037037037 0.7359375 0.6027777777777777 0.7359375 0.6064814814814815 0.7515625 0.6175925925925926 0.7546875 0.6268518518518519 0.7473958333333334 0.6657407407407407
0 0.8182291666666667 0.8361111111111111 0.8302083333333333 0.7481481481481481 0.8385416666666666 0.7166666666666667 0.8401041666666667 0.6972222222222222 0.8385416666666666 0.6657407407407407 0.8432291666666667 0.6611111111111111 0.853125 0.675 0.8536458333333333 0.6703703703703704 0.853125 0.6620370370370371 0.846875 0.6537037037037037 0.825 0.6537037037037037 0.8166666666666667 0.6425925925925926 0.80625 0.6092592592592593 0.8046875 0.6101851851851852 0.80625 0.6268518518518519 0.8140625 0.6527777777777778 0.815625 0.6666666666666666 0.809375 0.7037037037037037 0.8104166666666667 0.7296296296296296 0.8078125 0.7712962962962963 0.8026041666666667 0.7962962962962963 0.7989583333333333 0.8018518518518518 0.7947916666666667 0.8361111111111111 0.7973958333333333 0.8944444444444445 0.7994791666666666 0.9 0.8052083333333333 0.9018518518518519 0.8083333333333333 0.8962962962962963 0.8109375 0.8629629629629629 0.8182291666666667 0.8361111111111111
