0 0.6296875 0.07962962962962963 0.6260416666666667 0.09814814814814815 0.6239583333333333 0.1388888888888889 0.6229166666666667 0.1425925925925926 0.6088541666666667 0.1537037037037037 0.6083333333333333 0.16203703703703703 0.6171875 0.17037037037037037 0.6234375 0.1935185185185185 0.628125 0.20092592592592592 0.6307291666666667 0.225 0.634375 0.22037037037037038 0.6421875 0.22037037037037038 0.6541666666666667 0.24351851851851852 0.6677083333333333 0.2759259259259259 0.6817708333333333 0.32222222222222224 0.6958333333333333 0.35 0.7005208333333334 0.36944444444444446 0.7041666666666667 0.375 0.7088541666666667 0.375 0.7109375 0.35833333333333334 0.7046875 0.32685185185185184 0.6567708333333333 0.18981481481481483 0.6630208333333333 0.17685185185185184 0.659375 0.17314814814814813 0.6546875 0.175 0.6432291666666666 0.15462962962962962 0.6317708333333333 0.14351851851851852 0.6302083333333334 0.09537037037037037 0.6317708333333333 0.08333333333333333 0.63125 0.0787037037037037
0 0.453125 0.08333333333333333 0.45416666666666666 0.09074074074074075 0.4583333333333333 0.09537037037037037 0.45729166666666665 0.11728425925925925 0.446875 0.15462962962962962 0.4608796875 0.1278712962962963 0.4713541666666667 0.12962962962962962 0.49166666666666664 0.13518518518518519 0.509375 0.13425925925925927 0.5213541666666667 0.1425925925925926 0.5296875 0.14351851851851852 0.5588541666666667 0.15833333333333333 0.5916666666666667 0.15833333333333333 0.6052083333333333 0.1537037037037037 0.6026041666666667 0.1425925925925926 0.5994791666666667 0.1388888888888889 0.5864583333333333 0.1361111111111111 0.5723958333333333 0.125 0.5411458333333333 0.11296296296296296 0.4942708333333333 0.08703703703703704 0.478125 0.08518518518518518 0.4635416666666667 0.09074074074074075 0.45677083333333335 0.08796296296296297 0.4546875 0.08148148148148149
0 0.4140625 0.14907407407407408 0.4125 0.15 0.43072916666666666 0.16944444444444445 0.4354166666666667 0.22037037037037038 0.44947916666666665 0.2712962962962963 0.45260416666666664 0.3101851851851852 0.4588541666666667 0.3509259259259259 0.4703125 0.3861111111111111 0.4734375 0.3907407407407407 0.4786458333333333 0.39166666666666666 0.48072916666666665 0.3888888888888889 0.48072916666666665 0.38055555555555554 0.475 0.3287037037037037 0.46927083333333336 0.30277777777777776 0.46927083333333336 0.2861111111111111 0.4661458333333333 0.2796296296296296 0.46041666666666664 0.23703703703703705 0.46041666666666664 0.20092592592592592 0.4557291666666667 0.1787037037037037 0.4479166666666667 0.15833333333333333 0.4644369791666667 0.1351 0.4479166666666667 0.14907407407407408 0.44479166666666664 0.15833333333333333 0.4359375 0.16203703703703703 0.42552083333333335 0.1574074074074074 0.4197916666666667 0.15
0 0.46770833333333334 0.2712962962962963 0.46875 0.287962962962963 0.4744791666666667 0.2916666666666667 0.48541666666666666 0.3138888888888889 0.5045140625 0.34321018518518515 0.5274479166666667 0.40169814814814814 0.5452333333333333 0.42338518518518514 0.5498067708333333 0.4315175925925926 0.5484375 0.45925925925925926 0.5526041666666667 0.44537037037037036 0.5552083333333333 0.41944444444444445 0.5588541666666667 0.41388888888888886 0.5723958333333333 0.4074074074074074 0.5598958333333334 0.39814814814814814 0.5479166666666667 0.3685185185185185 0.5333333333333333 0.3527777777777778 0.5041666666666667 0.29814814814814816 0.4744791666666667 0.26944444444444443
0 0.5604166666666667 0.3435185185185185 0.559375 0.35648148148148145 0.571875 0.387037037037037 0.5869791666666667 0.4064814814814815 0.6135416666666667 0.45925925925925926 0.634375 0.4861111111111111 0.6401041666666667 0.4861111111111111 0.6401041666666667 0.4740740740740741 0.6270833333333333 0.4388888888888889 0.609375 0.4046296296296296 0.59375 0.38425925925925924 0.5916666666666667 0.36666666666666664 0.5776041666666667 0.34444444444444444 0.571875 0.3398148148148148 0.5675921875000001 0.3325564814814815 0.5635416666666667 0.3398148148148148
0 0.46408177083333335 0.13821296296296298 0.46342031250000004 0.17080833333333334 0.458846875 0.17894074074074073 0.4568145833333333 0.19520648148148148 0.4674859375 0.2223148148148148 0.48476302083333334 0.23406203703703704 0.5025484375 0.25936296296296296 0.5193177083333333 0.2855675925925926 0.5376109375 0.29550740740740744 0.5081380208333334 0.23496574074074075 0.49695885416666663 0.2105675925925926 0.4878119791666667 0.18345925925925927 0.4700265625 0.17080833333333334 0.4674859375 0.16267592592592592
0 0.5201619791666666 0.14543796296296296 0.5177932291666667 0.17442314814814816 0.5167765625 0.19701296296296297 0.5086463541666667 0.2051462962962963 0.49543437500000004 0.2042425925925926 0.5066135416666666 0.2159888888888889 0.5116953125 0.24219444444444443 0.5254151041666667 0.27111018518518515 0.5477739583333334 0.2828574074074074 0.5792796875 0.32080925925925924 0.61129375 0.36689351851851854 0.6199322916666666 0.3822546296296296 0.6239973958333334 0.39219444444444446 0.6300953125 0.40574907407407407 0.6417828125 0.4003277777777778 0.6407666666666666 0.37773703703703704 0.6295869791666667 0.3569537037037037 0.6275546875 0.3397851851851852 0.6031630208333334 0.3045435185185185 0.5792796875 0.28104999999999997 0.5548885416666667 0.24851944444444446 0.5467578125 0.22683240740740743 0.5330375 0.2051462962962963 0.5218583333333333 0.1961101851851852 0.5208421875 0.16086851851851852
0 0.5347916666666667 0.283425 0.5589536458333334 0.31809814814814813 0.5782635416666667 0.3415925925925926 0.5899510416666666 0.37502592592592593 0.6011302083333334 0.4003277777777778 0.6153588541666667 0.4048453703703704 0.6239973958333334 0.39219444444444446 0.6138343749999999 0.3632787037037037 0.5894427083333333 0.334362962962963 0.5640348958333333 0.29912222222222223 0.5416765625 0.27833888888888886
0 0.5552083333333333 0.6064814814814815 0.5541666666666667 0.6203703703703703 0.5583333333333333 0.6537037037037037 0.5640625 0.6638888888888889 0.575 0.662962962962963 0.578125 0.6564814814814814 0.5791666666666667 0.6388888888888888 0.5791666666666667 0.6046296296296296 0.5755208333333334 0.5972222222222222 0.578125 0.5833333333333334 0.5864583333333333 0.5703703703703704 0.59375 0.5657407407407408 0.625 0.5537037037037037 0.6385416666666667 0.5527777777777778 0.6390625 0.5481481481481482 0.6177083333333333 0.5425925925925926 0.59375 0.5472222222222223 0.5776041666666667 0.5555555555555556 0.5619791666666667 0.5787037037037037
0 0.6791666666666667 0.9148148148148149 0.68125 0.9296296296296296 0.684375 0.9231481481481482 0.696875 0.912962962962963 0.7088541666666667 0.9111111111111111 0.7666666666666667 0.8861111111111111 0.778125 0.8768518518518519 0.7864583333333334 0.8638888888888889 0.7953125 0.8731481481481481 0.7953125 0.8685185185185185 0.7890625 0.8592592592592593 0.7859375 0.8453703703703703 0.7885416666666667 0.8231481481481482 0.7911458333333333 0.8185185185185185 0.790625 0.8027777777777778 0.7890625 0.8138888888888889 0.7807291666666667 0.8342592592592593 0.7520833333333333 0.8527777777777777 0.7488302083333332 0.853925 0.7442177083333333 0.8573027777777777 0.7354166666666667 0.8666666666666667 0.7015625 0.8833333333333333 0.68125 0.9055555555555556
0 0.23072916666666668 0.7055555555555556 0.23125 0.7203703703703703 0.2484375 0.7703703703703704 0.28246510416666665 0.8345675925925926 0.28854166666666664 0.8518518518518519 0.30833333333333335 0.8805555555555555 0.30885416666666665 0.8907407407407407 0.30104166666666665 0.9 0.3104166666666667 0.9 0.3229166666666667 0.8842592592592593 0.33177083333333335 0.8648148148148148 0.33229166666666665 0.8527777777777777 0.3255208333333333 0.8453703703703703 0.3109375 0.8138888888888889 0.2989583333333333 0.8111111111111111 0.290625 0.7953703703703704 0.2833333333333333 0.787962962962963 0.26197916666666665 0.7361111111111112 0.2546875 0.7240740740740741 0.2359375 0.7037037037037037
0 0.313359375 0.4012759259259259 0.31463437499999997 0.4313092592592593 0.31302083333333336 0.4425925925925926 0.315625 0.45740740740740743 0.31979166666666664 0.46574074074074073 0.3307291666666667 0.475 0.3734375 0.4962962962962963 0.4078125 0.5203703703703704 0.4114583333333333 0.5185185185185185 0.4078125 0.5074074074074074 0.3885416666666667 0.4787037037037037 0.3776041666666667 0.46944444444444444 0.346875 0.4527777777777778 0.3338541666666667 0.43703703703703706 0.3194140625 0.4290425925925926
0 0.25408697916666667 0.4494425925925926 0.26396614583333333 0.4477425925925926 0.2700208333333334 0.4488759259259259 0.2741635416666667 0.4375425925925926 0.2834046875 0.43584259259259256 0.2967885416666666 0.4426425925925926 0.31081041666666664 0.47040925925925925 0.31845833333333334 0.48600277777777784 0.32260104166666664 0.5035694444444445 0.3318421875 0.5285027777777778 0.34299583333333333 0.5579694444444444 0.3442703125 0.5817694444444445 0.34586354166666666 0.6010361111111111 0.337578125 0.6169027777777778 0.3347104166666667 0.5965027777777777 0.32993020833333336 0.5891361111111112 0.3232380208333333 0.5636361111111111 0.31559010416666666 0.5381361111111111 0.3053927083333334 0.5132027777777778 0.2987005208333333 0.4984694444444444 0.29137135416666665 0.49393611111111113 0.28945937499999996 0.5109361111111111 0.2859541666666667 0.4922361111111111 0.27543802083333335 0.47296944444444444 0.2700208333333334 0.45426944444444445 0.2575927083333333 0.4520027777777778 0.24835104166666666 0.45540277777777777
0 0.24541302083333333 0.4124203703703704 0.25695520833333335 0.39844259259259257 0.2633286458333333 0.3859759259259259 0.264603125 0.37860925925925926 0.2703390625 0.3729425925925926 0.2725697916666666 0.3485759259259259 0.27766875 0.3321425925925926 0.28531666666666666 0.3310092592592593 0.27735 0.3389425925925926 0.2751192708333334 0.36500925925925926 0.27639375000000005 0.3740759259259259 0.28627291666666665 0.38087592592592595 0.2939208333333333 0.38994259259259256 0.2964703125 0.3995759259259259 0.30188750000000003 0.3990092592592593 0.31049166666666667 0.4092092592592593 0.30188750000000003 0.4086425925925926 0.3073046875 0.4301759259259259 0.313678125 0.4471759259259259 0.32897447916666667 0.48060925925925924 0.3433145833333333 0.513475925925926 0.35128125000000004 0.5270759259259259 0.35128125000000004 0.5480425925925926 0.35510520833333337 0.5650425925925926 0.3563796875 0.5826092592592592 0.35128125000000004 0.5916759259259259 0.3436328125 0.5826092592592592 0.34203958333333334 0.5576759259259259 0.32738072916666666 0.520275925925926 0.31782083333333333 0.48230925925925927 0.3031619791666667 0.4545425925925926 0.2926458333333333 0.4392425925925926 0.27862447916666666 0.43300925925925926 0.26683385416666666 0.41430925925925927 0.26300989583333334 0.3990092592592593
0 0.30004791666666664 0.6865694444444445 0.30952604166666664 0.6745185185185185 0.3145322916666667 0.6577027777777777 0.32843854166666664 0.637425 0.3442921875 0.6057722222222223 0.3573640625 0.5825268518518518 0.3623703125 0.5637324074074074 0.37433020833333336 0.5508731481481481 0.3874020833333333 0.5479064814814815 0.3896270833333333 0.5320796296296296 0.39157395833333336 0.5098231481481482 0.3896270833333333 0.5454333333333333 0.3943552083333334 0.5573027777777777 0.4013083333333333 0.5637324074074074 0.4088182291666667 0.5647222222222222 0.39379895833333334 0.5696675925925926 0.38768020833333333 0.5909342592592592 0.3726614583333333 0.6062666666666667 0.3598671875 0.6171472222222222 0.34623906249999997 0.6443490740740742 0.33261041666666663 0.6680888888888888 0.3256572916666666 0.6868824074074074 0.31647916666666664 0.6903444444444444 0.30563229166666667 0.7017203703703703 0.2992348958333333 0.6977629629629629
0 0.3278510416666667 0.6810333333333333 0.32510104166666665 0.6952907407407407 0.32426666666666665 0.6987527777777778 0.30896979166666666 0.7027092592592593 0.32343229166666665 0.7022148148148148 0.3289947916666666 0.7111166666666666 0.33400104166666666 0.7150740740740741 0.3415109375 0.7442537037037037 0.3456828125 0.7600805555555555 0.3387296875 0.7160629629629629 0.35319218750000003 0.6962796296296296 0.3562515625 0.6730342592592592 0.3693234375 0.6435981481481482 0.39046145833333334 0.6144185185185185 0.40631510416666666 0.5926564814814814 0.41799635416666664 0.5887 0.42856510416666665 0.5768305555555555 0.4291213541666667 0.5674333333333333 0.42355885416666667 0.5644657407407407 0.4143807291666667 0.573862962962963 0.39824895833333335 0.577325 0.38851458333333333 0.5877111111111111 0.3645953125 0.6139240740740741 0.3451265625 0.6475555555555556
0 0.361659375 0.6671935185185185 0.35958906249999995 0.6999972222222222 0.3584765625 0.7103833333333334 0.3565296875 0.7093944444444444 0.3607015625 0.7227481481481481 0.3620921875 0.7395638888888889 0.3676546875 0.7583574074074073 0.3701583333333333 0.7623148148148148 0.3629265625 0.7830870370370371 0.3570859375 0.7909999999999999 0.36598593749999997 0.7791305555555555 0.37182708333333336 0.7633037037037037 0.38211770833333336 0.7598416666666666 0.39379895833333334 0.7692388888888889 0.3996395833333333 0.7746787037037037 0.38656770833333337 0.7573685185185185 0.3857333333333333 0.738575 0.38267395833333334 0.6957851851851852 0.37850208333333335 0.6745185185185185 0.3812833333333333 0.6542407407407408 0.38267395833333334 0.6309953703703703 0.38628958333333335 0.6196203703703704 0.37154895833333335 0.6384138888888888 0.3634828125 0.6552296296296296
0 0.38635989583333336 0.7356759259259259 0.3988859375 0.7656731481481481 0.40624479166666666 0.7924138888888889 0.41232395833333335 0.8282574074074074 0.4209625 0.8720666666666667 0.42928125 0.8925481481481482 0.4353604166666667 0.9005138888888888 0.4324807291666667 0.9164444444444444 0.41648333333333337 0.9283925925925925 0.4353604166666667 0.9232712962962963 0.4401598958333333 0.9079101851851852 0.45391770833333334 0.894824074074074 0.4558375 0.8629629629629629 0.4481583333333334 0.8316712962962963 0.4497583333333333 0.806637962962963 0.44303906249999997 0.8146027777777778 0.4244822916666667 0.7781907407407408 0.40784479166666665 0.7463296296296296 0.3969666666666667 0.7133305555555556 0.38896770833333333 0.6735046296296296 0.38288854166666664 0.6615564814814815 0.3793692708333333 0.6700907407407407 0.38192864583333336 0.6974
0 0.3569348958333334 0.8157333333333333 0.36753125 0.8188796296296296 0.37904947916666665 0.8279833333333333 0.3883276041666667 0.8501722222222222 0.3937671875 0.8729296296296296 0.403365625 0.8882916666666667 0.41456354166666665 0.8985324074074074 0.42960156250000003 0.8979638888888889 0.42512187500000004 0.8820333333333333 0.416803125 0.8587064814814815 0.41104427083333334 0.8387925925925925 0.3982463541666667 0.824 0.38384843750000003 0.7978287037037036 0.37105052083333334 0.7938462962962963 0.35953229166666667 0.7995361111111111 0.3483338541666667 0.8120527777777778
0 0.4122541666666667 0.6590157407407408 0.41051458333333335 0.6615944444444445 0.4583333333333333 0.7666666666666667 0.46145833333333336 0.7805555555555556 0.46041666666666664 0.7916666666666666 0.4666666666666667 0.8166666666666667 0.475 0.8305555555555556 0.4822916666666667 0.8305555555555556 0.4859375 0.8268518518518518 0.4890625 0.8185185185185185 0.4859375 0.7907407407407407 0.4703125 0.7472222222222222 0.46197916666666666 0.7333333333333333 0.44095989583333334 0.7059361111111111
0 0.41529375 0.6432046296296295 0.41399427083333334 0.6492194444444445 0.4148640625 0.6595314814814814 0.42298281249999997 0.675 0.4392197916666667 0.7038740740740741 0.46502604166666667 0.7384194444444445 0.47604427083333334 0.7440907407407408 0.48735208333333335 0.7549185185185185 0.48822187499999997 0.766262037037037 0.49373125 0.766262037037037 0.505909375 0.774511111111111 0.5151875 0.7781203703703704 0.5212765625 0.7714175925925926 0.5253359375 0.7533712962962963 0.5151875 0.7348101851851853 0.5038796875 0.7224351851851852 0.47894375 0.7126388888888888 0.4525578125 0.6925305555555555 0.4380604166666667 0.668812962962963 0.4299416666666667 0.6631407407407407 0.42269270833333333 0.6492194444444445
0 0.4268880208333333 0.6423805555555555 0.4325510416666667 0.6383916666666666 0.44269947916666663 0.6481888888888889 0.449078125 0.6569537037037037 0.45487760416666667 0.6590157407407408 0.470825 0.6796407407407407 0.4876421875 0.6966555555555556 0.5032994791666667 0.6961398148148148 0.514028125 0.6842805555555556 0.5151875 0.675 0.5227265625 0.6734527777777777 0.5351942708333334 0.6677814814814814 0.5494020833333334 0.6693277777777779 0.5560708333333333 0.6512824074074074 0.5520119791666667 0.6729370370370371 0.5560708333333333 0.6847962962962963 0.5572307291666667 0.6894370370370371 0.56245 0.6935620370370371 0.5575208333333334 0.6971703703703703 0.5485322916666667 0.7069675925925926 0.5322947916666666 0.7188259259259259 0.5206968750000001 0.7208888888888888 0.505909375 0.7208888888888888 0.48619218750000004 0.7136703703703704 0.4615463541666667 0.6982018518518518 0.4470489583333333 0.6827342592592592 0.4398 0.6703592592592593 0.43168124999999996 0.658500925925926
0 0.5252010416666667 0.7504138888888889 0.537375 0.7358527777777778 0.5531072916666666 0.7185583333333333 0.5688390625 0.6951611111111111 0.581996875 0.6809194444444445 0.5888614583333334 0.6748157407407408 0.5977286458333333 0.6595564814814815 0.6040213541666667 0.6590481481481482 0.6040213541666667 0.6697296296296297 0.5962984375 0.6834629629629629 0.5871453125 0.7012648148148148 0.57284375 0.7216101851851853 0.5591140625000001 0.7455166666666667 0.5462421875000001 0.7785777777777778 0.5319406250000001 0.7887509259259259 0.5236453125 0.7826472222222223 0.5216432291666666 0.7709481481481482
0 0.5293182291666667 0.8081601851851852 0.5242171875 0.8291962962962963 0.5144921875 0.8408953703703704 0.5084854166666667 0.8673444444444444 0.5081994791666667 0.8907416666666667 0.5084854166666667 0.8983712962962963 0.49418385416666666 0.9065101851851851 0.47473333333333334 0.9115962962962963 0.4858885416666666 0.9136305555555556 0.5039088541666666 0.9090527777777778 0.5104875 0.9049842592592593 0.5187828125 0.912613888888889 0.5250755208333333 0.9115962962962963 0.5345145833333333 0.9141398148148148 0.5422375 0.9131222222222223 0.5299380208333333 0.9065101851851851 0.5336567708333334 0.8887074074074074 0.5379473958333333 0.8658185185185184 0.5430958333333333 0.8495425925925926 0.5396635416666666 0.8464907407407408 0.5493885416666667 0.8195324074074074 0.5611161458333334 0.785962037037037 0.5679807291666666 0.7681601851851853 0.5754177083333333 0.7452712962962963 0.5788505208333333 0.7284861111111111 0.5768479166666667 0.718312962962963 0.5602578125 0.7452712962962963 0.5419515625 0.7824018518518518 0.5322265625 0.8007129629629629
0 0.4568057291666667 0.853299074074074 0.46529375 0.8419129629629629 0.4730166666666667 0.8337740740740741 0.487890625 0.8241101851851852 0.5027645833333333 0.8195324074074074 0.5213572916666667 0.792575 0.52393125 0.7839277777777778 0.5350869791666667 0.7879972222222222 0.52765 0.8144462962962963 0.5139203125 0.8388611111111112 0.4981880208333333 0.8561546296296296 0.4896067708333333 0.8688703703703704 0.4930395833333333 0.8775175925925927 0.4856026041666667 0.8810777777777777 0.47015677083333335 0.8917592592592593 0.45871510416666667 0.8988805555555556 0.4547104166666667 0.9187166666666667 0.45614062499999997 0.9268555555555555 0.45957343749999996 0.9293981481481481 0.4527083333333334 0.9273638888888889 0.4527083333333334 0.9151564814814815 0.4552828125 0.8993888888888889 0.4527083333333334 0.8887074074074074 0.4552828125 0.869887962962963
0 0.57189375 0.8796212962962963 0.5832083333333333 0.8842425925925925 0.5948177083333334 0.8789342592592593 0.6150510416666666 0.8824731481481481 0.6485515625 0.8753953703703704 0.6833791666666666 0.8712657407407407 0.6949885416666667 0.8712657407407407 0.6956520833333334 0.8812935185185186 0.7032807291666666 0.8724453703703704 0.7225187500000001 0.8653675925925925 0.729484375 0.8571101851851851 0.7328015625000001 0.8571101851851851 0.7328015625000001 0.8529814814814815 0.7367817708333334 0.8470833333333333 0.7464005208333333 0.8541611111111111 0.7517078125 0.8594694444444444 0.7507125 0.8523916666666667 0.7417572916666667 0.8435444444444444 0.7397666666666667 0.8382361111111111 0.7394354166666666 0.8223111111111111 0.7377765625 0.816412037037037 0.7546932291666667 0.7898703703703703 0.76464375 0.7739453703703704 0.771609375 0.7586092592592593 0.76 0.7768944444444444 0.7493859374999999 0.7934092592592592 0.7384401041666667 0.8081546296296297 0.7450739583333333 0.7886907407407406 0.7500494791666666 0.7715861111111111 0.7328015625000001 0.8122833333333332 0.7211921875 0.8111037037037037 0.7029489583333334 0.8128731481481482 0.69896875 0.816412037037037 0.6893499999999999 0.7987175925925926 0.6876911458333334 0.8022564814814815 0.6926666666666667 0.8181814814814814 0.6900130208333334 0.8282092592592593 0.6697802083333334 0.8358768518518518 0.644903125 0.8323379629629629 0.6153828125 0.8370564814814815 0.5974713541666666 0.8500324074074074 0.5934911458333333 0.8553407407407407 0.5921640625 0.8606490740740741 0.5822135416666666 0.8689064814814814 0.5749161458333333 0.8712657407407407
0 0.5615489583333333 0.8885814814814815 0.5467223958333334 0.9013472222222223 0.5414156250000001 0.905475925925926 0.5397567708333334 0.9172722222222223 0.5444005208333333 0.9184518518518519 0.5513661458333333 0.9208111111111111 0.5639703125000001 0.9107842592592593 0.5729260416666667 0.914912962962963 0.6041052083333334 0.9066555555555555 0.6339572916666667 0.8995777777777778 0.6399276041666667 0.901937037037037 0.6399276041666667 0.908425 0.6512052083333334 0.9078351851851851 0.6638093749999999 0.9090148148148148 0.6747552083333334 0.9042962962962963 0.6797307291666667 0.9007574074074074 0.6817208333333333 0.9219907407407407 0.6817208333333333 0.8983981481481481 0.6820526041666667 0.8789342592592593 0.6813890625 0.873625 0.6578390625 0.8718555555555556 0.6143875 0.8818833333333334 0.5918322916666666 0.8801138888888889 0.5775697916666667 0.8848324074074074 0.57193125 0.8789342592592593
