0 0.5973958333333333 0.2675925925925926 0.5963541666666666 0.2712962962962963 0.5979166666666667 0.27685185185185185 0.6072916666666667 0.28425925925925927 0.6104166666666667 0.2916666666666667 0.6416666666666667 0.32592592592592595 0.6536458333333334 0.3490740740740741 0.6682291666666667 0.3611111111111111 0.6770833333333334 0.3611111111111111 0.6791666666666667 0.3574074074074074 0.6802083333333333 0.34074074074074073 0.6692708333333334 0.32222222222222224 0.6541666666666667 0.3148148148148148 0.640625 0.3 0.6348958333333333 0.2898148148148148 0.6213541666666667 0.2777777777777778 0.6036458333333333 0.2657407407407407
0 0.6869791666666667 0.24166666666666667 0.6859375 0.26296296296296295 0.6916666666666667 0.29259259259259257 0.6947916666666667 0.33240740740740743 0.6927083333333334 0.35648148148148145 0.6942708333333333 0.375 0.6927083333333334 0.39814814814814814 0.6979166666666666 0.4027777777777778 0.7026041666666667 0.3907407407407407 0.7057291666666666 0.35185185185185186 0.7046875 0.2740740740740741 0.7067708333333333 0.25092592592592594 0.7046875 0.23055555555555557 0.7015625 0.22407407407407406 0.6911458333333333 0.22592592592592592
0 0.5895833333333333 0.12129629629629629 0.5875 0.13055555555555556 0.5911458333333334 0.13425925925925927 0.5947916666666667 0.13240740740740742 0.6265625 0.10555555555555556 0.6375 0.09166666666666666 0.6661458333333333 0.06851851851851852 0.6770833333333334 0.05 0.6734375 0.030555555555555555 0.6697916666666667 0.028703703703703703 0.6541666666666667 0.037037037037037035 0.6453125 0.049074074074074076 0.640625 0.062037037037037036
0 0.3963541666666667 0.037037037037037035 0.3963541666666667 0.040740740740740744 0.41510416666666666 0.04351851851851852 0.4390625 0.06759259259259259 0.44895833333333335 0.07314814814814814 0.4625 0.07314814814814814 0.46927083333333336 0.06111111111111111 0.46927083333333336 0.05185185185185185 0.4546875 0.03518518518518519 0.4375 0.037037037037037035 0.415625 0.02962962962962963 0.4046875 0.03148148148148148
0 0.44114583333333335 0.1398148148148148 0.4401041666666667 0.15925925925925927 0.44583333333333336 0.20555555555555555 0.4505208333333333 0.2796296296296296 0.45625 0.30648148148148147 0.45677083333333335 0.33055555555555555 0.4588541666666667 0.3351851851851852 0.4630208333333333 0.337037037037037 0.4666666666666667 0.3333333333333333 0.46770833333333334 0.3277777777777778 0.46510416666666665 0.2962962962962963 0.4640625 0.24537037037037038 0.46041666666666664 0.21296296296296297 0.46145833333333336 0.18703703703703703 0.46458333333333335 0.17037037037037037 0.46458333333333335 0.15185185185185185 0.4583333333333333 0.12407407407407407 0.4557291666666667 0.12222222222222222 0.4453125 0.12407407407407407
0 0.21510416666666668 0.5074074074074074 0.21510416666666668 0.5203703703703704 0.21979166666666666 0.5296296296296297 0.23489583333333333 0.5296296296296297 0.2635416666666667 0.5037037037037037 0.2838541666666667 0.49907407407407406 0.29791666666666666 0.4898148148148148 0.31197916666666664 0.49074074074074076 0.3151041666666667 0.487962962962963 0.3098958333333333 0.4759259259259259 0.2791666666666667 0.4777777777777778 0.22708333333333333 0.49907407407407406
0 0.26197916666666665 0.5824074074074074 0.26145833333333335 0.5925925925925926 0.26614583333333336 0.6 0.2713541666666667 0.600925925925926 0.2796875 0.5925925925925926 0.2890625 0.575925925925926 0.2911458333333333 0.5611111111111111 0.2989583333333333 0.5351851851851852 0.31927083333333334 0.5027777777777778 0.3333333333333333 0.49537037037037035 0.33489583333333334 0.49074074074074076 0.3338541666666667 0.4842592592592593 0.3140625 0.4861111111111111 0.3026041666666667 0.49537037037037035 0.2942708333333333 0.5101851851851852 0.2828125 0.5398148148148149 0.2635416666666667 0.5731481481481482
0 0.3453125 0.6898148148148148 0.35260416666666666 0.7203703703703703 0.353125 0.7444444444444445 0.35 0.7712962962962963 0.346875 0.7824074074074074 0.3375 0.7981481481481482 0.3234375 0.8027777777777778 0.3182291666666667 0.7972222222222223 0.3145833333333333 0.8092592592592592 0.3015625 0.825925925925926 0.29583333333333334 0.837037037037037 0.29583333333333334 0.8453703703703703 0.29739583333333336 0.8527777777777777 0.3026041666666667 0.862037037037037 0.3140625 0.8592592592592593 0.3265625 0.8472222222222222 0.3541666666666667 0.8 0.359375 0.7833333333333333 0.3625 0.7574074074074074 0.3609375 0.7194444444444444 0.3536458333333333 0.6981481481481482
0 0.5822916666666667 0.7046296296296296 0.5802083333333333 0.7888888888888889 0.5786458333333333 0.8111111111111111 0.575 0.8222222222222222 0.575 0.8416666666666667 0.5776041666666667 0.8638888888888889 0.5875 0.8694444444444445 0.5916666666666667 0.8574074074074074 0.5942708333333333 0.8333333333333334 0.5921875 0.8175925925925925 0.5932291666666667 0.7546296296296297 0.590625 0.7324074074074074 0.5901041666666667 0.7027777777777777 0.5880208333333333 0.6981481481481482 0.5854166666666667 0.6981481481481482
0 0.5984375 0.7620370370370371 0.5989583333333334 0.7712962962962963 0.6515625 0.8574074074074074 0.6614583333333334 0.8638888888888889 0.6666666666666666 0.8638888888888889 0.6713541666666667 0.8574074074074074 0.6723958333333333 0.8490740740740741 0.6703125 0.8416666666666667 0.6609375 0.8277777777777777 0.6385416666666667 0.8092592592592592 0.6036458333333333 0.7620370370370371
0 0.7895833333333333 0.6537037037037037 0.7895833333333333 0.6888888888888889 0.7947916666666667 0.6953703703703704 0.8041666666666667 0.6925925925925925 0.8125 0.6611111111111111 0.8161458333333333 0.5833333333333334 0.81875 0.5731481481481482 0.8161458333333333 0.5444444444444444 0.8177083333333334 0.5203703703703704 0.8145833333333333 0.5120370370370371 0.8109375 0.512962962962963 0.8072916666666666 0.525 0.7994791666666666 0.6074074074074074 0.7942708333333334 0.6388888888888888
0 0.5875 0.41944444444444445 0.5869791666666667 0.4287037037037037 0.5953125 0.44814814814814813 0.6229166666666667 0.47314814814814815 0.6598958333333333 0.5287037037037037 0.6619791666666667 0.5305555555555556 0.665625 0.5259259259259259 0.6640625 0.5175925925925926 0.6463541666666667 0.48333333333333334 0.61875 0.44074074074074077 0.6078125 0.41944444444444445 0.5989583333333334 0.41203703703703703 0.5916666666666667 0.41203703703703703
0 0.5619791666666667 0.37222222222222223 0.5625 0.42407407407407405 0.5651041666666666 0.43333333333333335 0.5713541666666667 0.44351851851851853 0.5765625 0.4425925925925926 0.5807291666666666 0.43796296296296294 0.5822916666666667 0.4305555555555556 0.5822916666666667 0.4148148148148148 0.5739583333333333 0.3824074074074074 0.5744791666666667 0.35648148148148145 0.5802083333333333 0.34444444444444444 0.5989583333333334 0.3212962962962963 0.6052083333333333 0.30648148148148147 0.6026041666666667 0.3055555555555556 0.5963541666666666 0.31666666666666665 0.571875 0.34074074074074073 0.5651041666666666 0.35555555555555557
0 0.37395833333333334 0.42314814814814816 0.37447916666666664 0.4537037037037037 0.3807291666666667 0.48703703703703705 0.3848958333333333 0.49722222222222223 0.3885416666666667 0.4981481481481482 0.390625 0.4888888888888889 0.3854166666666667 0.4666666666666667 0.38333333333333336 0.43148148148148147 0.3859375 0.41203703703703703 0.390625 0.3990740740740741 0.3958333333333333 0.38981481481481484 0.40572916666666664 0.38055555555555554 0.40572916666666664 0.37592592592592594 0.41041666666666665 0.37222222222222223 0.40989583333333335 0.35555555555555557 0.4036458333333333 0.3435185185185185 0.3963541666666667 0.34444444444444444 0.384375 0.3675925925925926
0 0.4042864583333333 0.3847462962962963 0.4106192708333333 0.36830555555555555 0.42133333333333334 0.3670351851851852 0.4320479166666667 0.37084537037037035 0.44133385416666665 0.3771953703703704 0.45347656249999996 0.38100462962962967 0.4634770833333333 0.388625 0.48061979166666663 0.401325 0.49419166666666664 0.4064046296296296 0.49776302083333335 0.4165648148148148 0.4727625 0.4064046296296296 0.45204791666666666 0.4025944444444445 0.43704791666666665 0.4038648148148148 0.4249046875 0.4051342592592593 0.4149046875 0.4025944444444445
0 0.4679182291666667 0.4041712962962963 0.4749057291666666 0.43053425925925926 0.4777625 0.45339351851851856 0.47847708333333333 0.4787935185185185 0.48061979166666663 0.499112962962963 0.48347708333333334 0.511812962962963 0.49276302083333334 0.5283231481481482 0.5041916666666667 0.5283231481481482 0.5041916666666667 0.5029231481481482 0.501334375 0.4826037037037037 0.491334375 0.45593425925925923 0.48704843750000004 0.4394240740740741 0.48133437500000004 0.42037407407407407 0.4799057291666667 0.407675
0 0.48013020833333336 0.39388796296296297 0.4891916666666667 0.39624444444444445 0.49990572916666665 0.39243518518518516 0.5120489583333333 0.38608518518518514 0.51990625 0.38608518518518514 0.5234776041666667 0.38608518518518514 0.5306203125000001 0.39370462962962965 0.53490625 0.4000546296296297 0.5384776041666667 0.4114842592592593 0.53490625 0.4229138888888889 0.5227635416666667 0.4241842592592593 0.5106203125 0.42164444444444443 0.5056203125000001 0.4114842592592593 0.49847708333333335 0.407675 0.4906197916666667 0.4064046296296296
0 0.3708640625 0.6189907407407408 0.37919010416666665 0.6415574074074074 0.38347604166666666 0.6593370370370369 0.3927614583333333 0.6771166666666666 0.39919010416666667 0.6860064814814815 0.4134760416666667 0.6923564814814814 0.4249046875 0.6974361111111111 0.43990520833333335 0.6809259259259259 0.43704791666666665 0.6644166666666668 0.4249046875 0.6593370370370369 0.40990468750000003 0.6682268518518518 0.39776197916666667 0.6682268518518518 0.3913328125 0.6567962962962963 0.38347604166666666 0.6313972222222222 0.37919010416666665 0.6199675925925926 0.37847552083333336 0.6186972222222222
0 0.32844270833333333 0.5310064814814814 0.3441895833333334 0.551387962962963 0.3499041666666667 0.5666277777777777 0.357046875 0.5844074074074074 0.36061822916666664 0.6009175925925926 0.3734755208333333 0.6174268518518519 0.38847604166666666 0.6148870370370371 0.40061874999999997 0.6136175925925926 0.40061874999999997 0.5945675925925926 0.38919010416666666 0.5831379629629629 0.37776145833333336 0.5882175925925925 0.367046875 0.5805981481481481 0.3549041666666667 0.5615481481481481 0.3456182291666667 0.5424981481481481 0.3384755208333334 0.5361481481481482
0 0.24617135416666666 0.09336851851851852 0.23490260416666667 0.10627777777777778 0.23561666666666667 0.12659722222222222 0.23275989583333334 0.1494564814814815 0.217759375 0.18882592592592592 0.20204479166666667 0.22184537037037036 0.2120453125 0.22184537037037036 0.22847395833333334 0.1900962962962963 0.24490260416666668 0.1494564814814815 0.25418854166666666 0.11008703703703704 0.25704583333333336 0.09484722222222222
0 0.2527598958333333 0.1177074074074074 0.2577598958333333 0.08468796296296295 0.2670458333333333 0.06690833333333333 0.2784744791666667 0.05801759259259259 0.284903125 0.06817777777777778 0.284903125 0.08595740740740741 0.2777604166666666 0.10754722222222222 0.2677598958333334 0.12278703703703706 0.2620458333333333 0.1431064814814815 0.2577598958333333 0.15834629629629632 0.24490260416666668 0.1773962962962963 0.23490260416666667 0.20914537037037037 0.22490260416666666 0.2154953703703704 0.22133072916666666 0.20152592592592591 0.23418802083333334 0.1812064814814815 0.24347395833333335 0.1519962962962963 0.24775989583333333 0.13294722222222222
0 0.3008046875 0.2042064814814815 0.308475 0.21168611111111113 0.30990364583333335 0.233275 0.30633177083333335 0.25359537037037033 0.29561770833333334 0.2662953703703704 0.284903125 0.2916944444444444 0.2763317708333333 0.31963425925925926 0.26918854166666667 0.3424935185185185 0.26347447916666666 0.3678935185185185 0.25704583333333336 0.3615435185185185 0.2556171875 0.3501138888888889 0.2670458333333333 0.3272537037037037 0.2720458333333333 0.30058425925925925 0.2827604166666667 0.2739148148148148 0.29061770833333334 0.252325 0.28918906250000004 0.233275 0.29133177083333334 0.21803611111111112
0 0.31108854166666666 0.2179185185185185 0.313475 0.19771574074074072 0.318475 0.18501574074074076 0.3277609375 0.18247592592592593 0.333475 0.2027962962962963 0.33204635416666667 0.2243851851851852 0.32204635416666666 0.2434351851851852 0.31204635416666665 0.27010462962962967 0.3056177083333333 0.2955046296296296 0.303475 0.31963425925925926 0.30276041666666664 0.34503425925925924 0.29561770833333334 0.3513833333333334 0.2941890625 0.3336037037037037 0.2991890625 0.2993148148148148 0.30204635416666664 0.26502499999999996 0.30704635416666665 0.24216574074074074
