0 0.4635416666666667 0.637962962962963 0.4666666666666667 0.6462962962962963 0.471875 0.6481481481481481 0.47604166666666664 0.6388888888888888 0.47604166666666664 0.5833333333333334 0.4666666666666667 0.4925925925925926 0.4661458333333333 0.462037037037037 0.46822916666666664 0.4527777777777778 0.46822916666666664 0.43425925925925923 0.45989583333333334 0.39814814814814814 0.4588541666666667 0.38333333333333336 0.440625 0.39537037037037037 0.440625 0.4546296296296296 0.44479166666666664 0.4638888888888889 0.44947916666666665 0.49166666666666664 0.4552083333333333 0.5842592592592593 0.46197916666666666 0.6185185185185185 0.4635416666666667 0.637962962962963
0 0.4197916666666667 0.6620370370370371 0.4192708333333333 0.6342592592592593 0.4109375 0.6203703703703703 0.4046875 0.6203703703703703 0.3984375 0.6287037037037037 0.3984375 0.6638888888888889 0.39479166666666665 0.6796296296296296 0.38333333333333336 0.6814814814814815 0.36666666666666664 0.6722222222222223 0.35833333333333334 0.674074074074074 0.35989583333333336 0.6814814814814815 0.3692708333333333 0.6916666666666667 0.3854166666666667 0.700925925925926 0.403125 0.6981481481481482 0.4119791666666667 0.687037037037037 0.4197916666666667 0.6620370370370371
0 0.31145833333333334 0.5694444444444444 0.32708333333333334 0.5916666666666667 0.35208333333333336 0.600925925925926 0.3541666666666667 0.600925925925926 0.3578125 0.5925925925925926 0.3614583333333333 0.5777777777777777 0.3380208333333333 0.5444444444444444 0.328125 0.5472222222222223 0.30520833333333336 0.5342592592592592 0.29739583333333336 0.5268518518518519 0.29270833333333335 0.512962962962963 0.27239583333333334 0.49722222222222223 0.2640625 0.487962962962963 0.25677083333333334 0.47314814814814815 0.2515625 0.47129629629629627 0.25 0.4740740740740741 0.2515625 0.487962962962963 0.2578125 0.5 0.2625 0.5166666666666667 0.2755208333333333 0.537962962962963 0.31145833333333334 0.5694444444444444
0 0.3875 0.825 0.39375 0.8194444444444444 0.39114583333333336 0.8101851851851852 0.3854166666666667 0.8046296296296296 0.3697916666666667 0.7981481481481482 0.3307291666666667 0.7925925925925926 0.31354166666666666 0.7777777777777778 0.309375 0.7694444444444445 0.29010416666666666 0.7638888888888888 0.2833333333333333 0.7583333333333333 0.275 0.7574074074074074 0.26979166666666665 0.7638888888888888 0.2677083333333333 0.7712962962962963 0.2677083333333333 0.7888888888888889 0.275 0.8064814814814815 0.2864583333333333 0.8212962962962963 0.303125 0.8314814814814815 0.36770833333333336 0.8296296296296296 0.3875 0.825
0 0.6223958333333334 0.850925925925926 0.6265625 0.8379629629629629 0.6213541666666667 0.8342592592592593 0.5723958333333333 0.8564814814814815 0.5421875 0.8527777777777777 0.5171875 0.8574074074074074 0.5151041666666667 0.8629629629629629 0.5145833333333333 0.8787037037037037 0.5171875 0.8898148148148148 0.53125 0.8962962962962963 0.5453125 0.8972222222222223 0.6088541666666667 0.8685185185185185 0.6223958333333334 0.850925925925926
0 0.6182291666666667 0.8037037037037037 0.6223958333333334 0.7935185185185185 0.6255208333333333 0.7731481481481481 0.6229166666666667 0.7518518518518519 0.6244791666666667 0.7240740740740741 0.6223958333333334 0.7074074074074074 0.6244791666666667 0.6333333333333333 0.6229166666666667 0.6231481481481481 0.61875 0.6231481481481481 0.6161458333333333 0.6305555555555555 0.6151041666666667 0.6462962962962963 0.6098958333333333 0.6666666666666666 0.6083333333333333 0.6888888888888889 0.609375 0.7444444444444445 0.6088541666666667 0.7546296296296297 0.6052083333333333 0.7666666666666667 0.6057291666666667 0.7916666666666666 0.6078125 0.8027777777777778 0.6182291666666667 0.8037037037037037
0 0.5828125 0.49537037037037035 0.5875 0.512962962962963 0.5875 0.5333333333333333 0.584375 0.5444444444444444 0.5760416666666667 0.562037037037037 0.5692708333333333 0.5703703703703704 0.5708333333333333 0.575 0.575 0.5740740740740741 0.5942708333333333 0.5444444444444444 0.596875 0.5277777777777778 0.5953125 0.49537037037037035 0.5901041666666667 0.4787037037037037 0.5677083333333334 0.44351851851851853 0.5598958333333334 0.42314814814814816 0.5328125 0.39814814814814814 0.5291666666666667 0.4009259259259259 0.5229166666666667 0.4222222222222222 0.5260416666666666 0.4351851851851852 0.5447916666666667 0.46296296296296297 0.5520833333333334 0.46296296296296297 0.5765625 0.48518518518518516 0.5828125 0.49537037037037035
0 0.746875 0.6666666666666666 0.7411458333333333 0.6555555555555556 0.728125 0.6555555555555556 0.7104166666666667 0.6648148148148149 0.6979166666666666 0.6768518518518518 0.6536458333333334 0.6944444444444444 0.6255208333333333 0.7203703703703703 0.6265625 0.7277777777777777 0.6546875 0.7240740740740741 0.7052083333333333 0.700925925925926 0.7286458333333333 0.6981481481481482 0.7463541666666667 0.6814814814814815 0.746875 0.6666666666666666
0 0.725 0.5925925925925926 0.7364583333333333 0.575925925925926 0.7515625 0.5416666666666666 0.7833333333333333 0.5 0.7854166666666667 0.48703703703703705 0.7791666666666667 0.48518518518518516 0.7692708333333333 0.49722222222222223 0.7515625 0.5101851851851852 0.71875 0.5666666666666667 0.7067708333333333 0.5833333333333334 0.6973958333333333 0.5898148148148148 0.6859375 0.6175925925925926 0.684375 0.6342592592592593 0.6885416666666667 0.6416666666666667 0.6932291666666667 0.6453703703703704 0.7020833333333333 0.6407407407407407 0.7140625 0.6222222222222222 0.725 0.5925925925925926
0 0.8182291666666667 0.8351851851851851 0.8276041666666667 0.7657407407407407 0.8375 0.7231481481481481 0.8395833333333333 0.6888888888888889 0.8364583333333333 0.6574074074074074 0.8208333333333333 0.6555555555555556 0.8177083333333334 0.6583333333333333 0.8109375 0.7 0.8088541666666667 0.7666666666666667 0.7984375 0.8101851851851852 0.7958333333333333 0.8379629629629629 0.7973958333333333 0.8888888888888888 0.7984375 0.8962962962962963 0.803125 0.9018518518518519 0.8083333333333333 0.8944444444444445 0.8083333333333333 0.8703703703703703 0.8182291666666667 0.8351851851851851
0 0.7364583333333333 0.8416666666666667 0.746875 0.9 0.7510416666666667 0.9074074074074074 0.7567708333333333 0.9092592592592592 0.759375 0.9064814814814814 0.7609375 0.8953703703703704 0.7583333333333333 0.8731481481481481 0.7619791666666667 0.8481481481481481 0.765625 0.7851851851851852 0.7817708333333333 0.6851851851851852 0.7817708333333333 0.6537037037037037 0.7770833333333333 0.6175925925925926 0.7651041666666667 0.6157407407407407 0.7557291666666667 0.6185185185185185 0.7546875 0.6351851851851852 0.746875 0.6648148148148149 0.7473958333333334 0.6796296296296296 0.753125 0.700925925925926 0.7505208333333333 0.7046296296296296 0.7510416666666667 0.7203703703703703 0.7401041666666667 0.7925925925925926 0.7364583333333333 0.8416666666666667
0 0.8145833333333333 0.5333333333333333 0.8223958333333333 0.5388888888888889 0.8244791666666667 0.5277777777777778 0.821875 0.512962962962963 0.8135416666666667 0.5074074074074074 0.8015625 0.475 0.796875 0.45555555555555555 0.7864583333333334 0.39166666666666666 0.7854166666666667 0.36203703703703705 0.7807291666666667 0.3416666666666667 0.7671875 0.3111111111111111 0.7635416666666667 0.30833333333333335 0.7479166666666667 0.32222222222222224 0.7489583333333333 0.3537037037037037 0.7536458333333333 0.3787037037037037 0.7609375 0.39537037037037037 0.7828125 0.4666666666666667 0.8057291666666667 0.5203703703703704 0.8145833333333333 0.5333333333333333
0 0.7895833333333333 0.11296296296296296 0.8 0.10462962962962963 0.8 0.08703703703703704 0.7979166666666667 0.07592592592592592 0.7869791666666667 0.07037037037037037 0.7692708333333333 0.06851851851851852 0.7536458333333333 0.07314814814814814 0.7229166666666667 0.06944444444444445 0.7 0.0787037037037037 0.68125 0.1 0.6807291666666667 0.10648148148148148 0.6848958333333334 0.10925925925925926 0.696875 0.10277777777777777 0.746875 0.09907407407407408 0.7630208333333334 0.1111111111111111 0.7895833333333333 0.11296296296296296
0 0.7994791666666666 0.3333333333333333 0.80625 0.33611111111111114 0.8088541666666667 0.3296296296296296 0.8067708333333333 0.3037037037037037 0.809375 0.29074074074074074 0.8130208333333333 0.14537037037037037 0.8109375 0.12314814814814815 0.8067708333333333 0.1111111111111111 0.8005208333333333 0.10740740740740741 0.7916666666666666 0.11296296296296296 0.7901041666666667 0.11481481481481481 0.7901041666666667 0.15555555555555556 0.79375 0.21666666666666667 0.7911458333333333 0.22962962962962963 0.7911458333333333 0.2796296296296296 0.7994791666666666 0.3333333333333333
0 0.8328125 0.6388888888888888 0.8338541666666667 0.6444444444444445 0.8375 0.6472222222222223 0.8421875 0.637962962962963 0.8473958333333333 0.5842592592592593 0.8479166666666667 0.5546296296296296 0.84375 0.48333333333333334 0.8473958333333333 0.45 0.8510416666666667 0.4351851851851852 0.8494791666666667 0.40555555555555556 0.8338541666666667 0.39351851851851855 0.8197916666666667 0.4 0.8182291666666667 0.44074074074074077 0.8208333333333333 0.46111111111111114 0.8213541666666667 0.4981481481481482 0.8296875 0.6 0.8333333333333334 0.6240740740740741 0.8328125 0.6388888888888888
0 0.8354166666666667 0.39537037037037037 0.8380208333333333 0.3990740740740741 0.8375 0.40370370370370373 0.8416666666666667 0.40370370370370373 0.84375 0.40925925925925927 0.8453125 0.45185185185185184 0.853125 0.43148148148148147 0.85 0.4111111111111111 0.8536458333333333 0.3972222222222222 0.853125 0.34814814814814815 0.846875 0.2777777777777778 0.8479166666666667 0.24722222222222223 0.8463541666666666 0.23148148148148148 0.84375 0.21574074074074073 0.8333333333333334 0.19166666666666668 0.8182291666666667 0.19722222222222222 0.81875 0.23703703703703705 0.821875 0.25555555555555554 0.8291666666666667 0.27314814814814814 0.8296875 0.29444444444444445 0.8328125 0.3037037037037037 0.8354166666666667 0.39537037037037037
0 0.3125453125 0.5092555555555556 0.3266453125 0.49672592592592596 0.3225635416666667 0.49144999999999994 0.3362921875 0.4670490740740741 0.35558645833333336 0.4386907407407407 0.37228333333333335 0.40835462962962965 0.3771067708333333 0.38922962962962965 0.3778489583333334 0.37472037037037037 0.38564062499999996 0.34966018518518516 0.3797041666666667 0.33449166666666663 0.37562239583333334 0.34438425925925925 0.36708854166666666 0.3701037037037037 0.35818333333333335 0.37669907407407405 0.35076250000000003 0.3978027777777778 0.3362921875 0.4248416666666667 0.3218213541666667 0.44792314814814815 0.3051244791666667 0.46507037037037036 0.3010432291666667 0.44990185185185183 0.29770364583333336 0.469687037037037 0.28991197916666667 0.480237962962963 0.28286197916666667 0.4993638888888889 0.2843463541666667 0.5020018518518519 0.2843463541666667 0.515850925925926 0.29213802083333335 0.5277212962962963 0.29993020833333334 0.5277212962962963 0.3125453125 0.5092555555555556
0 0.4364734375 0.37991851851851854 0.44500729166666664 0.37002685185185186 0.4605911458333333 0.3363925925925926 0.4754328125 0.3080351851851852 0.49027447916666667 0.28956944444444443 0.4958401041666667 0.2711037037037037 0.5028895833333333 0.2849527777777778 0.5058578125 0.32781944444444444 0.5077130208333334 0.2744009259259259 0.4984369791666667 0.25659537037037033 0.4939848958333333 0.252637962962963 0.4906453125 0.23878888888888888 0.4910161458333333 0.20845277777777776 0.4832244791666667 0.18141388888888887 0.48730572916666665 0.22493981481481481 0.48730572916666665 0.2467027777777778 0.4798848958333333 0.2467027777777778 0.4717223958333333 0.2612111111111111 0.4657854166666667 0.2592333333333333 0.4624463541666667 0.27901759259259257 0.4546541666666667 0.30341851851851853 0.4386994791666667 0.33309537037037035 0.4238578125 0.359475 0.42571302083333334 0.3733240740740741 0.4156947916666667 0.3878324074074074 0.4156947916666667 0.3917898148148148 0.4145817708333333 0.4016824074074074 0.4227447916666666 0.400362962962963 0.4305364583333333 0.38057870370370367 0.4364734375 0.37991851851851854
0 0.45688072916666667 0.15231851851851852 0.4583645833333333 0.1833148148148148 0.45650937500000005 0.21299166666666666 0.44983072916666667 0.25 0.44315208333333334 0.27901759259259257 0.44500729166666664 0.29286666666666666 0.44018385416666667 0.3284787037037037 0.4546541666666667 0.3014398148148148 0.46689895833333334 0.2684657407407407 0.4720932291666667 0.2447240740740741 0.4724645833333333 0.21306851851851852 0.4772880208333333 0.18763981481481481 0.4795140625 0.1520277777777778 0.49175833333333335 0.1493898148148148 0.48916145833333335 0.13620000000000002 0.4824822916666667 0.13554074074074074 0.4824822916666667 0.11443703703703703 0.4824822916666667 0.09729074074074073 0.48136927083333336 0.08937685185185185 0.4906453125 0.07420833333333333 0.49880833333333335 0.06563518518518519 0.5140208333333333 0.06497592592592594 0.5132786458333334 0.06035925925925926 0.5036317708333333 0.059039814814814816 0.48916145833333335 0.07091111111111112 0.4780302083333333 0.08278148148148148 0.46838281249999997 0.07750555555555556 0.4550255208333333 0.04980740740740741 0.44352291666666666 0.03991481481481481 0.4368442708333333 0.03925555555555556 0.437215625 0.053104629629629634 0.44618437499999997 0.05641111111111111 0.4572515625 0.06988333333333334 0.46207499999999996 0.08307222222222223 0.4572515625 0.09758148148148149 0.4553963541666667 0.12923703703703704 0.4476046875 0.15100000000000002 0.45688072916666667 0.15231851851851852
0 0.3546875 0.18611111111111112 0.3729166666666667 0.2101851851851852 0.3875 0.22407407407407406 0.39895833333333336 0.22962962962962963 0.41458333333333336 0.23148148148148148 0.425 0.22777777777777777 0.4265625 0.21944444444444444 0.4239583333333333 0.21388888888888888 0.4088541666666667 0.2064814814814815 0.39895833333333336 0.1935185185185185 0.3645833333333333 0.1648148148148148 0.3421875 0.13796296296296295 0.33489583333333334 0.125 0.31614583333333335 0.11388888888888889 0.31197916666666664 0.1 0.3151041666666667 0.08425925925925926 0.3151041666666667 0.0787037037037037 0.31302083333333336 0.07962962962962963 0.30833333333333335 0.10462962962962963 0.2942708333333333 0.14074074074074075 0.284375 0.1537037037037037 0.30416666666666664 0.1425925925925926 0.32864583333333336 0.1685185185185185 0.3546875 0.18611111111111112
0 0.2734375 0.37407407407407406 0.2786458333333333 0.3611111111111111 0.30416666666666664 0.30833333333333335 0.3145833333333333 0.29444444444444445 0.321875 0.24722222222222223 0.3255208333333333 0.24444444444444444 0.33697916666666666 0.25277777777777777 0.3416666666666667 0.2518518518518518 0.334375 0.24351851851851852 0.32708333333333334 0.24537037037037038 0.3109375 0.22962962962962963 0.2911458333333333 0.19074074074074074 0.2859375 0.18888888888888888 0.2828125 0.19444444444444445 0.2869791666666667 0.1935185185185185 0.296875 0.2037037037037037 0.2953125 0.21574074074074073 0.3020833333333333 0.22037037037037038 0.3020833333333333 0.2351851851851852 0.28958333333333336 0.2657407407407407 0.28489583333333335 0.2712962962962963 0.2875 0.2861111111111111 0.2859375 0.29444444444444445 0.2734375 0.3314814814814815 0.25052083333333336 0.38333333333333336 0.24479166666666666 0.41759259259259257 0.24010416666666667 0.43148148148148147 0.240625 0.44722222222222224 0.24375 0.45185185185185184 0.24791666666666667 0.45092592592592595 0.25625 0.42314814814814816 0.26510416666666664 0.4101851851851852 0.2734375 0.37407407407407406
