0 0.43854166666666666 0.05462962962962963 0.4390625 0.058333333333333334 0.4510416666666667 0.05462962962962963 0.45989583333333334 0.05740740740740741 0.4661458333333333 0.06481481481481481 0.4671875 0.07407407407407407 0.4578125 0.08703703703703704 0.4479166666666667 0.10925925925925926 0.44583333333333336 0.13055555555555556 0.4197916666666667 0.2361111111111111 0.4166666666666667 0.27314814814814814 0.4125 0.2953703703703704 0.41302083333333334 0.3055555555555556 0.4161458333333333 0.3111111111111111 0.4203125 0.3111111111111111 0.4234375 0.30648148148148147 0.4276041666666667 0.28703703703703703 0.43697916666666664 0.2638888888888889 0.446875 0.22037037037037038 0.44583333333333336 0.21388888888888888 0.44895833333333335 0.1925925925925926 0.4546875 0.18518518518518517 0.45677083333333335 0.16944444444444445 0.46875 0.13796296296296295 0.47760416666666666 0.12777777777777777 0.4822916666666667 0.09351851851851851 0.48802083333333335 0.08703703703703704 0.4942708333333333 0.08703703703703704 0.5171875 0.07592592592592592 0.503125 0.07592592592592592 0.4828125 0.08333333333333333 0.4744791666666667 0.0712962962962963 0.4703125 0.05277777777777778 0.45989583333333334 0.041666666666666664 0.44583333333333336 0.04351851851851852
0 0.296875 0.14074074074074075 0.296875 0.14537037037037037 0.30625 0.1638888888888889 0.30364583333333334 0.19722222222222222 0.3078125 0.2222222222222222 0.3104166666666667 0.2601851851851852 0.3104166666666667 0.3527777777777778 0.31354166666666666 0.362962962962963 0.31666666666666665 0.3888888888888889 0.3223958333333333 0.39444444444444443 0.32708333333333334 0.387037037037037 0.32708333333333334 0.375 0.32447916666666665 0.3685185185185185 0.32708333333333334 0.3287037037037037 0.32447916666666665 0.3055555555555556 0.32395833333333335 0.27291666666666664 0.3255208333333333 0.2388888888888889 0.3296875 0.20555555555555555 0.32864583333333336 0.18425925925925926 0.32395833333333335 0.16111111111111112 0.334375 0.14351851851851852 0.3385416666666667 0.125 0.32708333333333334 0.14537037037037037 0.3182291666666667 0.15555555555555556 0.31354166666666666 0.15555555555555556
0 0.275 0.11574074074074074 0.2786458333333333 0.2796296296296296 0.27395833333333336 0.31203703703703706 0.27395833333333336 0.3277777777777778 0.278125 0.3638888888888889 0.25729166666666664 0.38981481481481484 0.2640625 0.39166666666666666 0.2677083333333333 0.3851851851851852 0.28072916666666664 0.375 0.2828125 0.36944444444444446 0.28854166666666664 0.36944444444444446 0.29322916666666665 0.37222222222222223 0.31875 0.4074074074074074 0.31927083333333334 0.4 0.30052083333333335 0.37037037037037035 0.29791666666666666 0.36203703703703705 0.30104166666666665 0.32314814814814813 0.2994791666666667 0.30277777777777776 0.30052083333333335 0.22037037037037038 0.29791666666666666 0.21481481481481482 0.29739583333333336 0.19074074074074074 0.2859375 0.12037037037037036 0.28020833333333334 0.11203703703703703
0 0.490625 0.45092592592592595 0.49114583333333334 0.4546296296296296 0.478125 0.4824074074074074 0.47552083333333334 0.4962962962962963 0.4666666666666667 0.5009259259259259 0.45989583333333334 0.5092592592592593 0.4635416666666667 0.5120370370370371 0.4744791666666667 0.5055555555555555 0.48125 0.5148148148148148 0.48489583333333336 0.5564814814814815 0.48385416666666664 0.5648148148148148 0.4859375 0.5675925925925925 0.48802083333333335 0.5638888888888889 0.4875 0.5175925925925926 0.4890625 0.5120370370370371 0.49947916666666664 0.5009259259259259 0.5072916666666667 0.48518518518518516 0.5088541666666667 0.475 0.5145833333333333 0.462037037037037 0.5333333333333333 0.42777777777777776 0.5348958333333333 0.41944444444444445 0.5447916666666667 0.40370370370370373 0.5458333333333333 0.3962962962962963 0.5484375 0.39537037037037037 0.5604166666666667 0.3435185185185185 0.5557291666666667 0.34074074074074073 0.5479166666666667 0.3592592592592593 0.5375 0.3731481481481482 0.5052083333333334 0.44166666666666665 0.5015625 0.44722222222222224
0 0.7317708333333334 0.46574074074074073 0.7296875 0.4962962962962963 0.73125 0.524074074074074 0.7302083333333333 0.5583333333333333 0.7270833333333333 0.5787037037037037 0.7239583333333334 0.5842592592592593 0.7239583333333334 0.6388888888888888 0.71875 0.6425925925925926 0.7088541666666667 0.6824074074074075 0.7286458333333333 0.6425925925925926 0.7375 0.6453703703703704 0.7401041666666667 0.662962962962963 0.74375 0.6685185185185185 0.7421875 0.6407407407407407 0.7494791666666667 0.6148148148148148 0.7520833333333333 0.5962962962962963 0.7489583333333333 0.5601851851851852 0.7494791666666667 0.5092592592592593 0.7536458333333333 0.4425925925925926 0.7583333333333333 0.425 0.75625 0.41203703703703703 0.7515625 0.4111111111111111 0.7479166666666667 0.4166666666666667
0 0.7130208333333333 0.375 0.7130208333333333 0.38425925925925924 0.7171875 0.38796296296296295 0.7244791666666667 0.38796296296296295 0.7411458333333333 0.36944444444444446 0.7515625 0.3638888888888889 0.7536458333333333 0.3611111111111111 0.7515625 0.35648148148148145 0.7671875 0.33611111111111114 0.7791666666666667 0.3055555555555556 0.790625 0.26296296296296295 0.8046875 0.22407407407407406 0.821875 0.1962962962962963 0.8302083333333333 0.15833333333333333 0.8375 0.1574074074074074 0.8442708333333333 0.16203703703703703 0.846875 0.17314814814814813 0.8442708333333333 0.18055555555555555 0.8453125 0.18796296296296297 0.8494791666666667 0.1787037037037037 0.8510416666666667 0.16111111111111112 0.8494791666666667 0.14629629629629629 0.8302083333333333 0.14537037037037037 0.8161458333333333 0.13333333333333333 0.8078125 0.10648148148148148 0.8026041666666667 0.0787037037037037 0.7984375 0.0712962962962963 0.796875 0.07592592592592592 0.7973958333333333 0.09074074074074075 0.8026041666666667 0.09722222222222222 0.8098958333333334 0.12777777777777777 0.8104166666666667 0.13796296296296295 0.7932291666666667 0.1675925925925926 0.7864583333333334 0.20555555555555555 0.7692708333333333 0.2796296296296296 0.7526041666666666 0.3138888888888889 0.7302083333333333 0.35185185185185186 0.7166666666666667 0.36574074074074076
0 0.6463541666666667 0.05 0.6302083333333334 0.07407407407407407 0.625 0.0962962962962963 0.6151041666666667 0.10555555555555556 0.596875 0.09537037037037037 0.5848958333333333 0.09537037037037037 0.6119791666666666 0.11018518518518519 0.6223958333333334 0.17685185185185184 0.628125 0.18518518518518517 0.6369791666666667 0.21666666666666667 0.6421875 0.2518518518518518 0.6510416666666666 0.28703703703703703 0.6625 0.3111111111111111 0.6697916666666667 0.31666666666666665 0.68125 0.3333333333333333 0.6875 0.3351851851851852 0.6895833333333333 0.3333333333333333 0.6901041666666666 0.32592592592592595 0.6796875 0.30185185185185187 0.6770833333333334 0.28425925925925927 0.6630208333333333 0.24444444444444444 0.6526041666666667 0.20092592592592592 0.6473958333333333 0.14629629629629629 0.6432291666666666 0.1259259259259259 0.6302083333333334 0.09814814814814815 0.6328125 0.08055555555555556 0.6375 0.06944444444444445 0.646875 0.05648148148148148 0.6484375 0.05092592592592592
0 0.47708333333333336 0.11388888888888889 0.475 0.13148148148148148 0.4791666666666667 0.1527777777777778 0.4791666666666667 0.16574074074074074 0.4822916666666667 0.18055555555555555 0.49375 0.20555555555555555 0.5109375 0.225 0.5473958333333333 0.24537037037037038 0.55625 0.25462962962962965 0.5869791666666667 0.2574074074074074 0.6041666666666666 0.30833333333333335 0.6046875 0.30092592592592593 0.5994791666666667 0.2740740740740741 0.5916666666666667 0.25277777777777777 0.5927083333333333 0.23148148148148148 0.6010416666666667 0.2064814814814815 0.615625 0.1814814814814815 0.6015625 0.19537037037037036 0.5880208333333333 0.22037037037037038 0.5661458333333333 0.2074074074074074 0.5413192708333334 0.21203703703703702 0.5208333333333334 0.2064814814814815 0.5052083333333334 0.19074074074074074 0.48333333333333334 0.13425925925925927 0.4786458333333333 0.11203703703703703
0 0.31875 0.7231481481481481 0.3182291666666667 0.7398148148148148 0.3229166666666667 0.7509259259259259 0.34427083333333336 0.7694444444444445 0.3651041666666667 0.7712962962962963 0.3927083333333333 0.7574074074074074 0.4078125 0.7444444444444445 0.4354166666666667 0.7083333333333334 0.4375 0.6990740740740741 0.43385416666666665 0.6962962962962963 0.41875 0.7046296296296296 0.390625 0.7287037037037037 0.3828125 0.7287037037037037 0.3609375 0.7175925925925926 0.3578125 0.712037037037037 0.33229166666666665 0.712037037037037 0.3260416666666667 0.7185185185185186 0.32135416666666666 0.7185185185185186
0 0.30833333333333335 0.6509259259259259 0.30833333333333335 0.6694444444444444 0.31354166666666666 0.6768518518518518 0.3260416666666667 0.687962962962963 0.34322916666666664 0.6944444444444444 0.35885416666666664 0.7092592592592593 0.36822916666666666 0.712037037037037 0.38177083333333334 0.7092592592592593 0.3885416666666667 0.7046296296296296 0.39114583333333336 0.6972222222222222 0.36875 0.6925925925925925 0.35208333333333336 0.6759259259259259 0.3333333333333333 0.649074074074074 0.3229166666666667 0.6416666666666667 0.31354166666666666 0.6398148148148148
0 0.3963541666666667 0.42314814814814816 0.4041666666666667 0.4462962962962963 0.4109375 0.4935185185185185 0.41041666666666665 0.5472222222222223 0.4010416666666667 0.5879629629629629 0.40208333333333335 0.6324074074074074 0.39427083333333335 0.6416666666666667 0.38229166666666664 0.6462962962962963 0.3963541666666667 0.6518518518518519 0.40729166666666666 0.6444444444444445 0.41302083333333334 0.6453703703703704 0.4348958333333333 0.6657407407407407 0.44166666666666665 0.6694444444444444 0.44375 0.6657407407407407 0.44583333333333336 0.6694444444444444 0.4348958333333333 0.6564814814814814 0.43125 0.6481481481481481 0.4270833333333333 0.6462962962962963 0.425 0.637962962962963 0.42864583333333334 0.600925925925926 0.4265625 0.5481481481481482 0.4296875 0.49537037037037035 0.4244791666666667 0.4527777777777778 0.4197916666666667 0.4388888888888889 0.4083333333333333 0.4212962962962963 0.39947916666666666 0.4203703703703704
0 0.25416666666666665 0.41203703703703703 0.25104166666666666 0.42407407407407405 0.2359375 0.4462962962962963 0.2359375 0.45 0.24358489583333334 0.45184074074074076 0.2484375 0.4703703703703704 0.2598958333333333 0.48148148148148145 0.2786458333333333 0.5101851851851852 0.3020833333333333 0.5361111111111111 0.31354166666666666 0.5425925925925926 0.3182291666666667 0.5546296296296296 0.32083333333333336 0.5407407407407407 0.3177083333333333 0.5296296296296297 0.2984375 0.5064814814814815 0.29375 0.5055555555555555 0.2791666666666667 0.4842592592592593 0.2703125 0.4666666666666667 0.2677083333333333 0.45092592592592595 0.253125 0.42685185185185187 0.2578125 0.4111111111111111 0.2557291666666667 0.40925925925925927
0 0.7421875 0.6675925925925926 0.7411458333333333 0.6814814814814815 0.7453125 0.7 0.7453125 0.7101851851851851 0.7515625 0.7314814814814815 0.7869791666666667 0.8055555555555556 0.8041666666666667 0.8277777777777777 0.8 0.8518518518518519 0.7911458333333333 0.8648148148148148 0.7984375 0.8648148148148148 0.80625 0.8481481481481481 0.8088541666666667 0.825925925925926 0.8192708333333333 0.8092592592592592 0.8333333333333334 0.7944444444444444 0.834375 0.7805555555555556 0.828125 0.7935185185185185 0.81875 0.8027777777777778 0.8145833333333333 0.8009259259259259 0.80625 0.7768518518518519 0.7984375 0.7703703703703704 0.7911458333333333 0.7694444444444445 0.784375 0.7592592592592593 0.7734375 0.7361111111111112 0.7630208333333334 0.7055555555555556 0.753125 0.687962962962963 0.7484375 0.6712962962962963
0 0.7640625 0.5546296296296296 0.7838541666666666 0.5731481481481482 0.7880208333333333 0.5814814814814815 0.7859375 0.6222222222222222 0.7895833333333333 0.6611111111111111 0.7895833333333333 0.6907407407407408 0.7869791666666667 0.737037037037037 0.7895833333333333 0.762962962962963 0.7963541666666667 0.7666666666666667 0.7960703124999999 0.7658101851851852 0.8041666666666667 0.7759259259259259 0.80625 0.7805555555555556 0.8083333333333333 0.7537037037037037 0.8067708333333333 0.7157407407407408 0.8088541666666667 0.6651231481481481 0.8135416666666667 0.6212962962962963 0.8088541666666667 0.587037037037037 0.8046875 0.575 0.8072916666666666 0.5648148148148148 0.8223958333333333 0.5361111111111111 0.8182291666666667 0.5361111111111111 0.8036458333333333 0.562962962962963 0.7958333333333333 0.5694444444444444 0.7875 0.562962962962963 0.7828125 0.5638888888888889 0.7713541666666667 0.5555555555555556 0.765625 0.5574074074074075
0 0.7974947916666667 0.10199722222222223 0.7963385416666667 0.10906388888888889 0.8015411458333334 0.11557407407407407 0.8075145833333334 0.12242777777777779 0.803275 0.12311296296296295 0.7967239583333333 0.11557407407407407 0.7926770833333333 0.11523148148148149 0.7865114583333334 0.12139907407407406 0.7736010416666667 0.12311296296296295 0.7637739583333333 0.11591666666666667 0.7508635416666666 0.10563703703703703 0.72831875 0.09912592592592592 0.7138671875 0.09946944444444446 0.7050036458333333 0.10221018518518518 0.6967177083333334 0.10015462962962964 0.6909369791666666 0.10358055555555556 0.6816880208333332 0.10837870370370371 0.6782197916666667 0.09912592592592592 0.6836151041666666 0.09158796296296297 0.6953692708333333 0.08130833333333333 0.7001864583333333 0.07411203703703703 0.7105916666666666 0.07137037037037038 0.7206114583333334 0.07137037037037038 0.7213822916666667 0.07102777777777777 0.7327510416666667 0.07411203703703703 0.739109375 0.07616759259259259 0.7554880208333333 0.07890925925925925 0.7680130208333333 0.07959444444444445 0.77379375 0.07513981481481481 0.7843916666666666 0.07788148148148148 0.7924848958333333 0.08404907407407407 0.795953125 0.08679074074074074 0.7965312499999999 0.07616759259259259 0.8007703125 0.05937777777777778 0.8046239583333333 0.05252407407407407 0.8059729166666667 0.055608333333333336 0.8023119791666667 0.06280462962962963 0.7998067708333333 0.075825 0.7976875 0.08713333333333333 0.7973020833333333 0.09330092592592593
0 0.5087973958333333 0.33385 0.4981994791666667 0.3489277777777778 0.4877942708333334 0.3622916666666666 0.47276406249999997 0.37462685185185185 0.4608177083333333 0.3777111111111111 0.44116302083333336 0.3804527777777778 0.42497708333333334 0.38250833333333334 0.4028177083333333 0.3790814814814815 0.3889442708333333 0.3773685185185185 0.3773828125 0.37394166666666667 0.3654359375 0.3633194444444444 0.35560885416666665 0.3489277777777778 0.34809375000000004 0.35235370370370367 0.3376885416666667 0.36914444444444444 0.33075208333333334 0.37428425925925923 0.3380739583333333 0.36194814814814813 0.3505989583333333 0.3458435185185185 0.35329635416666666 0.3403611111111111 0.3552234375 0.3269972222222222 0.35734322916666666 0.3191157407407407 0.35425989583333334 0.3071231481481481 0.3452515625 0.26789722222222223 0.343325 0.24665185185185187 0.3471786458333333 0.2675546296296296 0.3539229166666667 0.2932537037037037 0.3597036458333333 0.31107222222222225 0.3614375 0.31518425925925925 0.372228125 0.31175740740740737 0.38436770833333334 0.31449907407407407 0.39747083333333333 0.32135185185185183 0.40344427083333334 0.33128888888888885 0.41327135416666666 0.34396759259259263 0.430228125 0.35082129629629627 0.44872604166666663 0.3580166666666667 0.46549010416666664 0.35184907407407406 0.48398854166666666 0.33642962962962963 0.4945864583333333 0.32854814814814814 0.5044135416666667 0.31107222222222225 0.5115432291666667 0.30627499999999996 0.514240625 0.3158694444444445 0.5132770833333333 0.32820555555555553
0 0.48316927083333333 0.3816111111111111 0.49246666666666666 0.3687092592592593 0.4988255208333333 0.3560305555555555 0.4891911458333333 0.3659675925925926 0.4803270833333333 0.3765907407407408 0.4782078125 0.38001666666666667 0.4720416666666667 0.37556203703703706 0.45739739583333333 0.37967407407407405 0.44101874999999996 0.38138796296296296 0.4294572916666667 0.38412870370370367 0.4211713541666667 0.38687037037037036 0.4098026041666667 0.38584259259259257 0.3988197916666667 0.387212962962963 0.38648750000000004 0.39509444444444447 0.3760822916666667 0.4043462962962963 0.3724208333333333 0.40914351851851855 0.36490625 0.41428333333333334 0.3589328125 0.42079351851851854 0.35796927083333335 0.4276472222222222 0.3600890625 0.43073055555555556 0.36837447916666666 0.4279898148148148 0.38398229166666664 0.4225074074074074 0.3941947916666667 0.4221648148148148 0.40671979166666666 0.41976574074074074 0.4234838541666667 0.4170240740740741 0.44390885416666664 0.41531111111111113 0.4572046875 0.4170240740740741 0.47184895833333335 0.4180527777777778 0.4814833333333333 0.40742962962962964 0.4878421875 0.42285 0.49439375 0.44169629629629625 0.4942010416666667 0.43210185185185185 0.4878421875 0.4166814814814815 0.4834104166666667 0.407087037037037 0.482446875 0.39817777777777774 0.48090520833333333 0.3882407407407408 0.48013437499999995 0.38412870370370367
0 0.3594625 0.5758074074074073 0.3671703125 0.5905416666666666 0.371409375 0.607675 0.3662067708333333 0.5967101851851851 0.35926979166666667 0.5833462962962963 0.3558015625 0.5788916666666667 0.3479010416666667 0.5850592592592593 0.3494427083333333 0.60185 0.35040625 0.6251509259259259 0.34578177083333334 0.6028777777777777 0.3448182291666667 0.5860870370370371 0.34578177083333334 0.5751222222222222 0.3436619791666667 0.5682685185185186 0.340771875 0.547024074074074 0.3421208333333333 0.521324074074074 0.340771875 0.48500185185185185 0.3450109375 0.44936574074074076 0.3482864583333333 0.4229805555555556 0.3519479166666667 0.42880555555555555 0.35233333333333333 0.44628148148148145 0.34886458333333337 0.4668407407407407 0.3482864583333333 0.49939351851851854 0.3519479166666667 0.5250935185185185 0.3561869791666667 0.5394851851851852 0.358884375 0.5562759259259259 0.35984791666666666 0.568612037037037 0.3575359375 0.5747796296296296
0 0.3413015625 0.5785833333333333 0.33947135416666663 0.5967101851851851 0.3371588541666667 0.607675 0.3265609375 0.6117870370370371 0.32135833333333336 0.6124722222222222 0.3165411458333333 0.6196685185185185 0.3123020833333333 0.629262962962963 0.30594322916666666 0.6326888888888889 0.2949598958333333 0.6354305555555555 0.30517239583333333 0.6258361111111111 0.31557760416666664 0.6117870370370371 0.3190458333333333 0.6011648148148149 0.318853125 0.5922555555555555 0.318853125 0.5734092592592593 0.31962395833333335 0.5521638888888889 0.32289999999999996 0.5377722222222222 0.32559739583333336 0.5178981481481482 0.32675364583333333 0.4932259259259259 0.3265609375 0.4712953703703704 0.33195625 0.4325 0.3387005208333333 0.41091203703703705 0.34371041666666663 0.396862962962963 0.3475640625 0.38418425925925925 0.352959375 0.3817861111111111 0.35430833333333334 0.40303055555555556 0.351225 0.4167370370370371 0.34891302083333336 0.42461851851851856 0.34428854166666667 0.44415 0.3417833333333334 0.4677935185185185 0.3396635416666667 0.49177962962962957 0.3408197916666667 0.5161092592592593 0.3400489583333333 0.542837037037037 0.34024166666666666 0.5678509259259259 0.3417833333333334 0.5784731481481481
0 0.3954864583333333 0.7976546296296296 0.3869942708333333 0.8328305555555555 0.38293541666666664 0.8506861111111111 0.3752447916666667 0.864362037037037 0.3598630208333333 0.8681611111111112 0.3464041666666667 0.8529648148148148 0.3338 0.8408083333333333 0.3205546875 0.8332101851851852 0.31094166666666667 0.827512037037037 0.3000463541666667 0.8343499999999999 0.2953463541666667 0.8423277777777778 0.29406458333333335 0.8560046296296296 0.2974828125 0.8696814814814815 0.31136874999999997 0.8791787037037038 0.3282458333333333 0.8860166666666667 0.34555 0.8898157407407408 0.3598630208333333 0.8947546296296297 0.373321875 0.8909555555555555 0.3852854166666667 0.8708203703703704 0.39084010416666665 0.8487861111111111 0.39233541666666666 0.8297907407407408 0.3951125 0.814975 0.3978895833333333 0.8009185185185185
0 0.31249010416666667 0.8264694444444445 0.32060833333333333 0.8245694444444445 0.3253083333333333 0.8226703703703704 0.3246671875 0.8177314814814814 0.31954010416666667 0.8184907407407408 0.3139859375 0.8173518518518519 0.31142239583333337 0.8131722222222222 0.30821770833333334 0.8032953703703704 0.30458593749999996 0.7873388888888889 0.2981770833333333 0.7748018518518518 0.2849317708333333 0.7596064814814815 0.2650640625 0.7311129629629629 0.2509640625 0.7071796296296297 0.24711875 0.7026203703703704 0.24305989583333334 0.6938824074074075 0.23900104166666666 0.6843851851851852 0.2349416666666667 0.6912231481481481 0.23665104166666667 0.7045203703703703 0.23771927083333333 0.7170564814814815 0.24049635416666665 0.7337722222222223 0.24989635416666667 0.7520083333333333 0.26378229166666667 0.7683435185185186 0.27681354166666666 0.7869592592592594 0.28770885416666664 0.8112731481481481 0.2954 0.8283685185185186 0.30031354166666663 0.833687037037037
