0 0.5364583333333334 0.5027777777777778 0.5348958333333333 0.5101851851851852 0.5416666666666666 0.512962962962963 0.5677083333333334 0.4981481481481482 0.6109375 0.4527777777777778 0.6234375 0.4425925925925926 0.6302083333333334 0.44166666666666665 0.6385416666666667 0.43148148148148147 0.6479166666666667 0.41203703703703703 0.6541666666666667 0.4083333333333333 0.665625 0.41759259259259257 0.678125 0.41944444444444445 0.6494791666666667 0.39814814814814814 0.6458333333333334 0.37962962962962965 0.65 0.3592592592592593 0.6338427083333333 0.3863962962962963 0.6020791666666666 0.42890648148148147 0.5838541666666667 0.44351851851851853 0.5666666666666667 0.45925925925925926
0 0.253125 0.3055555555555556 0.2526041666666667 0.31666666666666665 0.25179114583333334 0.35800925925925925 0.26023697916666666 0.3340796296296296 0.27708333333333335 0.33240740740740743 0.3015625 0.32037037037037036 0.3375 0.31666666666666665 0.35625 0.3101851851851852 0.3890625 0.29259259259259257 0.3921875 0.28703703703703703 0.3927083333333333 0.27870370370370373 0.3885416666666667 0.2712962962962963 0.3770833333333333 0.275 0.3625 0.2740740740740741 0.31354166666666666 0.2898148148148148 0.29322916666666665 0.28888888888888886 0.2828125 0.2814814814814815 0.26510416666666664 0.28888888888888886 0.25833333333333336 0.29444444444444445 0.23912239583333333 0.26369722222222225
0 0.2791666666666667 0.5768518518518518 0.2786458333333333 0.5861111111111111 0.28229166666666666 0.6 0.2869791666666667 0.6037037037037037 0.3 0.5972222222222222 0.33125 0.5592592592592592 0.3515625 0.5481481481481482 0.3765625 0.5277777777777778 0.3921875 0.5027777777777778 0.3921875 0.4981481481481482 0.3880208333333333 0.4935185185185185 0.3807291666666667 0.4925925925925926 0.36041666666666666 0.5055555555555555 0.34479166666666666 0.5212962962962963 0.3098958333333333 0.5472222222222223 0.2984375 0.5481481481481482 0.2859375 0.562962962962963
0 0.4734375 0.6814814814814815 0.46979166666666666 0.687962962962963 0.46979166666666666 0.6925925925925925 0.4744791666666667 0.7092592592592593 0.48333333333333334 0.7101851851851851 0.4973958333333333 0.7055555555555556 0.5135416666666667 0.6898148148148148 0.5484375 0.6657407407407407 0.5557291666666667 0.6583333333333333 0.5567708333333333 0.6527777777777778 0.5640625 0.649074074074074 0.578125 0.6222222222222222 0.5796875 0.6101851851851852 0.5739583333333333 0.6074074074074074 0.5666666666666667 0.6185185185185185 0.5526041666666667 0.6268518518518519 0.5229166666666667 0.6583333333333333 0.5015625 0.6657407407407407 0.49375 0.6592592592592592
0 0.2840802083333333 0.662136111111111 0.30546666666666666 0.6815046296296297 0.31716875000000005 0.6685925925925926 0.33364166666666667 0.6561916666666667 0.36122656249999996 0.660862037037037 0.397896875 0.6621870370370371 0.4338302083333333 0.6715361111111111 0.4189307291666667 0.688675 0.39351458333333333 0.6917907407407408 0.347940625 0.6995814814814815 0.3418057291666667 0.7151620370370371 0.3461875 0.7245111111111111 0.32252447916666666 0.7089305555555555 0.3023666666666667 0.7245111111111111 0.29184947916666665 0.7572305555555555 0.30324270833333333 0.7042555555555555 0.30411927083333334 0.6871166666666667
0 0.26875 0.7657407407407407 0.2703125 0.7861111111111111 0.2828125 0.8148148148148148 0.2942708333333333 0.8324074074074074 0.3067708333333333 0.8444444444444444 0.3776041666666667 0.9009259259259259 0.3953125 0.9074074074074074 0.4078125 0.9074074074074074 0.415625 0.9138888888888889 0.41822916666666665 0.9083333333333333 0.4234375 0.8740740740740741 0.4276041666666667 0.8611111111111112 0.42291666666666666 0.8629629629629629 0.40729166666666666 0.8490740740740741 0.3848958333333333 0.8361111111111111 0.3807291666666667 0.8351851851851851 0.375 0.8416666666666667 0.3619791666666667 0.8416666666666667 0.3380208333333333 0.8324074074074074 0.32447916666666665 0.8231481481481482 0.2989583333333333 0.7944444444444444 0.2890625 0.787962962962963 0.2786458333333333 0.7638888888888888 0.2713541666666667 0.7611111111111111
0 0.4661458333333333 0.35555555555555557 0.4666666666666667 0.3962962962962963 0.4708333333333333 0.40925925925925927 0.471875 0.4351851851851852 0.47552083333333334 0.4444444444444444 0.48072916666666665 0.44722222222222224 0.48333333333333334 0.4444444444444444 0.4859375 0.4287037037037037 0.4864583333333333 0.36203703703703705 0.4901041666666667 0.32037037037037036 0.5015625 0.27037037037037037 0.5135416666666667 0.20185185185185187 0.5140625 0.17962962962962964 0.509375 0.1537037037037037 0.5228182291666666 0.12268796296296294 0.5562786458333334 0.09914166666666666 0.53466875 0.10347962962962963 0.4921463541666667 0.13817870370370372 0.4789015625 0.11029537037037038 0.4883125 0.15305000000000002 0.4817708333333333 0.18425925925925926 0.4817708333333333 0.21203703703703702 0.48385416666666664 0.22407407407407406 0.4822916666666667 0.27037037037037037 0.48072916666666665 0.28425925925925927 0.471875 0.3138888888888889
0 0.490625 0.3509259259259259 0.49166666666666664 0.3611111111111111 0.4946463541666667 0.40185648148148145 0.5051114583333333 0.3807712962962963 0.5192708333333333 0.3712962962962963 0.5385416666666667 0.3435185185185185 0.5583333333333333 0.32685185185185184 0.5958333333333333 0.3138888888888889 0.596875 0.30277777777777776 0.6067708333333334 0.2962962962962963 0.6223958333333334 0.27037037037037037 0.6234375 0.25462962962962965 0.6151041666666667 0.25462962962962965 0.6046875 0.2722222222222222 0.5739583333333333 0.29259259259259257 0.5276041666666667 0.31666666666666665 0.5135416666666667 0.3148148148148148 0.5052083333333334 0.32314814814814813
0 0.29071614583333333 0.057341666666666666 0.296875 0.10555555555555556 0.29835520833333334 0.12071944444444445 0.31278489583333335 0.16146203703703702 0.30302395833333334 0.1169462962962963 0.3144828125 0.1229824074074074 0.3296875 0.12407407407407407 0.3359375 0.11296296296296296 0.3546875 0.11018518518518519 0.39947916666666666 0.12685185185185185 0.4119791666666667 0.12777777777777777 0.421875 0.13425925925925927 0.42604166666666665 0.13425925925925927 0.4296875 0.12962962962962962 0.4270833333333333 0.11944444444444445 0.4088541666666667 0.10277777777777777 0.37864583333333335 0.08796296296296297 0.33229166666666665 0.07962962962962963 0.3260416666666667 0.07222222222222222 0.3072916666666667 0.0787037037037037 0.29708229166666666 0.0731861111111111 0.304296875 0.05960462962962963
0 0.5848958333333333 0.24166666666666667 0.5854166666666667 0.2833333333333333 0.5916666666666667 0.2851851851851852 0.6057291666666667 0.20185185185185187 0.6213541666666667 0.13703703703703704 0.6213541666666667 0.11388888888888889 0.6197916666666666 0.10277777777777777 0.6171875 0.09907407407407408 0.6088541666666667 0.1 0.6026041666666667 0.11296296296296296 0.6005208333333333 0.13518518518518519 0.6010416666666667 0.16018518518518518 0.5869791666666667 0.22314814814814815
0 0.3932291666666667 0.07314814814814814 0.39375 0.09166666666666666 0.41510416666666666 0.10462962962962963 0.44166666666666665 0.10092592592592593 0.478125 0.10648148148148148 0.4921875 0.1 0.5046875 0.10092592592592593 0.5078125 0.09537037037037037 0.5046875 0.08703703703703704 0.4921875 0.08425925925925926 0.48489583333333336 0.07777777777777778 0.44427083333333334 0.07685185185185185 0.41041666666666665 0.06111111111111111 0.4 0.062037037037037036
0 0.759375 0.11018518518518519 0.7671875 0.11574074074074074 0.7791666666666667 0.11481481481481481 0.7880208333333333 0.12129629629629629 0.790625 0.14074074074074075 0.7979166666666667 0.1675925925925926 0.8083333333333333 0.17962962962962964 0.8161458333333333 0.20092592592592592 0.8182291666666667 0.21666666666666667 0.8244791666666667 0.2324074074074074 0.8338541666666667 0.28425925925925927 0.8442708333333333 0.31574074074074077 0.8494791666666667 0.34814814814814815 0.853125 0.3527777777777778 0.8572916666666667 0.3527777777777778 0.8604166666666667 0.3435185185185185 0.8588541666666667 0.28703703703703703 0.8536458333333333 0.24814814814814815 0.84375 0.20833333333333334 0.8317708333333333 0.17314814814814813 0.8244791666666667 0.13518518518518519 0.8052083333333333 0.09351851851851851 0.8119791666666667 0.07962962962962963 0.821875 0.07592592592592592 0.8166666666666667 0.0712962962962963 0.8083333333333333 0.07222222222222222 0.7984375 0.09444444444444444 0.7875 0.10833333333333334
0 0.5459296874999999 0.16018148148148148 0.5534385416666667 0.14572037037037036 0.5568796875 0.13181574074074073 0.5700192708333333 0.10345 0.6009921874999999 0.08175925925925925 0.610690625 0.06729814814814815 0.6094390625 0.055062037037037034 0.6153833333333334 0.05728703703703703 0.6238302083333332 0.04727592592592592 0.6304005208333333 0.04616296296296296 0.6266458333333333 0.035039814814814815 0.6088135416666667 0.038376851851851856 0.6169473958333334 0.030034259259259257 0.6288359375 0.03281481481481481 0.6322776041666667 0.04449444444444445 0.6379088541666668 0.05561851851851852 0.6391604166666667 0.05895555555555555 0.6588697916666667 0.06229259259259259 0.6538645833333334 0.06674259259259259 0.6369703125 0.06507314814814814 0.6322776041666667 0.08120277777777778 0.6200760416666667 0.09844444444444443 0.6019307291666667 0.10511851851851853 0.5809692708333334 0.13292777777777778 0.5640755208333333 0.1535064814814815 0.5596953125 0.15684444444444445 0.5518739583333333 0.1724175925925926 0.544365625 0.1713046296296296
0 0.6213276041666667 0.10289444444444446 0.63571875 0.09900092592592594 0.6554286458333334 0.0951074074074074 0.6723229166666667 0.09622037037037037 0.6904682291666667 0.10289444444444446 0.6995411458333333 0.11179351851851851 0.6998536458333333 0.12069166666666667 0.7054854166666666 0.11513055555555556 0.7201895833333333 0.12013611111111112 0.7264463541666667 0.11290555555555556 0.740525 0.17074907407407405 0.7430276041666667 0.1635185185185185 0.7295750000000001 0.11290555555555556 0.7386479166666666 0.12013611111111112 0.7289494791666667 0.10678703703703704 0.7320776041666667 0.09343888888888889 0.7546031249999999 0.05283796296296296 0.727071875 0.09121388888888889 0.72394375 0.08009074074074074 0.710178125 0.07508518518518519 0.69078125 0.07452870370370371 0.671384375 0.06896666666666666 0.6544901041666668 0.06618611111111111 0.6375958333333334 0.07007962962962963 0.6307130208333334 0.0828712962962963 0.6222661458333333 0.10400648148148148
0 0.6820880208333333 0.2752675925925926 0.6803083333333333 0.30532592592592595 0.6820880208333333 0.33221944444444446 0.6874276041666667 0.3678148148148148 0.6932114583333333 0.38363425925925926 0.69588125 0.389962037037037 0.7007755208333334 0.41131944444444446 0.7110088541666666 0.4121101851851852 0.7092291666666667 0.37888796296296295 0.7065598958333333 0.3314287037037037 0.7034453125 0.3029527777777778 0.6981057291666667 0.27764074074074074 0.6941015625 0.24125462962962962 0.69365625 0.20407777777777777 0.7025552083333333 0.21356944444444445 0.6914317708333333 0.18351203703703706 0.6865375 0.16215462962962965 0.6811984375000001 0.1502898148148148 0.6892072916666667 0.14317037037037036 0.7012203125 0.12023148148148148 0.6820880208333333 0.14079814814814817 0.6740791666666667 0.1534537037037037 0.6629557291666667 0.1534537037037037 0.6327 0.1502898148148148 0.6229114583333334 0.15187222222222221 0.6411541666666667 0.16057314814814816 0.6562817708333333 0.16531851851851853 0.66073125 0.16927407407407408 0.6629557291666667 0.1961675925925926 0.6665151041666667 0.21356944444444445 0.6598411458333333 0.2357175925925926 0.6682953125 0.22701666666666667 0.6740791666666667 0.24758240740740742 0.6807531250000001 0.2752675925925926
0 0.7114541666666666 0.41606574074074076 0.7096744791666667 0.43109444444444445 0.7074494791666667 0.4366314814814815 0.71456875 0.44928703703703704 0.7190177083333332 0.4714351851851852 0.725246875 0.48330000000000006 0.7328109375 0.48725555555555555 0.7412645833333333 0.4809268518518518 0.7425994791666667 0.45719722222222225 0.73815 0.4247666666666667 0.7292515625 0.39945462962962963 0.7234671875 0.3693962962962963 0.718128125 0.32826481481481484 0.7101192708333334 0.30769814814814817 0.7025552083333333 0.3013703703703704 0.705225 0.33221944444444446 0.7092291666666667 0.36069537037037036 0.708784375 0.3773064814814815 0.7101192708333334 0.3962907407407408
0 0.24606041666666664 0.6424101851851852 0.25674270833333335 0.6469935185185186 0.26558333333333334 0.6515777777777777 0.2736869791666667 0.664675 0.2736869791666667 0.649612962962963 0.28842135416666664 0.6502685185185185 0.3064708333333333 0.6509231481481481 0.3234151041666667 0.6541972222222222 0.33336041666666666 0.6548518518518519 0.35030468750000004 0.6568166666666666 0.3764578125 0.6587814814814815 0.35509375 0.6456842592592593 0.3473583333333333 0.6338972222222222 0.33041354166666664 0.6175259259259259 0.30720729166666666 0.6162157407407408 0.29173645833333334 0.6162157407407408 0.28031770833333336 0.6149064814814815 0.27958072916666665 0.6063925925925926 0.2681619791666667 0.6063925925925926 0.2523229166666667 0.6050833333333333 0.24606041666666664 0.6050833333333333 0.2401671875 0.5788888888888889 0.2401671875 0.5474564814814815 0.23316822916666666 0.5559694444444444 0.235378125 0.5821638888888888 0.23795677083333333 0.6011546296296296 0.241640625 0.6162157407407408 0.241271875 0.6266935185185185 0.241640625 0.6391351851851852 0.238325 0.6515777777777777 0.235746875 0.632587037037037 0.23795677083333333 0.6659842592592593 0.24495572916666666 0.6450296296296296
0 0.35546197916666666 0.6450296296296296 0.36761770833333335 0.6411 0.3875088541666667 0.6430648148148148 0.404084375 0.6417546296296297 0.42323906250000004 0.6352064814814815 0.43097447916666665 0.6299675925925926 0.4283958333333333 0.6194898148148148 0.4409203125 0.6260388888888888 0.4490239583333333 0.6332416666666666 0.45896927083333333 0.6391351851851852 0.4663364583333333 0.6384805555555555 0.48770104166666667 0.6109768518518519 0.4733354166666667 0.6378259259259259 0.5072239583333333 0.6175259259259259 0.49248958333333337 0.6384805555555555 0.468178125 0.6463388888888889 0.46596822916666664 0.6614009259259259 0.46523125000000004 0.6738425925925926 0.450865625 0.6738425925925926 0.4346578125 0.6751527777777777 0.4037161458333333 0.6627101851851852 0.3878770833333334 0.6600907407407408 0.37498489583333333 0.6587814814814815
0 0.2853765625 0.36538333333333334 0.28017916666666665 0.3872222222222222 0.27828958333333337 0.4090611111111111 0.27498229166666666 0.42166018518518517 0.2693125 0.46617777777777775 0.2617526041666667 0.5190953703703705 0.254665625 0.5367351851851851 0.2532479166666667 0.5426148148148148 0.24757864583333333 0.5636138888888889 0.2461609375 0.5955324074074073 0.252303125 0.6131712962962963 0.26505989583333334 0.6022518518518518 0.2745098958333333 0.572012962962963 0.28017916666666665 0.5476546296296296 0.281596875 0.519936111111111 0.28726666666666667 0.4938972222222222 0.2929364583333333 0.46953796296296296 0.29671614583333333 0.4300601851851852 0.29671614583333333 0.4141009259259259 0.2948260416666667 0.40570092592592594 0.29104635416666663 0.4124203703703704 0.2934088541666667 0.3889018518518519
0 0.3463265625 0.42586018518518515 0.3463265625 0.4409796296296296 0.3543583333333334 0.46617777777777775 0.36239062499999997 0.4770981481481481 0.3718401041666667 0.48717685185185183 0.39924375 0.5064962962962962 0.418615625 0.5098564814814814 0.4356244791666667 0.5148962962962963 0.45641354166666664 0.519936111111111 0.4691708333333333 0.5300148148148148 0.49184947916666666 0.5367351851851851 0.4975192708333333 0.5350546296296297 0.5201984374999999 0.5896527777777778 0.5164182291666667 0.5594138888888889 0.5022442708333333 0.5316953703703704 0.5027166666666667 0.508175925925926 0.526340625 0.4787777777777778 0.50696875 0.490537037037037 0.4927942708333333 0.47961759259259257 0.45499635416666667 0.4804574074074074 0.436096875 0.4804574074074074 0.4034963541666666 0.4728981481481482 0.38176197916666665 0.4544185185185185 0.3718401041666667 0.4443388888888889 0.3685328125 0.4502185185185185 0.36002812500000003 0.4267
0 0.39857708333333336 0.4024259259259259 0.39467395833333335 0.4137 0.4068703125 0.447525 0.40491875 0.46313611111111114 0.425896875 0.4822166666666666 0.464925 0.4822166666666666 0.495171875 0.4744111111111111 0.5132223958333333 0.47788055555555553 0.5288338541666666 0.4796148148148148 0.5342005208333334 0.46833981481481485 0.5195645833333333 0.45966666666666667 0.5132223958333333 0.45533055555555557 0.4976114583333333 0.45359629629629633 0.47077916666666664 0.4570648148148148 0.4580953125 0.45446296296296296 0.4410203125 0.45012685185185186 0.4337026041666666 0.43971944444444444 0.41613958333333334 0.4414537037037037
