0 0.24739583333333334 0.18796296296296297 0.2546875 0.17222222222222222 0.2630208333333333 0.16296296296296298 0.2703125 0.14074074074074075 0.27291666666666664 0.12407407407407407 0.2677083333333333 0.10925925925925926 0.259375 0.11388888888888889 0.2520833333333333 0.12685185185185185 0.2390625 0.17962962962962964 0.2125 0.23703703703703705 0.21197916666666666 0.24722222222222223 0.21666666666666667 0.24722222222222223 0.221875 0.23148148148148148 0.24010416666666667 0.20462962962962963 0.24427083333333333 0.18888888888888888 0.24739583333333334 0.18796296296296297
0 0.37864583333333335 0.06759259259259259 0.38229166666666664 0.05925925925925926 0.3807291666666667 0.05648148148148148 0.35833333333333334 0.058333333333333334 0.3255208333333333 0.07314814814814814 0.30520833333333336 0.07685185185185185 0.29270833333333335 0.08796296296296297 0.2890625 0.09722222222222222 0.28854166666666664 0.1037037037037037 0.2921875 0.11481481481481481 0.309375 0.11296296296296296 0.31979166666666664 0.10648148148148148 0.32760416666666664 0.0962962962962963 0.37864583333333335 0.06759259259259259
0 0.5234375 0.06018518518518518 0.5213541666666667 0.05648148148148148 0.45 0.06296296296296296 0.440625 0.06574074074074074 0.43020833333333336 0.08055555555555556 0.4296875 0.08981481481481482 0.4317708333333333 0.09814814814814815 0.44583333333333336 0.10092592592592593 0.5203125 0.06944444444444445 0.5234375 0.06481481481481481 0.5234375 0.06018518518518518
0 0.6458333333333334 0.10740740740740741 0.64375 0.09907407407407408 0.6229166666666667 0.10555555555555556 0.6140625 0.10555555555555556 0.6 0.09907407407407408 0.5875 0.0824074074074074 0.5802083333333333 0.06666666666666667 0.56875 0.05740740740740741 0.5604166666666667 0.062037037037037036 0.5546875 0.07407407407407407 0.5541666666666667 0.08055555555555556 0.5671875 0.10185185185185185 0.6046875 0.12129629629629629 0.6260416666666667 0.12314814814814815 0.6427083333333333 0.11388888888888889 0.6458333333333334 0.10740740740740741
0 0.7994791666666666 0.12037037037037036 0.803125 0.11574074074074074 0.803125 0.1111111111111111 0.7979166666666667 0.10648148148148148 0.7286458333333333 0.06759259259259259 0.7098958333333333 0.07407407407407407 0.703125 0.08796296296296297 0.7041666666666667 0.10462962962962963 0.715625 0.10833333333333334 0.7473958333333334 0.10833333333333334 0.7744791666666667 0.11851851851851852 0.790625 0.12037037037037036 0.7994791666666666 0.12037037037037036
0 0.5697916666666667 0.2490740740740741 0.575 0.2898148148148148 0.5755208333333334 0.31574074074074077 0.5791666666666667 0.3212962962962963 0.5833333333333334 0.3194444444444444 0.5854166666666667 0.30648148148148147 0.5859375 0.27314814814814814 0.58125 0.24351851851851852 0.5609375 0.18425925925925926 0.5536458333333333 0.16944444444444445 0.5453125 0.15925925925925927 0.540625 0.16018518518518518 0.5364583333333334 0.16574074074074074 0.5354166666666667 0.18333333333333332 0.5375 0.19166666666666668 0.5447916666666667 0.2064814814814815 0.5510416666666667 0.2111111111111111 0.5625 0.22962962962962963 0.5697916666666667 0.2490740740740741
0 0.509375 0.26666666666666666 0.5151041666666667 0.22777777777777777 0.5135416666666667 0.19166666666666668 0.509375 0.17037037037037037 0.5072916666666667 0.175 0.509375 0.19722222222222222 0.5083333333333333 0.23055555555555557 0.5026041666666666 0.2537037037037037 0.4979166666666667 0.25925925925925924 0.4921875 0.275 0.48125 0.28703703703703703 0.4713541666666667 0.31574074074074077 0.4708333333333333 0.3212962962962963 0.4744791666666667 0.33055555555555555 0.4822916666666667 0.3333333333333333 0.4864583333333333 0.3296296296296296 0.5 0.30185185185185187 0.509375 0.26666666666666666
0 0.35052083333333334 0.34074074074074073 0.35989583333333336 0.32407407407407407 0.3807291666666667 0.29907407407407405 0.3854166666666667 0.287962962962963 0.3958333333333333 0.2777777777777778 0.3963541666666667 0.26944444444444443 0.3885416666666667 0.26944444444444443 0.37552083333333336 0.2833333333333333 0.3692708333333333 0.2861111111111111 0.3572916666666667 0.30185185185185187 0.34479166666666666 0.325 0.3265625 0.3435185185185185 0.31927083333333334 0.3611111111111111 0.3182291666666667 0.36944444444444446 0.3223958333333333 0.3787037037037037 0.328125 0.37962962962962965 0.33697916666666666 0.37407407407407406 0.3453125 0.3611111111111111 0.35052083333333334 0.34074074074074073
0 0.296875 0.3435185185185185 0.29010416666666666 0.31666666666666665 0.290625 0.30925925925925923 0.2635416666666667 0.20833333333333334 0.2520833333333333 0.18703703703703703 0.24322916666666666 0.1962962962962963 0.24270833333333333 0.20925925925925926 0.24791666666666667 0.2324074074074074 0.25625 0.24722222222222223 0.290625 0.3490740740740741 0.2947916666666667 0.35 0.296875 0.3435185185185185
0 0.24375 0.549074074074074 0.24791666666666667 0.5564814814814815 0.2552083333333333 0.5564814814814815 0.2557291666666667 0.5518518518518518 0.23645833333333333 0.5203703703703704 0.23333333333333334 0.5074074074074074 0.23333333333333334 0.4703703703703704 0.2375 0.4546296296296296 0.23958333333333334 0.4324074074074074 0.2375 0.41944444444444445 0.2328125 0.412962962962963 0.2265625 0.41388888888888886 0.21979166666666666 0.4305555555555556 0.21927083333333333 0.44814814814814813 0.221875 0.46111111111111114 0.22447916666666667 0.5009259259259259 0.23229166666666667 0.524074074074074 0.24166666666666667 0.5388888888888889 0.24375 0.549074074074074
0 0.25677083333333334 0.7768518518518519 0.2515625 0.7407407407407407 0.240625 0.6796296296296296 0.2421875 0.6611111111111111 0.23072916666666668 0.6296296296296297 0.22395833333333334 0.6259259259259259 0.215625 0.6351851851851852 0.21822916666666667 0.6648148148148149 0.22864583333333333 0.6925925925925925 0.23958333333333334 0.7453703703703703 0.25104166666666666 0.7814814814814814 0.2557291666666667 0.7833333333333333 0.25677083333333334 0.7768518518518519
0 0.5807291666666666 0.7240740740740741 0.5807291666666666 0.7203703703703703 0.5755208333333334 0.7148148148148148 0.575 0.7027777777777777 0.5796875 0.6833333333333333 0.5807291666666666 0.6546296296296297 0.5875 0.6277777777777778 0.5921875 0.5962962962962963 0.5916666666666667 0.5740740740740741 0.5947916666666667 0.5564814814814815 0.590625 0.5462962962962963 0.5838541666666667 0.5481481481481482 0.5822916666666667 0.5537037037037037 0.571875 0.6314814814814815 0.5505208333333333 0.7231481481481481 0.5484375 0.7620370370370371 0.5510416666666667 0.7777777777777778 0.5567708333333333 0.7833333333333333 0.5682291666666667 0.7824074074074074 0.575 0.7407407407407407 0.5807291666666666 0.7240740740740741
0 0.7963541666666667 0.8101851851851852 0.8067708333333333 0.7898148148148149 0.8057291666666667 0.7814814814814814 0.8020833333333334 0.7731481481481481 0.7984375 0.7712962962962963 0.775 0.7870370370370371 0.7635416666666667 0.8166666666666667 0.7515625 0.8314814814814815 0.7364583333333333 0.8416666666666667 0.7359375 0.8462962962962963 0.7145833333333333 0.8694444444444445 0.7130208333333333 0.8759259259259259 0.7151041666666667 0.8796296296296297 0.7208333333333333 0.8796296296296297 0.7546875 0.8518518518518519 0.778125 0.825 0.7963541666666667 0.8101851851851852
0 0.7078125 0.6240740740740741 0.709375 0.6101851851851852 0.7015625 0.5916666666666667 0.6807291666666667 0.5814814814814815 0.6265625 0.5351851851851852 0.6192708333333333 0.5361111111111111 0.61875 0.5407407407407407 0.6348958333333333 0.5638888888888889 0.6734375 0.6 0.6916666666666667 0.6222222222222222 0.703125 0.6277777777777778 0.7078125 0.6240740740740741
0 0.7932291666666667 0.4111111111111111 0.7901041666666667 0.40370370370370373 0.7802083333333333 0.4009259259259259 0.7723958333333333 0.42407407407407405 0.759375 0.5203703703703704 0.7588541666666667 0.5555555555555556 0.7619791666666667 0.5592592592592592 0.7645833333333333 0.5564814814814815 0.7791666666666667 0.4703703703703704 0.7916666666666666 0.4351851851851852 0.7932291666666667 0.4111111111111111
0 0.5786458333333333 0.8731481481481481 0.5786458333333333 0.8685185185185185 0.5765625 0.8564814814814815 0.5572916666666666 0.8564814814814815 0.5427083333333333 0.8675925925925926 0.5296875 0.8722222222222222 0.5119791666666667 0.8722222222222222 0.4817708333333333 0.8851851851851852 0.4822916666666667 0.8925925925925926 0.4895833333333333 0.8944444444444445 0.5161458333333333 0.8935185185185185 0.5416666666666666 0.887962962962963 0.5651041666666666 0.8907407407407407 0.5786458333333333 0.8731481481481481
0 0.45677083333333335 0.8194444444444444 0.4708333333333333 0.8018518518518518 0.4744791666666667 0.787962962962963 0.4739583333333333 0.7787037037037037 0.46822916666666664 0.7722222222222223 0.4578125 0.7777777777777778 0.45 0.7898148148148149 0.4421875 0.8185185185185185 0.42864583333333334 0.8425925925925926 0.4125 0.8601851851851852 0.4078125 0.8703703703703703 0.39895833333333336 0.8777777777777778 0.39791666666666664 0.8814814814814815 0.4 0.8861111111111111 0.4041666666666667 0.8861111111111111 0.425 0.8712962962962963 0.43854166666666666 0.8546296296296296 0.45677083333333335 0.8194444444444444
0 0.3796875 0.7462962962962963 0.38645833333333335 0.7472222222222222 0.3885416666666667 0.7361111111111112 0.38177083333333334 0.712037037037037 0.3770833333333333 0.6796296296296296 0.37135416666666665 0.6638888888888889 0.36354166666666665 0.6277777777777778 0.3609375 0.575 0.35833333333333334 0.5611111111111111 0.3494791666666667 0.5416666666666666 0.34010416666666665 0.537962962962963 0.33489583333333334 0.5435185185185185 0.33645833333333336 0.587037037037037 0.3463541666666667 0.6138888888888889 0.3572916666666667 0.6768518518518518 0.3651041666666667 0.7064814814814815 0.3729166666666667 0.7222222222222222 0.3796875 0.7462962962962963
0 0.334375 0.5055555555555555 0.3302083333333333 0.5027777777777778 0.29010416666666666 0.5416666666666666 0.26614583333333336 0.5537037037037037 0.25625 0.5694444444444444 0.25625 0.5796296296296296 0.259375 0.5861111111111111 0.2734375 0.5842592592592593 0.3203125 0.5222222222222223 0.3333333333333333 0.5111111111111111 0.334375 0.5055555555555555
0 0.6588541666666666 0.512962962962963 0.6203125 0.5027777777777778 0.6078125 0.4935185185185185 0.5989583333333334 0.4935185185185185 0.5864583333333333 0.5018518518518519 0.5859375 0.5157407407407407 0.5973958333333333 0.525 0.6248958333333333 0.5212962962962963 0.6515625 0.5296296296296297 0.6692708333333334 0.5222222222222223 0.6588541666666666 0.512962962962963
0 0.37604166666666666 0.5898148148148148 0.38333333333333336 0.5898148148148148 0.3885416666666667 0.5805555555555556 0.3921875 0.5527777777777778 0.38958333333333334 0.5092592592592593 0.38958333333333334 0.4638888888888889 0.3802083333333333 0.412962962962963 0.3776041666666667 0.4074074074074074 0.3729166666666667 0.412962962962963 0.37864583333333335 0.5101851851851852 0.3776041666666667 0.524074074074074 0.37135416666666665 0.5472222222222223 0.37083333333333335 0.5657407407407408 0.37395833333333334 0.5861111111111111 0.37604166666666666 0.5898148148148148
0 0.3325932291666666 0.472162037037037 0.34191822916666664 0.5016333333333334 0.34329947916666664 0.5384731481481482 0.34640781249999997 0.5298768518518518 0.34606250000000005 0.49856388888888886 0.33466510416666667 0.4666361111111111 0.3274125 0.4463740740740741 0.32119583333333335 0.42304259259259264 0.3184328125 0.4095342592592593 0.31083489583333335 0.4021666666666666 0.3035817708333333 0.40400833333333336 0.3011640625 0.41383240740740745 0.30461822916666664 0.42918240740740743 0.31532447916666667 0.44391759259259256 0.32499479166666667 0.4506722222222222 0.3325932291666666 0.472162037037037
0 0.343990625 0.4850555555555556 0.34813489583333335 0.5077731481481481 0.3491708333333333 0.5372453703703703 0.35331562499999997 0.513912962962963 0.35331562499999997 0.4887398148148149 0.3443359375 0.46417962962962966 0.3408817708333334 0.4420759259259259 0.34260885416666664 0.4273398148148148 0.33915520833333335 0.4095342592592593 0.3325932291666666 0.3960268518518519 0.3263765625 0.39418425925925926 0.3229229166666666 0.4070787037037037 0.3215411458333334 0.42242777777777774 0.3253401041666667 0.4383916666666667 0.33431979166666664 0.4598814814814815 0.343990625 0.4850555555555556
0 0.4562364583333334 0.410762037037037 0.46694270833333335 0.41813055555555556 0.4665973958333333 0.4064638888888889 0.45001979166666667 0.40339444444444444 0.4382770833333333 0.41444629629629626 0.42135364583333335 0.4205861111111111 0.4113380208333333 0.4126046296296296 0.40270364583333335 0.4015527777777778 0.39130625 0.3978685185185185 0.38785260416666667 0.4156740740740741 0.3971776041666667 0.431637962962963 0.40995624999999997 0.43900555555555554 0.4254979166666667 0.43777777777777777 0.4382770833333333 0.42611203703703704 0.4562364583333334 0.410762037037037
0 0.3916515625 0.5200537037037037 0.41168333333333335 0.503475 0.4254979166666667 0.49119537037037037 0.44276666666666664 0.4850555555555556 0.45243697916666664 0.48812592592592596 0.46763333333333335 0.4850555555555556 0.4759223958333333 0.472162037037037 0.47730416666666664 0.4512861111111111 0.46521614583333337 0.446987962962963 0.455890625 0.4494435185185185 0.44898333333333335 0.45865370370370373 0.44276666666666664 0.4666361111111111 0.4210083333333333 0.47830185185185187 0.40270364583333335 0.49119537037037037 0.3909609375 0.5114574074074074 0.3916515625 0.5200537037037037
0 0.4282609375 0.5900490740740741 0.44242135416666667 0.6109240740740741 0.4389677083333333 0.595575 0.43378697916666664 0.5771546296296296 0.42860624999999997 0.5538231481481481 0.4254979166666667 0.5397009259259259 0.41928125 0.5231231481481481 0.4127192708333334 0.5096157407407408 0.4023583333333333 0.508387037037037 0.398559375 0.5175972222222223 0.39821354166666667 0.5317194444444444 0.40546666666666664 0.548911111111111 0.41237395833333335 0.5519805555555556 0.41997239583333335 0.5636472222222223 0.4282609375 0.5900490740740741
0 0.4735046875 0.6545185185185185 0.4793760416666667 0.6870601851851852 0.48662916666666667 0.7386351851851852 0.4942270833333334 0.7496870370370371 0.49353645833333337 0.7214435185185185 0.4942270833333334 0.6925861111111111 0.48731979166666667 0.6637277777777778 0.483175 0.6453083333333334 0.47212343749999997 0.6207481481481482 0.4659067708333334 0.5857509259259259 0.454509375 0.5581212962962963 0.45140104166666667 0.5458407407407407 0.44104010416666667 0.5452268518518518 0.44449375 0.5433851851851852 0.43413229166666667 0.544612962962963 0.43206041666666667 0.5562787037037037 0.44000364583333335 0.5765407407407407 0.4503651041666667 0.6017148148148148 0.46314375 0.6287305555555556 0.4735046875 0.6545185185185185
0 0.4607260416666667 0.7490731481481482 0.46141666666666664 0.7171453703703704 0.45209166666666667 0.6925861111111111 0.4403489583333334 0.6563601851851852 0.43758593749999997 0.6201342592592592 0.43171458333333335 0.5986444444444444 0.42515260416666667 0.5783824074074074 0.4289520833333333 0.6250462962962963 0.4324057291666667 0.6735518518518518 0.4403489583333334 0.7060935185185185 0.44173072916666667 0.734337037037037 0.45071041666666667 0.7539851851851852 0.4607260416666667 0.7490731481481482
0 0.47799479166666664 0.6839898148148148 0.47039635416666664 0.6563601851851852 0.45796302083333335 0.6287305555555556 0.44449375 0.6096962962962963 0.4327510416666666 0.5992583333333333 0.4324057291666667 0.5986444444444444 0.44242135416666667 0.6281166666666667 0.4503651041666667 0.6483777777777778 0.4562364583333334 0.6606583333333333 0.4627984375 0.6876740740740741 0.47212343749999997 0.6962694444444445 0.47799479166666664 0.6839898148148148
0 0.3971411458333333 0.8982805555555556 0.4145432291666667 0.9049101851851852 0.4108140625 0.8905462962962962 0.39527656250000004 0.877287962962963 0.3747671875 0.8662388888888889 0.3536359375 0.8695527777777777 0.340584375 0.857399074074074 0.32628958333333336 0.8562944444444445 0.313859375 0.8684481481481481 0.3213177083333333 0.8883361111111111 0.3356119791666667 0.8883361111111111 0.35177135416666666 0.8894416666666667 0.37290260416666665 0.8905462962962962 0.3971411458333333 0.8982805555555556
0 0.2759479166666667 0.8474555555555555 0.29770052083333337 0.8585046296296296 0.31199479166666666 0.8640287037037037 0.32566822916666666 0.8585046296296296 0.3362338541666666 0.8562944444444445 0.35239270833333336 0.8618185185185185 0.3586078125 0.8452453703703704 0.350528125 0.8408259259259259 0.34182708333333334 0.8496648148148148 0.3231822916666667 0.8397212962962963 0.31448125 0.8408259259259259 0.29335 0.8308814814814814 0.28216302083333333 0.8187277777777778 0.27843385416666666 0.8065740740740741 0.2790552083333333 0.7966296296296297 0.2697328125 0.80105 0.261653125 0.7988398148148148 0.24984479166666668 0.7944203703703704 0.23927916666666665 0.7988398148148148 0.23119947916666667 0.8098888888888889 0.23741458333333335 0.8286722222222223 0.2486015625 0.8375111111111111 0.2622744791666667 0.857399074074074 0.2628963541666667 0.8419305555555555 0.2759479166666667 0.8474555555555555
0 0.50776875 0.34251759259259257 0.518334375 0.34251759259259257 0.5338718750000001 0.36461574074074077 0.5264140625 0.34693703703703704 0.512740625 0.3325740740740741 0.5003109375 0.3403083333333333 0.49223124999999995 0.3557768518518518 0.48974531250000003 0.37566481481481484 0.4860161458333333 0.3966574074074074 0.4829088541666666 0.4198601851851852 0.48539479166666666 0.43643425925925927 0.4928526041666667 0.43643425925925927 0.49906770833333336 0.4264898148148148 0.5021755208333334 0.4066018518518518 0.49906770833333336 0.3878185185185185 0.49906770833333336 0.3590916666666667 0.50776875 0.34251759259259257
0 0.5506526041666666 0.35246203703703705 0.5593536458333334 0.30826574074074076 0.5518958333333334 0.32373425925925925 0.5487880208333333 0.34583240740740745 0.5307645833333333 0.3613009259259259 0.52330625 0.3778740740740741 0.5146052083333333 0.39997222222222223 0.5133624999999999 0.4198601851851852 0.5214416666666667 0.44306296296296294 0.5313859375 0.43974907407407404 0.5326291666666667 0.4264898148148148 0.5301427083333333 0.397762962962963 0.5282786458333333 0.3833990740740741 0.5400869791666667 0.3624055555555556 0.5506526041666666 0.35246203703703705
0 0.6239901041666667 0.448587962962963 0.628340625 0.43753888888888887 0.617775 0.4198601851851852 0.607209375 0.39555277777777775 0.5978869791666667 0.37676944444444443 0.5854567708333334 0.3579861111111111 0.5804848958333333 0.34362314814814815 0.5748911458333333 0.3314685185185185 0.5692979166666666 0.32373425925925925 0.5649473958333334 0.3259444444444444 0.5624609374999999 0.34251759259259257 0.5699192708333333 0.36793055555555554 0.5811062499999999 0.37676944444444443 0.5997515625 0.4010768518518519 0.61218125 0.4253851851851852 0.6239901041666667 0.448587962962963
0 0.6643880208333334 0.3878185185185185 0.6811682291666667 0.36682592592592594 0.6817901041666666 0.3392027777777778 0.6749536458333334 0.3701398148148148 0.659415625 0.37676944444444443 0.6426354166666666 0.3690351851851852 0.6320697916666667 0.3491472222222222 0.628340625 0.3314685185185185 0.6190182291666667 0.3182101851851852 0.6096953125 0.31047592592592593 0.6028588541666667 0.30495092592592593 0.597265625 0.32262962962962966 0.6047234375 0.3513574074074074 0.6183963541666666 0.3613009259259259 0.6308265624999999 0.37566481481481484 0.6500932291666667 0.38229444444444444 0.6643880208333334 0.3878185185185185
0 0.6395276041666667 0.39555277777777775 0.6563083333333334 0.4143361111111111 0.6718458333333334 0.4132314814814815 0.6612802083333332 0.39997222222222223 0.6488499999999999 0.38229444444444444 0.6264760416666667 0.3690351851851852 0.6115598958333333 0.35356666666666664 0.6003729166666666 0.34472777777777774 0.591671875 0.3369935185185185 0.5842140625 0.34472777777777774 0.5867 0.36572037037037036 0.5997515625 0.38008425925925926 0.61218125 0.38008425925925926 0.6233687499999999 0.3778740740740741 0.6395276041666667 0.39555277777777775
0 0.8176286458333333 0.32325462962962964 0.8164083333333333 0.3482037037037037 0.82678125 0.3482037037037037 0.8243401041666666 0.32759351851851853 0.8225098958333333 0.2950509259259259 0.8170182291666667 0.2625092592592593 0.8121369791666667 0.2321361111111111 0.8139671875 0.21803425925925926 0.8072557291666667 0.18983055555555556 0.7956625 0.18657685185185183 0.7913911458333334 0.21477962962962963 0.7920010416666667 0.2321361111111111 0.8023739583333334 0.25491574074074075 0.8066453125 0.2863731481481482 0.8176286458333333 0.32325462962962964
0 0.7633234375 0.5825092592592592 0.7651536458333333 0.5597296296296297 0.7517302083333333 0.5510518518518518 0.7358656250000001 0.5477972222222222 0.7193911458333333 0.5380351851851851 0.70230625 0.5293564814814815 0.6913229166666667 0.5304416666666666 0.6791197916666667 0.5336953703703703 0.6705776041666667 0.5456277777777778 0.6833911458333334 0.546712962962963 0.70230625 0.5521361111111112 0.7248822916666666 0.5586453703703703 0.7419671875 0.5803398148148149 0.7511197916666668 0.5944416666666666 0.7633234375 0.5825092592592592
