0 0.6614583333333334 0.649074074074074 0.6588541666666666 0.6592592592592592 0.6619791666666667 0.6657407407407407 0.6760416666666667 0.674074074074074 0.6864583333333333 0.6898148148148148 0.7338541666666667 0.7388888888888889 0.7427083333333333 0.7527777777777778 0.7453125 0.7703703703703704 0.7515625 0.7712962962962963 0.7640625 0.7842592592592592 0.7776041666666667 0.7916666666666666 0.7833333333333333 0.8481481481481481 0.7848958333333333 0.8194444444444444 0.7822916666666667 0.7925925925925926 0.7869791666666667 0.7731481481481481 0.7927083333333333 0.7648148148148148 0.8088541666666667 0.7555555555555555 0.8177083333333334 0.7435185185185185 0.7947916666666667 0.7592592592592593 0.7854166666666667 0.7583333333333333 0.7682291666666666 0.7277777777777777 0.75625 0.7240740740740741 0.7453125 0.7138888888888889 0.7333333333333333 0.7018518518518518 0.7208333333333333 0.6824074074074075 0.7005208333333334 0.6620370370370371 0.6901041666666666 0.6555555555555556
0 0.3104166666666667 0.0824074074074074 0.3015625 0.13055555555555556 0.2833333333333333 0.15462962962962962 0.2869791666666667 0.15462962962962962 0.3026041666666667 0.14074074074074075 0.3177083333333333 0.15925925925925927 0.3536458333333333 0.18518518518518517 0.3729166666666667 0.2111111111111111 0.3890625 0.22685185185185186 0.4140625 0.23425925925925925 0.4197916666666667 0.23333333333333334 0.4244791666666667 0.22777777777777777 0.4239583333333333 0.21666666666666667 0.409375 0.2101851851851852 0.3958333333333333 0.1925925925925926 0.37447916666666664 0.17592592592592593 0.3489583333333333 0.14814814814814814 0.33489583333333334 0.12407407407407407 0.3229166666666667 0.11481481481481481 0.31354166666666666 0.11203703703703703 0.31145833333333334 0.10555555555555556 0.31197916666666664 0.09444444444444444 0.31666666666666665 0.075
0 0.6098958333333333 0.29814814814814816 0.6098958333333333 0.3074074074074074 0.6177083333333333 0.31666666666666665 0.6572916666666667 0.3138888888888889 0.6885416666666667 0.2861111111111111 0.7041666666666667 0.2657407407407407 0.7109375 0.262037037037037 0.7151041666666667 0.2537037037037037 0.7354166666666667 0.23333333333333334 0.746875 0.22870370370370371 0.7552083333333334 0.22037037037037038 0.7708333333333334 0.1935185185185185 0.7807291666666667 0.2 0.79375 0.21481481481481482 0.7989583333333333 0.2175925925925926 0.8005208333333333 0.21203703703703702 0.7979166666666667 0.20462962962962963 0.778125 0.18981481481481483 0.7729166666666667 0.1814814814814815 0.7661458333333333 0.1574074074074074 0.7697916666666667 0.11388888888888889 0.7683776041666667 0.10868240740740741 0.7661458333333333 0.10925925925925926 0.7645833333333333 0.1111111111111111 0.7619791666666667 0.1574074074074074 0.7598958333333333 0.16111111111111112 0.746875 0.1648148148148148 0.7296875 0.17962962962962964 0.7203125 0.19907407407407407 0.6890625 0.24537037037037038 0.6578125 0.26944444444444443 0.653125 0.26851851851851855 0.6390625 0.2777777777777778 0.6307291666666667 0.28703703703703703 0.615625 0.29074074074074074
0 0.7817708333333333 0.1787037037037037 0.7822916666666667 0.1824074074074074 0.7901041666666667 0.17962962962962964 0.8041666666666667 0.1824074074074074 0.8109375 0.18888888888888888 0.8317708333333333 0.32222222222222224 0.8290109375 0.33540462962962964 0.8306494791666666 0.3552212962962963 0.8333333333333334 0.3675925925925926 0.8333333333333334 0.38425925925925924 0.8369791666666667 0.4009259259259259 0.8369791666666667 0.4212962962962963 0.8416666666666667 0.4287037037037037 0.8458333333333333 0.4287037037037037 0.8494791666666667 0.41574074074074074 0.8494791666666667 0.38981481481481484 0.8520833333333333 0.37777777777777777 0.8520833333333333 0.33611111111111114 0.8458333333333333 0.2564814814814815 0.8453125 0.21574074074074073 0.8369791666666667 0.18981481481481483 0.8348958333333333 0.17407407407407408 0.8447916666666667 0.16574074074074074 0.85 0.16944444444444445 0.8505208333333333 0.1648148148148148 0.8458333333333333 0.15925925925925927 0.8385416666666666 0.16111111111111112 0.8197916666666667 0.1814814814814815 0.8015625 0.175
0 0.43645833333333334 0.041666666666666664 0.4359375 0.05185185185185185 0.4473958333333333 0.05740740740740741 0.45677083333333335 0.07592592592592592 0.4588541666666667 0.08888888888888889 0.4557291666666667 0.11203703703703703 0.4557291666666667 0.13518518518518519 0.46197916666666666 0.1648148148148148 0.4765625 0.27685185185185185 0.484375 0.29907407407407405 0.4895833333333333 0.32592592592592595 0.4947916666666667 0.32685185185185184 0.4973958333333333 0.3212962962962963 0.49895833333333334 0.3 0.4942708333333333 0.24722222222222223 0.48802083333333335 0.22407407407407406 0.48125 0.17777777777777778 0.48072916666666665 0.09351851851851851 0.49270833333333336 0.07037037037037037 0.503125 0.06388888888888888 0.5145833333333333 0.06388888888888888 0.5098958333333333 0.05925925925925926 0.5015625 0.05925925925925926 0.46979166666666666 0.07592592592592592 0.4473958333333333 0.044444444444444446 0.4395833333333333 0.03888888888888889
0 0.7951182291666666 0.10046851851851851 0.7986078125 0.11324537037037037 0.8067505208333333 0.14082592592592594 0.8094645833333334 0.15013518518518518 0.8071380208333333 0.13393055555555555 0.801321875 0.1115212962962963 0.7974447916666667 0.09807500000000001 0.7986078125 0.08807685185185185 0.7984140624999999 0.08290555555555555 0.8034546875 0.06118518518518518 0.8063625 0.047395370370370365 0.8034546875 0.05291111111111111 0.7978322916666667 0.07463148148148148 0.7962812499999999 0.07876851851851852 0.7894958333333334 0.07014907407407407 0.7737921875 0.07014907407407407 0.7526598958333334 0.06980462962962962 0.7251302083333333 0.0670462962962963 0.7051614583333333 0.07049444444444444 0.6958557291666666 0.07876851851851852 0.6838354166666666 0.09462777777777777 0.6793765625 0.10566018518518519 0.6826723958333333 0.11221018518518518 0.6888760416666667 0.11048703703703704 0.6964369791666667 0.09979907407407408 0.7039984374999999 0.09807500000000001 0.7243546875 0.09945462962962963 0.7441296875 0.09773055555555556 0.7602213541666667 0.10290185185185186 0.7704963541666667 0.10876296296296296 0.7846489583333334 0.10876296296296296 0.7935671875 0.10462592592592593
0 0.8056854166666666 0.5352935185185185 0.8082713541666667 0.5748388888888889 0.8089609375 0.6064 0.806375 0.5877 0.8044786458333333 0.5610296296296297 0.8013760416666666 0.5355861111111111 0.7891364583333333 0.5259351851851852 0.7798276041666666 0.5029453703703705 0.775475 0.48516574074074076 0.7652182291666667 0.4555101851851852 0.7514270833333333 0.4201907407407407 0.7372916666666666 0.3797259259259259 0.7391880208333333 0.37236851851851854 0.7333265625000001 0.33949259259259257 0.7488411458333334 0.36447685185185186 0.7662520833333333 0.3991175925925926 0.7769401041666666 0.4297731481481481 0.7853869791666667 0.45491018518518517 0.7926270833333333 0.47054444444444443 0.8041770833333334 0.4867916666666667 0.8112447916666666 0.5036527777777778 0.8127963541666666 0.519287037037037 0.8229671875 0.5278703703703704 0.8427911458333334 0.5407453703703704 0.8365854166666666 0.5410518518518519 0.8227947916666667 0.5324685185185185 0.8124515625 0.5232722222222222 0.8093484375000001 0.5324685185185185
0 0.8321895833333334 0.42835833333333334 0.8189588541666667 0.43147685185185186 0.7996520833333334 0.43178333333333335 0.7944802083333333 0.4422064814814815 0.7905156249999999 0.4440453703703704 0.7917223958333334 0.4566138888888889 0.7872401041666667 0.4415935185185185 0.7772416666666667 0.4302509259259259 0.76724375 0.3989824074074074 0.7532802083333333 0.37139259259259255 0.7375932291666667 0.34257592592592595 0.7265604166666667 0.329087962962963 0.7131145833333333 0.29935185185185187 0.7120802083333333 0.2923018518518518 0.7024265625 0.27237500000000003 0.7036333333333334 0.2693101851851852 0.7127697916666667 0.26195277777777776 0.7158729166666667 0.27268148148148147 0.7238026041666666 0.28433055555555553 0.7355244791666667 0.2935277777777778 0.7415583333333333 0.3073222222222222 0.745178125 0.32142407407407403 0.7537973958333333 0.33399259259259256 0.7679328125 0.34778796296296294 0.7777588541666667 0.3667944444444444 0.7891364583333333 0.38150833333333334 0.7981005208333334 0.39959537037037035 0.80103125 0.423812962962963 0.8020651041666667 0.42810462962962964 0.8141322916666667 0.42902407407407406
0 0.8363604166666666 0.42754444444444445 0.8250463541666666 0.4208574074074074 0.808075 0.41354074074074076 0.7970177083333333 0.3966212962962963 0.7851890625000001 0.37329999999999997 0.7718177083333334 0.3527222222222222 0.760503125 0.33900370370370375 0.7445604166666667 0.3184259259259259 0.7396744791666666 0.30196388888888887 0.7365885416666667 0.29281851851851853 0.746103125 0.28047222222222223 0.746103125 0.23716203703703703 0.7489317708333334 0.2649416666666667 0.7489317708333334 0.28277592592592593 0.7625604166666666 0.28963518518518516 0.7692458333333333 0.30563981481481484 0.7728458333333333 0.323474074074074 0.7862177083333334 0.34908148148148144 0.8029317708333333 0.3705740740740741 0.8193890625000001 0.3861212962962963 0.8258177083333333 0.3975537037037037 0.8304463541666667 0.4053277777777778 0.8371317708333332 0.4076138888888889
0 0.63823125 0.22369444444444445 0.6521171875 0.21637777777777778 0.6647171875000001 0.20128796296296295 0.6570026041666667 0.2054027777777778 0.6415739583333333 0.2168351851851852 0.6354026041666666 0.21454907407407406 0.6294885416666667 0.2063175925925926 0.6287166666666667 0.1738509259259259 0.6238312500000001 0.14184074074074074 0.6246026041666667 0.17933796296296298 0.6235739583333333 0.20860462962962964 0.6199739583333332 0.21271944444444443 0.6120026041666667 0.22598055555555555 0.5991453124999999 0.25433240740740737 0.5893739583333333 0.2799398148148148 0.5826880208333333 0.300975 0.5711166666666667 0.3178944444444445 0.5618593749999999 0.3371 0.5518307291666668 0.36407962962962964 0.5484880208333334 0.3874009259259259 0.543859375 0.4111796296296296 0.5451453125000001 0.42535555555555554 0.5490020833333333 0.4235259259259259 0.5554307291666666 0.4070638888888889 0.5628880208333332 0.3919740740740741 0.5713739583333334 0.3718537037037037 0.585259375 0.3393861111111111 0.6014593749999999 0.3032611111111111 0.6217739583333334 0.2785685185185185 0.6354026041666666 0.24930185185185183
0 0.5673239583333333 0.31097314814814814 0.566359375 0.3274972222222222 0.5630166666666666 0.33252777777777776 0.5632739583333334 0.3110351851851852 0.5609593749999999 0.3041759259259259 0.5450166666666667 0.27719629629629633 0.5401307291666666 0.24564351851851854 0.526759375 0.22186574074074075 0.5226447916666667 0.21409166666666665 0.5149307291666667 0.20448888888888891 0.5010447916666666 0.17659444444444444 0.4917875 0.1358962962962963 0.4924947916666667 0.12962222222222222 0.485809375 0.10172777777777778 0.48272343749999996 0.08618055555555555 0.491209375 0.08480833333333333 0.4971234375 0.0907537037037037 0.5022661458333333 0.11498888888888889 0.5086947916666666 0.12596388888888888 0.5184666666666666 0.15934537037037036 0.5333807291666666 0.19272685185185187 0.5557520833333334 0.23022407407407408 0.5634666666666667 0.2421138888888889 0.5698953125 0.24074166666666663 0.5781239583333334 0.2722944444444444 0.5794093749999999 0.2855555555555555 0.5863526041666667 0.2878416666666667 0.5806953125 0.2924148148148148 0.5760666666666666 0.30018796296296296
0 0.530359375 0.23840092592592593 0.5234166666666666 0.2636101851851852 0.5126161458333333 0.30842314814814814 0.5082447916666667 0.3436342592592593 0.5025880208333333 0.3756435185185185 0.49731614583333333 0.379975 0.49088750000000003 0.40786944444444445 0.48240208333333334 0.41152777777777777 0.48214479166666663 0.39643703703703703 0.4870307291666667 0.3763166666666667 0.4865161458333333 0.3616842592592593 0.49423072916666666 0.32464444444444446 0.4993734375 0.30178055555555555 0.5050307291666667 0.27068518518518514 0.5099161458333333 0.23501666666666668 0.5145447916666667 0.22267037037037038 0.5207166666666666 0.21809722222222222 0.5253447916666667 0.21946944444444444 0.5317734375 0.23364537037037036
0 0.5200494791666667 0.6767398148148148 0.5078036458333333 0.6866814814814814 0.47985104166666664 0.695912962962963 0.45842083333333333 0.695675925925926 0.450434375 0.7011203703703704 0.4335296875 0.6895222222222221 0.43166614583333335 0.6881018518518518 0.4262088541666667 0.6902324074074074 0.41130104166666664 0.7015935185185185 0.4212838541666667 0.6899953703703704 0.43273125 0.6836046296296296 0.4315333333333333 0.6762666666666667 0.43366302083333336 0.6710592592592592 0.4279390625 0.6445481481481481 0.4270072916666667 0.6338962962962963 0.43193229166666663 0.654962962962963 0.4353932291666667 0.6679814814814814 0.44111666666666666 0.6639574074074074 0.450434375 0.6627740740740741 0.4565572916666667 0.6686916666666667 0.4628130208333333 0.673662962962963 0.47079947916666665 0.6793435185185186 0.47918541666666664 0.681237037037037 0.48996718749999996 0.6769768518518519 0.4998171875 0.6696388888888889 0.5095338541666666 0.6632481481481481 0.5215135416666666 0.6613537037037036 0.533759375 0.6613537037037036 0.5356229166666666 0.6656148148148149 0.5313635416666667 0.6712953703703703 0.5216463541666667 0.6729527777777777
0 0.5033109375 0.6543546296296296 0.48970104166666667 0.6765027777777778 0.4821135416666667 0.6788703703703703 0.4754583333333333 0.6791074074074075 0.46827083333333336 0.6769768518518519 0.4660078125 0.6741361111111112 0.463878125 0.6615907407407408 0.4440453125 0.6471518518518519 0.4384546875 0.6367370370370371 0.4593526041666667 0.6528324074074073 0.46707291666666667 0.654962962962963 0.48038333333333333 0.6381564814814814 0.494359375 0.629162037037037 0.5083359375 0.6214296296296297 0.5237760416666667 0.6013092592592593 0.5420119791666667 0.5802425925925926 0.5589166666666666 0.5740879629629629 0.5630427083333333 0.5736148148148148 0.574090625 0.56675 0.5762203125 0.5729046296296296 0.5744901041666667 0.5792953703703704 0.5629098958333334 0.5868703703703704 0.5578515625 0.6005990740740741 0.5409468749999999 0.6185888888888889 0.5184520833333334 0.6382351851851852 0.5063390625 0.6517277777777778
0 0.49316614583333335 0.8737851851851852 0.5063354166666667 0.8819555555555555 0.5147515625 0.9004212962962963 0.5116822916666667 0.911337962962963 0.5061890625000001 0.9156472222222222 0.5071588541666666 0.9104759259259259 0.5111973958333333 0.9064546296296296 0.5105510416666666 0.8998462962962962 0.5063510416666667 0.8918018518518518 0.4973036458333333 0.8846203703703703 0.48954895833333334 0.8742777777777778 0.480340625 0.8906527777777777 0.45917708333333335 0.895824074074074 0.4439911458333333 0.8966861111111112 0.4111953125 0.8851944444444444 0.39394947916666667 0.8739898148148149 0.36163854166666665 0.8527305555555555 0.34516041666666664 0.8458351851851852 0.3336901041666666 0.8337694444444445 0.3278739583333333 0.8280231481481481 0.33934427083333335 0.8254379629629629 0.35743854166666666 0.8234268518518519 0.38037916666666666 0.8294601851851852 0.39960416666666665 0.8395148148148148 0.4146286458333333 0.8466972222222222 0.42609895833333333 0.8469842592592594 0.4458083333333333 0.8409518518518518 0.45986354166666665 0.8372166666666666 0.4763421875 0.8360675925925926 0.48603541666666666 0.8412388888888889 0.5226677083333333 0.7869592592592594 0.5186291666666667 0.7981638888888889 0.5066739583333333 0.8217222222222222 0.49132604166666666 0.8449925925925926 0.4887416666666667 0.8481527777777778 0.4908416666666667 0.8599324074074074 0.49003385416666667 0.867688888888889
0 0.40085625 0.882875 0.37876354166666665 0.8855009259259259 0.350653125 0.8780314814814815 0.3353052083333333 0.8742962962962963 0.32238125 0.8786064814814815 0.31349583333333336 0.8788935185185186 0.3007328125 0.8734351851851851 0.2934630208333333 0.8648157407407407 0.2887375 0.8674018518518518 0.27969062499999997 0.8800425925925927 0.27872135416666666 0.886937962962963 0.28437552083333334 0.8975675925925927 0.281790625 0.8969925925925926 0.276459375 0.88665 0.2788828125 0.8742962962962963 0.28857604166666667 0.8622305555555555 0.29229166666666667 0.8596444444444445 0.2908375 0.8498768518518518 0.28518333333333334 0.85275 0.27274375 0.8613685185185186 0.2722588541666667 0.8567722222222222 0.287121875 0.8504518518518519 0.29261458333333334 0.8444185185185185 0.29665364583333337 0.8372361111111112 0.306346875 0.8323518518518519 0.316525 0.8294787037037037 0.3221791666666666 0.8306277777777777 0.32977239583333334 0.8329268518518519 0.33736510416666665 0.8403962962962963 0.346896875 0.8484407407407407 0.3578828125 0.8550481481481481 0.3695145833333333 0.8599324074074074 0.38049999999999995 0.8671148148148149 0.3919703125 0.8728601851851852 0.39891718750000005 0.8780314814814815 0.4031177083333333 0.8820537037037037
0 0.30715468749999997 0.8153814814814815 0.30832604166666666 0.8264166666666667 0.30283333333333334 0.8341731481481481 0.2947552083333333 0.8387703703703703 0.2894239583333333 0.8393444444444444 0.2779536458333334 0.8232564814814815 0.2727838541666667 0.8040074074074074 0.2624447916666667 0.7744166666666666 0.24645052083333333 0.72845 0.24338125 0.7034555555555555 0.243865625 0.6945490740740742 0.23804999999999998 0.6810462962962963 0.23708072916666667 0.6730018518518518 0.24160416666666668 0.6692675925925926 0.24645052083333333 0.6718527777777777 0.2525895833333333 0.6821953703703704 0.2535588541666667 0.6867925925925926 0.2587286458333333 0.694262037037037 0.26195989583333334 0.7002953703703704 0.26082916666666667 0.709488888888889 0.2622828125 0.7178203703703704 0.2653526041666667 0.728737037037037 0.26922968750000004 0.7359194444444445 0.271653125 0.7376435185185185 0.2740765625 0.7479861111111111 0.2766614583333334 0.7591898148148147 0.28199270833333334 0.7721185185185185 0.28861614583333334 0.7859083333333333 0.2950786458333334 0.7974 0.3023484375 0.8077425925925925 0.30493333333333333 0.8123388888888889
0 0.366121875 0.8010212962962963 0.35840781250000003 0.8019972222222223 0.35146093749999996 0.8057314814814815 0.34031354166666666 0.8074555555555556 0.326096875 0.8074555555555556 0.3152729166666666 0.8037203703703704 0.3039640625 0.7988361111111112 0.298309375 0.7953888888888889 0.2937859375 0.7922287037037037 0.2871625 0.781599074074074 0.28005416666666666 0.7672342592592594 0.27569218749999996 0.7543064814814814 0.2735916666666667 0.7445379629629629 0.2750458333333333 0.7376435185185185 0.28199270833333334 0.7310351851851852 0.2884546875 0.7341953703703704 0.29556302083333336 0.7419527777777778 0.2986328125 0.7505712962962963 0.3023484375 0.763212037037037 0.30428697916666664 0.7698203703703703 0.3065489583333333 0.7726925925925926 0.31123385416666666 0.7726925925925926 0.32383489583333336 0.7775768518518519 0.33514375 0.7781518518518519 0.34855312499999996 0.7841842592592593 0.35436875 0.7899305555555556 0.36180052083333336 0.7910796296296296 0.36745468750000004 0.7922287037037037 0.36842395833333336 0.798549074074074 0.3669703125 0.8014222222222221
0 0.4147901041666667 0.6347999999999999 0.40025 0.6322444444444444 0.39281875 0.6316694444444444 0.38037916666666666 0.64115 0.36050781249999997 0.6497694444444444 0.34241406249999995 0.6670064814814815 0.3269046875 0.6902777777777778 0.31640364583333336 0.7066527777777777 0.30590260416666665 0.7178574074074073 0.299925 0.7244657407407408 0.2949171875 0.7310731481481482 0.2900703125 0.7342333333333333 0.2798921875 0.7307861111111111 0.2740765625 0.7345203703703704 0.27116875 0.7388296296296296 0.26664479166666666 0.7302111111111111 0.2624447916666667 0.7172833333333334 0.26115208333333334 0.7057916666666667 0.26648333333333335 0.6937249999999999 0.27456093750000005 0.6848185185185186 0.2868390625 0.6718907407407408 0.30218697916666665 0.660399074074074 0.31284947916666667 0.6535037037037037 0.3235119791666667 0.6486203703703703 0.3307817708333333 0.6437361111111112 0.3406369791666667 0.6322444444444444 0.3490375 0.6219018518518519 0.361315625 0.6083990740740741 0.37876354166666665 0.6035148148148148 0.3920109375 0.6003546296296297 0.396534375 0.6095481481481482 0.40509687499999997 0.6055259259259259 0.4128515625 0.6121342592592592 0.4180213541666667 0.6175925925925926 0.4201213541666667 0.626211111111111 0.4197984375 0.6310953703703703
0 0.2602625 0.5661601851851852 0.26895260416666666 0.5799231481481482 0.2762614583333333 0.596724074074074 0.2803614583333333 0.6103555555555555 0.27679635416666665 0.6065518518518519 0.27091354166666665 0.5875314814814815 0.26413958333333337 0.5786546296296297 0.25807864583333334 0.5662916666666666 0.252909375 0.5678768518518519 0.24649166666666666 0.5653407407407407 0.24256979166666665 0.5764361111111111 0.2390046875 0.5843611111111111 0.23436979166666666 0.5805574074074074 0.23383489583333333 0.5656574074074073 0.23757864583333335 0.5786546296296297 0.2390046875 0.5777037037037037 0.24132239583333334 0.5688277777777777 0.24417447916666665 0.5653407407407407 0.24470937499999998 0.5593175925925926 0.24203541666666667 0.5463203703703703 0.24060885416666666 0.5336407407407407 0.2402526041666667 0.5196925925925926 0.24150052083333332 0.507962962962963 0.24577864583333334 0.4936981481481481 0.2509484375 0.48196851851851846 0.2584354166666667 0.45124907407407405 0.26431770833333335 0.4347648148148148 0.26770468750000004 0.41828055555555554 0.27323125000000004 0.40116296296296294 0.277509375 0.3887990740740741 0.28107447916666667 0.38467870370370366 0.2883833333333333 0.3723148148148148 0.29694010416666666 0.3640731481481482 0.30264427083333334 0.36946203703703706 0.30246614583333337 0.37707037037037033 0.2983661458333334 0.38816574074074073 0.29658333333333337 0.3900675925925926 0.2926614583333333 0.39640740740740743 0.28856145833333335 0.40147962962962963 0.28802656249999997 0.408137037037037 0.28463958333333333 0.4163787037037037 0.27982656250000004 0.42969351851851856 0.27127031250000005 0.44617685185185185 0.26574427083333335 0.4696361111111111 0.265565625 0.49372777777777777 0.26895260416666666 0.5259666666666667 0.2673484375 0.5427685185185186 0.26271354166666666 0.5560824074074073 0.2603963541666667 0.5633731481481481
0 0.27608333333333335 0.37363703703703705 0.2710916666666667 0.39651018518518516 0.26610052083333335 0.4136287037037037 0.2620005208333333 0.4345509259259259 0.25879166666666664 0.44762222222222225 0.2545135416666667 0.4601435185185185 0.2516614583333333 0.4576074074074074 0.24809635416666667 0.45031666666666664 0.2463135416666667 0.4414398148148148 0.24987864583333333 0.4303453703703704 0.2513046875 0.4179814814814815 0.253265625 0.41037407407407406 0.257365625 0.3929388888888889 0.2600395833333333 0.3802583333333333 0.2653875 0.3568 0.26948750000000005 0.3457046296296296 0.27643958333333335 0.3270018518518518 0.28053958333333334 0.3111509259259259 0.28660052083333337 0.29308240740740743 0.2892744791666667 0.27692500000000003 0.29284010416666667 0.2569537037037037 0.30353541666666667 0.2357138888888889 0.3071010416666667 0.23222685185185185 0.30050520833333333 0.2171787037037037 0.2942661458333333 0.20735185185185184 0.28463958333333333 0.18928240740740743 0.29373125000000005 0.19942685185185186 0.3042484375 0.21939814814814815 0.31013125 0.22890833333333332 0.3133401041666667 0.23302962962962961 0.31922239583333334 0.2396861111111111 0.32332239583333333 0.24380740740740742 0.33526614583333336 0.24380740740740742 0.35130989583333333 0.2504648148148148 0.3568359375 0.2542685185185185 0.34899218750000005 0.25236666666666663 0.34043593749999995 0.25236666666666663 0.33187916666666667 0.2501472222222222 0.3243921875 0.2507814814814815 0.31993541666666664 0.24856203703703703 0.3206489583333333 0.26092592592592595 0.3204703125 0.2742398148148148 0.313875 0.2907240740740741 0.30442708333333335 0.30720833333333336 0.2942661458333333 0.322425 0.28713541666666664 0.34429814814814813 0.2792921875 0.365537037037037
