0 0.5890625 0.33425925925925926 0.5885416666666666 0.33796296296296297 0.6385416666666667 0.39814814814814814 0.6645833333333333 0.48333333333333334 0.6677083333333333 0.5055555555555555 0.6734375 0.5064814814814815 0.6755208333333333 0.4898148148148148 0.6697916666666667 0.4361111111111111 0.6583333333333333 0.3990740740740741 0.6348958333333333 0.33796296296296297 0.6255208333333333 0.32314814814814813 0.6072916666666667 0.3037037037037037
0 0.378125 0.36666666666666664 0.3765625 0.37222222222222223 0.3796875 0.38796296296296295 0.39114583333333336 0.39351851851851855 0.4119791666666667 0.39444444444444443 0.44114583333333335 0.37777777777777777 0.4666666666666667 0.38055555555555554 0.5166666666666667 0.3962962962962963 0.5213541666666667 0.3962962962962963 0.5234375 0.3925925925925926 0.521875 0.38425925925925924 0.5171875 0.37962962962962965 0.49114583333333334 0.36018518518518516 0.4744791666666667 0.35462962962962963 0.4270833333333333 0.3509259259259259 0.4109375 0.34444444444444444 0.3885416666666667 0.35185185185185186
0 0.7924453124999999 0.46252499999999996 0.7744958333333333 0.49643333333333334 0.7672249999999999 0.5166166666666667 0.7617718750000001 0.5376074074074074 0.7599541666666667 0.5513324074074074 0.7660890625000001 0.5650574074074074 0.7972166666666667 0.5412407407407407 0.8038057291666667 0.5158092592592592 0.8135755208333334 0.48795555555555553 0.8185739583333334 0.4637351851851852 0.8176651041666666 0.42821203703703703 0.8026692708333333 0.4035888888888889 0.7926723958333334 0.4027814814814815 0.7997156249999999 0.42942314814814814 0.7981255208333333 0.4463777777777778 0.7904 0.4673685185185185
0 0.8188010416666667 0.3929185185185185 0.8233453125000001 0.37144907407407407 0.8287984374999999 0.3629722222222222 0.8412947916666667 0.37104537037037033 0.846975 0.3859814814814815 0.8449302083333333 0.4202935185185185 0.8374322916666667 0.49093611111111113 0.8303890625 0.5518898148148149 0.8219822916666666 0.5716703703703704 0.8151661458333332 0.594300925925926 0.8065317708333333 0.5906675925925926 0.810621875 0.5704842592592593 0.8138026041666666 0.5607962962962962 0.8156203125 0.5373833333333333 0.8181197916666666 0.5038787037037037 0.8217546875 0.4784472222222222 0.8224364583333333 0.441712962962963 0.8208463541666667 0.39852037037037036
0 0.8083494791666667 0.20647870370370372 0.8138026041666666 0.2347361111111111 0.8178921875 0.2593592592592593 0.8240270833333334 0.30093796296296293 0.8249359374999999 0.3203138888888889 0.8287984374999999 0.33928703703703705 0.8306161458333333 0.35987407407407407 0.8428854166666666 0.37319537037037037 0.8551546875 0.3679472222222222 0.8581083333333334 0.3425157407407407 0.8474296875 0.3094148148148148 0.8401588541666667 0.2767175925925926 0.8326609375 0.23312129629629627 0.8262989583333333 0.20930462962962965 0.8110760416666667 0.19880925925925927 0.8063046875000001 0.19638703703703705
0 0.7446744791666667 0.1605824074074074 0.7742114583333334 0.15937129629629632 0.7885255208333334 0.15937129629629632 0.806475 0.16219722222222221 0.8241973958333334 0.16340833333333332 0.8346489583333334 0.16623425925925925 0.8437375 0.17027037037037038 0.84828125 0.1763259259259259 0.8480541666666667 0.19287592592592592 0.8437375 0.2005462962962963 0.8314682291666667 0.2053898148148148 0.8226067708333333 0.20256481481481484 0.8092015625 0.19610555555555556 0.7982958333333333 0.18520648148148147 0.7880713541666666 0.17834444444444444 0.7630786458333334 0.18318796296296294 0.7428567708333333 0.18399537037037036 0.7319510416666667 0.18439907407407408 0.7196817708333333 0.18439907407407408 0.7160463541666666 0.18278425925925926 0.7246802083333334 0.16784907407407407
0 0.6978697916666667 0.062490740740740736 0.7062765624999999 0.05360925925925926 0.7196817708333333 0.05522407407407408 0.7342229166666667 0.06127962962962963 0.747628125 0.0705638888888889 0.7610333333333333 0.08146296296296297 0.7889802083333334 0.09599537037037037 0.8032942708333334 0.10205 0.8067026041666666 0.10850925925925926 0.8178354166666666 0.12788518518518519 0.8235156250000001 0.1428212962962963 0.8235156250000001 0.15008703703703702 0.8210166666666667 0.1601787037037037 0.8105651041666667 0.15129814814814813 0.7917067708333333 0.14161018518518517 0.7828453125 0.1295 0.770121875 0.11981203703703702 0.762396875 0.11375648148148149 0.7446744791666667 0.11093055555555556 0.7296786458333333 0.10770185185185185 0.7196817708333333 0.10447222222222222 0.7074125 0.09720648148148149 0.698096875 0.0850962962962963 0.6933255208333333 0.08105925925925926 0.6921895833333332 0.07298611111111111
0 0.6431125000000001 0.1617935185185185 0.6581083333333333 0.15816018518518518 0.6701505208333334 0.1468574074074074 0.6803744791666666 0.1428212962962963 0.6915078124999999 0.14039907407407407 0.7015052083333334 0.13676574074074074 0.7194546875000001 0.1347472222222222 0.7314963541666667 0.12828888888888887 0.7396760416666667 0.12263703703703704 0.7510364583333333 0.11698611111111111 0.7596703125000001 0.1149675925925926 0.770121875 0.11375648148148149 0.7810281250000001 0.12142685185185184 0.7871625000000001 0.1299037037037037 0.7871625000000001 0.13999537037037035 0.7830729166666667 0.14927962962962965 0.7767109375000001 0.15372037037037037 0.7662593750000001 0.159775 0.7617151041666667 0.1585638888888889 0.7442203125 0.159775 0.7246802083333334 0.15816018518518518 0.7153645833333333 0.1613898148148148 0.7069578125 0.16704166666666667 0.6924166666666667 0.17148148148148148 0.6808291666666667 0.17228888888888888 0.6696958333333334 0.1726925925925926 0.6594713541666667 0.1751148148148148 0.6517463541666667 0.1726925925925926 0.6456119791666667 0.17188518518518517 0.6394770833333333 0.16825277777777778 0.6428854166666667 0.15937129629629632
0 0.5865375 0.1274814814814815 0.5944901041666667 0.1141601851851852 0.603578125 0.11052777777777778 0.6174380208333333 0.10891296296296296 0.6308432291666667 0.10406851851851852 0.6447031249999999 0.09316944444444444 0.656290625 0.09316944444444444 0.6667421875 0.09276574074074073 0.68491875 0.09155462962962964 0.6910536458333334 0.08993981481481482 0.6987786458333333 0.09115092592592593 0.7101390625 0.09761018518518519 0.7176369791666667 0.10285740740740741 0.7235442708333333 0.11052777777777778 0.7246802083333334 0.12384814814814815 0.7233171875 0.13394074074074075 0.7149104166666667 0.1448398148148148 0.705821875 0.1448398148148148 0.6944614583333333 0.14201388888888888 0.6844645833333334 0.13676574074074074 0.675603125 0.1299037037037037 0.6676510416666667 0.12586666666666668 0.6565177083333332 0.12546296296296297 0.6465208333333333 0.12586666666666668 0.6335697916666666 0.1274814814814815 0.6233453125 0.12869259259259258 0.6158473958333333 0.1295 0.6078953125000001 0.1299037037037037 0.6031239583333333 0.13272962962962964 0.5985796874999999 0.13676574074074074 0.5910817708333334 0.14080277777777778 0.588128125 0.14080277777777778 0.5847203125 0.13555462962962964
0 0.579096875 0.14524351851851852 0.5811416666666667 0.1428212962962963 0.5886395833333334 0.13959166666666664 0.5956828125 0.14120648148148146 0.6031807291666667 0.15331666666666666 0.6140869791666667 0.1613898148148148 0.6279463541666667 0.17915185185185187 0.6372619791666666 0.18238055555555555 0.6443052083333334 0.18883981481481482 0.65339375 0.1989314814814815 0.66111875 0.21144537037037037 0.67270625 0.22920648148148148 0.6765687499999999 0.23970185185185183 0.6731609375000001 0.25302314814814814 0.6647541666666666 0.24293148148148147 0.6565744791666667 0.2296101851851852 0.6477135416666666 0.2158861111111111 0.6413515625 0.20861944444444444 0.6329447916666666 0.20256481481481484 0.6229479166666666 0.19489444444444443 0.613859375 0.19247222222222224 0.6088609374999999 0.18641759259259258 0.6047713541666667 0.18238055555555555 0.5997723958333334 0.18439907407407408 0.5940921874999999 0.18036296296296297 0.5881848958333333 0.17834444444444444 0.5822776041666666 0.1706740740740741 0.5786421875 0.16421574074074075
0 0.5024708333333333 0.09357314814814814 0.5129223958333333 0.0855 0.52155625 0.0855 0.5342796875 0.08428888888888889 0.5495026041666667 0.0846925925925926 0.5660890625 0.08388518518518519 0.5772223958333333 0.07984814814814815 0.584265625 0.07177499999999999 0.5985796874999999 0.05845370370370371 0.6117578125 0.05845370370370371 0.6183468750000001 0.05845370370370371 0.6308432291666667 0.059664814814814816 0.6319791666666668 0.06894907407407408 0.633796875 0.08025185185185185 0.6331156250000001 0.08751759259259259 0.6233453125 0.10406851851851852 0.6138026041666667 0.11052777777777778 0.6042598958333334 0.11294907407407408 0.5967619791666666 0.1141601851851852 0.5865375 0.1149675925925926 0.57426875 0.11698611111111111 0.5638171875 0.115775 0.5508661458333334 0.1141601851851852 0.5388239583333333 0.11456388888888888 0.5322348958333333 0.1149675925925926 0.5204203125 0.11537129629629629 0.5101958333333333 0.11537129629629629 0.5015619791666667 0.115775 0.4931552083333333 0.11658240740740741 0.48656614583333335 0.11900462962962964 0.49042864583333334 0.10729814814814816 0.49451822916666666 0.10406851851851852
0 0.5281453125 0.1582888888888889 0.519965625 0.15505925925925926 0.5124677083333333 0.14738981481481483 0.5063333333333333 0.14335277777777777 0.5033796875000001 0.13770092592592595 0.502925 0.13124259259259258 0.5031526041666666 0.12559074074074075 0.5051973958333333 0.118325 0.5115588541666667 0.11105925925925926 0.5224651041666667 0.10863703703703705 0.5333708333333332 0.11348055555555556 0.5431411458333333 0.12599444444444446 0.5563192708333333 0.14698611111111112 0.5676796875 0.15627037037037037 0.5790401041666667 0.16515092592592592 0.5851744791666668 0.17806851851851851 0.5888098958333334 0.18210555555555555 0.5938083333333334 0.2022888888888889 0.5835838541666667 0.19179351851851853 0.5729052083333334 0.18452685185185183 0.5615447916666666 0.1776648148148148 0.5526838541666667 0.17362777777777777 0.5420052083333334 0.16838055555555556
0 0.6009656250000001 0.19398518518518518 0.6053958333333332 0.19623333333333332 0.6262989583333333 0.20027037037037038 0.63925 0.20915092592592593 0.6440213541666666 0.22166481481481481 0.6453848958333332 0.23054537037037037 0.6422036458333333 0.23942685185185186 0.6226640625000001 0.23619722222222223 0.6065322916666667 0.23175648148148148 0.5924453125 0.22368333333333335 0.58074375 0.21439907407407408 0.5610906250000001 0.19058240740740742 0.5526838541666667 0.17927962962962965 0.5454130208333333 0.17080185185185187 0.5470036458333334 0.16555462962962963 0.5601817708333333 0.16393981481481482 0.576540625 0.18210555555555555 0.5835838541666667 0.18816018518518518 0.5938083333333334 0.19381203703703703 0.6017609375 0.19381203703703703
0 0.6361828125 0.2850416666666667 0.6320927083333333 0.28181203703703706 0.6209598958333333 0.2793898148148148 0.61414375 0.2741425925925926 0.6068729166666667 0.2616287037037037 0.6048281249999999 0.24628888888888892 0.6091447916666667 0.23781203703703702 0.62255 0.2442703703703704 0.6364098958333333 0.2600138888888889 0.6459526041666667 0.2729314814814815 0.65595 0.2898851851851852 0.6654927083333334 0.3056287037037037 0.6863958333333334 0.35003240740740743 0.6882135416666666 0.36335370370370373 0.684578125 0.36093148148148146 0.6729906250000001 0.34639907407407405 0.6557223958333334 0.32783055555555557 0.6491333333333333 0.31006944444444445 0.6439078125000001 0.29997685185185186 0.6382276041666667 0.2910962962962963
0 0.44447604166666665 0.08088611111111112 0.4635046875 0.0785824074074074 0.4857708333333333 0.07333518518518518 0.49395052083333335 0.08100462962962963 0.49872187500000004 0.09392222222222223 0.49872187500000004 0.10845462962962962 0.48349895833333334 0.11895000000000001 0.46055104166666666 0.12016111111111111 0.44419166666666665 0.1185462962962963 0.4232885416666667 0.11773888888888889 0.40829322916666666 0.1185462962962963 0.3905708333333333 0.12581203703703706 0.37989218750000003 0.1322712962962963 0.36421458333333334 0.1334824074074074 0.3560348958333333 0.1322712962962963 0.35694375 0.11572037037037036 0.37761979166666665 0.1064361111111111 0.400340625 0.09795925925925926 0.4142005208333333 0.0927111111111111 0.43146822916666666 0.08625277777777779 0.4448734375 0.08100462962962963 0.4451005208333333 0.08100462962962963
0 0.40420312500000005 0.14680277777777778 0.40715677083333335 0.132675 0.4107921875 0.12540833333333334 0.4235161458333333 0.11572037037037036 0.4355578125 0.11612407407407407 0.449190625 0.11531666666666666 0.4625958333333333 0.12016111111111111 0.47395624999999997 0.12540833333333334 0.487134375 0.14034444444444444 0.5066739583333333 0.1455925925925926 0.5180343749999999 0.15689537037037038 0.5266682291666667 0.1633537037037037 0.5439364583333333 0.18394074074074074 0.53825625 0.20937222222222224 0.5346208333333333 0.21825277777777777 0.5234875 0.21583148148148149 0.5105364583333334 0.20856481481481481 0.5030385416666666 0.20533518518518518 0.49463229166666667 0.19605092592592593 0.47850052083333333 0.17344537037037036 0.47441041666666667 0.16860185185185186 0.46577656250000005 0.1512435185185185 0.45487083333333334 0.1363074074074074 0.4373755208333333 0.12661944444444445 0.4241973958333333 0.132675 0.41351875 0.14438148148148147 0.40692968749999997 0.15568425925925927 0.40193124999999996 0.17344537037037036 0.39875 0.19605092592592593 0.4030671875 0.14478518518518518 0.4039760416666667 0.1455925925925926
0 0.2666854166666666 0.1476101851851852 0.27054791666666667 0.13872962962962962 0.27577395833333335 0.12944537037037035 0.2859984375 0.11773888888888889 0.2957682291666667 0.10845462962962962 0.3080375 0.10159166666666666 0.3248510416666667 0.0931148148148148 0.3341661458333334 0.08706018518518518 0.3393921875 0.08140833333333333 0.3507526041666667 0.06566481481481481 0.3600682291666667 0.06526111111111112 0.36165833333333336 0.0745462962962963 0.36074947916666666 0.08625277777777779 0.359159375 0.10078425925925925 0.352115625 0.11693148148148148 0.34257291666666667 0.12500462962962963 0.32280572916666667 0.12904166666666667 0.31303593749999997 0.1322712962962963 0.30326614583333333 0.13671111111111112 0.29326875 0.14155555555555555 0.2785005208333333 0.1484175925925926 0.2730473958333333 0.15568425925925927 0.26645833333333335 0.16496851851851851 0.26395885416666665 0.16860185185185186 0.26236875 0.16819814814814815 0.26714010416666667 0.14680277777777778
0 0.3530244791666667 0.15568425925925927 0.36574843749999997 0.1762712962962963 0.3737005208333333 0.18394074074074074 0.38051666666666667 0.1904 0.3877875 0.1936287037037037 0.3955125 0.19564722222222222 0.39801197916666664 0.1912074074074074 0.40073854166666667 0.1762712962962963 0.3941494791666667 0.15406944444444445 0.3825614583333333 0.1439777777777778 0.36983802083333334 0.1363074074074074 0.359840625 0.1350962962962963 0.3527973958333333 0.132675 0.3409828125 0.13065648148148148 0.3262140625 0.1322712962962963 0.3187161458333333 0.1350962962962963 0.29031510416666667 0.13872962962962962 0.28054531250000003 0.1480138888888889 0.27463802083333333 0.1572990740740741 0.27713697916666663 0.1621425925925926 0.287815625 0.16416111111111112 0.2969041666666667 0.16093148148148148 0.3062197916666667 0.1572990740740741 0.3159895833333334 0.15689537037037038 0.32644114583333333 0.15568425925925927 0.33575677083333333 0.15205092592592592 0.34052812499999996 0.1516472222222222 0.3493890625 0.15285833333333332 0.35370625 0.15649166666666667
0 0.35234322916666666 0.1907037037037037 0.3564328125 0.18828148148148147 0.3655208333333333 0.18989629629629629 0.3875604166666667 0.21209814814814815 0.40937239583333335 0.2528694444444444 0.4200510416666667 0.2653833333333333 0.42823072916666666 0.2710342592592592 0.43913645833333337 0.2783009259259259 0.4493609375 0.27547499999999997 0.45731302083333336 0.2774935185185185 0.4614026041666667 0.2859703703703704 0.45049687499999996 0.2932361111111111 0.43686458333333333 0.29485092592592593 0.42573125 0.2916212962962963 0.4130078125 0.28435555555555553 0.4005109375 0.27022685185185186 0.3834703125 0.25852037037037034 0.37051979166666665 0.24681388888888892 0.3621130208333333 0.24035555555555557 0.3539333333333333 0.23672222222222222 0.34689010416666666 0.20765833333333333
0 0.3780177083333333 0.29597685185185185 0.3859697916666667 0.2932361111111111 0.3982390625 0.2952546296296296 0.41868802083333334 0.29848425925925925 0.4293666666666667 0.2956583333333333 0.43595572916666664 0.2940435185185185 0.45208750000000003 0.2883925925925926 0.46231145833333337 0.2892 0.4684463541666667 0.2892 0.48230625 0.282337037037037 0.4866229166666667 0.2896037037037037 0.4879864583333333 0.29485092592592593 0.47844322916666665 0.3138240740740741 0.46867343749999996 0.31705277777777774 0.4557229166666667 0.3206861111111111 0.4445895833333333 0.32270462962962965 0.43368333333333337 0.32270462962962965 0.4259583333333333 0.3218972222222222 0.41414375 0.32149351851851854 0.4036921875 0.3247231481481482 0.3964213541666667 0.3279518518518518 0.38960520833333334 0.33118148148148147 0.37869895833333334 0.3336037037037037 0.370746875 0.32997037037037036 0.36438489583333333 0.32875925925925925 0.36279479166666667 0.3267407407407407 0.36165833333333336 0.3186675925925926 0.36620260416666667 0.3061537037037037 0.3718828125 0.29888796296296294
0 0.41255312499999997 0.4140611111111111 0.4136890625 0.399125 0.41800625 0.3918592592592593 0.42391354166666667 0.3954925925925926 0.4341380208333333 0.40275833333333333 0.44254479166666666 0.42011574074074076 0.44686145833333335 0.43626296296296296 0.4495880208333333 0.46653796296296296 0.45731302083333336 0.4964101851851852 0.4639020833333333 0.5182083333333333 0.494575 0.551712962962963 0.5152510416666667 0.5686675925925926 0.5159328125 0.5771444444444445 0.5152510416666667 0.5840064814814815 0.5136609375 0.5864287037037037 0.5023005208333333 0.5807777777777778 0.49207604166666663 0.5710898148148148 0.4820786458333333 0.5694750000000001 0.47117291666666666 0.5601898148148148 0.454359375 0.5375842592592592 0.44663437500000003 0.5266851851851853 0.4352739583333333 0.4927768518518518 0.42754895833333334 0.473400925925926 0.41846041666666667 0.44958425925925927 0.4159614583333333 0.4366666666666667
0 0.29003125 0.5572657407407408 0.2832151041666667 0.560899074074074 0.27276354166666666 0.5738166666666666 0.263675 0.5903675925925925 0.26276614583333335 0.6226611111111111 0.2643567708333333 0.6505138888888888 0.2648109375 0.6642388888888889 0.2643567708333333 0.679175 0.2639020833333333 0.6961296296296297 0.2693552083333334 0.7191388888888889 0.2763984375 0.7292305555555555 0.28775885416666663 0.7288268518518519 0.2957114583333333 0.7155055555555555 0.2984380208333333 0.6904777777777777 0.2979833333333334 0.679175 0.2945755208333333 0.6606064814814815 0.2925302083333333 0.6513212962962963 0.2879864583333333 0.6388074074074075 0.2838963541666667 0.6206425925925926 0.28230625000000004 0.5992481481481481 0.2834421875 0.5915787037037037 0.2859411458333333 0.5806787037037038 0.2882135416666667 0.5750277777777778 0.2936666666666667 0.5701833333333334 0.2986651041666667 0.5613027777777778 0.29480260416666665 0.5588805555555556
0 0.3020734375 0.5988444444444444 0.303890625 0.5935962962962963 0.31638750000000004 0.5790648148148148 0.3397895833333333 0.569375925925926 0.34706041666666665 0.5689722222222222 0.360465625 0.5689722222222222 0.37182604166666666 0.5665509259259259 0.37705208333333334 0.5645324074074074 0.39136614583333335 0.5584768518518518 0.398409375 0.5516148148148149 0.40318072916666664 0.545962962962963 0.407725 0.5512111111111111 0.4074979166666666 0.5552481481481482 0.39590989583333336 0.5746240740740741 0.37750625 0.5822935185185185 0.3645552083333333 0.5919814814814816 0.3484234375 0.6012666666666667 0.3475145833333333 0.6020740740740741 0.33729062499999996 0.6101472222222222 0.33092864583333337 0.6186240740740742 0.3268390625 0.6226611111111111 0.3159328125 0.6307342592592592 0.30843489583333333 0.6355787037037036 0.30457239583333334 0.6355787037037036 0.299346875 0.6271009259259259 0.2973015625 0.6157981481481482 0.2975291666666667 0.6085324074074074 0.30070989583333335 0.5996518518518519 0.30139166666666667 0.5984407407407407
0 0.3502411458333333 0.6093398148148148 0.34274322916666666 0.6170092592592593 0.33842656249999997 0.6287157407407408 0.3361541666666667 0.6412296296296296 0.33842656249999997 0.6541472222222222 0.3443338541666667 0.6553583333333334 0.3613744791666667 0.6444592592592592 0.37091718749999997 0.6327527777777778 0.3784151041666667 0.6178166666666667 0.3840953125 0.6125694444444445 0.38977552083333333 0.6069175925925926 0.3934109375 0.6024777777777778 0.39863645833333333 0.5952111111111111 0.4074979166666666 0.5855231481481482 0.41363229166666665 0.5770462962962963 0.41976718749999997 0.5701833333333334 0.42771927083333333 0.5556518518518518 0.43180885416666664 0.5447527777777778 0.4311276041666667 0.5358712962962963 0.42317499999999997 0.5382935185185185 0.41385937500000003 0.5487888888888889 0.4049984375 0.5600916666666667 0.39454687499999996 0.5746240740740741 0.372053125 0.5863305555555556 0.3609203125 0.594 0.352740625 0.6069175925925926
0 0.36114739583333333 0.6521287037037037 0.3561489583333334 0.6630277777777778 0.3502411458333333 0.6783675925925925 0.3522859375 0.6945148148148148 0.3631921875 0.7062212962962964 0.372053125 0.6941111111111111 0.3788692708333333 0.679175 0.3879578125 0.6476888888888889 0.3902296875 0.6396148148148149 0.4027265625 0.6206425925925926 0.41454114583333335 0.611762037037037 0.424765625 0.6024777777777778 0.43589895833333336 0.5891564814814815 0.4452140625 0.5588805555555556 0.44862239583333335 0.545962962962963 0.43930677083333336 0.547174074074074 0.4336265625 0.5556518518518518 0.3895484375 0.6081287037037038
0 0.389378125 0.6803472222222222 0.3866515625 0.6839796296296297 0.3766541666666667 0.692861111111111 0.36574843749999997 0.6997231481481482 0.35029791666666665 0.7211175925925926 0.3437088541666667 0.7348425925925925 0.33348489583333335 0.7473564814814815 0.32303333333333334 0.7614851851851852 0.31712552083333334 0.7707694444444445 0.31235416666666665 0.7756138888888889 0.30758281249999997 0.783687037037037 0.3030390625 0.7978157407407407 0.3005395833333333 0.8075037037037037 0.29940364583333334 0.8268796296296296 0.3096276041666667 0.8309166666666666 0.31848906250000003 0.8252648148148147 0.32644114583333333 0.8159805555555556 0.335075 0.7990268518518518 0.33848333333333336 0.7881268518518518 0.34211875 0.7780351851851852 0.3525703125 0.7570444444444444 0.3664296875 0.7376685185185186 0.37483645833333334 0.7235398148148148 0.38324322916666664 0.7098148148148148 0.38960520833333334 0.6968972222222222 0.393240625 0.6896314814814815 0.3918770833333333 0.6783287037037037
0 0.39573958333333337 0.7489712962962963 0.3821072916666666 0.7679435185185185 0.37438229166666664 0.7804574074074074 0.36052239583333334 0.7990268518518518 0.35620572916666665 0.8127509259259259 0.3527973958333333 0.8212287037037037 0.3664296875 0.8333388888888889 0.37574531250000004 0.8188064814814815 0.38097135416666666 0.8075037037037037 0.3877875 0.7917601851851852 0.39528541666666667 0.7816685185185185 0.39914791666666666 0.7764212962962963 0.41846041666666667 0.7538148148148148 0.4293666666666667 0.7404944444444445 0.43731875000000003 0.7231361111111111 0.4441348958333334 0.7106222222222222 0.43391093750000004 0.7118333333333333 0.4216416666666667 0.719099074074074 0.40800885416666666 0.7340351851851852
