0 0.7 0.1111111111111111 0.7052083333333333 0.11388888888888889 0.728125 0.1 0.7354166666666667 0.09907407407407408 0.7401041666666667 0.10555555555555556 0.740625 0.10277777777777777 0.7348958333333333 0.08796296296296297 0.7322916666666667 0.06481481481481481 0.7338541666666667 0.058333333333333334 0.7322916666666667 0.05740740740740741 0.7265625 0.06388888888888888 0.7010416666666667 0.06666666666666667 0.690625 0.07777777777777778 0.6583333333333333 0.08425925925925926 0.6307291666666667 0.09444444444444444 0.61875 0.10648148148148148 0.6104166666666667 0.11018518518518519 0.6057291666666667 0.11944444444444445 0.6057291666666667 0.12685185185185185 0.6114583333333333 0.13148148148148148 0.6223958333333334 0.125 0.6380208333333334 0.1259259259259259 0.6729166666666667 0.11203703703703703 0.7 0.1111111111111111
0 0.7604166666666666 0.8435185185185186 0.7635416666666667 0.862037037037037 0.7723958333333333 0.887962962962963 0.7588541666666667 0.899074074074074 0.7494791666666667 0.9120370370370371 0.7557291666666667 0.9111111111111111 0.7692708333333333 0.8981481481481481 0.8125 0.8768518518518519 0.8104166666666667 0.8685185185185185 0.7958333333333333 0.8768518518518519 0.7854166666666667 0.825925925925926 0.7625 0.7472222222222222 0.7515625 0.7185185185185186 0.7364583333333333 0.6962962962962963 0.7234375 0.6833333333333333 0.7161458333333334 0.6703703703703704 0.7098958333333333 0.6675925925925926 0.70625 0.6703703703703704 0.7083333333333334 0.6861111111111111 0.7427083333333333 0.7462962962962963 0.7552083333333334 0.7814814814814814 0.7588541666666667 0.8074074074074075 0.7583333333333333 0.825925925925926 0.7604166666666666 0.8435185185185186
0 0.7197916666666667 0.6462962962962963 0.7572916666666667 0.6416666666666667 0.7713541666666667 0.6907407407407408 0.7671875 0.6583333333333333 0.7619791666666667 0.6425925925925926 0.7604166666666666 0.612037037037037 0.7833333333333333 0.5648148148148148 0.7755208333333333 0.5694444444444444 0.7640625 0.5944444444444444 0.7552083333333334 0.6046296296296296 0.7265625 0.5879629629629629 0.7166666666666667 0.5962962962962963 0.6927083333333334 0.5981481481481481 0.6859375 0.6027777777777777 0.6697916666666667 0.6055555555555555 0.6447916666666667 0.6166666666666667 0.6208333333333333 0.6425925925925926 0.6166666666666667 0.6537037037037037 0.6177083333333333 0.6611111111111111 0.6244791666666667 0.662962962962963 0.6380208333333334 0.6509259259259259 0.6994791666666667 0.6333333333333333 0.7177083333333333 0.6370370370370371 0.7197916666666667 0.6462962962962963
0 0.8166666666666667 0.5092592592592593 0.8380208333333333 0.5092592592592593 0.8458333333333333 0.5018518518518519 0.8473958333333333 0.4861111111111111 0.84375 0.48055555555555557 0.84375 0.4444444444444444 0.85 0.37777777777777777 0.85 0.3435185185185185 0.8473958333333333 0.3333333333333333 0.846875 0.30462962962962964 0.8416666666666667 0.30185185185185187 0.8385416666666666 0.30925925925925923 0.8307291666666666 0.35648148148148145 0.8286458333333333 0.39537037037037037 0.8078125 0.5092592592592593 0.7921875 0.525 0.8020833333333334 0.5222222222222223 0.8166666666666667 0.5092592592592593
0 0.56875 0.9083333333333333 0.5734375 0.9148148148148149 0.5760416666666667 0.9268518518518518 0.5776041666666667 0.925 0.5776041666666667 0.9157407407407407 0.575 0.9101851851851852 0.5729166666666666 0.8935185185185185 0.5755208333333334 0.8814814814814815 0.5489583333333333 0.8638888888888889 0.540625 0.8685185185185185 0.5020833333333333 0.8638888888888889 0.46875 0.8657407407407407 0.4671875 0.8685185185185185 0.46979166666666666 0.8740740740740741 0.49583333333333335 0.8898148148148148 0.5322916666666667 0.8953703703703704 0.5447916666666667 0.9064814814814814 0.56875 0.9083333333333333
0 0.5807291666666666 0.8814814814814815 0.5848958333333333 0.8759259259259259 0.5776041666666667 0.8787037037037037 0.5765625 0.8814814814814815 0.5807291666666666 0.8814814814814815
0 0.3963541666666667 0.3314814814814815 0.40572916666666664 0.33611111111111114 0.4443286458333333 0.3333333333333333 0.49375 0.3388888888888889 0.5145833333333333 0.33611111111111114 0.5208333333333334 0.3296296296296296 0.5171875 0.31851851851851853 0.5067708333333333 0.31666666666666665 0.49114583333333334 0.3074074074074074 0.43385416666666665 0.30185185185185187 0.4265625 0.2962962962962963 0.4239583333333333 0.2898148148148148 0.39114583333333336 0.287962962962963 0.3807291666666667 0.27870370370370373 0.3770833333333333 0.27870370370370373 0.3815104166666667 0.2875 0.3854166666666667 0.30648148148148147 0.3796875 0.3212962962962963 0.3854166666666667 0.32037037037037036 0.3963541666666667 0.3314814814814815
0 0.3607723958333333 0.40088703703703704 0.3815604166666667 0.4348925925925926 0.4390625 0.4648148148148148 0.4505208333333333 0.4638888888888889 0.4713541666666667 0.4722222222222222 0.49375 0.47129629629629627 0.5005208333333333 0.462037037037037 0.5151041666666667 0.45740740740740743 0.5208333333333334 0.4444444444444444 0.521875 0.4305555555555556 0.5041666666666667 0.43703703703703706 0.47552083333333334 0.4305555555555556 0.45 0.43148148148148147 0.4322916666666667 0.425 0.4119791666666667 0.4046296296296296 0.409375 0.3990740740740741 0.4088541666666667 0.387037037037037 0.37083333333333335 0.362962962962963 0.36666666666666664 0.3537037037037037 0.3640625 0.337037037037037 0.371875 0.32592592592592595 0.3609375 0.32685185185185184 0.35989583333333336 0.3416666666666667 0.36302083333333335 0.36018518518518516 0.35625 0.38425925925925924 0.34322916666666664 0.39351851851851855 0.31875 0.4 0.3607723958333333 0.40088703703703704
0 0.265625 0.3425925925925926 0.278125 0.35833333333333334 0.2859375 0.375 0.31197916666666664 0.45092592592592595 0.31979166666666664 0.4583333333333333 0.3223958333333333 0.46574074074074073 0.3260416666666667 0.4648148148148148 0.32760416666666664 0.4462962962962963 0.33125 0.4351851851851852 0.31145833333333334 0.3990740740740741 0.28937135416666665 0.31411203703703705 0.26948750000000005 0.2755462962962963 0.275 0.24259259259259258 0.2755208333333333 0.2361111111111111 0.26979166666666665 0.24444444444444444 0.26510416666666664 0.2638888888888889 0.25416666666666665 0.28703703703703703 0.23697916666666666 0.3074074074074074 0.24114583333333334 0.3101851851851852 0.2526041666666667 0.30277777777777776 0.265625 0.3425925925925926
0 0.35 0.6620370370370371 0.353125 0.662962962962963 0.35572916666666665 0.6546296296296297 0.3572916666666667 0.6074074074074074 0.3536458333333333 0.5345120370370371 0.35520833333333335 0.4777777777777778 0.35208333333333336 0.45925925925925926 0.34479166666666666 0.4398148148148148 0.3453125 0.43148148148148147 0.3307291666666667 0.43796296296296294 0.3260416666666667 0.45092592592592595 0.321875 0.4546296296296296 0.321875 0.4648148148148148 0.3338541666666667 0.5018518518518519 0.33697916666666666 0.5203703703703704 0.3390625 0.6 0.3453125 0.6518518518518519 0.35 0.6620370370370371
0 0.646875 0.85 0.6458333333333334 0.8666666666666667 0.6421875 0.8805555555555555 0.6427083333333333 0.887962962962963 0.6458333333333334 0.8907407407407407 0.6510416666666666 0.8851851851851852 0.6651041666666667 0.8407407407407408 0.6677083333333333 0.8222222222222222 0.66875 0.7685185185185185 0.671875 0.7555555555555555 0.6692708333333334 0.7166666666666667 0.6635416666666667 0.7138888888888889 0.6494791666666667 0.7166666666666667 0.6515625 0.7296296296296296 0.65 0.7527777777777778 0.6541666666666667 0.775 0.6541666666666667 0.7981481481481482 0.6515625 0.8342592592592593 0.646875 0.85
0 0.42370677083333336 0.5472546296296296 0.4422755208333333 0.5865148148148148 0.46134583333333334 0.6079296296296296 0.47941249999999996 0.6275592592592593 0.49798125 0.621312962962963 0.5035015625 0.6400509259259259 0.5105276041666666 0.6864490740740741 0.5120328125 0.6623583333333333 0.5050067708333333 0.625775 0.509021875 0.6132833333333333 0.509021875 0.5972222222222222 0.5200625 0.5731305555555556 0.5075161458333334 0.5900842592592593 0.4999885416666666 0.5767 0.4854348958333333 0.5624231481481482 0.47589947916666664 0.5454703703703703 0.4703791666666667 0.5597462962962962 0.44177343750000003 0.5454703703703703 0.4292270833333333 0.5124564814814815 0.4292270833333333 0.4883648148148148 0.4375848958333333 0.4694157407407407 0.4382604166666667 0.4678425925925926 0.42972916666666666 0.4607046296296296 0.41818645833333334 0.48479537037037035 0.4166807291666667 0.5222712962962963 0.42370677083333336 0.5472546296296296
0 0.5837979166666667 0.5462175925925925 0.6083890625 0.5417564814814815 0.6184260416666666 0.5390796296296296 0.6440203125 0.5622787037037037 0.6510463541666667 0.5471101851851852 0.6364927083333334 0.5364027777777778 0.6209354166666666 0.5274805555555555 0.6184260416666666 0.5185574074074074 0.6179239583333334 0.5042814814814816 0.6385000000000001 0.463237037037037 0.6254520833333334 0.4819740740740741 0.6134072916666666 0.5042814814814816 0.6083890625 0.500712037037037 0.5893182291666667 0.5016046296296296 0.5777760416666666 0.4953583333333333 0.5777760416666666 0.5105268518518519 0.5491703124999999 0.514987962962963 0.5326088541666667 0.5060657407407407 0.5180552083333334 0.4837592592592593 0.5161604166666667 0.4557685185185185 0.5110291666666666 0.4837592592592593 0.5190588541666666 0.5078499999999999 0.5351182291666666 0.5274805555555555 0.5587052083333333 0.5390796296296296 0.5837979166666667 0.5462175925925925
0 0.56573125 0.587262037037037 0.581790625 0.5863703703703703 0.5888166666666667 0.5703092592592592 0.5837979166666667 0.5488944444444445 0.5642260416666667 0.5408638888888889 0.5476645833333333 0.5310490740740741 0.5306015625 0.5212342592592593 0.5170515625000001 0.5123120370370371 0.5075161458333334 0.5123120370370371 0.49798125 0.5212342592592593 0.4924604166666667 0.5346185185185186 0.49095520833333334 0.5488944444444445 0.4899515625 0.5649555555555555 0.49358125 0.5689648148148148 0.49697708333333335 0.5426490740740741 0.5075161458333334 0.526587962962963 0.5250812499999999 0.5310490740740741 0.53863125 0.5542481481481482 0.5531848958333333 0.5720935185185185 0.56573125 0.587262037037037
0 0.6129057291666666 0.6140305555555555 0.632478125 0.6158148148148148 0.641009375 0.6104611111111111 0.6425151041666666 0.6176 0.6460281250000001 0.598862037037037 0.6455260416666667 0.5881546296296296 0.6465296875 0.5676324074074074 0.6374963541666666 0.5836935185185185 0.622440625 0.5756629629629629 0.608890625 0.5738787037037036 0.5948390625 0.5810166666666667 0.5787796875000001 0.5845851851851852 0.5607130208333333 0.5828009259259259 0.5441515625 0.5676324074074074 0.5336125 0.5604944444444444 0.5230739583333334 0.5471101851851852 0.5195609375 0.5524638888888889 0.5206765624999999 0.5593314814814815 0.5321072916666666 0.5783398148148148 0.5381291666666667 0.5908314814814815 0.563221875 0.601538888888889 0.5837979166666667 0.6033231481481482 0.600359375 0.6086768518518518 0.6129057291666666 0.6140305555555555
0 0.24894427083333334 0.5670907407407407 0.2511625 0.6041638888888888 0.25426822916666664 0.6333500000000001 0.2573739583333333 0.6593805555555555 0.2711270833333333 0.6885657407407407 0.2697963541666667 0.649125925925926 0.2711270833333333 0.6388712962962962 0.26802135416666667 0.6073194444444444 0.26402864583333335 0.5686675925925926 0.2622541666666667 0.5213398148148148 0.26402864583333335 0.5008314814814815 0.27068333333333333 0.5063527777777778 0.265359375 0.48347777777777773 0.26269739583333335 0.45665833333333333 0.25870468750000003 0.4400935185185185 0.2693526041666667 0.41327407407407407 0.25382447916666667 0.4337833333333333 0.24628229166666668 0.43220555555555557 0.23874010416666666 0.4337833333333333 0.22720520833333332 0.4116962962962963 0.22409947916666667 0.41564074074074076 0.23673593750000002 0.44620925925925925 0.23385989583333336 0.4629685185185185 0.23652187500000002 0.4842657407407407 0.237409375 0.511874074074074 0.24184583333333334 0.5095074074074074 0.24672604166666667 0.535537962962963 0.24894427083333334 0.5670907407407407
0 0.24628229166666668 0.6998648148148149 0.25205 0.7258953703703703 0.25959218749999996 0.7400935185185186 0.2693526041666667 0.7598138888888889 0.2857677083333333 0.7913657407407407 0.3008520833333333 0.8166074074074074 0.31504895833333335 0.8355388888888888 0.3305770833333333 0.8379046296296296 0.325253125 0.8300166666666666 0.31593645833333334 0.8142407407407407 0.31726770833333334 0.8063527777777778 0.3083942708333333 0.7763787037037038 0.29863385416666666 0.7606027777777778 0.2884296875 0.7424601851851852 0.27778177083333333 0.7314166666666666 0.2733453125 0.7116972222222222 0.2768947916666667 0.7069638888888888 0.2697963541666667 0.6896101851851851 0.26358489583333333 0.6706787037037036 0.25338072916666665 0.6627907407407407 0.24628229166666668 0.6698907407407407 0.235634375 0.6698907407407407 0.23074739583333334 0.6768675925925927 0.23341614583333334 0.6998648148148149 0.23385989583333336 0.6809333333333334 0.24007083333333332 0.6738342592592592 0.24495104166666665 0.6801444444444444 0.24628229166666668 0.6998648148148149
0 0.24894427083333334 0.818312962962963 0.265803125 0.8309333333333333 0.2857677083333333 0.8490759259259258 0.3052885416666667 0.8711629629629629 0.31016875 0.8687962962962963 0.3234786458333333 0.8845722222222222 0.3394505208333333 0.894037962962963 0.35764010416666664 0.8916712962962963 0.35764010416666664 0.9098138888888889 0.3625208333333333 0.9050814814814815 0.3585276041666667 0.8845722222222222 0.3607458333333333 0.8695851851851852 0.38381614583333334 0.8451324074074075 0.38914010416666667 0.8325111111111111 0.37361197916666666 0.8514425925925926 0.3585276041666667 0.8609083333333333 0.34477447916666665 0.8467101851851851 0.32969010416666666 0.8388212962962963 0.3083942708333333 0.8317222222222223 0.2906479166666667 0.8104250000000001 0.2755635416666667 0.7930712962962964 0.2622541666666667 0.7851833333333333 0.2560427083333333 0.7836055555555556 0.25205 0.7867611111111111 0.24495104166666665 0.7820277777777778 0.23953020833333336 0.7797768518518519 0.23297239583333335 0.7843944444444444 0.23208541666666666 0.7978037037037038 0.23785260416666668 0.8041148148148147 0.24495104166666665 0.8033259259259259 0.24894427083333334 0.8080583333333333 0.24894427083333334 0.818312962962963
