0 0.246875 0.24074074074074073 0.25416666666666665 0.2462962962962963 0.2708333333333333 0.275 0.2734375 0.275 0.2598958333333333 0.24814814814814815 0.26145833333333335 0.23796296296296296 0.2786458333333333 0.2037037037037037 0.2828125 0.1925925925925926 0.28489583333333335 0.17592592592592593 0.30052083333333335 0.13796296296296295 0.3260416666666667 0.09166666666666666 0.3302083333333333 0.07592592592592592 0.3385416666666667 0.06388888888888888 0.3416666666666667 0.05185185185185185 0.3333333333333333 0.05092592592592592 0.3229166666666667 0.06111111111111111 0.3109375 0.06574074074074074 0.2890625 0.1037037037037037 0.26614583333333336 0.1574074074074074 0.25 0.18611111111111112 0.2421875 0.2212962962962963 0.23802083333333332 0.22314814814814815 0.23177083333333334 0.21944444444444444 0.246875 0.24074074074074073
0 0.3958333333333333 0.5444444444444444 0.3765625 0.5314814814814814 0.328125 0.5203703703703704 0.31302083333333336 0.5111111111111111 0.29322916666666665 0.5074074074074074 0.290625 0.4981481481481482 0.290625 0.47962962962962963 0.2869791666666667 0.4740740740740741 0.2869791666666667 0.5583333333333333 0.334375 0.5518518518518518 0.37083333333333335 0.5583333333333333 0.39791666666666664 0.5564814814814815 0.39791666666666664 0.5481481481481482 0.3958333333333333 0.5444444444444444
0 0.815625 0.45 0.8171875 0.4935185185185185 0.821875 0.4981481481481482 0.8276041666666667 0.4861111111111111 0.8270833333333333 0.47685185185185186 0.8338541666666667 0.4444444444444444 0.8369791666666667 0.4101851851851852 0.8385416666666666 0.28888888888888886 0.8348958333333333 0.2601851851851852 0.8286458333333333 0.24166666666666667 0.834375 0.2222222222222222 0.8338541666666667 0.21203703703703702 0.8223958333333333 0.2388888888888889 0.8130208333333333 0.24444444444444444 0.7979166666666667 0.24722222222222223 0.7947916666666667 0.2518518518518518 0.8067708333333333 0.25092592592592594 0.8114583333333333 0.30277777777777776 0.8197916666666667 0.33611111111111114 0.8208333333333333 0.38055555555555554 0.815625 0.45
0 0.696875 0.8685185185185185 0.7036458333333333 0.8842592592592593 0.7203125 0.9037037037037037 0.7401041666666667 0.9157407407407407 0.746875 0.9092592592592592 0.7526041666666666 0.8972222222222223 0.7541666666666667 0.8851851851851852 0.75 0.8740740740740741 0.7354166666666667 0.85 0.7166666666666667 0.8314814814814815 0.646875 0.7870370370370371 0.63125 0.7842592592592592 0.6234375 0.7870370370370371 0.6229166666666667 0.7916666666666666 0.6265625 0.8037037037037037 0.6338541666666667 0.8138888888888889 0.665625 0.8425925925925926 0.6848958333333334 0.8546296296296296 0.696875 0.8685185185185185
0 0.4546875 0.7027777777777777 0.4625 0.6805555555555556 0.4640625 0.662962962962963 0.4546875 0.6481481481481481 0.4375 0.6694444444444444 0.43072916666666666 0.6814814814814815 0.42864583333333334 0.700925925925926 0.4109375 0.7416666666666667 0.37395833333333334 0.8009259259259259 0.3734375 0.8101851851851852 0.3807291666666667 0.8111111111111111 0.39947916666666666 0.799074074074074 0.4078125 0.7888888888888889 0.4432291666666667 0.7175925925925926 0.4546875 0.7027777777777777
0 0.4395833333333333 0.9009259259259259 0.4546875 0.9009259259259259 0.45989583333333334 0.8925925925925926 0.459375 0.887962962962963 0.45364583333333336 0.8814814814814815 0.44375 0.8805555555555555 0.43072916666666666 0.8731481481481481 0.396875 0.8703703703703703 0.3645833333333333 0.850925925925926 0.3375 0.8444444444444444 0.3359375 0.8527777777777777 0.33489583333333334 0.8722222222222222 0.34375 0.8842592592592593 0.35833333333333334 0.8935185185185185 0.40208333333333335 0.9027777777777778 0.43125 0.9046296296296297 0.4395833333333333 0.9009259259259259
0 0.5630208333333333 0.8342592592592593 0.5682291666666667 0.8388888888888889 0.5651041666666666 0.7722222222222223 0.565625 0.6787037037037037 0.5619791666666667 0.6537037037037037 0.5515625 0.6546296296296297 0.5447916666666667 0.6472222222222223 0.5479166666666667 0.6574074074074074 0.5458333333333333 0.6907407407407408 0.5505208333333333 0.7222222222222222 0.55 0.7564814814814815 0.553125 0.8 0.5630208333333333 0.8342592592592593
0 0.6416666666666667 0.524074074074074 0.64375 0.537962962962963 0.6427083333333333 0.5518518518518518 0.6328125 0.5944444444444444 0.6239583333333333 0.6212962962962963 0.6260416666666667 0.6259259259259259 0.6302083333333334 0.625 0.646875 0.5925925925925926 0.6526041666666667 0.5712962962962963 0.65625 0.5361111111111111 0.6515625 0.5009259259259259 0.6307291666666667 0.45740740740740743 0.6057291666666667 0.45185185185185184 0.5953125 0.45555555555555555 0.5921875 0.4685185185185185 0.5916666666666667 0.487962962962963 0.59375 0.48518518518518516 0.6114583333333333 0.4981481481481482 0.6317708333333333 0.5027777777777778 0.6380208333333334 0.5101851851851852 0.6416666666666667 0.524074074074074
0 0.5609375 0.6185185185185185 0.5734375 0.6111111111111112 0.5828125 0.600925925925926 0.5942708333333333 0.5972222222222222 0.6 0.587037037037037 0.5994791666666667 0.5805555555555556 0.5958333333333333 0.5777777777777777 0.5588541666666667 0.5833333333333334 0.5489583333333333 0.5907407407407408 0.540625 0.5916666666666667 0.5317708333333333 0.6 0.5203125 0.6018518518518519 0.509375 0.5972222222222222 0.5057291666666667 0.5842592592592593 0.496875 0.5814814814814815 0.4791666666666667 0.5638888888888889 0.478125 0.5592592592592592 0.46979166666666666 0.5638888888888889 0.46510416666666665 0.575 0.4640625 0.5907407407407408 0.4765625 0.6157407407407407 0.48541666666666666 0.6259259259259259 0.5052083333333334 0.6342592592592593 0.5208333333333334 0.6342592592592593 0.5609375 0.6185185185185185
0 0.5208333333333334 0.7666666666666667 0.5255208333333333 0.7620370370370371 0.5286458333333334 0.7555555555555555 0.5286458333333334 0.7462962962962963 0.5177083333333333 0.7064814814814815 0.5108072916666667 0.6997685185185185 0.5026041666666666 0.6842592592592592 0.48489583333333336 0.6361111111111111 0.48333333333333334 0.6268518518518519 0.4708333333333333 0.6046296296296296 0.4515625 0.5796296296296296 0.4453125 0.5824074074074074 0.44583333333333336 0.5916666666666667 0.4515625 0.6018518518518519 0.48802083333333335 0.6962962962962963 0.4979166666666667 0.7342592592592593 0.5130208333333334 0.7620370370370371 0.5208333333333334 0.7666666666666667
0 0.6739583333333333 0.45092592592592595 0.6875 0.4583333333333333 0.7005208333333334 0.4703703703703704 0.7088541666666667 0.4675925925925926 0.7083333333333334 0.4564814814814815 0.6921875 0.43796296296296294 0.6895833333333333 0.42962962962962964 0.6520833333333333 0.362962962962963 0.6416666666666667 0.3333333333333333 0.6401041666666667 0.31851851851851853 0.6286458333333333 0.29444444444444445 0.61875 0.28055555555555556 0.6135416666666667 0.2796296296296296 0.6072916666666667 0.2796296296296296 0.6010416666666667 0.29259259259259257 0.603125 0.3101851851851852 0.6104166666666667 0.33425925925925926 0.6421875 0.3851851851851852 0.6572916666666667 0.42314814814814816 0.6661458333333333 0.4388888888888889 0.6739583333333333 0.45092592592592595
0 0.817596875 0.6095592592592592 0.8134203125 0.6407527777777778 0.8125848958333334 0.6593212962962963 0.8251151041666667 0.6741750000000001 0.8246973958333333 0.6541222222222223 0.8305442708333334 0.6177296296296296 0.8334682291666666 0.5805935185185186 0.8388979166666667 0.5553416666666666 0.8447453125000001 0.540487962962963 0.8455807291666667 0.5182064814814815 0.8535161458333334 0.5234055555555556 0.8618692708333333 0.5360314814814815 0.8493395833333334 0.5152351851851852 0.8426567708333333 0.51375 0.83555625 0.5055805555555556 0.8301270833333334 0.48404166666666665 0.8323578125 0.5132277777777777 0.8255322916666666 0.5204342592592592 0.8205203124999999 0.5464296296296296 0.8184322916666668 0.5508851851851853 0.8234442708333333 0.5494 0.8205203124999999 0.5805935185185186 0.817596875 0.6095592592592592
0 0.7758302083333334 0.8583925925925926 0.7687296875 0.8777027777777777 0.7687296875 0.8925574074074074 0.7641354166666667 0.9215222222222222 0.7729067708333334 0.9371194444444445 0.7770833333333333 0.9185518518518518 0.7775010416666667 0.902212037037037 0.7850187500000001 0.8977555555555555 0.7950427083333333 0.8695333333333334 0.8096609375 0.8257129629629629 0.8142557291666667 0.8123444444444444 0.8263677083333333 0.790062962962963 0.8317973958333333 0.7603546296296296 0.8292916666666666 0.7484712962962964 0.8514276041666666 0.7388166666666667 0.829709375 0.7425296296296297 0.8192677083333333 0.7358453703703703 0.8121671875 0.7417870370370371 0.8149890625 0.7406527777777777 0.8046489583333333 0.7596120370370371 0.7954604166666667 0.777437037037037 0.8042317708333333 0.7818935185185185 0.7967135416666667 0.8123444444444444 0.7854364583333333 0.8361111111111111 0.7758302083333334 0.8583925925925926
0 0.609375 0.9055555555555556 0.6682291666666667 0.9472222222222222 0.6692708333333334 0.950925925925926 0.678125 0.9416666666666667 0.6786458333333333 0.9148148148148149 0.684375 0.8833333333333333 0.69375 0.8685185185185185 0.6932291666666667 0.8648148148148148 0.6890625 0.8638888888888889 0.6875 0.8731481481481481 0.6791666666666667 0.8833333333333333 0.671875 0.8787037037037037 0.66875 0.8722222222222222 0.6494791666666667 0.8657407407407407 0.6395833333333333 0.8574074074074074 0.6322916666666667 0.8648148148148148 0.6229166666666667 0.8657407407407407 0.5880208333333333 0.862037037037037 0.55 0.8527777777777777 0.5359375 0.8546296296296296 0.5229166666666667 0.8490740740740741 0.5145833333333333 0.8537037037037037 0.5145833333333333 0.8611111111111112 0.51875 0.8694444444444445 0.5375 0.8796296296296297 0.5416666666666666 0.8861111111111111 0.5557291666666667 0.8925925925925926 0.609375 0.9055555555555556
0 0.7891953125000001 0.6738166666666666 0.788778125 0.6923842592592593 0.7950427083333333 0.6953546296296296 0.8063197916666667 0.72135 0.8134203125 0.7347185185185185 0.81634375 0.7443740740740741 0.8221911458333333 0.7347185185185185 0.8313796875 0.7287768518518518 0.8313796875 0.72135 0.8535161458333334 0.7324907407407407 0.8480864583333333 0.7228351851851852 0.8334682291666666 0.7102092592592593 0.8242796875 0.6782731481481481 0.8142557291666667 0.6567342592592593 0.8046489583333333 0.6426231481481481 0.7829307291666667 0.6062296296296296 0.7662239583333333 0.5817203703703704 0.75369375 0.5624101851851852 0.7403286458333334 0.5534981481481481 0.7290515625 0.5341870370370371 0.7144333333333334 0.5408722222222223 0.7181921875 0.5416148148148148 0.7177744791666666 0.5624101851851852 0.7328104166666667 0.5742935185185185 0.7399109374999999 0.5936037037037037 0.757453125 0.6062296296296296 0.7783364583333333 0.6381666666666667 0.7891953125000001 0.6738166666666666
0 0.506615625 0.3876888888888889 0.5108505208333333 0.3607916666666666 0.5162958333333333 0.3371222222222222 0.5259760416666667 0.3419638888888889 0.5368666666666667 0.33927407407407406 0.549571875 0.34734351851851847 0.5447317708333334 0.3371222222222222 0.5695380208333333 0.3204462962962963 0.5825458333333333 0.30323240740740737 0.5985791666666667 0.2903222222222222 0.6064442708333334 0.27310833333333334 0.5861760416666667 0.2806388888888889 0.5553197916666667 0.2962398148148148 0.5374718749999999 0.29462592592592596 0.5238588541666667 0.29785370370370373 0.5144807291666667 0.30915 0.509640625 0.3010805555555555 0.5056166666666667 0.271087037037037 0.5069177083333334 0.3021564814814815 0.511153125 0.3161435185185185 0.5129682291666666 0.3344333333333333 0.508128125 0.3532611111111111 0.506615625 0.3876888888888889
0 0.617865625 0.24480925925925925 0.5991338541666666 0.2472592592592593 0.5746166666666667 0.2516675925925926 0.555609375 0.26783240740740744 0.55368125 0.2795888888888889 0.5363265625 0.2947740740740741 0.5616697916666666 0.2898759259259259 0.599684375 0.28693703703703705 0.6176203124999999 0.27886759259259264 0.6385359375 0.2677472222222222 0.6551390625 0.25547777777777775 0.6672140624999999 0.24244074074074076 0.6689390625 0.23170462962962965 0.6978333333333333 0.23668981481481483 0.6833864583333333 0.2313212962962963 0.6693703125 0.22672037037037038 0.6698015625 0.2186685185185185 0.6652734375 0.2102324074074074 0.6745786458333334 0.17054166666666667 0.6630427083333333 0.2085611111111111 0.6586348958333333 0.2066009259259259 0.647340625 0.21345925925925927 0.6335671875000001 0.227175 0.617865625 0.24480925925925925
