0 0.5598958333333334 0.8555555555555555 0.5677083333333334 0.8842592592592593 0.5645833333333333 0.8953703703703704 0.5505208333333333 0.9046296296296297 0.546875 0.9157407407407407 0.5520833333333334 0.9185185185185185 0.5614583333333333 0.9157407407407407 0.5744791666666667 0.8962962962962963 0.5869791666666667 0.8916666666666667 0.5916666666666667 0.8916666666666667 0.6145833333333334 0.9074074074074074 0.6203125 0.9074074074074074 0.6104166666666667 0.9009259259259259 0.5911458333333334 0.8805555555555555 0.5932291666666667 0.8722222222222222 0.5932291666666667 0.8342592592592593 0.5744791666666667 0.762962962962963 0.5666666666666667 0.7231481481481481 0.5609375 0.6537037037037037 0.5567708333333333 0.6314814814814815 0.55625 0.5972222222222222 0.553125 0.5888888888888889 0.55 0.587037037037037 0.5447916666666667 0.5888888888888889 0.5416666666666666 0.5953703703703703 0.540625 0.6462962962962963 0.5442708333333334 0.6703703703703704 0.5442708333333334 0.700925925925926 0.5541666666666667 0.7601851851851852 0.5557291666666667 0.8083333333333333 0.5598958333333334 0.8555555555555555
0 0.6140625 0.7972222222222223 0.6098958333333333 0.7972222222222223 0.6104166666666667 0.8055555555555556 0.6151041666666667 0.812037037037037 0.6229166666666667 0.8092592592592592 0.6270833333333333 0.7907407407407407 0.6302083333333334 0.7870370370370371 0.6385416666666667 0.787962962962963 0.6536458333333334 0.8009259259259259 0.665625 0.799074074074074 0.6666666666666666 0.7944444444444444 0.6541666666666667 0.7925925925925926 0.6453125 0.7851851851851852 0.6416666666666667 0.7768518518518519 0.64375 0.7314814814814815 0.6375 0.7203703703703703 0.634375 0.7064814814814815 0.6322916666666667 0.6555555555555556 0.6364583333333333 0.5944444444444444 0.6421875 0.5768518518518518 0.6411458333333333 0.5657407407407408 0.634375 0.562962962962963 0.6302083333333334 0.5675925925925925 0.6260416666666667 0.5833333333333334 0.61875 0.5972222222222222 0.6151041666666667 0.6175925925925926 0.6151041666666667 0.6805555555555556 0.6171875 0.6888888888888889 0.6171875 0.7101851851851851 0.6125 0.7361111111111112 0.6197916666666666 0.7842592592592592 0.6140625 0.7972222222222223
0 0.2586807291666667 0.43780277777777776 0.2529515625 0.43447129629629627 0.2574651041666667 0.40111574074074074 0.2456598958333333 0.43447129629629627 0.22760416666666666 0.4585620370370371 0.24079843750000002 0.4462083333333333 0.246875 0.4637462962962963 0.2520833333333333 0.4748657407407408 0.26145833333333335 0.4810425925925926 0.265625 0.4946314814814815 0.28402760416666667 0.5162509259259259 0.2989583333333333 0.5329296296296296 0.32135416666666666 0.5401231481481481 0.3055557291666667 0.5211925925925927 0.2861109375 0.5014268518518519 0.28125 0.4872194444444444 0.26840260416666667 0.4612759259259259 0.26909739583333336 0.450775 0.2586807291666667 0.43780277777777776
0 0.32083333333333336 0.5570194444444445 0.3194442708333333 0.5823453703703704 0.32100677083333334 0.5998907407407407 0.29184010416666667 0.6332462962962963 0.33645833333333336 0.597787962962963 0.3416666666666667 0.568137962962963 0.34305572916666666 0.5366351851851852 0.3385416666666667 0.5181046296296297 0.3388890625 0.47857129629629624 0.33993072916666667 0.4353324074074074 0.33472239583333335 0.4217425925925926 0.33090260416666667 0.4396564814814815 0.3284723958333334 0.4711592592592592 0.328125 0.49277870370370375 0.32743072916666666 0.517487037037037 0.32395833333333335 0.5347824074074075 0.32083333333333336 0.5570194444444445
0 0.35 0.5817277777777777 0.35833333333333334 0.568137962962963 0.3597223958333334 0.5526953703703703 0.3576390625 0.5347824074074075 0.3538192708333333 0.5292231481481482 0.3506942708333333 0.5224287037037036 0.34756927083333333 0.48968981481481483 0.3482640625 0.45880462962962965 0.3506942708333333 0.44706851851851853 0.3486109375 0.42050740740740744 0.34375 0.42915555555555557 0.33993072916666667 0.5150157407407407 0.34270833333333334 0.5384888888888889 0.34479166666666666 0.572462037037037 0.35 0.5817277777777777
0 0.4201390625 0.4693055555555556 0.43020833333333336 0.4495398148148148 0.4555557291666667 0.4229787037037037 0.46597239583333333 0.39209351851851854 0.47465260416666666 0.3680027777777778 0.47465260416666666 0.34947222222222224 0.4631942708333333 0.36367870370370375 0.4600692708333333 0.3772685185185185 0.44930572916666667 0.38715185185185186 0.43472239583333333 0.4087712962962963 0.4131942708333333 0.43595 0.3982640625 0.4513925925925926 0.3875 0.4656 0.375 0.47857129629629624 0.3670140625 0.49772037037037037 0.3689234375 0.5072981481481481 0.3519098958333334 0.5066796296296296 0.37152760416666664 0.5242814814814816 0.3807291666666667 0.561037962962963 0.37899322916666667 0.5270638888888889 0.3986109375 0.5032796296296297 0.4038192708333333 0.48536666666666667 0.4201390625 0.4693055555555556
0 0.42569427083333333 0.34576574074074073 0.4354166666666667 0.33155833333333334 0.4373265625 0.3258185185185185 0.46996510416666665 0.34249722222222223 0.44427083333333334 0.322112962962963 0.4329859375 0.3099388888888889 0.4243057291666667 0.3062324074074074 0.41284739583333335 0.3161157407407407 0.39722239583333335 0.3327935185185185 0.35798593749999996 0.38776944444444444 0.3357640625 0.403212037037037 0.3234375 0.4123453703703704 0.3440973958333334 0.41124166666666667 0.359375 0.4056824074074074 0.3746526041666666 0.3939462962962963 0.396875 0.3704740740740741 0.4163192708333333 0.3556490740740741 0.42569427083333333 0.34576574074074073
0 0.42465260416666667 0.2926435185185185 0.4295140625 0.28276018518518514 0.4298609375 0.26052314814814814 0.4319442708333333 0.24446296296296294 0.4227432291666667 0.23686944444444444 0.4161458333333333 0.18065925925925924 0.4192708333333333 0.2449 0.4059026041666666 0.2654648148148148 0.40347239583333333 0.2833777777777778 0.4041666666666667 0.2938787037037037 0.3986109375 0.3124101851851852 0.38923593749999996 0.3247638888888889 0.378125 0.3371175925925926 0.365625 0.3519425925925926 0.35034739583333335 0.37356203703703705 0.340625 0.3956787037037037 0.3513890625 0.3890046296296296 0.3753473958333334 0.358737037037037 0.39791666666666664 0.32970555555555553 0.4163192708333333 0.3080861111111111 0.42465260416666667 0.2926435185185185
0 0.4979166666666667 0.34836203703703705 0.49375 0.3625685185185185 0.4967015625 0.40228888888888886 0.4782984375 0.446762962962963 0.5005208333333333 0.4004351851851852 0.5098958333333333 0.4078481481481481 0.5199651041666666 0.4344092592592592 0.5119791666666667 0.40537685185185185 0.5125 0.3940712962962963 0.515625 0.36442222222222226 0.5111109375 0.3397138888888889 0.5159723958333333 0.31438796296296295 0.5263890625000001 0.27609074074074075 0.5347223958333333 0.2279101851851852 0.5326390625 0.22049722222222223 0.5333333333333333 0.18641944444444444 0.5277776041666666 0.2137027777777778 0.5194442708333333 0.23161574074074076 0.5131942708333334 0.26064814814814813 0.5072916666666667 0.29029814814814814 0.5027776041666666 0.3180944444444444 0.4979166666666667 0.34836203703703705
0 0.45243072916666666 0.17478796296296295 0.4611109375 0.15563888888888888 0.4635416666666667 0.1408138888888889 0.4690973958333334 0.13031296296296296 0.4743057291666667 0.11301759259259259 0.4786458333333333 0.08806666666666667 0.5140625 0.06953518518518519 0.4763890625 0.0821324074074074 0.46024322916666666 0.03988518518518518 0.4397567708333333 0.04606296296296296 0.4588541666666667 0.04420925925925926 0.4661458333333333 0.06088703703703703 0.4657984375 0.07447685185185185 0.45451406250000004 0.08830925925925925 0.4444442708333333 0.11610555555555556 0.44131927083333333 0.13834351851851853 0.43645833333333334 0.17602314814814815 0.43402760416666664 0.20629074074074075 0.4326390625 0.24211666666666665 0.43402760416666664 0.2748555555555556 0.4357640625 0.2909157407407408 0.43819427083333334 0.3113 0.4427083333333333 0.3271601851851852 0.44722239583333334 0.31871203703703704 0.446875 0.2872092592592592 0.44895833333333335 0.2773259259259259 0.453125 0.21493796296296297 0.4506942708333333 0.19640740740740742 0.45243072916666666 0.17478796296296295
0 0.28055572916666666 0.20505462962962964 0.28784739583333335 0.19023055555555557 0.29826406250000004 0.1692287037037037 0.30625 0.15255 0.3100692708333333 0.12104722222222222 0.30347239583333335 0.09386851851851852 0.30347239583333335 0.06483703703703704 0.3069442708333333 0.045687962962962965 0.3 0.05989537037037037 0.29409739583333333 0.08892685185185185 0.30069427083333333 0.1105462962962963 0.29756927083333334 0.12846018518518518 0.29097239583333334 0.14452037037037035 0.28263906250000004 0.16366944444444445 0.2711807291666667 0.1791111111111111 0.2565973958333333 0.1976425925925926 0.25277760416666667 0.21679166666666666 0.25190989583333334 0.2338435185185185 0.24114583333333334 0.2233425925925926 0.253125 0.2427351851851852 0.2578125 0.26049351851851854 0.27934010416666666 0.2752296296296296 0.2678817708333333 0.2579342592592593 0.27222239583333335 0.24582314814814812 0.2763890625 0.23346944444444442 0.28055572916666666 0.20505462962962964
0 0.5951390624999999 0.4242342592592593 0.5871526041666667 0.40570277777777775 0.5774307291666666 0.37420000000000003 0.5756942708333334 0.35381574074074074 0.5701390624999999 0.3451675925925926 0.5736109375 0.33157870370370374 0.5680557291666666 0.32293055555555555 0.5545140624999999 0.296987037037037 0.5515625 0.29054722222222223 0.5696182291666666 0.21827592592592593 0.5435765625 0.29054722222222223 0.5196182291666667 0.29795925925925926 0.5348958333333333 0.30290092592592593 0.5347223958333333 0.3124296296296296 0.5385416666666667 0.3426972222222222 0.546875 0.3636990740740741 0.559375 0.3908777777777778 0.5649307291666666 0.4050851851851852 0.5732640625 0.4229981481481482 0.5819442708333333 0.4359703703703704 0.5885416666666666 0.4575898148148148 0.6003473958333333 0.48909259259259263 0.6048609375 0.5057703703703703 0.6111109375 0.5175064814814815 0.6166666666666667 0.5391259259259259 0.6265625 0.5484564814814814 0.6274307291666666 0.5187425925925926 0.6222223958333333 0.5051527777777778 0.6208333333333333 0.4847685185185185 0.6121526041666667 0.4532657407407407 0.5951390624999999 0.4242342592592593
0 0.6784723958333333 0.33899074074074076 0.6965276041666667 0.32478425925925924 0.6986109375 0.3161361111111111 0.7086807291666666 0.3068703703703704 0.7121526041666667 0.29389907407407406 0.7121526041666667 0.2871037037037037 0.6927083333333334 0.2994583333333333 0.6885416666666667 0.29760462962962964 0.6784723958333333 0.3019287037037037 0.6611109375 0.3068703703703704 0.6486109375000001 0.3136648148148148 0.6350692708333334 0.32046018518518515 0.615625 0.32046018518518515 0.6048609375 0.3142833333333333 0.5944442708333334 0.31304722222222225 0.5864583333333333 0.319225 0.5767359375000001 0.3284898148148148 0.5723958333333333 0.34197500000000003 0.584375 0.359375 0.6027776041666667 0.3581398148148148 0.6128473958333333 0.35010925925925923 0.6458333333333334 0.3451675925925926 0.6784723958333333 0.33899074074074076
0 0.8383682291666666 0.59705 0.8404515625 0.5686361111111111 0.8480901041666667 0.5321916666666667 0.8512151041666667 0.4883342592592592 0.8472223958333333 0.4470574074074074 0.8552083333333333 0.4371740740740741 0.865625 0.45076388888888885 0.8586807291666666 0.42667314814814816 0.8366317708333334 0.4438601851851852 0.8260416666666667 0.44149814814814814 0.7989583333333333 0.4038185185185185 0.8239583333333333 0.4501462962962963 0.8223958333333333 0.46115555555555554 0.8178817708333334 0.4778333333333333 0.8151041666666666 0.500688888888889 0.8189234375000001 0.5130425925925926 0.8227432291666666 0.5284851851851852 0.8248265625 0.5612231481481481 0.8234375 0.5982851851851853 0.8237848958333333 0.6285527777777777 0.8151041666666666 0.6538787037037037 0.8046875 0.6736453703703704 0.7928817708333333 0.6866166666666668 0.7817708333333333 0.691049074074074 0.7946182291666666 0.7014416666666666 0.8085067708333333 0.6927935185185186 0.8230901041666667 0.6631444444444444 0.8394098958333333 0.6143453703703704 0.8383682291666666 0.59705
0 0.7060765625 0.6934111111111111 0.7036458333333333 0.7150305555555555 0.7109375 0.7322953703703704 0.6921875 0.7662685185185185 0.7180557291666666 0.7329277777777777 0.746875 0.7347814814814815 0.7270833333333333 0.7279861111111111 0.7265625 0.7162666666666666 0.7244791666666667 0.6884694444444445 0.7178817708333334 0.6717916666666667 0.7161458333333334 0.6501722222222223 0.7119791666666667 0.6279351851851851 0.7043401041666667 0.5698712962962963 0.7019098958333333 0.5655472222222223 0.6928817708333334 0.5352796296296296 0.6911458333333333 0.541975 0.6932291666666667 0.5748129629629629 0.6904515625 0.5865490740740741 0.6953125 0.6186694444444445 0.7012151041666667 0.6532611111111112 0.7039932291666666 0.6792046296296297 0.7060765625 0.6934111111111111
0 0.7473958333333334 0.648937037037037 0.7303817708333333 0.6328768518518518 0.7196182291666666 0.6365824074074075 0.7171875 0.6544962962962962 0.7251734375000001 0.6748805555555555 0.7362848958333333 0.6866166666666668 0.7470484375 0.6853814814814815 0.7616317708333333 0.7014416666666666 0.7897567708333334 0.7267675925925926 0.8102432291666666 0.7446805555555556 0.8237848958333333 0.7601231481481482 0.8345484375000001 0.763212037037037 0.8338541666666667 0.7549379629629629 0.8189234375000001 0.7317092592592592 0.8102432291666666 0.7212083333333333 0.7883682291666666 0.7008240740740741 0.7744791666666667 0.6872342592592592 0.7595484375 0.6705564814814815 0.7473958333333334 0.648937037037037
0 0.7862848958333333 0.09142777777777779 0.7833333333333333 0.08123981481481482 0.8065973958333333 0.08679907407407407 0.7796875 0.07104351851851852 0.7711807291666666 0.07012129629629629 0.7541666666666667 0.05158981481481481 0.7729166666666667 0.0800037037037037 0.7661458333333333 0.089575 0.7633682291666666 0.11737129629629629 0.7630208333333334 0.1359027777777778 0.7616317708333333 0.1587574074074074 0.7519098958333333 0.19458425925925926 0.7460067708333333 0.2446175925925926 0.7505208333333333 0.25388333333333335 0.7564234375000001 0.28353333333333336 0.7560765625 0.27920925925925927 0.7626734375 0.2489416666666667 0.7779515625 0.14207962962962964 0.7862848958333333 0.10995925925925926 0.7862848958333333 0.09142777777777779
0 0.8338541666666667 0.17852407407407409 0.8276041666666667 0.15752222222222223 0.8241317708333333 0.12910740740740742 0.8126734375000001 0.10934166666666667 0.8079859375 0.10109907407407408 0.8107640625 0.07073888888888888 0.7921875 0.11057685185185186 0.7935765625 0.13652037037037038 0.8019098958333333 0.1618462962962963 0.8119791666666667 0.17852407407407409 0.8182291666666667 0.20014351851851853 0.8237848958333333 0.23658796296296294 0.8321182291666667 0.288475 0.8373265624999999 0.3125648148148148 0.8449651041666667 0.32615462962962966 0.8515625 0.3465388888888889 0.8588541666666667 0.3524703703703704 0.8529515624999999 0.31071203703703704 0.8588541666666667 0.3088592592592592 0.8536458333333333 0.258825 0.8418401041666667 0.19829074074074074 0.8338541666666667 0.17852407407407409
0 0.428125 0.5616527777777778 0.4427083333333333 0.5468277777777777 0.44930572916666667 0.5344740740740741 0.4555557291666667 0.5005 0.43888906250000004 0.5219268518518518 0.4201390625 0.5373694444444445 0.3986109375 0.555900925925926 0.37916666666666665 0.5664018518518519 0.35833333333333334 0.5713435185185186 0.3493057291666667 0.5830796296296297 0.35 0.5929009259259259 0.3548609375 0.6048916666666667 0.37118072916666667 0.6048916666666667 0.378125 0.5956268518518519 0.39409739583333336 0.5863611111111111 0.428125 0.5616527777777778
0 0.43385416666666665 0.7498287037037038 0.44169412083333337 0.7279785777777777 0.42899322916666666 0.7461231481481482 0.4029515625 0.7281842592592592 0.4192708333333333 0.7467157407407408 0.41458333333333336 0.7628055555555556 0.4138890625 0.7893666666666667 0.41597239583333334 0.8159277777777778 0.42118072916666666 0.8326055555555556 0.42847239583333335 0.851137037037037 0.4444442708333333 0.8628731481481482 0.5090276041666667 0.8486666666666666 0.4920140625 0.8461953703703703 0.46145833333333336 0.8523722222222222 0.44131927083333333 0.8474305555555556 0.43020833333333336 0.8326055555555556 0.42916666666666664 0.8116037037037037 0.43368072916666667 0.7949259259259259 0.43472239583333333 0.7689824074074074 0.43385416666666665 0.7498287037037038
0 0.403125 0.8641083333333333 0.39565989583333333 0.8727518518518519 0.3890625 0.8424842592592593 0.3909723958333334 0.8949935185185185 0.40572916666666664 0.9339037037037037 0.4001734375 0.9024009259259259 0.4222223958333334 0.8949935185185185 0.44131927083333333 0.8807870370370371 0.47604166666666664 0.8807870370370371 0.49895833333333334 0.8820222222222222 0.5128473958333334 0.8696685185185185 0.5291666666666667 0.8548435185185185 0.5072916666666667 0.851137037037037 0.4600692708333333 0.8647268518518518 0.43819427083333334 0.8604027777777777 0.4239583333333333 0.8542259259259259 0.403125 0.8641083333333333
