0 0.490625 0.19722222222222222 0.49583333333333335 0.18425925925925926 0.4973958333333333 0.15833333333333333 0.49375 0.044444444444444446 0.4901041666666667 0.03425925925925926 0.4859375 0.03611111111111111 0.48489583333333336 0.03981481481481482 0.48125 0.12685185185185185 0.47604166666666664 0.16203703703703703 0.47760416666666666 0.18888888888888888 0.48125 0.19722222222222222 0.4864583333333333 0.19907407407407407 0.490625 0.19722222222222222
0 0.6921875 0.3851851851851852 0.69375 0.4203703703703704 0.6911458333333333 0.47962962962962963 0.6932291666666667 0.48703703703703705 0.6979166666666666 0.4898148148148148 0.7026041666666667 0.4861111111111111 0.7052083333333333 0.4759259259259259 0.7041666666666667 0.45092592592592595 0.7067708333333333 0.42962962962962964 0.70625 0.3907407407407407 0.7 0.34814814814814815 0.7010416666666667 0.32222222222222224 0.7041666666666667 0.30833333333333335 0.696875 0.2601851851851852 0.684375 0.2574074074074074 0.6776041666666667 0.25 0.6786458333333333 0.27037037037037037 0.6755208333333333 0.3074074074074074 0.6729166666666667 0.3175925925925926 0.678125 0.32222222222222224 0.6854166666666667 0.3611111111111111 0.6921875 0.3851851851851852
0 0.7083333333333334 0.3675925925925926 0.7135416666666666 0.362962962962963 0.7166666666666667 0.33796296296296297 0.7203125 0.32685185185185184 0.7255208333333333 0.2759259259259259 0.734375 0.24166666666666667 0.7359375 0.22407407407407406 0.734375 0.21203703703703702 0.73125 0.20833333333333334 0.7239583333333334 0.2074074074074074 0.7166666666666667 0.22314814814814815 0.7135416666666666 0.24166666666666667 0.7151041666666667 0.275 0.7135416666666666 0.30462962962962964 0.7083333333333334 0.32314814814814813 0.7078125 0.3472222222222222 0.7057291666666666 0.35833333333333334 0.7083333333333334 0.3675925925925926
0 0.7984375 0.3509259259259259 0.7869791666666667 0.38055555555555554 0.7848958333333333 0.39166666666666666 0.7760416666666666 0.4074074074074074 0.7755208333333333 0.41203703703703703 0.778125 0.4185185185185185 0.7854166666666667 0.41203703703703703 0.8057291666666667 0.37407407407407406 0.8130208333333333 0.3490740740740741 0.8161458333333333 0.32314814814814813 0.8166666666666667 0.2796296296296296 0.8197916666666667 0.25 0.8130208333333333 0.2 0.79375 0.2 0.7916666666666666 0.2064814814814815 0.790625 0.25277777777777777 0.7890625 0.2601851851851852 0.7979166666666667 0.28703703703703703 0.8015625 0.31666666666666665 0.8015625 0.3333333333333333 0.7984375 0.3509259259259259
0 0.6348958333333333 0.7620370370370371 0.640625 0.7555555555555555 0.6411458333333333 0.7490740740740741 0.6375 0.7203703703703703 0.6255208333333333 0.687037037037037 0.6151041666666667 0.6435185185185185 0.6067708333333334 0.6296296296296297 0.5989583333333334 0.6092592592592593 0.5942708333333333 0.6083333333333333 0.59375 0.6175925925925926 0.6135416666666667 0.6851851851851852 0.6203125 0.7398148148148148 0.6260416666666667 0.7555555555555555 0.6307291666666667 0.7620370370370371 0.6348958333333333 0.7620370370370371
0 0.27447916666666666 0.5009259259259259 0.28489583333333335 0.45555555555555555 0.28958333333333336 0.41944444444444445 0.2890625 0.4111111111111111 0.2869791666666667 0.4083333333333333 0.28125 0.4185185185185185 0.2526041666666667 0.5398148148148149 0.2520833333333333 0.5611111111111111 0.25416666666666665 0.5722222222222222 0.2640625 0.5777777777777777 0.2708333333333333 0.5574074074074075 0.2708333333333333 0.5314814814814814 0.27447916666666666 0.5009259259259259
0 0.3140625 0.6648148148148149 0.315625 0.6574074074074074 0.31302083333333336 0.6509259259259259 0.2859375 0.6574074074074074 0.2552083333333333 0.6759259259259259 0.2328125 0.6787037037037037 0.2203125 0.6888888888888889 0.21979166666666666 0.6990740740740741 0.22239583333333332 0.7092592592592593 0.24270833333333333 0.7101851851851851 0.2635416666666667 0.6898148148148148 0.2942708333333333 0.6777777777777778 0.3140625 0.6648148148148149
0 0.4276041666666667 0.8907407407407407 0.43333333333333335 0.8981481481481481 0.440625 0.8981481481481481 0.4432291666666667 0.8907407407407407 0.44583333333333336 0.8583333333333333 0.44583333333333336 0.825925925925926 0.4432291666666667 0.7972222222222223 0.43854166666666666 0.7731481481481481 0.42864583333333334 0.7481481481481481 0.425 0.7444444444444445 0.42135416666666664 0.7462962962962963 0.421875 0.7555555555555555 0.42604166666666665 0.7657407407407407 0.4322916666666667 0.8194444444444444 0.4322916666666667 0.8388888888888889 0.4270833333333333 0.8574074074074074 0.4276041666666667 0.8907407407407407
0 0.3333333333333333 0.7277777777777777 0.34375 0.7305555555555555 0.35208333333333336 0.7018518518518518 0.35104166666666664 0.65 0.3463541666666667 0.6101851851851852 0.3380208333333333 0.5722222222222222 0.3338541666666667 0.562037037037037 0.33125 0.5638888888888889 0.33958333333333335 0.6212962962962963 0.34010416666666665 0.6537037037037037 0.3375 0.6768518518518518 0.33177083333333335 0.6953703703703704 0.3307291666666667 0.7166666666666667 0.3333333333333333 0.7277777777777777
0 0.75 0.8833333333333333 0.775 0.8712962962962963 0.778125 0.8648148148148148 0.775 0.8583333333333333 0.7713541666666667 0.8574074074074074 0.7614583333333333 0.8629629629629629 0.7546875 0.8592592592592593 0.7161458333333334 0.862037037037037 0.7083333333333334 0.8583333333333333 0.7046875 0.8518518518518519 0.6932291666666667 0.8527777777777777 0.6776041666666667 0.8592592592592593 0.6765625 0.8731481481481481 0.6791666666666667 0.8814814814814815 0.6921875 0.8898148148148148 0.70625 0.8888888888888888 0.7119791666666667 0.8842592592592593 0.75 0.8833333333333333
0 0.27480260416666663 0.7563574074074074 0.29923333333333335 0.7521805555555555 0.32272395833333334 0.7421546296296296 0.33118072916666663 0.7312944444444445 0.33165052083333335 0.7129148148148148 0.32272395833333334 0.7112435185185185 0.30534062500000003 0.7279527777777778 0.28231979166666665 0.738812962962963 0.2611776041666667 0.7363064814814815 0.2428546875 0.7321296296296297 0.23157916666666667 0.738812962962963 0.22092239583333334 0.7543166666666667 0.21983385416666668 0.7622055555555556 0.2235921875 0.7764083333333333 0.24144531249999998 0.7772435185185185 0.2592984375 0.7680537037037037 0.27480260416666663 0.7563574074074074
0 0.27809114583333333 0.8315481481481481 0.2959442708333333 0.8373953703703704 0.3128578125 0.8273703703703703 0.318965625 0.8190157407407408 0.31003906249999996 0.8181805555555556 0.29124635416666667 0.8190157407407408 0.26869479166666665 0.8048138888888888 0.25882864583333337 0.7889398148148148 0.2508416666666667 0.7797499999999999 0.24426458333333334 0.7755731481481482 0.23627760416666668 0.7764083333333333 0.22641145833333332 0.7722314814814815 0.22580625000000001 0.7817018518518519 0.22406197916666667 0.7989657407407408 0.23251875 0.8039777777777778 0.24003593750000002 0.8114972222222222 0.24943229166666667 0.8073194444444444 0.26164791666666665 0.8181805555555556 0.27809114583333333 0.8315481481481481
0 0.39413645833333333 0.5646083333333334 0.40870052083333336 0.5537472222222223 0.4289026041666667 0.5587601851851852 0.43923906250000005 0.56795 0.45380312500000003 0.5754694444444444 0.45803177083333335 0.5771398148148148 0.45380312500000003 0.5637731481481482 0.4425276041666667 0.5562537037037038 0.4289026041666667 0.5412157407407407 0.41386875 0.5445574074074073 0.4007135416666667 0.5378740740740741 0.3896192708333333 0.5385703703703704 0.37534375 0.5470638888888888 0.36735677083333335 0.5604314814814815 0.36453802083333336 0.5771398148148148 0.3711151041666667 0.5871657407407408 0.3828609375 0.582987962962963 0.39413645833333333 0.5646083333333334
0 0.43970885416666666 0.6807351851851852 0.44722552083333333 0.6723805555555556 0.44581614583333334 0.6481527777777778 0.43688958333333333 0.6239250000000001 0.43078229166666665 0.6164055555555555 0.42420468749999996 0.598025925925926 0.4162177083333333 0.5712916666666666 0.40823072916666664 0.5612666666666667 0.40126666666666666 0.5606129629629629 0.40870052083333336 0.5804814814814815 0.41386875 0.6022037037037037 0.42138593750000003 0.6230898148148148 0.4227953125 0.643975925925926 0.4279630208333333 0.6690388888888888 0.43970885416666666 0.6807351851851852
0 0.4444067708333333 0.6531657407407407 0.450984375 0.6631907407407407 0.4660182291666667 0.6807351851851852 0.48387135416666666 0.6915962962962963 0.49326770833333333 0.6840768518518519 0.505953125 0.6890898148148148 0.5092416666666667 0.6824064814814815 0.5050135416666667 0.6707101851851851 0.4937375 0.6715453703703703 0.48716041666666665 0.6640259259259259 0.473065625 0.6615203703703704 0.4570916666666667 0.6514944444444445 0.45380312500000003 0.6314435185185184 0.45568229166666663 0.6105574074074075 0.450984375 0.588000925925926 0.44581614583333334 0.5746333333333333 0.43695989583333333 0.5753074074074074 0.43595 0.5821527777777779 0.4336010416666667 0.5921777777777778 0.43595 0.6164055555555555 0.44111822916666665 0.6331148148148148 0.4444067708333333 0.6531657407407407
0 0.6414369791666666 0.5968407407407407 0.6573166666666667 0.593787962962963 0.6586046875 0.579287037037037 0.6521666666666667 0.566312037037037 0.6465869791666666 0.5640231481481481 0.6405786458333333 0.5556277777777777 0.6272734375 0.5594435185185185 0.6208354166666666 0.5693648148148148 0.6049552083333333 0.5701287037037037 0.5903630208333334 0.5686018518518519 0.5800625 0.5762342592592592 0.5714786458333333 0.5731814814814814 0.5547401041666667 0.5785231481481481 0.5573151041666667 0.5785231481481481 0.5586026041666667 0.5884453703703704 0.5740536458333333 0.5876824074074074 0.5912213541666667 0.5922611111111111 0.6135390624999999 0.5838657407407408 0.6281317708333333 0.5846296296296296 0.6414369791666666 0.5968407407407407
0 0.6271432291666666 0.507062962962963 0.6299656250000001 0.534037037037037 0.6327875 0.5164722222222222 0.6285546875 0.4913805555555556 0.6222046875 0.4713074074074074 0.6193828124999999 0.4512333333333333 0.6162078125 0.42739629629629633 0.6119744791666667 0.40795000000000003 0.6080942708333333 0.3991675925925926 0.5999807291666667 0.3991675925925926 0.5963791666666667 0.41040648148148146 0.5971583333333333 0.4255148148148148 0.5989223958333334 0.4499787037037037 0.6077411458333334 0.46377962962962965 0.6183244791666667 0.48322592592592595 0.6271432291666666 0.507062962962963
0 0.6218520833333333 0.5252546296296297 0.6211463541666667 0.5484648148148148 0.6119744791666667 0.5691657407407407 0.6253796875000001 0.561637962962963 0.6317291666666667 0.5415648148148148 0.6274963541666666 0.5108268518518518 0.6155020833333332 0.4800898148148148 0.605271875 0.4549972222222222 0.5950416666666667 0.44119722222222224 0.5881979166666667 0.44049814814814814 0.5848114583333334 0.4499787037037037 0.5858697916666666 0.4644064814814815 0.5925723958333333 0.48322592592592595 0.6035083333333334 0.4907537037037037 0.6140911458333334 0.5064361111111111 0.6218520833333333 0.5252546296296297
0 0.6405484375 0.493262962962963 0.6349041666666667 0.5127092592592593 0.6282015624999999 0.5371731481481482 0.626790625 0.5585018518518519 0.6356098958333334 0.5610111111111111 0.6458401041666666 0.5503462962962963 0.6493677083333333 0.5334092592592593 0.6507786458333332 0.49388981481481475 0.6571286458333333 0.4650342592592593 0.6624197916666666 0.4480972222222222 0.6673588541666666 0.4267694444444444 0.675825 0.3997953703703704 0.6691635416666667 0.39134814814814817 0.6627729166666666 0.40418611111111113 0.6553645833333334 0.424887037037037 0.6465453125 0.4418240740740741 0.6430177083333334 0.46691574074074077 0.6405484375 0.493262962962963
