0 0.6005208333333333 0.20462962962962963 0.615625 0.17037037037037037 0.6416666666666667 0.1361111111111111 0.6536458333333334 0.1111111111111111 0.6625 0.1 0.6635416666666667 0.09259259259259259 0.653125 0.09259259259259259 0.6260416666666667 0.1175925925925926 0.5755208333333334 0.2037037037037037 0.5708333333333333 0.21388888888888888 0.5651041666666666 0.23796296296296296 0.5645833333333333 0.24351851851851852 0.571875 0.25555555555555554 0.5760416666666667 0.2574074074074074 0.5833333333333334 0.2490740740740741 0.59375 0.23148148148148148 0.6005208333333333 0.20462962962962963
0 0.259375 0.7527777777777778 0.2609375 0.6657407407407407 0.28177083333333336 0.5768518518518518 0.28072916666666664 0.5694444444444444 0.27447916666666666 0.562037037037037 0.2677083333333333 0.5583333333333333 0.2635416666666667 0.562037037037037 0.25 0.5916666666666667 0.24583333333333332 0.6064814814814815 0.2390625 0.6814814814814815 0.24010416666666667 0.7435185185185185 0.24791666666666667 0.7953703703703704 0.2520833333333333 0.8009259259259259 0.25625 0.7925925925925926 0.25625 0.7671296296296296 0.259375 0.7527777777777778
0 0.496875 0.6768518518518518 0.5010416666666667 0.6694444444444444 0.5020833333333333 0.6611111111111111 0.496875 0.6583333333333333 0.484375 0.6666666666666666 0.43854166666666666 0.6768518518518518 0.4192708333333333 0.6694444444444444 0.4015625 0.6796296296296296 0.3958333333333333 0.6777777777777778 0.39479166666666665 0.6814814814814815 0.39375 0.6981481481481482 0.3963541666666667 0.7101851851851851 0.40729166666666666 0.7148148148148148 0.41770833333333335 0.7138888888888889 0.47760416666666666 0.6962962962962963 0.496875 0.6768518518518518
0 0.39947916666666666 0.8194444444444444 0.4010416666666667 0.8055555555555556 0.4010416666666667 0.7722222222222223 0.39739583333333334 0.725925925925926 0.39895833333333336 0.7101851851851851 0.3963541666666667 0.700925925925926 0.39479166666666665 0.6583333333333333 0.3921875 0.6296296296296297 0.3885416666666667 0.6148148148148148 0.3880208333333333 0.5944444444444444 0.3848958333333333 0.5833333333333334 0.38177083333333334 0.5805555555555556 0.3770833333333333 0.5833333333333334 0.37604166666666666 0.5879629629629629 0.3765625 0.6185185185185185 0.37447916666666664 0.6333333333333333 0.3776041666666667 0.7444444444444445 0.3729166666666667 0.775 0.3802083333333333 0.8148148148148148 0.3859375 0.8231481481481482 0.3932291666666667 0.8240740740740741 0.39947916666666666 0.8194444444444444
0 0.47291666666666665 0.8842592592592593 0.4973958333333333 0.8666666666666667 0.5 0.8574074074074074 0.49375 0.8527777777777777 0.4869791666666667 0.8574074074074074 0.43385416666666665 0.8657407407407407 0.41875 0.8648148148148148 0.4114583333333333 0.8583333333333333 0.3890625 0.8675925925925926 0.38333333333333336 0.8731481481481481 0.3828125 0.887962962962963 0.3848958333333333 0.8972222222222223 0.39427083333333335 0.9037037037037037 0.4119791666666667 0.9046296296296297 0.43125 0.8944444444444445 0.47291666666666665 0.8842592592592593
0 0.39427083333333335 0.30925925925925923 0.403125 0.32592592592592595 0.4114583333333333 0.33240740740740743 0.42135416666666664 0.32592592592592595 0.4244791666666667 0.3148148148148148 0.4088541666666667 0.2611111111111111 0.39791666666666664 0.24722222222222223 0.3692708333333333 0.1814814814814815 0.3489583333333333 0.15 0.3385416666666667 0.1425925925925926 0.3296875 0.13055555555555556 0.32135416666666666 0.13055555555555556 0.31875 0.13518518518518519 0.32083333333333336 0.14537037037037037 0.3338541666666667 0.1648148148148148 0.3375 0.17685185185185184 0.3734375 0.24351851851851852 0.39427083333333335 0.30925925925925923
0 0.6692708333333334 0.6027777777777777 0.6708333333333333 0.6296296296296297 0.675 0.6537037037037037 0.6807291666666667 0.6694444444444444 0.6880208333333333 0.6796296296296296 0.6963541666666667 0.6777777777777778 0.7015625 0.6685185185185185 0.7005208333333334 0.6435185185185185 0.696875 0.625 0.6838541666666667 0.5833333333333334 0.6744791666666666 0.5166666666666667 0.6541666666666667 0.4546296296296296 0.6505208333333333 0.45092592592592595 0.6463541666666667 0.4537037037037037 0.6458333333333334 0.46574074074074073 0.6494791666666667 0.48055555555555557 0.6536458333333334 0.5203703703703704 0.6578125 0.5342592592592592 0.6598958333333333 0.5601851851851852 0.6692708333333334 0.6027777777777777
0 0.40625 0.46574074074074073 0.4119791666666667 0.42592592592592593 0.409375 0.4 0.4 0.3731481481481482 0.4010416666666667 0.43148148148148147 0.3984375 0.4425925925925926 0.3885416666666667 0.45092592592592595 0.38697916666666665 0.4601851851851852 0.3802083333333333 0.4685185185185185 0.3625 0.4703703703703704 0.3567708333333333 0.462037037037037 0.3260416666666667 0.48333333333333334 0.321875 0.4824074074074074 0.321875 0.5009259259259259 0.32447916666666665 0.5092592592592593 0.3380208333333333 0.5185185185185185 0.359375 0.5166666666666667 0.3958333333333333 0.48333333333333334 0.40625 0.46574074074074073
0 0.32135416666666666 0.3685185185185185 0.33125 0.38796296296296295 0.34479166666666666 0.4305555555555556 0.3572916666666667 0.4564814814814815 0.36875 0.4685185185185185 0.3796875 0.46574074074074073 0.38697916666666665 0.4583333333333333 0.3890625 0.4425925925925926 0.378125 0.41574074074074074 0.3145833333333333 0.3055555555555556 0.2911458333333333 0.2824074074074074 0.2734375 0.27870370370370373 0.26458333333333334 0.2712962962962963 0.259375 0.27314814814814814 0.2578125 0.275 0.259375 0.28425925925925927 0.2765625 0.30462962962962964 0.2828125 0.31851851851851853 0.3 0.3351851851851852 0.32135416666666666 0.3685185185185185
0 0.5925348958333333 0.7311722222222222 0.5899307291666667 0.7496907407407408 0.5878473958333333 0.7524685185185186 0.5894098958333333 0.7793203703703704 0.5940973958333333 0.8043203703703704 0.6076390625 0.8033944444444445 0.6118057291666666 0.7950611111111111 0.6144098958333333 0.7765425925925926 0.6112848958333333 0.7163574074074075 0.6081598958333333 0.7043203703703704 0.6091270833333333 0.7031879629629629 0.6043651041666667 0.6852101851851852 0.5868057291666666 0.6117277777777779 0.5842015625 0.609875925925926 0.5842015625 0.6033944444444445 0.5763890625 0.5922833333333334 0.5774307291666666 0.584875925925926 0.5737848958333333 0.584875925925926 0.5727432291666666 0.5922833333333334 0.5758682291666666 0.6293203703703705 0.5762151041666667 0.6328972222222222 0.5800348958333333 0.647838888888889 0.5909723958333333 0.696912962962963 0.5925348958333333 0.7311722222222222
0 0.2986609375 0.5555740740740741 0.309375 0.5693222222222223 0.3248510416666667 0.5788398148148148 0.3337796875 0.5851851851851851 0.34568437500000004 0.5756666666666667 0.3385416666666667 0.5724944444444444 0.3194942708333333 0.5524009259259259 0.2921130208333333 0.5238481481481482 0.27961302083333334 0.5122148148148148 0.273065625 0.4952944444444444 0.2694942708333333 0.4699138888888889 0.2623510416666667 0.4593379629629629 0.25104166666666666 0.44453240740740746 0.23913697916666665 0.44558981481481486 0.23497031249999997 0.4709712962962963 0.24330364583333333 0.4868342592592592 0.245684375 0.5143296296296296 0.2540177083333333 0.5227898148148149 0.2665177083333333 0.5333657407407407 0.2813989583333333 0.5449981481481481 0.2986609375 0.5555740740740741
0 0.28199427083333334 0.550286111111111 0.25282760416666666 0.525962962962963 0.2575890625 0.5439407407407407 0.2683036458333333 0.5534583333333334 0.27782760416666663 0.5672064814814815 0.2867557291666667 0.576725 0.3016369791666667 0.5862425925925926 0.3063989583333333 0.5989324074074074 0.3123510416666667 0.6179685185185184 0.3284223958333333 0.6253712962962963 0.3391369791666667 0.632774074074074 0.3450890625 0.629600925925926 0.3462796875 0.6052777777777778 0.3385416666666667 0.5928574074074073 0.3260416666666667 0.5873 0.31294635416666666 0.576725 0.30282760416666665 0.5672064814814815 0.29270833333333335 0.5576888888888889 0.28199427083333334 0.550286111111111
0 0.6486609375000001 0.7956342592592592 0.6546130208333333 0.7829444444444444 0.6546130208333333 0.7554481481481482 0.6528276041666667 0.7364120370370371 0.6510416666666666 0.7216074074074074 0.648065625 0.6993990740740741 0.6403276041666667 0.6867083333333334 0.6349703125 0.6983407407407407 0.6349703125 0.715262037037037 0.635565625 0.7332398148148148 0.6415177083333333 0.7374703703703703 0.645684375 0.7565055555555555 0.6474703125 0.776599074074074 0.6486609375000001 0.7956342592592592
0 0.633184375 0.8210157407407408 0.6236609375000001 0.8157277777777777 0.6141369791666667 0.8051518518518518 0.6165177083333333 0.8178425925925926 0.6272322916666667 0.8389935185185186 0.6534229166666666 0.8358212962962963 0.6641369791666667 0.8189000000000001 0.6694942708333333 0.8019796296296297 0.6748510416666667 0.7871740740740741 0.6784223958333333 0.7533333333333333 0.6778276041666668 0.7258370370370371 0.6736609375 0.7120888888888889 0.6629463541666667 0.7163194444444444 0.6569942708333334 0.7342972222222223 0.6563989583333334 0.7734259259259259 0.6540177083333333 0.7892888888888889 0.648065625 0.7977500000000001 0.6403276041666667 0.8125546296296297 0.633184375 0.8210157407407408
0 0.6347223958333333 0.6323333333333333 0.6388890625 0.6471388888888888 0.6442458333333333 0.6756925925925926 0.6549604166666666 0.6862675925925926 0.6531744791666667 0.666174074074074 0.6484125 0.6418509259259259 0.6424604166666666 0.6196425925925927 0.6365078125 0.5963768518518519 0.6210317708333334 0.5540759259259259 0.6150791666666666 0.5234074074074074 0.6109125 0.4885083333333334 0.6044270833333333 0.46057037037037035 0.6006078125 0.39641296296296297 0.5967880208333334 0.45193333333333335 0.5912328124999999 0.4587194444444444 0.5537328125 0.4229398148148148 0.5874130208333334 0.4661222222222222 0.5842880208333334 0.47414166666666663 0.5846354166666666 0.49079814814814815 0.5870661458333333 0.5012851851851852 0.5885127546875 0.5095104611111111 0.5924604166666666 0.517062037037037 0.5876984375000001 0.511774074074074 0.5990078125 0.527637037037037 0.6079364583333333 0.5498453703703703 0.614484375 0.5699388888888889 0.6216270833333333 0.5910898148148148 0.6287697916666667 0.6111824074074074 0.6347223958333333 0.6323333333333333
0 0.6129463541666667 0.6264287037037037 0.6099703125 0.6412342592592593 0.6165177083333333 0.6761333333333334 0.6210067708333333 0.6922759259259259 0.6338541666666667 0.6928925925925925 0.6335067708333334 0.662048148148148 0.6302083333333334 0.643349074074074 0.6272322916666667 0.6211407407407408 0.6183036458333333 0.5957601851851853 0.6046130208333333 0.5545166666666667 0.598065625 0.5301925925925925 0.5911458333333334 0.5170768518518518 0.5842015625 0.5127592592592592 0.5736609375 0.5058694444444445 0.5569942708333334 0.4910638888888889 0.5505953125 0.49761944444444445 0.5659223958333333 0.5132722222222221 0.5786458333333333 0.5386685185185185 0.5890625 0.5608768518518518 0.5991317708333334 0.5874037037037037 0.6129463541666667 0.6264287037037037
0 0.6088541666666667 0.6945861111111111 0.6117562499999999 0.7104148148148148 0.6185765624999999 0.7377694444444445 0.6248265624999999 0.7595175925925925 0.6352432291666666 0.7624453703703704 0.6248510416666666 0.7178175925925926 0.6188989583333334 0.6934944444444445 0.6153276041666668 0.6808037037037037 0.609375 0.6607101851851852 0.6034223958333332 0.641675 0.6099703125 0.6311 0.6069942708333333 0.6131212962962963 0.5986609375 0.5940861111111112 0.5909229166666666 0.5813953703703704 0.5822046875000001 0.5834638888888889 0.5813989583333333 0.590912962962963 0.5873510416666666 0.6046611111111111 0.5973958333333333 0.646625 0.6057291666666667 0.6803981481481481 0.6088541666666667 0.6945861111111111
0 0.6790177083333333 0.715262037037037 0.6837796875 0.7025712962962963 0.6808036458333333 0.6835361111111111 0.6778276041666668 0.6645 0.673065625 0.6444064814814814 0.6694942708333333 0.622199074074074 0.6623510416666666 0.6021055555555556 0.6641369791666667 0.5777824074074074 0.6540177083333333 0.5544972222222222 0.646875 0.5576888888888889 0.6427083333333333 0.5883574074074075 0.6522322916666667 0.6211407407407408 0.6563989583333334 0.6454648148148148 0.6671130208333333 0.6919962962962963 0.6790177083333333 0.715262037037037
0 0.7321427083333333 0.8627527777777778 0.75 0.85535 0.7619046875 0.8458324074074074 0.7773807291666667 0.8384296296296296 0.8005953125 0.8236240740740741 0.8130953125 0.813049074074074 0.8279760416666666 0.8162212962962963 0.8428572916666667 0.8172787037037037 0.8285713541666666 0.7929555555555556 0.8125 0.7918981481481482 0.7821427083333333 0.794012962962963 0.7619046875 0.8024731481481482 0.7458333333333333 0.8119916666666667 0.7285713541666666 0.8151638888888888 0.7011906250000001 0.8320842592592592 0.6880953125 0.8405444444444444 0.6696427083333333 0.8490055555555556 0.6681546875 0.8746027777777778 0.6708333333333333 0.8775583333333333 0.6851192708333333 0.8775583333333333 0.7059526041666667 0.8743861111111111 0.723809375 0.8701555555555556 0.7321427083333333 0.8627527777777778
0 0.7053572916666667 0.8881342592592593 0.6803572916666667 0.8934212962962963 0.6601192708333333 0.8775583333333333 0.6422619791666667 0.8712129629629629 0.6416666666666667 0.8891916666666667 0.6589286458333333 0.8987092592592593 0.6696427083333333 0.9092842592592593 0.6851192708333333 0.9114 0.7011906250000001 0.9082268518518518 0.725 0.8997666666666667 0.7369046874999999 0.8944796296296297 0.75 0.892363888888889 0.7702380208333334 0.8987092592592593 0.7922619791666666 0.8881342592592593 0.8053572916666667 0.8616953703703704 0.7946427083333333 0.8441796296296297 0.7928572916666667 0.8447749999999999 0.761309375 0.860637962962963 0.7440473958333332 0.8690981481481481 0.7327380208333333 0.8743861111111111 0.7053572916666667 0.8881342592592593
0 0.7058161458333333 0.6207212962962964 0.7110244791666667 0.6416962962962963 0.71171875 0.6595861111111111 0.71171875 0.6731574074074074 0.7155380208333334 0.6959824074074074 0.7266494791666667 0.7021518518518518 0.73359375 0.7009175925925926 0.7342880208333333 0.6713074074074074 0.7263020833333333 0.6423129629629629 0.7217880208333334 0.6244231481481481 0.7141494791666666 0.5818574074074073 0.7092880208333334 0.5540962962962963 0.7040796875 0.540525 0.6995661458333333 0.5269537037037038 0.6978296875000001 0.5183166666666666 0.69296875 0.5146157407407407 0.6905380208333334 0.5312712962962963 0.6943578125 0.552862962962963 0.6978296875000001 0.5849416666666666 0.70234375 0.6015981481481482 0.7058161458333333 0.6207212962962964
