0 0.45260416666666664 0.649074074074074 0.44427083333333334 0.649074074074074 0.43385416666666665 0.6537037037037037 0.425 0.6620370370370371 0.42239583333333336 0.6685185185185185 0.42239583333333336 0.6796296296296296 0.4234375 0.6851851851851852 0.4317708333333333 0.6935185185185185 0.4432291666666667 0.6953703703703704 0.45416666666666666 0.6935185185185185 0.4666666666666667 0.6824074074074075 0.48385416666666664 0.6796296296296296 0.5046875 0.6814814814814815 0.5234375 0.6731481481481482 0.5317708333333333 0.6648148148148149 0.5463541666666667 0.662962962962963 0.5489583333333333 0.6574074074074074 0.5489583333333333 0.6462962962962963 0.5447916666666667 0.6416666666666667 0.5411458333333333 0.6416666666666667 0.5302083333333333 0.6472222222222223 0.5135416666666667 0.65 0.5052083333333334 0.6564814814814814 0.4921875 0.6601851851851852 0.4739583333333333 0.6592592592592592 0.45260416666666664 0.649074074074074
0 0.3494791666666667 0.6287037037037037 0.36770833333333336 0.6472222222222223 0.38177083333333334 0.6657407407407407 0.3921875 0.6851851851851852 0.3963541666666667 0.6814814814814815 0.3958333333333333 0.674074074074074 0.3807291666666667 0.6361111111111111 0.35885416666666664 0.612037037037037 0.34479166666666666 0.5851851851851851 0.3296875 0.5657407407407408 0.32760416666666664 0.5657407407407408 0.32135416666666666 0.5740740740740741 0.31979166666666664 0.5805555555555556 0.3234375 0.5953703703703703 0.3296875 0.6083333333333333 0.34427083333333336 0.6203703703703703 0.3494791666666667 0.6287037037037037
0 0.2203125 0.6175925925925926 0.225 0.6185185185185185 0.2296875 0.6138888888888889 0.24166666666666667 0.5879629629629629 0.23958333333333334 0.575 0.24166666666666667 0.5638888888888889 0.240625 0.5583333333333333 0.2421875 0.5518518518518518 0.2421875 0.525 0.24427083333333333 0.5064814814814815 0.24375 0.4648148148148148 0.24010416666666667 0.4648148148148148 0.2328125 0.5027777777777778 0.23072916666666668 0.5333333333333333 0.22552083333333334 0.5666666666666667 0.215625 0.5898148148148148 0.215625 0.6083333333333333 0.2203125 0.6175925925925926
0 0.22552083333333334 0.3212962962962963 0.23333333333333334 0.4083333333333333 0.24010416666666667 0.44166666666666665 0.24583333333333332 0.44537037037037036 0.2484375 0.44351851851851853 0.24895833333333334 0.4324074074074074 0.2453125 0.41574074074074074 0.2453125 0.3972222222222222 0.24114583333333334 0.36574074074074076 0.2390625 0.3212962962962963 0.24010416666666667 0.30092592592592593 0.2421875 0.29444444444444445 0.24010416666666667 0.27685185185185185 0.23333333333333334 0.2518518518518518 0.23038177083333336 0.2518518518518518 0.22447916666666667 0.2518518518518518 0.21822916666666667 0.2574074074074074 0.2171875 0.29074074074074074 0.21822916666666667 0.30185185185185187 0.22291666666666668 0.3101851851851852 0.22552083333333334 0.3212962962962963
0 0.528125 0.37592592592592594 0.5244791666666667 0.3814814814814815 0.5244791666666667 0.38796296296296295 0.5291666666666667 0.39351851851851855 0.5432291666666667 0.3851851851851852 0.5505208333333333 0.3851851851851852 0.5708333333333333 0.37777777777777777 0.5776041666666667 0.3712962962962963 0.5880208333333333 0.36666666666666664 0.6145833333333334 0.3712962962962963 0.6302083333333334 0.3648148148148148 0.6328125 0.3574074074074074 0.6322916666666667 0.3425925925925926 0.6265625 0.3351851851851852 0.615625 0.33055555555555555 0.6130208333333333 0.33055555555555555 0.6057291666666667 0.3314814814814815 0.5958333333333333 0.3398148148148148 0.571875 0.3527777777777778 0.5494791666666666 0.3611111111111111 0.5401041666666667 0.37037037037037035 0.528125 0.37592592592592594
0 0.6182291666666667 0.6101851851851852 0.6234375 0.625 0.6328125 0.6425925925925926 0.6380208333333334 0.6574074074074074 0.6427083333333333 0.6592592592592592 0.64375 0.6481481481481481 0.6390625 0.6342592592592593 0.634375 0.6083333333333333 0.6208333333333333 0.562962962962963 0.6171875 0.5324074074074074 0.6119791666666666 0.5157407407407407 0.6036458333333333 0.5055555555555555 0.6026041666666667 0.5055555555555555 0.5979166666666667 0.5083333333333333 0.5947916666666667 0.5166666666666667 0.5953125 0.5333333333333333 0.5989583333333334 0.5481481481481482 0.609375 0.5731481481481482 0.6182291666666667 0.6101851851851852
0 0.6541666666666667 0.5481481481481482 0.6520833333333333 0.5592592592592592 0.6541666666666667 0.5648148148148148 0.6572916666666667 0.562962962962963 0.6734375 0.5370370370370371 0.6984375 0.4777777777777778 0.7114583333333333 0.45555555555555555 0.7151041666666667 0.4388888888888889 0.715625 0.42685185185185187 0.7145833333333333 0.4203703703703704 0.7088541666666667 0.412962962962963 0.7083333333333334 0.412962962962963 0.7026041666666667 0.41944444444444445 0.6942708333333333 0.4351851851851852 0.6848958333333334 0.47314814814814815 0.6692708333333334 0.5083333333333333 0.6604166666666667 0.5370370370370371 0.6541666666666667 0.5481481481481482
0 0.6791666666666667 0.175 0.640625 0.18888888888888888 0.6239583333333333 0.18796296296296297 0.6203125 0.1925925925925926 0.6192708333333333 0.20092592592592592 0.6229166666666667 0.20925925925925926 0.6260416666666667 0.2111111111111111 0.6390625 0.2101851851851852 0.6489583333333333 0.21388888888888888 0.659375 0.21388888888888888 0.6739583333333333 0.20833333333333334 0.7015625 0.18703703703703703 0.7130208333333333 0.1814814814814815 0.7244791666666667 0.18055555555555555 0.7354166666666667 0.1712962962962963 0.7479166666666667 0.15462962962962962 0.746875 0.13703703703703704 0.7421875 0.125 0.7375 0.125 0.7265625 0.12685185185185185 0.7130208333333333 0.13518518518518519 0.7088541666666667 0.13425925925925927 0.70625 0.14629629629629629 0.7005208333333334 0.15462962962962962 0.6791666666666667 0.175
0 0.5901041666666667 0.25462962962962965 0.5989583333333334 0.275 0.6078125 0.2740740740740741 0.6104166666666667 0.26944444444444443 0.6114583333333333 0.25555555555555554 0.6088541666666667 0.2324074074074074 0.5963541666666666 0.20277777777777778 0.5822916666666667 0.14166666666666666 0.5760416666666667 0.12222222222222222 0.5744791666666667 0.11018518518518519 0.571875 0.10462962962962963 0.5708333333333333 0.10462962962962963 0.5682291666666667 0.10555555555555556 0.5666666666666667 0.1111111111111111 0.5697916666666667 0.15185185185185185 0.5744791666666667 0.17685185185185184 0.584375 0.21296296296296297 0.5901041666666667 0.25462962962962965
0 0.28802083333333334 0.8833333333333333 0.2911458333333333 0.8888888888888888 0.30104166666666665 0.8842592592592593 0.31354166666666666 0.8712962962962963 0.328125 0.8490740740740741 0.34427083333333336 0.8305555555555556 0.3609375 0.7925925925925926 0.3614583333333333 0.7787037037037037 0.3567708333333333 0.7787037037037037 0.3494791666666667 0.7935185185185185 0.3234375 0.8342592592592593 0.3104166666666667 0.8435185185185186 0.3026041666666667 0.8398148148148148 0.28541666666666665 0.8685185185185185 0.28802083333333334 0.8833333333333333
0 0.42291666666666666 0.862037037037037 0.4203125 0.8583333333333333 0.41510416666666666 0.8583333333333333 0.40260416666666665 0.8694444444444445 0.4015625 0.8842592592592593 0.4041666666666667 0.8944444444444445 0.41875 0.8953703703703704 0.42604166666666665 0.8925925925925926 0.43333333333333335 0.8851851851851852 0.446875 0.8796296296296297 0.4479166666666667 0.8768518518518519 0.4630208333333333 0.8722222222222222 0.4796875 0.8574074074074074 0.48385416666666664 0.8564814814814815 0.48541666666666666 0.8518518518518519 0.4921875 0.8472222222222222 0.490625 0.8416666666666667 0.48854166666666665 0.8416666666666667 0.48125 0.8481481481481481 0.45260416666666664 0.8574074074074074 0.4505208333333333 0.862037037037037 0.44375 0.8657407407407407 0.43333333333333335 0.8666666666666667 0.42291666666666666 0.862037037037037
0 0.63125 0.525 0.6317708333333333 0.5324074074074074 0.634375 0.5370370370370371 0.6385416666666667 0.5333333333333333 0.640625 0.5203703703703704 0.6614583333333334 0.45740740740740743 0.6802083333333333 0.42777777777777776 0.6838541666666667 0.4083333333333333 0.6817708333333333 0.4009259259259259 0.6776041666666667 0.39537037037037037 0.6734375 0.39537037037037037 0.665625 0.40555555555555556 0.6572916666666667 0.42407407407407405 0.6515625 0.44907407407407407 0.6427083333333333 0.4740740740740741 0.6364583333333333 0.5083333333333333 0.63125 0.525
0 0.8233364583333334 0.4769509259259259 0.8160968749999999 0.4429972222222222 0.806225 0.4031898148148148 0.8016177083333333 0.3575277777777778 0.7904296875 0.33528148148148146 0.7924041666666667 0.36689351851851854 0.7943781249999999 0.4043601851851852 0.79964375 0.4492925925925926 0.8016177083333333 0.48163425925925923 0.806225 0.4921722222222223 0.8154390625 0.5085638888888889 0.8259692708333334 0.4956842592592593 0.8233364583333334 0.4769509259259259
0 0.7904296875 0.6537453703703703 0.7956947916666667 0.680675 0.8108317708333334 0.6759916666666667 0.8154390625 0.6502333333333333 0.8147807291666667 0.6256462962962963 0.8160968749999999 0.5870083333333334 0.8180713541666667 0.557737962962963 0.8154390625 0.5202722222222222 0.8081994791666667 0.5027092592592594 0.8049088541666667 0.529637962962963 0.8042505208333334 0.5659342592592592 0.8022760416666667 0.5952046296296296 0.7904296875 0.6537453703703703
0 0.5995708333333333 0.8671657407407407 0.6158874999999999 0.8720851851851852 0.6449260416666667 0.8706092592592592 0.6631786458333334 0.8794648148148149 0.6717515625 0.86815 0.6648375000000001 0.8617537037037036 0.6496270833333334 0.8568342592592593 0.6316510416666666 0.8583101851851852 0.616440625 0.8553583333333333 0.6070380208333332 0.8415824074074074 0.5885088541666667 0.8273148148148148 0.5829776041666667 0.8278064814814814 0.5779994791666667 0.8282990740740741 0.5821479166666667 0.8445342592592593 0.5885088541666667 0.8578175925925926 0.5995708333333333 0.8671657407407407
0 0.5987411458333334 0.8829092592592593 0.61920625 0.8902888888888888 0.6255671875 0.8966842592592592 0.6421604166666667 0.9089842592592592 0.6612427083333333 0.9070166666666667 0.6667734375 0.8917648148148148 0.6587536458333333 0.8809407407407408 0.6476911458333333 0.8740537037037036 0.6324807291666666 0.8740537037037036 0.616440625 0.8745453703703704 0.5937630208333334 0.8666731481481481 0.5719151041666667 0.8583101851851852 0.5719151041666667 0.8578175925925926 0.56915 0.8637212962962962 0.5760635416666666 0.8725777777777778 0.5876791666666666 0.8779888888888888 0.5987411458333334 0.8829092592592593
0 0.5583640625 0.8892861111111111 0.5666609375 0.9030611111111112 0.5804885416666666 0.9060138888888889 0.5860197916666666 0.8892861111111111 0.5766166666666667 0.87305 0.55919375 0.8553388888888889 0.5348567708333333 0.8543546296296296 0.5204760416666666 0.8543546296296296 0.50360625 0.8518953703703704 0.49199114583333337 0.8553388888888889 0.4878427083333333 0.8547388888888889 0.4900552083333333 0.8671462962962964 0.5016703125 0.8700981481481481 0.5160510416666667 0.866162962962963 0.5370692708333333 0.8760027777777778 0.5520036458333333 0.8804305555555556 0.5583640625 0.8892861111111111
0 0.5099255208333333 0.13413703703703703 0.5158510416666666 0.1382361111111111 0.52704375 0.16049074074074074 0.5313234375 0.1452638888888889 0.5211182291666667 0.12652407407407407 0.5092671875 0.10661203703703705 0.49511197916666666 0.09138611111111111 0.4793104166666666 0.07733055555555556 0.46285052083333333 0.061518518518518514 0.44589687499999997 0.05442685185185185 0.44474479166666664 0.07498796296296296 0.4516578125 0.08552962962962964 0.4681177083333333 0.09607037037037038 0.4911614583333333 0.12125277777777778 0.5099255208333333 0.13413703703703703
0 0.45034114583333335 0.11891018518518519 0.4733848958333333 0.12710925925925926 0.4997203125 0.13179444444444444 0.5056458333333333 0.1358935185185185 0.4753598958333333 0.10602685185185186 0.4365145833333333 0.08201574074074074 0.42894322916666666 0.07381666666666666 0.4230177083333333 0.06913148148148149 0.41742135416666665 0.0644462962962963 0.3970109375 0.0685462962962963 0.38483072916666666 0.07850185185185185 0.39207291666666666 0.10017037037037037 0.41017916666666665 0.1136398148148148 0.4351979166666667 0.10836944444444445 0.45034114583333335 0.11891018518518519
0 0.31969531250000005 0.10777685185185185 0.33790885416666666 0.09304907407407408 0.3613651041666667 0.0812675925925926 0.3743348958333333 0.0748851851851852 0.3834416666666666 0.07046666666666666 0.38951250000000004 0.058194444444444444 0.36991979166666666 0.06212129629629629 0.3448072916666666 0.06555833333333333 0.32990572916666666 0.07095833333333333 0.3097609375 0.07439444444444444 0.30341406249999997 0.08094722222222223 0.2943072916666667 0.08764907407407407 0.29458333333333336 0.1028675925925926 0.298446875 0.11366851851851852 0.30727760416666666 0.11415925925925927 0.31969531250000005 0.10777685185185185
0 0.24711875 0.2285435185185185 0.25153437500000003 0.23198055555555555 0.25181041666666665 0.2197074074074074 0.25429375000000004 0.20399722222222222 0.2581572916666667 0.18239722222222224 0.2661598958333333 0.16570555555555555 0.2730588541666667 0.14606851851851851 0.2840973958333333 0.13428703703703704 0.29375572916666665 0.11563148148148149 0.2954114583333334 0.09354074074074074 0.294859375 0.07832222222222221 0.28520104166666665 0.07783055555555556 0.2760942708333333 0.09403148148148148 0.26671197916666667 0.11710462962962963 0.25622552083333333 0.16325092592592594 0.25043020833333335 0.1981064814814815 0.24711875 0.2285435185185185
0 0.23966822916666666 0.1853425925925926 0.23690833333333333 0.22608888888888887 0.23884010416666665 0.25750833333333334 0.24546302083333332 0.24916203703703707 0.2465671875 0.2285435185185185 0.24987864583333333 0.19859722222222223 0.255121875 0.1661962962962963 0.2628484375 0.12986851851851852 0.2705755208333333 0.10188611111111112 0.26505625 0.08666759259259259 0.2636765625 0.08372222222222223 0.25760520833333334 0.09108611111111112 0.24822291666666668 0.10974074074074074 0.24822291666666668 0.14656018518518518 0.23966822916666666 0.1853425925925926
