0 0.4546875 0.15925925925925927 0.46145833333333336 0.13425925925925927 0.4659078125 0.12195925925925927 0.48734843749999995 0.1272361111111111 0.5223958333333333 0.11296296296296296 0.5442708333333334 0.11203703703703703 0.5796875 0.10092592592592593 0.584375 0.0962962962962963 0.6 0.0962962962962963 0.6057291666666667 0.09259259259259259 0.6078125 0.08611111111111111 0.6072916666666667 0.07962962962962963 0.6041666666666666 0.075 0.5723958333333333 0.06574074074074074 0.5057291666666667 0.075 0.48385416666666664 0.07037037037037037 0.4622796875 0.09088703703703704 0.46096041666666665 0.08502407407407407 0.45832135416666664 0.07916111111111111 0.45832135416666664 0.06860833333333333 0.47604166666666664 0.06018518518518518 0.46927083333333336 0.06018518518518518 0.45729166666666665 0.06388888888888888 0.45416666666666666 0.07407407407407407 0.4588541666666667 0.09444444444444444 0.45989583333333334 0.12314814814814815 0.446875 0.1675925925925926 0.446875 0.18518518518518517 0.44947916666666665 0.17037037037037037 0.4546875 0.15925925925925927
0 0.4269854166666667 0.29263611111111115 0.4339119791666667 0.3149148148148148 0.4395833333333333 0.3055555555555556 0.4546875 0.32407407407407407 0.46458333333333335 0.3416666666666667 0.4864583333333333 0.3925925925925926 0.5125 0.425 0.5192708333333333 0.41944444444444445 0.5182291666666666 0.4074074074074074 0.4984375 0.3648148148148148 0.465625 0.30648148148148147 0.4474359375 0.2685990740740741 0.4487557291666667 0.25159629629629626 0.440625 0.25555555555555554 0.42083333333333334 0.2361111111111111 0.4171875 0.2175925925925926 0.4157703125 0.21172962962962963 0.4164296875 0.20586666666666667 0.4239583333333333 0.2 0.4171875 0.19722222222222222 0.4109375 0.2074074074074074 0.4119791666666667 0.23425925925925925 0.40729166666666666 0.25 0.396875 0.25925925925925924 0.390625 0.275 0.3921875 0.2953703703703704 0.3963541666666667 0.2833333333333333 0.396875 0.2740740740740741 0.4058744791666667 0.2644944444444444 0.4109375 0.2712962962962963 0.4269854166666667 0.29263611111111115
0 0.7229166666666667 0.16203703703703703 0.7526041666666666 0.15462962962962962 0.7651041666666667 0.14629629629629629 0.7838541666666666 0.1259259259259259 0.7984375 0.12222222222222222 0.8067708333333333 0.10555555555555556 0.8041666666666667 0.09907407407407408 0.7963541666666667 0.0962962962962963 0.7692708333333333 0.10833333333333334 0.740625 0.12777777777777777 0.7322916666666667 0.13055555555555556 0.715625 0.1287037037037037 0.6979166666666666 0.11666666666666667 0.6973958333333333 0.1037037037037037 0.6895833333333333 0.10555555555555556 0.6755208333333333 0.1 0.6609375 0.1 0.6570536458333333 0.08103333333333333 0.6588765624999999 0.06297685185185185 0.6523645833333334 0.0814962962962963 0.6508020833333333 0.06482870370370371 0.6578125 0.058333333333333334 0.65 0.06018518518518518 0.6489583333333333 0.06759259259259259 0.65 0.08333333333333333 0.6546875 0.09907407407407408 0.6510416666666666 0.12129629629629629 0.6458333333333334 0.12314814814814815 0.6265625 0.14722222222222223 0.6265625 0.15185185185185185 0.6322916666666667 0.14537037037037037 0.6510416666666666 0.13518518518518519 0.6854166666666667 0.16574074074074074 0.6939234375000001 0.15833333333333333 0.7229166666666667 0.16203703703703703
0 0.7645833333333333 0.4222222222222222 0.771875 0.39351851851851855 0.7807291666666667 0.3731481481481482 0.7916666666666666 0.32037037037037036 0.8182291666666667 0.22037037037037038 0.8223958333333333 0.19814814814814816 0.825 0.1648148148148148 0.8232494791666666 0.14628333333333332 0.8311895833333334 0.16950185185185188 0.829396875 0.14810462962962964 0.8314458333333333 0.14355185185185185 0.8375 0.16296296296296298 0.8301651041666667 0.13262592592592592 0.8391302083333334 0.13217037037037038 0.8442708333333333 0.1398148148148148 0.8416666666666667 0.12777777777777777 0.8369791666666667 0.12407407407407407 0.8166666666666667 0.1287037037037037 0.8078125 0.12407407407407407 0.7984375 0.12314814814814815 0.7745822916666667 0.06408148148148148 0.7948177083333333 0.12736296296296296 0.7963541666666667 0.1388888888888889 0.7875 0.1925925925925926 0.7885416666666667 0.20925925925925926 0.7848958333333333 0.24166666666666667 0.7744791666666667 0.2861111111111111 0.7635416666666667 0.31851851851851853 0.7557291666666667 0.36018518518518516 0.7557291666666667 0.3925925925925926 0.7520833333333333 0.41574074074074074 0.7526041666666666 0.42407407407407405 0.75625 0.4324074074074074 0.7609375 0.42962962962962964 0.7645833333333333 0.4222222222222222
0 0.8125 0.6435185185185185 0.8177083333333334 0.65 0.8223958333333333 0.6416666666666667 0.8296875 0.6064814814814815 0.8354166666666667 0.5453703703703704 0.8484375 0.48518518518518516 0.8489583333333334 0.46574074074074073 0.8493760416666666 0.45713611111111113 0.8550348958333333 0.45555555555555555 0.8619791666666666 0.4546296296296296 0.8509130208333333 0.450762962962963 0.8619791666666666 0.44074074074074077 0.8598958333333333 0.4388888888888889 0.8455338541666666 0.44757592592592593 0.8350317708333334 0.44712037037037033 0.8296875 0.4287037037037037 0.8182291666666667 0.4083333333333333 0.8166666666666667 0.4101851851851852 0.8299088541666666 0.4503074074074074 0.8182291666666667 0.4935185185185185 0.82196875 0.5067601851851852 0.8208333333333333 0.5222222222222223 0.8125 0.5990740740740741 0.8125 0.6435185185185185
0 0.7484375 0.8222222222222222 0.7479166666666667 0.8574074074074074 0.7505208333333333 0.8666666666666667 0.7494791666666667 0.8888888888888888 0.7515625 0.8962962962962963 0.7557291666666667 0.899074074074074 0.7604166666666666 0.8925925925925926 0.7619791666666667 0.8712962962962963 0.7671875 0.8518518518518519 0.7784244791666667 0.7354111111111111 0.784828125 0.729037037037037 0.7794489583333333 0.7167453703703704 0.778125 0.6972222222222222 0.7739583333333333 0.6796296296296296 0.7817708333333333 0.6620370370370371 0.7947916666666667 0.65 0.7880208333333333 0.65 0.7729166666666667 0.6648148148148149 0.7625 0.6685185185185185 0.7588541666666667 0.6666666666666666 0.7463541666666667 0.6398148148148148 0.7563963541666666 0.6736953703703704 0.7528098958333334 0.711937962962963 0.7443572916666666 0.7337907407407408 0.7546031249999999 0.7306037037037038 0.753125 0.7925925925925926 0.7484375 0.8222222222222222
0 0.6536458333333334 0.7037037037037037 0.6630208333333333 0.7333333333333333 0.6734375 0.7342592592592593 0.6776041666666667 0.725 0.6776041666666667 0.6962962962962963 0.6755208333333333 0.6842592592592592 0.6557291666666667 0.6222222222222222 0.6458333333333334 0.6055555555555555 0.6427083333333333 0.6055555555555555 0.6427083333333333 0.6148148148148148 0.646875 0.6212962962962963 0.653125 0.6564814814814814 0.6541666666666667 0.6787037037037037 0.6520833333333333 0.6935185185185185 0.6536458333333334 0.7037037037037037
0 0.5822916666666667 0.5555555555555556 0.5921875 0.5925925925925926 0.6072916666666667 0.6259259259259259 0.6125 0.6277777777777778 0.6130208333333333 0.6185185185185185 0.6026041666666667 0.575 0.5760416666666667 0.487962962962963 0.5612572916666667 0.46518333333333334 0.5588463541666666 0.43251203703703706 0.5588463541666666 0.471075 0.553125 0.4777777777777778 0.5362463541666667 0.47803703703703704 0.5525182291666667 0.4855361111111111 0.5557291666666667 0.5 0.5640625 0.5185185185185185 0.571875 0.5277777777777778 0.5822916666666667 0.5555555555555556
0 0.4354166666666667 0.6175925925925926 0.4411942708333333 0.6386824074074074 0.4457447916666667 0.6453425925925926 0.4510416666666667 0.6620370370370371 0.4557291666666667 0.6703703703703704 0.459375 0.6712962962962963 0.46145833333333336 0.662962962962963 0.4557291666666667 0.6388888888888888 0.4557291666666667 0.6175925925925926 0.4432291666666667 0.5657407407407408 0.4411942708333333 0.5387712962962964 0.4401041666666667 0.5222222222222223 0.4382494791666666 0.4949444444444444 0.44547708333333336 0.4887592592592593 0.43802083333333336 0.4666666666666667 0.4270833333333333 0.4361111111111111 0.4359375 0.3824074074074074 0.43125 0.38425925925925924 0.42604166666666665 0.40925925925925927 0.42245677083333333 0.428337037037037 0.41603229166666666 0.43309444444444445 0.40853750000000005 0.43071574074074076 0.4041666666666667 0.4166666666666667 0.39916875 0.41073425925925927 0.39622447916666664 0.4126370370370371 0.4088541666666667 0.4537037037037037 0.409375 0.4777777777777778 0.4244791666666667 0.5509259259259259 0.42864583333333334 0.5898148148148148 0.4354166666666667 0.6175925925925926
0 0.5140625 0.4398148148148148 0.5145833333333333 0.43148148148148147 0.5109375 0.43148148148148147 0.4890625 0.4546296296296296 0.4786458333333333 0.47314814814814815 0.459375 0.4935185185185185 0.44166666666666665 0.5194444444444445 0.4432291666666667 0.55 0.47708333333333336 0.5046296296296297 0.5036458333333333 0.4861111111111111 0.515625 0.4675925925925926 0.5208333333333334 0.4546296296296296 0.5140625 0.4398148148148148
0 0.3252416666666667 0.6326009259259259 0.3302083333333333 0.5601851851851852 0.3296875 0.5351851851851852 0.33489583333333334 0.5166666666666667 0.33229166666666665 0.5166666666666667 0.3265625 0.5296296296296297 0.31875 0.5333333333333333 0.309375 0.6046296296296296 0.3056010416666667 0.6233481481481482 0.29850208333333333 0.6199833333333333 0.29921197916666664 0.6397518518518519 0.29583333333333334 0.65 0.29375 0.6787037037037037 0.3020833333333333 0.6944444444444444 0.3072916666666667 0.6962962962962963 0.3125 0.6888888888888889 0.3292645833333333 0.6401722222222221 0.3252416666666667 0.6326009259259259
0 0.23958333333333334 0.6981481481481482 0.23768645833333332 0.7129351851851852 0.24010416666666667 0.7212962962962963 0.24502239583333332 0.7263944444444445 0.25 0.7240740740740741 0.243365625 0.7188231481481481 0.2407630208333333 0.707887962962963 0.24407552083333334 0.696111111111111 0.2480984375 0.6868583333333333 0.26458333333333334 0.7111111111111111 0.2719989583333334 0.7251324074074075 0.2765625 0.712037037037037 0.3 0.7305555555555555 0.321875 0.7564814814814815 0.3328125 0.7648148148148148 0.3541666666666667 0.7712962962962963 0.3609375 0.7638888888888888 0.3697916666666667 0.762962962962963 0.36614583333333334 0.7583333333333333 0.3609375 0.7592592592592593 0.34479166666666666 0.7398148148148148 0.3234375 0.7222222222222222 0.284540625 0.6742407407407407 0.2833333333333333 0.6611111111111111 0.2786458333333333 0.662962962962963 0.2708333333333333 0.6583333333333333 0.2677083333333333 0.6527777777777778 0.2552083333333333 0.65 0.2520833333333333 0.6425925925925926 0.24791666666666667 0.6083333333333333 0.24375 0.600925925925926 0.24270833333333333 0.6064814814814815 0.2453125 0.6101851851851852 0.24667864583333332 0.6380694444444445 0.24583333333333332 0.6416666666666667 0.24833489583333332 0.6536314814814815 0.246875 0.6601851851851852 0.23958333333333334 0.6981481481481482
0 0.2788822916666666 0.8760925925925925 0.28252812499999996 0.8881296296296296 0.2866947916666666 0.894611111111111 0.291903125 0.8964629629629629 0.2846114583333333 0.8835 0.2826473958333333 0.8616898148148148 0.284090625 0.8547962962962963 0.3017989583333333 0.8483148148148147 0.3063109375 0.8431833333333334 0.32074583333333334 0.8465481481481482 0.31411979166666665 0.8347712962962963 0.3205489583333333 0.8279444444444444 0.34034062499999995 0.8140555555555555 0.3611739583333333 0.8047962962962962 0.377840625 0.7899814814814814 0.40284062499999995 0.7501666666666666 0.4033614583333333 0.7418333333333332 0.401278125 0.7372037037037037 0.3960697916666666 0.7362777777777777 0.3804447916666666 0.7529444444444444 0.3648197916666666 0.7594259259259258 0.35837083333333336 0.7683175925925926 0.349615625 0.7704203703703704 0.3489057291666667 0.7742055555555556 0.34180625000000003 0.77715 0.33825677083333333 0.7821972222222222 0.30725781249999995 0.7922916666666666 0.30418125 0.7758879629629629 0.2956625 0.7969185185185186 0.27744114583333335 0.807012037037037 0.2757848958333333 0.8183685185185184 0.26963229166666663 0.8171064814814815 0.26169479166666665 0.8047962962962962 0.25336145833333334 0.7983148148148148 0.251278125 0.7918333333333333 0.25075729166666666 0.7973888888888888 0.25388229166666665 0.7992407407407407 0.2627364583333333 0.8186851851851852 0.271590625 0.8288703703703704 0.2767989583333333 0.8510925925925925 0.2788822916666666 0.8760925925925925
0 0.3519307291666667 0.8505435185185185 0.396875 0.8425925925925926 0.4244791666666667 0.825 0.44375 0.8194444444444444 0.45985989583333337 0.7980564814814815 0.47789166666666666 0.7985212962962963 0.48311822916666664 0.7961990740740741 0.4632572916666666 0.7878379629629629 0.4578125 0.7731481481481481 0.4479166666666667 0.7685185185185185 0.44088541666666664 0.7722222222222223 0.4354166666666667 0.7703703703703704 0.4171875 0.799074074074074 0.40260416666666665 0.812962962962963 0.37083333333333335 0.8212962962962963 0.3609375 0.8296296296296296 0.35898645833333337 0.8291777777777777 0.355328125 0.8301064814814815 0.34722708333333335 0.8305712962962963 0.3422614583333334 0.8370740740740741 0.34330677083333333 0.8472925925925926 0.3519307291666667 0.8505435185185185
0 0.3885416666666667 0.8972222222222223 0.42083333333333334 0.9018518518518519 0.4630208333333333 0.9138888888888889 0.48333333333333334 0.9138888888888889 0.48802083333333335 0.9101851851851852 0.5052083333333334 0.9138888888888889 0.5109375 0.9074074074074074 0.5098958333333333 0.9009259259259259 0.5026041666666666 0.8907407407407407 0.4921875 0.8870370370370371 0.4864583333333333 0.8796296296296297 0.4786458333333333 0.8759259259259259 0.4390625 0.8703703703703703 0.4125 0.8601851851851852 0.4091885416666667 0.8478805555555555 0.39979843750000005 0.8509712962962963 0.3890625 0.8444444444444444 0.3729166666666667 0.8444444444444444 0.365625 0.8490740740740741 0.3671875 0.8518518518518519 0.36849947916666664 0.8602425925925926 0.3651041666666667 0.8870370370370371 0.3688473958333333 0.8812592592592593 0.3729166666666667 0.8851851851851852 0.3885416666666667 0.8972222222222223
0 0.2352953125 0.5866583333333334 0.24159895833333334 0.6057037037037036 0.24002291666666667 0.582737037037037 0.2463260416666667 0.5636916666666667 0.25672656250000003 0.5502472222222222 0.2786458333333333 0.5564814814814815 0.2875 0.5546296296296296 0.3017947916666667 0.5687324074074074 0.298328125 0.5485666666666666 0.31614583333333335 0.5314814814814814 0.3302083333333333 0.5287037037037037 0.37552083333333336 0.44907407407407407 0.3765625 0.43796296296296294 0.384375 0.43425925925925923 0.38645833333333335 0.40370370370370373 0.3807291666666667 0.3990740740740741 0.375 0.4101851851851852 0.3734375 0.41944444444444445 0.3609375 0.4324074074074074 0.328125 0.47685185185185186 0.3260416666666667 0.48333333333333334 0.3145833333333333 0.4898148148148148 0.3104166666666667 0.49722222222222223 0.30416666666666664 0.49907407407407406 0.29270833333333335 0.49444444444444446 0.290625 0.4898148148148148 0.275 0.5027777777777778 0.26197916666666665 0.5083333333333333 0.2552083333333333 0.5074074074074074 0.24895833333333334 0.49166666666666664 0.24791666666666667 0.462037037037037 0.24427083333333333 0.46111111111111114 0.24479166666666666 0.48703703703703705 0.2520833333333333 0.524074074074074 0.253125 0.5453703703703704 0.2482171875 0.5474462962962963 0.23781666666666668 0.5720935185185185 0.2352953125 0.5866583333333334
0 0.3746385416666667 0.37249351851851853 0.3796572916666667 0.37360925925925925 0.38279375000000004 0.3794953703703704 0.38153906249999997 0.39510555555555554 0.38467604166666663 0.4185203703703704 0.38122552083333333 0.4380324074074074 0.3777755208333333 0.448625 0.37432499999999996 0.4946509259259259 0.37432499999999996 0.514162962962963 0.376834375 0.5214111111111112 0.3765208333333333 0.5431527777777778 0.37840260416666666 0.5498435185185185 0.3843619791666667 0.5425953703703704 0.38561666666666666 0.5191805555555555 0.3906354166666667 0.5077194444444444 0.39596770833333333 0.4698101851851852 0.39534010416666665 0.43412962962962964 0.398790625 0.3992537037037037 0.4019270833333334 0.3808564814814815 0.40631822916666666 0.3970240740740741 0.40788645833333337 0.3881037037037037 0.40537708333333333 0.3713787037037037 0.4082 0.34796388888888885 0.4075729166666667 0.33235462962962964 0.4066317708333333 0.3284518518518519 0.4154145833333333 0.3189740740740741 0.4295291666666667 0.3139564814814815 0.44019375 0.3083824074074074 0.4257651041666667 0.30670925925925924 0.41698281249999997 0.31061203703703705 0.4075729166666667 0.31562962962962965 0.4060046875 0.3200898148148148 0.3969083333333333 0.3133990740740741 0.3896942708333333 0.29388703703703706 0.3868713541666667 0.2760472222222222 0.38624427083333335 0.2877546296296296 0.3909489583333333 0.30447962962962966 0.3843619791666667 0.2922148148148148 0.38047552083333336 0.29114074074074076 0.3890671875 0.3072666666666667 0.3909489583333333 0.31562962962962965 0.38467604166666663 0.33179722222222224 0.3824802083333333 0.3485212962962963 0.38028437499999995 0.3635740740740741 0.3746385416666667 0.37249351851851853
0 0.37495260416666665 0.6348935185185185 0.36773802083333335 0.6075768518518518 0.3595833333333333 0.5507120370370371 0.36428802083333334 0.522837037037037 0.3620921875 0.492175 0.35506302083333335 0.4835611111111111 0.34201822916666663 0.5089 0.34327291666666665 0.5267398148148148 0.3479776041666666 0.5685518518518518 0.35770104166666666 0.6109212962962962 0.37495260416666665 0.6348935185185185
0 0.36240625000000004 0.49050277777777784 0.3655427083333333 0.5206074074074074 0.35989687499999995 0.5546148148148149 0.37056093749999997 0.6153814814814814 0.38122552083333333 0.6477166666666666 0.39000781250000005 0.6544064814814815 0.3975359375 0.6449287037037037 0.41321875 0.6493888888888889 0.4075729166666667 0.6477166666666666 0.3975359375 0.6393537037037037 0.398790625 0.6293194444444444 0.39659479166666667 0.614824074074074 0.39189010416666664 0.5986564814814814 0.3940854166666667 0.5830472222222223 0.38812604166666664 0.5902944444444445 0.3831072916666667 0.5802592592592593 0.37812239583333335 0.5488175925925926 0.37903020833333334 0.5529416666666667 0.3746385416666667 0.5089 0.3765208333333333 0.4486907407407408 0.36522916666666666 0.4676453703703704 0.36240625000000004 0.49050277777777784
0 0.3426453125 0.6418953703703704 0.34735052083333334 0.6324175925925926 0.36052395833333334 0.6536027777777778 0.3765208333333333 0.6786898148148148 0.39345833333333335 0.7009898148148148 0.41008229166666665 0.7093527777777778 0.419178125 0.7093527777777778 0.4270197916666667 0.711025 0.4367432291666667 0.7021046296296296 0.42137395833333335 0.6948574074074074 0.402240625 0.672 0.37934375000000004 0.6452407407407408 0.36146510416666666 0.6173657407407407 0.3555057291666667 0.6051009259259259 0.35330989583333333 0.5900481481481481 0.34327291666666665 0.5811287037037037 0.3341765625 0.5761111111111111 0.33041302083333335 0.5538111111111111 0.3313536458333333 0.5744388888888889 0.32664895833333335 0.5839157407407407 0.3247666666666667 0.5972953703703703 0.32884427083333334 0.6140203703703704 0.3388817708333333 0.6268435185185185 0.3426453125 0.6418953703703704
0 0.4461807291666667 0.7372833333333333 0.47268177083333335 0.7191009259259259 0.4956953125 0.7029842592592592 0.5110380208333333 0.6934796296296296 0.4998796875 0.6922398148148149 0.47802812499999997 0.6996777777777778 0.45896614583333334 0.7095962962962963 0.44548333333333334 0.7091824074074075 0.43665000000000004 0.7038101851851852 0.42804895833333334 0.7042240740740741 0.4229359375 0.7090518518518518 0.4227020833333333 0.7224064814814815 0.4147984375 0.7352166666666666 0.4108463541666667 0.7414157407407408 0.42432916666666665 0.7286055555555555 0.4340927083333333 0.7372833333333333 0.4461807291666667 0.7372833333333333
0 0.5128973958333334 0.6544925925925925 0.527775 0.6462277777777778 0.5354463541666666 0.6316231481481481 0.5400958333333333 0.617986111111111 0.5563682291666667 0.6241851851851852 0.5484640625 0.6171592592592593 0.5398630208333334 0.6130268518518518 0.5382359375 0.6080685185185186 0.5342838541666667 0.5973240740740741 0.53730625 0.5807935185185185 0.5387010416666667 0.5510398148148149 0.5347489583333334 0.5795546296296296 0.5296348958333333 0.5978787037037037 0.5219635416666667 0.602837037037037 0.5149895833333333 0.6024240740740742 0.5087130208333334 0.6177138888888889 0.5033666666666667 0.6255657407407408 0.500809375 0.6367231481481481 0.49430052083333337 0.6466416666666667 0.47872552083333336 0.6637259259259258 0.4659401041666667 0.6752962962962964 0.44920312500000004 0.6876935185185185 0.44780833333333336 0.6951324074074074 0.4368838541666667 0.701337962962963 0.44385624999999995 0.7102814814814815 0.45919895833333335 0.7057351851851852 0.47942291666666664 0.692925 0.4968578125 0.6710231481481482 0.5128973958333334 0.6544925925925925
0 0.4603609375 0.7736490740740741 0.46710260416666666 0.7583592592592593 0.48476979166666667 0.740175925925926 0.5122 0.7290185185185185 0.5321916666666666 0.7137287037037037 0.5342838541666667 0.7062898148148148 0.5445125 0.7058768518518518 0.5503239583333334 0.6992648148148148 0.5512536458333333 0.6881074074074074 0.5468369791666666 0.684387962962963 0.5380036458333334 0.684800925925926 0.5289375 0.691 0.5247531249999999 0.6868675925925926 0.5110380208333333 0.6872805555555556 0.5010421875 0.698025 0.47779583333333336 0.7137287037037037 0.454084375 0.7306712962962963 0.438509375 0.739349074074074 0.4306057291666667 0.7521601851851851 0.41991249999999997 0.7430685185185185 0.4085229166666667 0.7319194444444445 0.431303125 0.7616648148148147 0.43362812500000003 0.7724092592592593 0.4394395833333334 0.774062037037037 0.4494354166666667 0.7711694444444445 0.4603609375 0.7736490740740741
0 0.5792682291666666 0.22658148148148147 0.5833125 0.21054444444444445 0.5870458333333333 0.20722592592592592 0.6053999999999999 0.21109722222222224 0.6088223958333334 0.19782407407407407 0.6032223958333333 0.18344537037037037 0.6038447916666667 0.20446111111111112 0.5976229166666667 0.2033546296296296 0.5842458333333334 0.2011425925925926 0.5826901041666667 0.19340000000000002 0.5780239583333333 0.18455185185185186 0.5777125000000001 0.17017314814814816 0.567446875 0.1463925925925926 0.5761572916666666 0.16961944444444443 0.57366875 0.18510462962962965 0.5624692708333333 0.1867638888888889 0.5497140625 0.2000361111111111 0.5419369791666667 0.19671851851851851 0.5434921875000001 0.20833148148148148 0.5282489583333334 0.2260287037037037 0.5011833333333333 0.22215740740740741 0.47754010416666665 0.22160462962962962 0.46820729166666664 0.23155925925925927 0.45514166666666667 0.23211203703703706 0.44985364583333337 0.24023425925925923 0.48189583333333336 0.2492564814814815 0.5136270833333333 0.24980925925925923 0.5406927083333334 0.2536805555555556 0.5665135416666666 0.24317314814814817 0.5792682291666666 0.22658148148148147
0 0.48625104166666666 0.28630925925925926 0.5123828125 0.2885212962962963 0.5294932291666666 0.28077870370370367 0.5413145833333334 0.28630925925925926 0.5718020833333333 0.2984759259259259 0.5727354166666667 0.32115 0.5836234375 0.2962638888888889 0.6044666666666667 0.29515740740740737 0.6128666666666667 0.28630925925925926 0.624065625 0.3012407407407407 0.6318432291666666 0.3277861111111111 0.6352651041666667 0.3134074074074074 0.6337098958333333 0.2990287037037037 0.6218880208333334 0.2813314814814815 0.6246880208333334 0.2697185185185185 0.6225104166666667 0.25699814814814814 0.6330875 0.2299 0.6399317708333334 0.20280185185185187 0.6402427083333334 0.177362037037037 0.6287322916666667 0.23100648148148148 0.6321541666666667 0.20446111111111112 0.629665625 0.19561203703703703 0.6259322916666666 0.2299 0.6165994791666667 0.24649074074074073 0.6066447916666667 0.23930185185185188 0.586734375 0.23598333333333332 0.5742906249999999 0.23874814814814815 0.5428703125 0.2542333333333333 0.51829375 0.25202129629629627 0.4797177083333333 0.2492564814814815 0.4644744791666667 0.2326648148148148 0.4554526041666667 0.21220277777777777 0.44487604166666667 0.21368703703703704 0.4411421875 0.22658148148148147 0.44518645833333337 0.24151388888888886 0.4591859375 0.2597638888888889 0.46198541666666665 0.26197592592592595 0.46416302083333333 0.27580185185185185 0.48625104166666666 0.28630925925925926
0 0.6570479166666666 0.3312907407407407 0.6749703125 0.29085277777777774 0.6966838541666667 0.2583796296296296 0.7156401041666667 0.2381601851851852 0.7263244791666666 0.20997592592592593 0.7273588541666667 0.1885314814814815 0.7228781249999999 0.18179259259259262 0.7270140625 0.16157314814814813 0.7214994791666667 0.1756648148148148 0.7221890625 0.16218611111111111 0.7180531250000001 0.18056666666666668 0.7021984375 0.1909824074074074 0.6904802083333333 0.20323703703703705 0.6784171874999999 0.21365277777777777 0.6887567708333333 0.21671574074074074 0.6811744791666666 0.23754722222222222 0.6598052083333333 0.2724712962962963 0.6360239583333333 0.31045833333333334 0.6291307291666667 0.33619166666666667 0.6174145833333333 0.36010740740740743 0.618790625 0.3711157407407408 0.6263734375 0.3711157407407408 0.6374026041666667 0.35150925925925924 0.6456744791666666 0.3508972222222222 0.6570479166666666 0.3312907407407407
0 0.6629072916666666 0.32026203703703704 0.6639411458333334 0.3331287037037037 0.6704895833333333 0.3306777777777778 0.6787614583333333 0.31045833333333334 0.6835869791666667 0.31045833333333334 0.6932375000000001 0.29636666666666667 0.7221890625 0.2510268518518518 0.7542421874999999 0.22039259259259258 0.7618244791666666 0.20262407407407407 0.7645817708333333 0.18608148148148146 0.7856062500000001 0.1928203703703704 0.772509375 0.18240462962962964 0.7628588541666667 0.18056666666666668 0.7614802083333333 0.17260185185185184 0.755965625 0.166475 0.7532083333333334 0.1523824074074074 0.7528635416666667 0.16831296296296294 0.7490723958333334 0.16831296296296294 0.7408005208333334 0.1787287037037037 0.7304640625 0.19630277777777777 0.7270140625 0.20813796296296294 0.7177083333333333 0.23632222222222224 0.6987520833333334 0.25409074074074073 0.6753151041666666 0.29085277777777774 0.6629072916666666 0.32026203703703704
