0 0.5729166666666666 0.32407407407407407 0.5833333333333334 0.3148148148148148 0.5890625 0.30462962962962964 0.5947916666666667 0.2824074074074074 0.5901041666666667 0.2712962962962963 0.5838541666666667 0.2675925925925926 0.56875 0.29074074074074074 0.5651041666666666 0.3037037037037037 0.5458333333333333 0.34629629629629627 0.540625 0.3638888888888889 0.5338541666666666 0.4 0.534375 0.40925925925925927 0.5359375 0.41203703703703703 0.5395833333333333 0.4101851851851852 0.5541666666666667 0.362962962962963 0.5645833333333333 0.337037037037037 0.5729166666666666 0.32407407407407407
0 0.6463541666666667 0.05462962962962963 0.6552083333333333 0.04814814814814815 0.6609375 0.03888888888888889 0.6614583333333334 0.025925925925925925 0.6541666666666667 0.012962962962962963 0.6333333333333333 0.016666666666666666 0.6265625 0.027777777777777776 0.5927083333333333 0.040740740740740744 0.58125 0.05 0.5677083333333334 0.05555555555555555 0.5651041666666666 0.06018518518518518 0.565625 0.06481481481481481 0.5729166666666666 0.06759259259259259 0.5916666666666667 0.06296296296296296 0.6057291666666667 0.05555555555555555 0.6463541666666667 0.05462962962962963
0 0.5223958333333333 0.06388888888888888 0.5270833333333333 0.06574074074074074 0.5447916666666667 0.06759259259259259 0.5484375 0.05555555555555555 0.5479166666666667 0.044444444444444446 0.5453125 0.03981481481481482 0.5276041666666667 0.024074074074074074 0.46041666666666664 0.025 0.45989583333333334 0.02962962962962963 0.465625 0.03796296296296296 0.48541666666666666 0.04814814814814815 0.5067708333333333 0.049074074074074076 0.5171875 0.05277777777777778 0.5223958333333333 0.06388888888888888
0 0.41354166666666664 0.07592592592592592 0.41041666666666665 0.06759259259259259 0.4083333333333333 0.06481481481481481 0.4 0.06666666666666667 0.3885416666666667 0.08518518518518518 0.38177083333333334 0.11481481481481481 0.36354166666666665 0.1638888888888889 0.35572916666666665 0.19074074074074074 0.3494791666666667 0.2037037037037037 0.3494791666666667 0.21203703703703702 0.35625 0.21203703703703702 0.3765625 0.17314814814814813 0.3932291666666667 0.1287037037037037 0.4088541666666667 0.09907407407407408 0.41354166666666664 0.07592592592592592
0 0.27760416666666665 0.31203703703703706 0.2921875 0.3074074074074074 0.2989583333333333 0.29814814814814816 0.2984375 0.2851851851851852 0.2942708333333333 0.27870370370370373 0.28125 0.2777777777777778 0.26875 0.2851851851851852 0.25885416666666666 0.2861111111111111 0.24010416666666667 0.27685185185185185 0.2203125 0.2740740740740741 0.21354166666666666 0.26944444444444443 0.20833333333333334 0.26851851851851855 0.20572916666666666 0.2722222222222222 0.20572916666666666 0.27870370370370373 0.20833333333333334 0.2824074074074074 0.22239583333333332 0.29074074074074074 0.23958333333333334 0.2935185185185185 0.2604166666666667 0.30648148148148147 0.27760416666666665 0.31203703703703706
0 0.3546875 0.512962962962963 0.3651041666666667 0.4962962962962963 0.3770833333333333 0.4888888888888889 0.39114583333333336 0.44814814814814813 0.3848958333333333 0.4351851851851852 0.375 0.42777777777777776 0.35989583333333336 0.4546296296296296 0.35104166666666664 0.48333333333333334 0.3296875 0.5324074074074074 0.31927083333333334 0.575 0.3140625 0.5888888888888889 0.31354166666666666 0.5972222222222222 0.315625 0.6027777777777777 0.3223958333333333 0.6037037037037037 0.3375 0.5666666666666667 0.34739583333333335 0.5314814814814814 0.3546875 0.512962962962963
0 0.4744791666666667 0.6342592592592593 0.4703125 0.6259259259259259 0.4390625 0.6074074074074074 0.428125 0.5916666666666667 0.4166666666666667 0.5861111111111111 0.40989583333333335 0.5898148148148148 0.4083333333333333 0.6037037037037037 0.41041666666666665 0.6111111111111112 0.4197916666666667 0.6231481481481481 0.46145833333333336 0.6305555555555555 0.4703125 0.6361111111111111 0.4744791666666667 0.6342592592592593
0 0.5609375 0.6981481481481482 0.5682291666666667 0.6787037037037037 0.5822916666666667 0.6222222222222222 0.5875 0.6055555555555555 0.5932291666666667 0.5953703703703703 0.5953125 0.5842592592592593 0.5953125 0.5657407407407408 0.5921875 0.5546296296296296 0.58125 0.5509259259259259 0.5760416666666667 0.562037037037037 0.5713541666666667 0.587037037037037 0.5682291666666667 0.6222222222222222 0.5604166666666667 0.6453703703703704 0.5546875 0.675 0.5536458333333333 0.6888888888888889 0.5494791666666666 0.7064814814814815 0.5494791666666666 0.7138888888888889 0.5526041666666667 0.7194444444444444 0.5578125 0.7157407407407408 0.5609375 0.6981481481481482
0 0.7265625 0.5166666666666667 0.7427083333333333 0.5231481481481481 0.75 0.5333333333333333 0.7609375 0.5351851851851852 0.771875 0.5351851851851852 0.7822916666666667 0.5296296296296297 0.7859375 0.5185185185185185 0.7848958333333333 0.5064814814814815 0.78125 0.5 0.7677083333333333 0.49074074074074076 0.7557291666666667 0.48703703703703705 0.7458333333333333 0.4898148148148148 0.6885416666666667 0.48518518518518516 0.6776041666666667 0.48703703703703705 0.6697916666666667 0.4925925925925926 0.659375 0.4925925925925926 0.6541666666666667 0.49907407407407406 0.6536458333333334 0.5064814814814815 0.6578125 0.5138888888888888 0.6734375 0.5138888888888888 0.6807291666666667 0.5175925925925926 0.7041666666666667 0.5148148148148148 0.7265625 0.5166666666666667
0 0.321875 0.8083333333333333 0.32760416666666664 0.7759259259259259 0.3302083333333333 0.7712962962962963 0.3307291666666667 0.7509259259259259 0.328125 0.7314814814814815 0.3182291666666667 0.7296296296296296 0.3104166666666667 0.7537037037037037 0.309375 0.7675925925925926 0.31197916666666664 0.799074074074074 0.31145833333333334 0.8101851851851852 0.3072916666666667 0.8268518518518518 0.30052083333333335 0.8342592592592593 0.29010416666666666 0.8333333333333334 0.2833333333333333 0.825925925925926 0.27708333333333335 0.8268518518518518 0.2765625 0.8342592592592593 0.2786458333333333 0.8388888888888889 0.29322916666666665 0.8453703703703703 0.303125 0.8444444444444444 0.3140625 0.8333333333333334 0.321875 0.8083333333333333
0 0.6447916666666667 0.8685185185185185 0.6479166666666667 0.8648148148148148 0.6536458333333334 0.8453703703703703 0.6494791666666667 0.8407407407407408 0.6421875 0.8175925925925925 0.61875 0.7870370370370371 0.596875 0.7685185185185185 0.5838541666666667 0.7490740740740741 0.5791666666666667 0.7472222222222222 0.5791666666666667 0.7555555555555555 0.58125 0.7601851851851852 0.6182291666666667 0.812037037037037 0.6338541666666667 0.8611111111111112 0.6395833333333333 0.8685185185185185 0.6447916666666667 0.8685185185185185
0 0.7729166666666667 0.7555555555555555 0.771875 0.6751546296296297 0.7729166666666667 0.6435185185185185 0.7765625 0.6222222222222222 0.7755208333333333 0.6185185185185185 0.7697916666666667 0.6212962962962963 0.7609375 0.649074074074074 0.7588541666666667 0.6648148148148149 0.7578125 0.7166666666666667 0.7526041666666666 0.7472222222222222 0.753125 0.7703703703703704 0.7567708333333333 0.7768518518518519 0.7635416666666667 0.774074074074074 0.7729166666666667 0.7555555555555555
0 0.2253651041666667 0.1471462962962963 0.2253651041666667 0.17061481481481483 0.22866510416666666 0.19701666666666665 0.23031510416666665 0.16914814814814816 0.23815260416666667 0.14861296296296297 0.2513520833333333 0.1361453703703704 0.2657890625 0.11854444444444444 0.2732140625 0.10534351851851852 0.2777510416666667 0.08334166666666666 0.2777510416666667 0.07454166666666666 0.27610104166666666 0.0694074074074074 0.2657572916666667 0.06843518518518518 0.2575395833333333 0.077475 0.25341458333333333 0.0921425925925926 0.2513520833333333 0.10827685185185185 0.24640208333333333 0.11927777777777777 0.23485260416666665 0.1324787037037037 0.2253651041666667 0.1471462962962963
0 0.28228854166666667 0.12881203703703703 0.2926005208333333 0.11414444444444444 0.3177625 0.09580925925925926 0.3251875 0.09434259259259259 0.32065 0.077475 0.30497552083333335 0.0877425925925926 0.29301302083333336 0.09140925925925926 0.2744515625 0.10387685185185185 0.2633140625 0.11927777777777777 0.24557708333333333 0.1390787037037037 0.23402760416666668 0.15448055555555557 0.23031510416666665 0.16621388888888888 0.22938229166666665 0.1885287037037037 0.24062708333333335 0.19481574074074076 0.25300208333333335 0.1764814814814815 0.2604265625 0.15448055555555557 0.2657890625 0.14201296296296295 0.2732140625 0.13174537037037037 0.28228854166666667 0.12881203703703703
0 0.22949010416666665 0.6200388888888889 0.22907760416666667 0.649374074074074 0.22412760416666666 0.6677092592592593 0.221240625 0.6816435185185185 0.218353125 0.7036444444444445 0.22330312500000002 0.716112037037037 0.22907760416666667 0.7197787037037037 0.23939010416666667 0.713912037037037 0.24351458333333334 0.6911768518518518 0.24145208333333334 0.6699092592592593 0.24186458333333333 0.6435074074074074 0.24021510416666667 0.6163722222222222 0.23980260416666666 0.580436111111111 0.23732760416666665 0.5635685185185185 0.23815260416666667 0.5459675925925925 0.2308671875 0.5435314814814814 0.22990260416666666 0.5569685185185185 0.23114010416666667 0.5738361111111112 0.23114010416666667 0.582636111111111 0.23031510416666665 0.5995046296296297 0.22949010416666665 0.6200388888888889
0 0.2690890625 0.7813833333333333 0.2806385416666667 0.7865166666666666 0.29012604166666667 0.78945 0.30085052083333336 0.8004509259259259 0.30703802083333337 0.7997175925925927 0.3058005208333333 0.78945 0.2996130208333333 0.7843166666666667 0.29012604166666667 0.7769824074074074 0.2789885416666667 0.7623148148148148 0.2657890625 0.7542481481481481 0.2583640625 0.7476472222222221 0.2525895833333333 0.7329796296296297 0.24887708333333333 0.7219787037037037 0.23732760416666665 0.7197787037037037 0.23072760416666668 0.7146453703703703 0.22418593750000002 0.7216925925925926 0.2253651041666667 0.7461805555555555 0.23237760416666667 0.7542481481481481 0.24186458333333333 0.7579148148148148 0.2612515625 0.7769824074074074 0.2690890625 0.7813833333333333
0 0.4157416666666667 0.7578824074074074 0.4297375 0.7667694444444444 0.43973437499999996 0.7703240740740741 0.45473020833333333 0.7845435185185186 0.47122552083333336 0.7658805555555556 0.46922604166666665 0.743662962962963 0.4587291666666667 0.744550925925926 0.4457328125 0.7454398148148148 0.4312369791666667 0.7409962962962963 0.42124010416666663 0.7347750000000001 0.40624427083333337 0.7285546296296297 0.3927484375 0.7303314814814815 0.38525052083333333 0.7329981481481482 0.3751203125 0.7386157407407408 0.37625312499999997 0.7472175925925926 0.38625000000000004 0.7498833333333333 0.39574739583333335 0.7498833333333333 0.4067442708333333 0.753438888888889 0.4157416666666667 0.7578824074074074
0 0.5062151041666667 0.7418851851851852 0.5227104166666667 0.724111111111111 0.5352067708333333 0.698337962962963 0.5497026041666667 0.679675 0.5502026041666667 0.6601231481481481 0.5407052083333334 0.6716768518518518 0.5282088541666666 0.6867842592592592 0.5172119791666667 0.7010046296296296 0.5022161458333333 0.7178898148148148 0.4852213541666667 0.7276657407407408 0.4731734375 0.7434138888888888 0.46872604166666665 0.7552157407407408 0.4662270833333333 0.7712129629629629 0.47972291666666667 0.7792111111111111 0.49671822916666664 0.7649916666666667 0.5062151041666667 0.7418851851851852
0 0.78671875 0.761687037037037 0.8082619791666666 0.7405546296296296 0.8194046875000001 0.7088555555555556 0.8179192708333333 0.6969685185185185 0.8112333333333334 0.6890444444444445 0.7926614583333333 0.6996101851851851 0.7822614583333334 0.7233842592592593 0.7726041666666668 0.745837962962963 0.762946875 0.7696120370370371 0.7480895833333334 0.7907444444444445 0.7354609375 0.8052731481481482 0.7246046875 0.8362657407407408 0.7310036458333333 0.8488583333333334 0.7347182291666667 0.8290472222222222 0.7555182291666667 0.7999898148148148 0.7674041666666667 0.781499074074074 0.78671875 0.761687037037037
0 0.8052906249999999 0.7603666666666667 0.79191875 0.753762037037037 0.7755755208333334 0.7735740740740741 0.7666614583333333 0.7841407407407407 0.7518041666666666 0.8065935185185185 0.7436322916666666 0.8224435185185186 0.7376895833333333 0.839612962962963 0.7354609375 0.8567833333333333 0.7347182291666667 0.8699907407407408 0.742146875 0.8686703703703703 0.7510609375 0.839612962962963 0.762946875 0.8105564814814814 0.77631875 0.8039518518518519 0.7956333333333333 0.7933861111111111 0.8045473958333333 0.7748953703703704 0.8052906249999999 0.7603666666666667
0 0.820890625 0.35710000000000003 0.8231192708333332 0.33728888888888886 0.8149473958333334 0.3227601851851852 0.8008333333333333 0.3254018518518519 0.7926614583333333 0.3359675925925926 0.7859760416666667 0.35313796296296296 0.7807755208333333 0.36766666666666664 0.7688901041666667 0.3795537037037037 0.7592328125000001 0.38747777777777775 0.747346875 0.39936481481481484 0.7354609375 0.40596944444444444 0.7280322916666666 0.4072898148148148 0.7379739583333333 0.42152685185185185 0.7599755208333333 0.40464814814814815 0.7785473958333333 0.39672407407407406 0.7904328125000001 0.3821953703703704 0.8015760416666667 0.37295 0.8134619791666666 0.36238333333333334 0.820890625 0.35710000000000003
0 0.7993473958333334 0.4957824074074075 0.8119760416666666 0.4971027777777778 0.8194046875000001 0.4904990740740741 0.8194046875000001 0.47464999999999996 0.8149473958333334 0.45483796296296297 0.810490625 0.4389888888888889 0.80751875 0.4152148148148148 0.80751875 0.3940824074074074 0.8048192708333333 0.3692388888888889 0.8000901041666667 0.3927611111111111 0.79711875 0.42181851851851854 0.7978614583333333 0.44691296296296296 0.7963760416666666 0.4640833333333333 0.79711875 0.48389537037037034 0.7993473958333334 0.4957824074074075
0 0.7874614583333333 0.15612777777777778 0.7896901041666666 0.17197685185185185 0.7911760416666667 0.1970712962962963 0.8097473958333333 0.21159999999999998 0.8201479166666666 0.20103425925925925 0.8171760416666667 0.18122222222222223 0.8090046875 0.16141111111111112 0.7963760416666666 0.14291944444444446 0.7822614583333334 0.10593796296296296 0.7696328124999999 0.08216388888888888 0.7580276041666667 0.06739444444444445 0.7495755208333333 0.06631481481481481 0.757746875 0.09140925925925926 0.7666614583333333 0.10593796296296296 0.7755755208333334 0.12707037037037036 0.7874614583333333 0.15612777777777778
0 0.8008333333333333 0.2340537037037037 0.8082619791666666 0.23801574074074075 0.8171760416666667 0.23801574074074075 0.8201479166666666 0.22216666666666665 0.8164333333333332 0.21159999999999998 0.7986046874999999 0.19971296296296295 0.7859760416666667 0.19310925925925926 0.7748328125 0.18782592592592592 0.7488322916666666 0.18254351851851852 0.7436322916666666 0.18650555555555554 0.7376895833333333 0.1983925925925926 0.7317463541666667 0.2049962962962963 0.73596875 0.21356296296296295 0.7495755208333333 0.19575092592592594 0.7622041666666667 0.19575092592592594 0.7726041666666668 0.19971296296296295 0.7800328125 0.21159999999999998 0.7904328125000001 0.22348703703703704 0.8008333333333333 0.2340537037037037
0 0.7228322916666666 0.17858055555555555 0.7198609375 0.1983925925925926 0.7206036458333334 0.2129212962962963 0.7287750000000001 0.2049962962962963 0.7317463541666667 0.17858055555555555 0.7354609375 0.15876944444444444 0.7391755208333334 0.13895740740740742 0.7391755208333334 0.11914537037037036 0.7436322916666666 0.09405092592592593 0.7480895833333334 0.07820185185185186 0.7510609375 0.050464814814814817 0.7503182291666667 0.03989907407407407 0.7458609375 0.03461574074074074 0.7399182291666667 0.03461574074074074 0.7287750000000001 0.05971018518518518 0.7287750000000001 0.07820185185185186 0.7310036458333333 0.09272962962962962 0.7310036458333333 0.11386296296296296 0.7280322916666666 0.13499537037037035 0.723575 0.16537314814814816 0.7228322916666666 0.17858055555555555
