0 0.3020833333333333 0.4981481481481482 0.3171875 0.5064814814814815 0.3260416666666667 0.5083333333333333 0.32916666666666666 0.5055555555555555 0.32916666666666666 0.49722222222222223 0.3260416666666667 0.49074074074074076 0.31354166666666666 0.48148148148148145 0.2942708333333333 0.45185185185185184 0.27760416666666665 0.4185185185185185 0.2671875 0.36574074074074076 0.2671875 0.3592592592592593 0.2708333333333333 0.3527777777777778 0.2635416666666667 0.34444444444444444 0.2625 0.337037037037037 0.2520833333333333 0.31203703703703706 0.25885416666666666 0.2916666666666667 0.2713541666666667 0.2824074074074074 0.26145833333333335 0.2824074074074074 0.2557291666666667 0.28703703703703703 0.24583333333333332 0.30833333333333335 0.234375 0.3194444444444444 0.22864583333333333 0.33425925925925926 0.22864583333333333 0.34074074074074073 0.24114583333333334 0.375 0.24947916666666667 0.3861111111111111 0.275 0.4546296296296296 0.2911458333333333 0.48518518518518516 0.3020833333333333 0.4981481481481482
0 0.3854166666666667 0.537962962962963 0.37552083333333336 0.575925925925926 0.36666666666666664 0.5953703703703703 0.36614583333333334 0.6046296296296296 0.36875 0.6092592592592593 0.375 0.6064814814814815 0.39010416666666664 0.5796296296296296 0.39791666666666664 0.5601851851851852 0.4015625 0.5407407407407407 0.40625 0.48703703703703705 0.40520833333333334 0.43148148148148147 0.40677083333333336 0.41388888888888886 0.39947916666666666 0.37222222222222223 0.39166666666666666 0.36944444444444446 0.37864583333333335 0.38055555555555554 0.3807291666666667 0.4324074074074074 0.3859375 0.4388888888888889 0.3880208333333333 0.44907407407407407 0.39166666666666666 0.4925925925925926 0.39010416666666664 0.5148148148148148 0.3854166666666667 0.537962962962963
0 0.3020833333333333 0.4101851851851852 0.3072916666666667 0.3888888888888889 0.3151041666666667 0.38055555555555554 0.33125 0.39166666666666666 0.346875 0.39351851851851855 0.35885416666666664 0.3851851851851852 0.3932291666666667 0.3731481481481482 0.40677083333333336 0.3648148148148148 0.4432291666666667 0.362962962962963 0.45260416666666664 0.35833333333333334 0.4505208333333333 0.3453703703703704 0.4359375 0.3212962962962963 0.40520833333333334 0.3277777777777778 0.384375 0.34074074074074073 0.36614583333333334 0.3435185185185185 0.34791666666666665 0.337037037037037 0.31979166666666664 0.3416666666666667 0.31354166666666666 0.3351851851851852 0.3104166666666667 0.32592592592592595 0.30625 0.28425925925925927 0.30416666666666664 0.30092592592592593 0.3046875 0.325 0.3104166666666667 0.35185185185185186 0.309375 0.36944444444444446 0.30572916666666666 0.37592592592592594 0.3 0.4009259259259259 0.3020833333333333 0.4101851851851852
0 0.463934375 0.18033055555555555 0.46447760416666667 0.18611111111111112 0.4664265625 0.18402222222222223 0.4660401041666667 0.14907407407407408 0.4660109375 0.1282824074074074 0.4686442708333333 0.12685185185185185 0.4790609375 0.1287037037037037 0.5071859375 0.11481481481481481 0.5436442708333333 0.1111111111111111 0.5837484375 0.0962962962962963 0.6004151041666667 0.0962962962962963 0.6071859375 0.09166666666666666 0.6082276041666667 0.08703703703703704 0.6082276041666667 0.08055555555555556 0.6056234375 0.07592592592592592 0.5801026041666667 0.06666666666666667 0.5676026041666666 0.06574074074074074 0.5056234375 0.075 0.49051927083333335 0.07314814814814814 0.47722604166666666 0.07639814814814816 0.4626880208333333 0.09300925925925926 0.458534375 0.08193518518518518 0.45811927083333337 0.06753888888888888 0.4634359375 0.06018518518518518 0.4582276041666667 0.06296296296296296 0.4551026041666667 0.06944444444444445 0.45355 0.08045833333333333 0.45936510416666665 0.09743796296296296 0.4633114583333333 0.1301287037037037 0.46248072916666666 0.1437861111111111 0.4637265625 0.1663037037037037 0.463934375 0.18033055555555555
0 0.26595729166666665 0.7671925925925925 0.2643953125 0.7894018518518519 0.25845989583333334 0.7877361111111111 0.2634583333333333 0.8060592592592593 0.2643953125 0.8221611111111111 0.2665822916666667 0.8371527777777777 0.2653328125 0.8460361111111112 0.2553359375 0.8338212962962963 0.24502708333333334 0.8204953703703703 0.25752291666666666 0.8432601851851852 0.2643953125 0.8532546296296296 0.2734546875 0.8438157407407407 0.2812645833333333 0.8421500000000001 0.2887619791666667 0.8271583333333333 0.2875125 0.8016175925925926 0.2931354166666667 0.7888462962962962 0.2856380208333333 0.7832944444444444 0.27939010416666665 0.7416518518518519 0.2712682291666667 0.7022296296296296 0.2522125 0.6694703703703704 0.2387796875 0.6600314814814814 0.2287203125 0.6586638888888888 0.23003281250000002 0.6711361111111112 0.23596822916666668 0.6822407407407408 0.24159114583333335 0.7005638888888889 0.25502395833333336 0.7172212962962964 0.26314583333333336 0.7338777777777777 0.26595729166666665 0.7671925925925925
0 0.26939375 0.865225 0.278453125 0.8613379629629629 0.2834510416666667 0.8596722222222223 0.29157343750000003 0.8746638888888888 0.29219791666666667 0.8674453703703704 0.30375625 0.8746638888888888 0.3112536458333333 0.8807712962962962 0.3221875 0.8924314814814815 0.3171890625 0.875774074074074 0.33280885416666667 0.8768842592592593 0.34999010416666665 0.8818814814814815 0.366234375 0.8913212962962963 0.38310364583333334 0.8963175925925926 0.3999723958333333 0.8918759259259259 0.40309635416666667 0.8835472222222223 0.41840364583333334 0.8818814814814815 0.4240265625 0.871887962962963 0.4218395833333333 0.8618935185185186 0.40934427083333336 0.8668907407407407 0.39528645833333337 0.8607824074074074 0.3709203125 0.8557851851851852 0.33968125 0.848012037037037 0.3221875 0.8369074074074074 0.32624843750000004 0.8163638888888889 0.3178140625 0.82025 0.31344062500000003 0.8274685185185185 0.30313177083333337 0.8185842592592593 0.2893864583333333 0.8208055555555556 0.28282656250000004 0.8391287037037037 0.2814479166666667 0.8419731481481482 0.2812645833333333 0.8524537037037037 0.2734546875 0.8596722222222223 0.260646875 0.8596722222222223 0.25096250000000003 0.8613379629629629 0.259709375 0.8663351851851853 0.26939375 0.865225
0 0.634375 0.36203703703703705 0.6421875 0.35185185185185186 0.6518406250000001 0.3359925925925926 0.6588541666666666 0.3175925925925926 0.6859375 0.2574074074074074 0.6926578125 0.25050092592592593 0.69375 0.2462962962962963 0.706084375 0.2042037037037037 0.721928125 0.18272592592592593 0.7052791666666667 0.1960898148148148 0.7 0.19166666666666668 0.6932291666666667 0.18055555555555555 0.68125 0.19722222222222222 0.6677083333333333 0.22407407407407406 0.6666666666666666 0.2361111111111111 0.6583333333333333 0.2675925925925926 0.646875 0.2935185185185185 0.6229166666666667 0.3314814814814815 0.6046875 0.3814814814814815 0.6046875 0.3925925925925926 0.6067708333333334 0.3962962962962963 0.6119791666666666 0.3962962962962963 0.6255208333333333 0.375 0.6307291666666667 0.36203703703703705 0.634375 0.36203703703703705
0 0.6864906249999999 0.16012129629629632 0.6911458333333333 0.1574074074074074 0.7286458333333333 0.16111111111111112 0.740625 0.15833333333333333 0.7640625 0.14074074074074075 0.771875 0.1398148148148148 0.7822916666666667 0.12777777777777777 0.8036458333333333 0.11481481481481481 0.8067708333333333 0.10555555555555556 0.8020833333333334 0.09814814814814815 0.79375 0.09722222222222222 0.7713541666666667 0.10648148148148148 0.7395833333333334 0.12777777777777777 0.7296875 0.13055555555555556 0.715625 0.1287037037037037 0.6973958333333333 0.11574074074074074 0.6958333333333333 0.1111111111111111 0.7004812499999999 0.10265185185185186 0.6645833333333333 0.1 0.6588541666666666 0.09537037037037037 0.65625 0.08055555555555556 0.659375 0.05925925925925926 0.6538463541666667 0.08386388888888888 0.6513588541666666 0.06839074074074074 0.6541666666666667 0.05648148148148148 0.6494791666666667 0.05925925925925926 0.6484375 0.06759259259259259 0.65 0.0824074074074074 0.6546875 0.09814814814814815 0.6520833333333333 0.12222222222222222 0.6338541666666667 0.13425925925925927 0.6265625 0.14537037037037037 0.6224453125 0.16454166666666667 0.634375 0.14166666666666666 0.6552083333333333 0.13425925925925927 0.6755208333333333 0.1527777777777778 0.6843145833333334 0.17725092592592592 0.6864906249999999 0.16012129629629632
0 0.7182291666666667 0.29444444444444445 0.7197916666666667 0.28703703703703703 0.7182291666666667 0.2675925925925926 0.725 0.23703703703703705 0.7401041666666667 0.20462962962962963 0.7442708333333333 0.18425925925925926 0.7432291666666667 0.16944444444444445 0.7401041666666667 0.16296296296296298 0.7328125 0.16111111111111112 0.7276041666666667 0.1648148148148148 0.7193239583333334 0.18769259259259258 0.7083333333333334 0.2462962962962963 0.7072916666666667 0.29444444444444445 0.7140625 0.30925925925925923 0.7203125 0.3111111111111111 0.71875 0.3055555555555556 0.7244791666666667 0.29814814814814816 0.7182291666666667 0.29444444444444445
0 0.7203125 0.32685185185185184 0.7270833333333333 0.29814814814814816 0.7401041666666667 0.27037037037037037 0.771875 0.17777777777777778 0.7734375 0.15925925925925927 0.771875 0.1398148148148148 0.7682291666666666 0.13703703703703704 0.759375 0.1398148148148148 0.746875 0.16574074074074074 0.7447916666666666 0.18888888888888888 0.7369791666666666 0.22407407407407406 0.7171875 0.2675925925925926 0.7192708333333333 0.2814814814814815 0.7171875 0.32222222222222224 0.7203125 0.32685185185185184
0 0.8177083333333334 0.24351851851851852 0.8208333333333333 0.2777777777777778 0.8203125 0.3143518518518518 0.8135416666666667 0.33796296296296297 0.8171875 0.3574074074074074 0.8182291666666667 0.3861111111111111 0.8234375 0.4101851851851852 0.8182291666666667 0.42407407407407405 0.8036458333333333 0.43796296296296294 0.8005208333333333 0.44722222222222224 0.8125 0.44074074074074077 0.8255208333333334 0.42407407407407405 0.846875 0.4212962962962963 0.8604166666666667 0.43333333333333335 0.8651041666666667 0.4324074074074074 0.8671875 0.42314814814814816 0.8588541666666667 0.4212962962962963 0.8526041666666667 0.40925925925925927 0.8572916666666667 0.3925925925925926 0.8552083333333333 0.33425925925925926 0.8291666666666667 0.20092592592592592 0.8182291666666667 0.17222222222222222 0.8104166666666667 0.15833333333333333 0.8 0.15555555555555556 0.7848958333333333 0.14074074074074075 0.7796875 0.14166666666666666 0.775 0.14537037037037037 0.775 0.1537037037037037 0.7921875 0.17777777777777778 0.796875 0.1925925925925926 0.8130208333333333 0.22407407407407406 0.8177083333333334 0.24351851851851852
0 0.7 0.6444444444444445 0.7026041666666667 0.65 0.7119791666666667 0.6583333333333333 0.7369791666666666 0.6657407407407407 0.7536458333333333 0.6555555555555556 0.7645833333333333 0.637962962962963 0.7755208333333333 0.6101851851851852 0.778125 0.5953703703703703 0.778125 0.5731481481481482 0.7838541666666666 0.5564814814814815 0.7744791666666667 0.5574074074074075 0.765625 0.5527777777777778 0.7552083333333334 0.5361111111111111 0.7583333333333333 0.5666666666666667 0.7489583333333333 0.6129629629629629 0.7416666666666667 0.6333333333333333 0.7239583333333334 0.6472222222222223 0.7005208333333334 0.6388888888888888 0.7 0.6444444444444445
0 0.7244791666666667 0.625 0.7291666666666666 0.6194444444444445 0.7302083333333333 0.6138888888888889 0.7291666666666666 0.5879629629629629 0.7166666666666667 0.5462962962962963 0.7067708333333333 0.5027777777777778 0.7046875 0.48148148148148145 0.6984375 0.4583333333333333 0.6979166666666666 0.44907407407407407 0.6942708333333333 0.44537037037037036 0.6921875 0.44722222222222224 0.6932291666666667 0.5046296296296297 0.7041666666666667 0.5592592592592592 0.7046875 0.5805555555555556 0.7098958333333333 0.6138888888888889 0.7166666666666667 0.6240740740740741 0.7244791666666667 0.625
0 0.8046588541666666 0.5335555555555556 0.8079317708333333 0.5661277777777778 0.8128401041666666 0.6068425925925925 0.8118583333333333 0.6353425925925925 0.805640625 0.6388324074074073 0.8017140625 0.6330166666666667 0.801059375 0.6411592592592592 0.8089135416666667 0.6551185185185185 0.8105494791666668 0.6798731481481481 0.8121859375 0.6955768518518518 0.8102223958333333 0.7077916666666666 0.7990958333333332 0.7188425925925926 0.7896057291666666 0.7223324074074075 0.8036776041666667 0.7188425925925926 0.813821875 0.7031388888888889 0.8082588541666667 0.7240777777777778 0.791095303125 0.7480476157407407 0.79876875 0.7450166666666667 0.8112041666666666 0.7252407407407407 0.8174218750000001 0.7083731481481481 0.8233119791666667 0.7130268518518518 0.8285479166666666 0.7112814814814814 0.8373838541666667 0.7188425925925926 0.8462192708333334 0.7136083333333333 0.8462192708333334 0.7002305555555556 0.85341875 0.6816175925925927 0.8436010416666666 0.6955768518518518 0.839692009375 0.6811010287037037 0.8400015625 0.6411592592592592 0.8373838541666667 0.6272 0.8298567708333333 0.5297407407407407 0.8262572916666666 0.4942601851851852 0.8285479166666666 0.46808611111111115 0.8298567708333333 0.45645370370370375 0.8277875 0.44558888888888887 0.8210213541666668 0.4434009259259259 0.8216760416666666 0.45038055555555556 0.8174218750000001 0.450962037037037 0.8151307291666666 0.4614314814814815 0.8157854166666667 0.4765546296296296 0.8121859375 0.47829907407407407 0.8062953125 0.5044731481481481 0.8046588541666666 0.5335555555555556
0 0.84065625 0.6088444444444444 0.8396744791666666 0.5820888888888889 0.8380380208333332 0.552425 0.8422921875 0.517525925925926 0.8485098958333332 0.487862037037037 0.8501463541666666 0.4733212962962963 0.8553822916666667 0.4901888888888889 0.858 0.49775 0.8553822916666667 0.4832092592592592 0.851128125 0.4640148148148148 0.8465463541666666 0.45645370370370375 0.8383651041666667 0.450637037037037 0.8344385416666668 0.45412685185185186 0.8307333333333333 0.4503898148148148 0.8269119791666667 0.4861175925925925 0.8305114583333334 0.5285777777777778 0.8367291666666666 0.6041907407407408 0.8386927083333333 0.6210583333333334 0.84065625 0.6088444444444444
0 0.4120979166666666 0.2762046296296296 0.4232635416666667 0.2969740740740741 0.43468854166666665 0.3098962962962963 0.4500088541666667 0.3463574074074074 0.45598125 0.40127962962962965 0.46143437499999995 0.4114333333333334 0.46195364583333337 0.3952796296296296 0.458578125 0.3694342592592592 0.45390416666666666 0.31517685185185185 0.4466333333333333 0.29533148148148153 0.4404015625 0.2750240740740741 0.43131302083333334 0.2491787037037037 0.42482135416666666 0.2408712962962963 0.41884895833333335 0.23210185185185184 0.42352291666666664 0.215025 0.4305338541666667 0.20717962962962963 0.4232635416666667 0.20948703703703705 0.41936822916666666 0.22194814814814814 0.41391562499999995 0.23625555555555555 0.4084625 0.2408712962962963 0.4050869791666667 0.24779351851851852 0.3967776041666667 0.25010185185185185 0.39288229166666666 0.25794722222222227 0.3970369791666667 0.27317777777777774 0.4071640625 0.27640833333333337 0.39911458333333333 0.26789722222222223 0.39781614583333336 0.25958981481481486 0.4014515625 0.2517435185185185 0.40794322916666664 0.254975 0.4120979166666666 0.2762046296296296
0 0.4095010416666666 0.2133824074074074 0.39755625 0.21984444444444443 0.394440625 0.23692037037037036 0.4014515625 0.22030555555555556 0.41573333333333334 0.22030555555555556 0.4263796875 0.22676666666666664 0.42793749999999997 0.24107407407407408 0.4331307291666667 0.2597935185185185 0.4383239583333333 0.27733148148148146 0.4466333333333333 0.28702407407407404 0.4544234375 0.32097314814814815 0.45831822916666665 0.36481851851851854 0.461175 0.40820277777777775 0.46143437499999995 0.4169712962962963 0.4627328125 0.42112499999999997 0.46143437499999995 0.4317407407407407 0.4632520833333333 0.4437398148148148 0.4684453125 0.4460481481481482 0.4764953125 0.43635555555555555 0.47753385416666666 0.4146638888888889 0.4764953125 0.3957407407407407 0.472340625 0.3705611111111111 0.4632520833333333 0.3096388888888889 0.4601359375 0.2861009259259259 0.4601359375 0.258612962962963 0.4536442708333333 0.2336898148148148 0.44533489583333336 0.2189212962962963 0.44014166666666665 0.2129212962962963 0.43988229166666665 0.18292222222222224 0.43650625 0.1612296296296296 0.4385838541666667 0.19722962962962964 0.4349484375 0.18661388888888888 0.428740625 0.14509907407407407 0.4320921875 0.17922962962962963 0.4354677083333333 0.20369074074074073 0.4344291666666667 0.21245925925925924 0.42871666666666663 0.21845925925925927 0.4201473958333333 0.21799814814814814 0.4095010416666666 0.2133824074074074
0 0.452865625 0.2152287037037037 0.45338489583333336 0.23461296296296297 0.4601359375 0.2611777777777778 0.4598765625 0.2828703703703704 0.4650697916666667 0.3294842592592593 0.4772739583333333 0.3962027777777778 0.4879203125 0.4123564814814815 0.492075 0.43681759259259256 0.50298125 0.44050925925925927 0.503240625 0.4132796296296296 0.49493125 0.3962027777777778 0.48688177083333334 0.36897222222222226 0.48558333333333337 0.34589629629629626 0.48013020833333336 0.29071574074074075 0.48350624999999997 0.26071666666666665 0.48116927083333333 0.22564074074074075 0.47597552083333333 0.2064601851851852 0.47156145833333335 0.19169074074074074 0.47545624999999997 0.18569074074074074 0.486621875 0.17092222222222223 0.48947864583333334 0.15015277777777777 0.4848046875 0.1321537037037037 0.48740104166666665 0.1584611111111111 0.48168854166666664 0.17184537037037037 0.46974375 0.18615277777777778 0.4637713541666667 0.18984444444444445 0.455721875 0.1926138888888889 0.4489703125 0.18107592592592595 0.4388432291666666 0.16999907407407405 0.42871666666666663 0.16492222222222225 0.416771875 0.17276851851851852 0.43027447916666667 0.16907592592592594 0.4450755208333333 0.18246018518518517 0.4536442708333333 0.19399814814814814 0.453125 0.20738240740740743 0.452865625 0.2152287037037037
0 0.5315442708333333 0.40912592592592595 0.5406328125000001 0.4031259259259259 0.5406328125000001 0.3869722222222222 0.536478125 0.36204907407407405 0.5385552083333334 0.3957407407407407 0.5305057291666667 0.40451018518518517 0.5268703125 0.4040490740740741 0.5221963541666667 0.3809722222222222 0.5175223958333334 0.3698953703703704 0.5183015625 0.34728055555555554 0.5118098958333334 0.34958796296296296 0.5115500000000001 0.3602037037037037 0.5027213541666666 0.3343574074074074 0.49778802083333334 0.31517685185185185 0.5006442708333333 0.2856388888888889 0.49571041666666665 0.2353324074074074 0.49311354166666665 0.227025 0.4910364583333333 0.22471759259259258 0.48636250000000003 0.19933333333333333 0.4796109375 0.1901027777777778 0.47467760416666666 0.19794907407407408 0.48168854166666664 0.23025555555555555 0.48402552083333333 0.26948611111111115 0.48064999999999997 0.2874851851851852 0.48428489583333334 0.33040740740740737 0.48636250000000003 0.36804907407407406 0.49886614583333333 0.40447777777777777 0.5094729166666666 0.4220481481481482 0.5138869791666667 0.4243564814814815 0.5050583333333333 0.4432787037037037 0.5162239583333333 0.4243564814814815 0.5263510416666667 0.41604814814814817 0.5315442708333333 0.40912592592592595
0 0.465625 0.6509259259259259 0.475 0.6129629629629629 0.48125 0.6037037037037037 0.48125 0.5953703703703703 0.4734375 0.5907407407407408 0.47239583333333335 0.5833333333333334 0.4713541666666667 0.5277777777777778 0.47760416666666666 0.49444444444444446 0.5026041666666666 0.4425925925925926 0.5015625 0.43148148148148147 0.4901041666666667 0.44074074074074077 0.46822916666666664 0.4740740740740741 0.4609375 0.49537037037037035 0.44166666666666665 0.5722222222222222 0.4395833333333333 0.575925925925926 0.4322916666666667 0.5777777777777777 0.4317708333333333 0.5842592592592593 0.43697916666666664 0.6037037037037037 0.434375 0.6509259259259259 0.4390625 0.6685185185185185 0.4510416666666667 0.6675925925925926 0.465625 0.6509259259259259
0 0.3662104166666667 0.7091833333333334 0.3881453125 0.6890472222222223 0.39489427083333334 0.691188888888889 0.41056197916666665 0.7027564814814815 0.4368359375 0.7001861111111112 0.4732333333333333 0.6701962962962963 0.4889010416666667 0.6500601851851853 0.4939625 0.625211111111111 0.4929984375 0.5943648148148148 0.4917932291666667 0.5793694444444445 0.4874546875 0.5716583333333333 0.4855260416666667 0.5763703703703704 0.486490625 0.6033620370370371 0.482875 0.6204990740740741 0.4717869791666667 0.6479175925925925 0.4568421875 0.6624842592592592 0.4394869791666667 0.6650546296296297 0.4327380208333333 0.6573435185185186 0.43105052083333334 0.6432055555555556 0.4199630208333333 0.6479175925925925 0.40694635416666664 0.6492037037037037 0.3939302083333333 0.6556296296296297 0.38718125000000003 0.641062962962963 0.3712276041666666 0.6255638888888889 0.38501197916666663 0.6543444444444445 0.3881453125 0.6624842592592592 0.38790416666666666 0.6740518518518519 0.38790416666666666 0.6809064814814815 0.3739239583333333 0.6954731481481481 0.3662104166666667 0.7091833333333334
0 0.53885 0.6647546296296296 0.5532703125 0.6490916666666666 0.559946875 0.6476675925925925 0.5757026041666666 0.6514648148148148 0.5666229166666666 0.6424462962962962 0.5554067708333333 0.638649074074074 0.5554067708333333 0.6324787037037037 0.5527364583333333 0.6263083333333334 0.5586114583333334 0.6120685185185185 0.5684921875000001 0.5745712962962963 0.5586114583333334 0.6021009259259259 0.5487307291666668 0.620612037037037 0.5369802083333333 0.619662962962963 0.5228270833333333 0.6253592592592593 0.5124119791666667 0.6395981481481481 0.48570729166666665 0.655262037037037 0.4670135416666667 0.6742481481481482 0.44133020833333336 0.6966194444444445 0.4600703125 0.6837407407407408 0.48597395833333334 0.6780453703703704 0.5052015625 0.6676027777777778 0.5217588541666667 0.6666537037037037 0.53885 0.6647546296296296
0 0.4467177083333333 0.7293074074074074 0.4600703125 0.7354777777777778 0.47021822916666667 0.7354777777777778 0.47849687500000004 0.7321555555555556 0.49692291666666666 0.7259851851851852 0.5252302083333333 0.7288324074074074 0.5460598958333333 0.7293074074074074 0.5514010416666667 0.722662037037037 0.5642192708333333 0.7274092592592593 0.5722307291666666 0.7245611111111111 0.5735661458333333 0.7141185185185186 0.5671567708333334 0.7107962962962963 0.5516682291666667 0.705575 0.5417875 0.6951324074074074 0.501996875 0.703675925925926 0.47956510416666664 0.6994046296296296 0.45713281250000004 0.7017777777777777 0.4443145833333333 0.7079481481481481 0.442178125 0.7193398148148148 0.4432463541666667 0.7264592592592592 0.43069479166666663 0.7397499999999999 0.41760937499999995 0.7620583333333334 0.4424453125 0.7326296296296296 0.4467177083333333 0.7293074074074074
0 0.5415203125 0.6960814814814815 0.5538046875 0.6979805555555555 0.5650208333333333 0.7017777777777777 0.5676911458333334 0.6989296296296297 0.5786401041666667 0.706999074074074 0.5818447916666667 0.7088972222222223 0.5807765625 0.7013027777777778 0.5749015624999999 0.688962037037037 0.5711625 0.6865888888888888 0.5666229166666666 0.6770962962962963 0.5433895833333333 0.6732990740740741 0.5204234375 0.6737731481481481 0.5022640625 0.6751972222222222 0.4809 0.6808935185185185 0.4616729166666667 0.6856398148148148 0.4463385416666667 0.6951944444444444 0.4437802083333333 0.7027268518518519 0.4504567708333333 0.7041509259259259 0.46915 0.6975055555555556 0.4926505208333333 0.7027268518518519 0.5204234375 0.6998787037037038 0.5415203125 0.6960814814814815
0 0.4249322916666667 0.8589990740740742 0.4302723958333334 0.8586194444444444 0.4356125 0.8555824074074074 0.4306994791666667 0.8506472222222222 0.4415932291666667 0.8365990740740741 0.46060416666666665 0.8145787037037037 0.4900817708333333 0.7758537037037038 0.4947807291666667 0.7633249999999999 0.5005484375 0.7580101851851851 0.5086651041666667 0.7435824074074073 0.5046067708333334 0.7340916666666666 0.49883958333333334 0.7333324074074075 0.4883729166666667 0.7462407407407408 0.47641093749999996 0.7545925925925926 0.46444895833333333 0.7769925925925927 0.44650625 0.8005314814814815 0.42215520833333336 0.8134398148148148 0.41895104166666663 0.8009111111111111 0.414465625 0.815338888888889 0.4031442708333334 0.8324231481481482 0.39460052083333336 0.8441925925925925 0.3820109375 0.844925 0.38926041666666666 0.849887037037037 0.3967364583333334 0.8536842592592593 0.39951302083333334 0.8654537037037038 0.41275677083333334 0.8669722222222223 0.4249322916666667 0.8589990740740742
0 0.6264057291666667 0.777700925925926 0.63438125 0.8002768518518518 0.6326088541666667 0.8207537037037037 0.6346765624999999 0.8386046296296296 0.6444244791666667 0.8459546296296296 0.656240625 0.8307287037037037 0.6609666666666667 0.8034268518518519 0.6547635416666666 0.76825 0.6388119791666667 0.7419981481481481 0.6202020833333334 0.7220472222222223 0.5995244791666666 0.7115462962962963 0.5903677083333334 0.7010462962962963 0.5894442708333333 0.7063481481481482 0.5865270833333334 0.7236222222222222 0.5980479166666667 0.7367481481481482 0.6190208333333334 0.7409481481481482 0.6331994791666666 0.762475 0.6361536458333333 0.787150925925926 0.6264057291666667 0.777700925925926
0 0.6160666666666667 0.7044277777777778 0.6222703125 0.7207037037037037 0.6329041666666666 0.7364546296296296 0.6426526041666667 0.7490555555555556 0.6500369791666666 0.7522055555555555 0.6541729166666667 0.7438055555555555 0.6642161458333333 0.7495805555555556 0.6748505208333333 0.7495805555555556 0.6544682291666667 0.7369796296296296 0.6521052083333333 0.7123027777777778 0.6470833333333333 0.6918268518518519 0.6429479166666667 0.6661 0.6402890625000001 0.6823759259259259 0.6314276041666667 0.664525 0.6210885416666667 0.6198972222222222 0.6142942708333333 0.5983712962962963 0.6069093750000001 0.5689694444444444 0.6004109375 0.5694944444444444 0.5953890625 0.5511185185185185 0.590071875 0.5421925925925926 0.5853458333333333 0.5421925925925926 0.5843473958333333 0.5531027777777778 0.590071875 0.5721194444444444 0.5897765625000001 0.5857703703703703 0.6010015625 0.6219972222222222 0.6160666666666667 0.6713509259259259 0.6202020833333334 0.6965518518518518 0.6160666666666667 0.7044277777777778
