0 0.34739583333333335 0.7620370370370371 0.35572916666666665 0.7527777777777778 0.3578125 0.7481481481481481 0.3578125 0.7407407407407407 0.353125 0.7388888888888889 0.3380208333333333 0.7537037037037037 0.3260416666666667 0.7675925925925926 0.3104166666666667 0.7953703703703704 0.30625 0.799074074074074 0.2984375 0.7962962962962963 0.2864583333333333 0.825925925925926 0.2869791666666667 0.8351851851851851 0.29270833333333335 0.8407407407407408 0.30625 0.8324074074074074 0.3171875 0.8101851851851852 0.33697916666666666 0.7833333333333333 0.34739583333333335 0.7620370370370371
0 0.75625 0.5435185185185185 0.7682291666666666 0.5351851851851852 0.7692708333333333 0.5231481481481481 0.7671875 0.5138888888888888 0.7578125 0.5083333333333333 0.7479166666666667 0.5074074074074074 0.7260416666666667 0.524074074074074 0.6739583333333333 0.5435185185185185 0.66875 0.549074074074074 0.6692708333333334 0.5574074074074075 0.6739583333333333 0.5592592592592592 0.6880208333333333 0.5537037037037037 0.7057291666666666 0.5527777777777778 0.7260416666666667 0.5444444444444444 0.75625 0.5435185185185185
0 0.821875 0.29907407407407405 0.825 0.2759259259259259 0.8234375 0.2601851851851852 0.8145833333333333 0.25092592592592594 0.8104166666666667 0.25092592592592594 0.8052083333333333 0.25925925925925924 0.7994791666666666 0.2861111111111111 0.7994791666666666 0.3333333333333333 0.7947916666666667 0.36666666666666664 0.79375 0.42777777777777776 0.7947916666666667 0.4305555555555556 0.7989583333333333 0.4305555555555556 0.8026041666666667 0.41759259259259257 0.8125 0.33796296296296297 0.821875 0.29907407407407405
0 0.8052083333333333 0.26296296296296295 0.8041666666666667 0.25833333333333336 0.759375 0.26296296296296295 0.7338541666666667 0.2490740740740741 0.7239583333333334 0.2490740740740741 0.7161458333333334 0.25555555555555554 0.715625 0.26851851851851855 0.7171875 0.27314814814814814 0.7234375 0.2814814814814815 0.7302083333333333 0.2851851851851852 0.790625 0.27685185185185185 0.8052083333333333 0.26296296296296295
0 0.7208333333333333 0.175 0.7229166666666667 0.16574074074074074 0.7213541666666666 0.1537037037037037 0.7171875 0.14722222222222223 0.7130208333333333 0.14722222222222223 0.7005208333333334 0.1574074074074074 0.6828125 0.18518518518518517 0.6552083333333333 0.21481481481481482 0.653125 0.2212962962962963 0.6395833333333333 0.24074074074074073 0.6385416666666667 0.2490740740740741 0.6427083333333333 0.2518518518518518 0.684375 0.2074074074074074 0.6953125 0.19814814814814816 0.7104166666666667 0.19074074074074074 0.7208333333333333 0.175
0 0.6864583333333333 0.10833333333333334 0.7010416666666667 0.1111111111111111 0.7161458333333334 0.09907407407407408 0.7197916666666667 0.09074074074074075 0.7197916666666667 0.08518518518518518 0.7161458333333334 0.07314814814814814 0.7020833333333333 0.07222222222222222 0.69375 0.075 0.690625 0.08055555555555556 0.6822916666666666 0.08518518518518518 0.6510416666666666 0.09259259259259259 0.6369791666666667 0.10185185185185185 0.6234375 0.10648148148148148 0.6244791666666667 0.11388888888888889 0.6260416666666667 0.11666666666666667 0.65 0.11481481481481481 0.6864583333333333 0.10833333333333334
0 0.6979166666666666 0.05 0.70625 0.040740740740740744 0.7072916666666667 0.023148148148148147 0.6973958333333333 0.013888888888888888 0.6802083333333333 0.01574074074074074 0.6583333333333333 0.03611111111111111 0.65 0.03888888888888889 0.6302083333333334 0.05462962962962963 0.61875 0.06759259259259259 0.6161458333333333 0.075 0.6203125 0.07777777777777778 0.665625 0.05092592592592592 0.6776041666666667 0.049074074074074076 0.6864583333333333 0.053703703703703705 0.6979166666666666 0.05
0 0.2359375 0.4527777777777778 0.23958333333333334 0.44537037037037036 0.2390625 0.41574074074074074 0.23072916666666668 0.37037037037037035 0.22916666666666666 0.34444444444444444 0.22395833333333334 0.3175925925925926 0.22291666666666668 0.29814814814814816 0.21875 0.29444444444444445 0.21666666666666667 0.30277777777777776 0.21614583333333334 0.3509259259259259 0.22135416666666666 0.39814814814814814 0.22135416666666666 0.4287037037037037 0.22395833333333334 0.4425925925925926 0.228125 0.45185185185185184 0.2359375 0.4527777777777778
0 0.23854166666666668 0.6537037037037037 0.23958333333333334 0.6064814814814815 0.24375 0.5472222222222223 0.24375 0.5055555555555555 0.24010416666666667 0.5046296296296297 0.23854166666666668 0.5092592592592593 0.22447916666666667 0.6231481481481481 0.22291666666666668 0.6305555555555555 0.21614583333333334 0.6416666666666667 0.21666666666666667 0.6648148148148149 0.21927083333333333 0.6731481481481482 0.2234375 0.6759259259259259 0.22708333333333333 0.6759259259259259 0.23229166666666667 0.6703703703703704 0.23854166666666668 0.6537037037037037
0 0.61875 0.16111111111111112 0.6265625 0.17685185185185184 0.6307291666666667 0.17685185185185184 0.6296875 0.16574074074074074 0.6239583333333333 0.1537037037037037 0.6229166666666667 0.13425925925925927 0.6098958333333333 0.07962962962962963 0.6052083333333333 0.037037037037037035 0.5994791666666667 0.024074074074074074 0.5953125 0.020370370370370372 0.5911458333333334 0.019444444444444445 0.5848958333333333 0.025 0.5838541666666667 0.037037037037037035 0.5890625 0.06851851851851852 0.596875 0.08518518518518518 0.6078125 0.12962962962962962 0.615625 0.14537037037037037 0.61875 0.16111111111111112
0 0.590625 0.13703703703703704 0.5942708333333333 0.15092592592592594 0.5942708333333333 0.15925925925925927 0.6036458333333333 0.18796296296296297 0.6119791666666666 0.19074074074074074 0.61875 0.1824074074074074 0.6166666666666667 0.1537037037037037 0.6114583333333333 0.14444444444444443 0.6098958333333333 0.1361111111111111 0.5963541666666666 0.11851851851851852 0.5890625 0.11481481481481481 0.5791666666666667 0.11666666666666667 0.5729166666666666 0.12314814814814815 0.5645833333333333 0.1388888888888889 0.5640625 0.1574074074074074 0.5682291666666667 0.16666666666666666 0.5713541666666667 0.13796296296296295 0.5770833333333333 0.13055555555555556 0.5869791666666667 0.13148148148148148 0.590625 0.13703703703703704
0 0.4806854166666667 0.05643611111111111 0.4976390625 0.05326296296296296 0.5110234375 0.05643611111111111 0.5279770833333334 0.05484907407407408 0.532884375 0.03977777777777778 0.5306536458333333 0.02232685185185185 0.5199463541666667 0.02074074074074074 0.5079005208333334 0.024706481481481482 0.49050052083333334 0.03977777777777778 0.4739932291666667 0.04374444444444445 0.46730104166666664 0.049296296296296296 0.45614739583333336 0.050883333333333336 0.4472244791666667 0.05405648148148148 0.431565625 0.054749074074074075 0.43384010416666663 0.06278148148148148 0.44276302083333335 0.06278148148148148 0.4557015625 0.06198796296296297 0.46774739583333336 0.06198796296296297 0.4806854166666667 0.05643611111111111
0 0.4989776041666667 0.11830740740740742 0.5092390625000001 0.10720185185185185 0.5226234375 0.09292407407407408 0.5342229166666667 0.08102592592592592 0.5364536458333333 0.063575 0.5315463541666666 0.05484907407407408 0.5221770833333333 0.050883333333333336 0.5105770833333333 0.06278148148148148 0.4994234375 0.09054444444444444 0.4842546875 0.11354814814814815 0.47711614583333334 0.13337870370370372 0.47131666666666666 0.1500361111111111 0.45971666666666666 0.17224722222222222 0.4632859375 0.18731851851851852 0.46819322916666667 0.18493796296296297 0.48202395833333334 0.16431481481481483 0.4896083333333333 0.14527685185185185 0.4989776041666667 0.11830740740740742
0 0.34505677083333336 0.13099907407407407 0.3526416666666667 0.10482222222222222 0.35754895833333333 0.08975092592592593 0.3704875 0.07309351851851852 0.38342552083333337 0.050089814814814816 0.37539479166666667 0.050089814814814816 0.36513333333333337 0.0651611111111111 0.35353385416666666 0.0802324074074074 0.3441645833333334 0.0953037037037037 0.3343494791666667 0.11513425925925926 0.32631875000000005 0.1254462962962963 0.31795364583333335 0.14396203703703706 0.312934375 0.15876203703703703 0.3178421875 0.17066018518518516 0.3258729166666667 0.16986666666666667 0.3388109375 0.15320925925925927 0.34505677083333336 0.13099907407407407
0 0.351303125 0.16431481481481483 0.3633489583333333 0.1571759259259259 0.36914895833333333 0.14051759259259258 0.36691822916666667 0.12941296296296295 0.35888749999999997 0.1254462962962963 0.3504109375 0.12703333333333333 0.3441645833333334 0.14131111111111114 0.32542656249999996 0.16590092592592592 0.3196265625 0.1801787037037037 0.3102578125 0.19683703703703703 0.30178072916666665 0.21270092592592593 0.28824583333333337 0.2324611111111111 0.3057963541666667 0.21904722222222223 0.3138265625 0.20476944444444445 0.32676510416666665 0.18969814814814814 0.3370265625 0.1730398148148148 0.351303125 0.16431481481481483
0 0.32988802083333335 0.22460000000000002 0.3388109375 0.22856574074074074 0.34862604166666666 0.21904722222222223 0.3593338541666667 0.20397592592592595 0.3678104166666667 0.18255833333333335 0.36424114583333334 0.1651074074074074 0.3544260416666667 0.16193518518518518 0.34014947916666666 0.17066018518518516 0.33033437499999996 0.18255833333333335 0.3231958333333333 0.20000925925925925 0.3093651041666667 0.22063333333333332 0.3004421875 0.23808425925925925 0.28750416666666667 0.2555351851851852 0.2779203125 0.2749712962962963 0.2712859375 0.28112870370370374 0.26965833333333333 0.2888509259259259 0.26207395833333336 0.29916296296296296 0.2649401041666667 0.31243055555555554 0.27018020833333334 0.31239537037037035 0.27813489583333334 0.29916296296296296 0.2892885416666667 0.28250555555555557 0.29910416666666667 0.2706064814814815 0.3062421875 0.2579148148148148 0.31828802083333335 0.24205092592592595 0.32988802083333335 0.22460000000000002
0 0.22504375000000001 0.22301296296296297 0.23619739583333335 0.2095287037037037 0.24065885416666666 0.18969814814814814 0.2451203125 0.1730398148148148 0.24913541666666666 0.15479537037037036 0.25225833333333336 0.14131111111111114 0.25716614583333336 0.11434166666666667 0.26831979166666664 0.08578518518518519 0.26698125 0.07547314814814815 0.26341197916666664 0.08419907407407408 0.25761249999999997 0.10402962962962964 0.247796875 0.12227314814814816 0.244228125 0.1325851851851852 0.23530520833333332 0.16907407407407407 0.22504375000000001 0.18493796296296297 0.2201359375 0.18969814814814814 0.2183515625 0.19683703703703703 0.21344375000000002 0.21032129629629628 0.21656666666666666 0.2238064814814815 0.22504375000000001 0.22301296296296297
0 0.26296614583333333 0.14527685185185185 0.26430468749999997 0.13575833333333334 0.2701041666666667 0.10482222222222222 0.27456614583333333 0.09292407407407408 0.280365625 0.07547314814814815 0.27724270833333337 0.06595462962962963 0.27144270833333334 0.07705925925925926 0.26475052083333334 0.09609722222222222 0.25805833333333333 0.1167212962962963 0.2549354166666667 0.14210462962962964 0.24645885416666669 0.16748703703703705 0.24199739583333332 0.1857314814814815 0.2376625 0.20248518518518518 0.2415510416666667 0.21508148148148148 0.24735104166666666 0.2182537037037037 0.25404322916666666 0.21349444444444446 0.2585046875 0.19842314814814815 0.25939687499999997 0.16907407407407407 0.26296614583333333 0.14527685185185185
0 0.5876885416666667 0.8425888888888888 0.5982697916666667 0.8470685185185185 0.6073395833333334 0.8622981481481482 0.6224557291666667 0.8802148148148148 0.6295098958333334 0.8712564814814815 0.6300140625 0.8461722222222222 0.6219520833333333 0.8327342592592593 0.6073395833333334 0.8264638888888889 0.5952468750000001 0.8201925925925926 0.5811385416666667 0.815712962962963 0.5660223958333332 0.8094425925925925 0.5554406249999999 0.8103379629629629 0.5422666666666667 0.8098425925925926 0.5357895833333333 0.8175046296296296 0.5453635416666667 0.823775925925926 0.55745625 0.8246722222222221 0.57206875 0.8363185185185186 0.5876885416666667 0.8425888888888888
0 0.6582307291666667 0.8175046296296296 0.6728432291666666 0.8201925925925926 0.6778817708333332 0.8121296296296296 0.6829203125000001 0.7906296296296296 0.6738510416666668 0.780775 0.662765625 0.7798787037037037 0.6491609374999999 0.7843583333333333 0.6380760416666666 0.7969 0.6279984375000001 0.7995879629629629 0.60784375 0.8130259259259259 0.596675 0.8114546296296297 0.6063317708333333 0.8175046296296296 0.616409375 0.8130259259259259 0.6300140625 0.8085462962962963 0.6446260416666667 0.8094425925925925 0.6582307291666667 0.8175046296296296
0 0.6929979166666667 0.8470685185185185 0.7050911458333334 0.8515481481481482 0.7176875 0.8667777777777778 0.7403619791666666 0.8739444444444444 0.7378427083333333 0.8542351851851852 0.7333078125 0.8309425925925926 0.7217187500000001 0.8192962962962963 0.7101296875 0.8192962962962963 0.7025713541666666 0.8201925925925926 0.6809052083333333 0.8175046296296296 0.6612541666666666 0.8094425925925925 0.6496651041666667 0.8094425925925925 0.6279984375000001 0.8121296296296296 0.6053239583333333 0.8219842592592593 0.6154015625 0.8264638888888889 0.6335411458333333 0.8282555555555555 0.6536958333333334 0.8354222222222222 0.677378125 0.8443805555555556 0.6929979166666667 0.8470685185185185
0 0.6471458333333333 0.8282555555555555 0.6365640625 0.8264638888888889 0.6244713541666667 0.8264638888888889 0.61254375 0.8243518518518518 0.6269906249999999 0.8390055555555556 0.6380760416666666 0.8622981481481482 0.6491609374999999 0.8676731481481481 0.6632697916666667 0.8622981481481482 0.662765625 0.8372138888888889 0.6471458333333333 0.8282555555555555
0 0.7176875 0.7986916666666667 0.7272614583333333 0.8013796296296296 0.7464083333333333 0.8094425925925925 0.7610208333333334 0.794212962962963 0.7600130208333333 0.7745037037037038 0.7519510416666667 0.7646490740740741 0.7373385416666667 0.7682324074074074 0.7272614583333333 0.7762953703703703 0.7081140625 0.7718157407407408 0.6924942708333333 0.7718157407407408 0.6804010416666666 0.7664407407407408 0.6701255208333333 0.7558379629629629 0.6617578125 0.7664407407407408 0.6703239583333332 0.7762953703703703 0.6834244791666666 0.7879416666666667 0.7020677083333333 0.7960046296296296 0.7176875 0.7986916666666667
0 0.7731135416666667 0.7906296296296296 0.7776484375 0.7727120370370371 0.7801677083333334 0.7574824074074075 0.7786562499999999 0.7323981481481482 0.7731135416666667 0.7574824074074075 0.7670671875 0.7771916666666666 0.7610208333333334 0.7933166666666667 0.7529588541666666 0.804962962962963 0.7413697916666667 0.8031712962962962 0.7390427083333333 0.8074250000000001 0.7368348958333333 0.8175046296296296 0.73633125 0.8336305555555555 0.7413697916666667 0.8434851851851852 0.75749375 0.8300472222222223 0.7655557291666667 0.8121296296296296 0.7731135416666667 0.7906296296296296
0 0.7766406250000001 0.6622305555555555 0.7721057291666666 0.6685018518518518 0.768075 0.6792518518518519 0.7685786458333334 0.7097111111111112 0.7710984375 0.7213574074074074 0.7801677083333334 0.7240453703703704 0.7952838541666666 0.6944814814814815 0.7947802083333334 0.6631268518518518 0.7967958333333333 0.633562962962963 0.801834375 0.6013120370370371 0.8063692708333333 0.5636861111111111 0.8134234374999999 0.5368101851851852 0.8149348958333333 0.5233722222222222 0.8083848958333333 0.5179972222222222 0.8034255208333333 0.5236972222222221 0.8013307291666667 0.5359138888888889 0.7962916666666667 0.5592064814814814 0.7902453125 0.5842907407407407 0.7847026041666666 0.6111666666666666 0.7816796875 0.6425222222222222 0.7766406250000001 0.6622305555555555
0 0.7993151041666666 0.6129583333333334 0.7967958333333333 0.6308759259259259 0.7962916666666667 0.6478972222222222 0.7988114583333333 0.6559592592592592 0.8058656249999999 0.6541675925925926 0.8104005208333334 0.6478972222222222 0.8129197916666667 0.6326675925925925 0.8104005208333334 0.609375 0.8093927083333334 0.5869787037037038 0.8114078125 0.5627898148148148 0.8154390625 0.5493518518518518 0.8199739583333333 0.5341222222222222 0.8199739583333333 0.5179972222222222 0.8255166666666667 0.5018712962962962 0.8245088541666666 0.4920175925925926 0.8174807291666667 0.49064907407407404 0.8139276041666667 0.5090388888888888 0.8154390625 0.5323305555555555 0.8078807291666668 0.5484564814814814 0.8038500000000001 0.5699574074074074 0.801834375 0.5923537037037037 0.7993151041666666 0.6129583333333334
0 0.7993151041666666 0.7358361111111111 0.7978036458333333 0.7125444444444444 0.7983072916666667 0.6892518518518519 0.7972994791666667 0.6561046296296296 0.7937723958333333 0.6767092592592593 0.791253125 0.7000018518518518 0.7882296875 0.7116481481481481 0.7801677083333334 0.7250861111111111 0.7791604166666667 0.7322527777777778 0.7791604166666667 0.7438990740740741 0.782115625 0.7598685185185186 0.7841989583333333 0.773462962962963 0.7902453125 0.781525 0.7947802083333334 0.7877962962962963 0.79981875 0.7779416666666666 0.8033458333333333 0.7591287037037038 0.7993151041666666 0.7358361111111111
