0 0.440625 0.06388888888888888 0.4395833333333333 0.05092592592592592 0.4276041666666667 0.04814814814814815 0.421875 0.041666666666666664 0.3885416666666667 0.03425925925925926 0.3625 0.016666666666666666 0.3484375 0.016666666666666666 0.34322916666666664 0.022222222222222223 0.3416666666666667 0.027777777777777776 0.34270833333333334 0.04351851851851852 0.3609375 0.05925925925925926 0.37916666666666665 0.05462962962962963 0.41770833333333335 0.06388888888888888 0.440625 0.06388888888888888
0 0.29739583333333336 0.11574074074074074 0.3255208333333333 0.14907407407407408 0.3302083333333333 0.14629629629629629 0.32916666666666666 0.1361111111111111 0.3020833333333333 0.09907407407407408 0.27760416666666665 0.08518518518518518 0.2671875 0.07592592592592592 0.25052083333333336 0.07314814814814814 0.2453125 0.08148148148148149 0.24635416666666668 0.09722222222222222 0.2552083333333333 0.10740740740740741 0.2630208333333333 0.1111111111111111 0.2765625 0.10648148148148148 0.2869791666666667 0.10740740740740741 0.29739583333333336 0.11574074074074074
0 0.28489583333333335 0.24722222222222223 0.28802083333333334 0.24722222222222223 0.29010416666666666 0.23796296296296296 0.28020833333333334 0.19814814814814816 0.259375 0.1537037037037037 0.25416666666666665 0.13518518518518519 0.240625 0.11203703703703703 0.23229166666666667 0.12407407407407407 0.23229166666666667 0.13333333333333333 0.24010416666666667 0.1574074074074074 0.2520833333333333 0.1712962962962963 0.27630208333333334 0.22268518518518518 0.28229166666666666 0.24259259259259258 0.28489583333333335 0.24722222222222223
0 0.31666666666666665 0.5333333333333333 0.31614583333333335 0.525 0.3140625 0.5212962962962963 0.30364583333333334 0.5185185185185185 0.2828125 0.5064814814814815 0.2630208333333333 0.5046296296296297 0.23802083333333332 0.49537037037037035 0.22395833333333334 0.4962962962962963 0.21875 0.5 0.21770833333333334 0.5111111111111111 0.21927083333333333 0.5185185185185185 0.2328125 0.5277777777777778 0.25729166666666664 0.524074074074074 0.3104166666666667 0.5361111111111111 0.31666666666666665 0.5333333333333333
0 0.34322916666666664 0.5907407407407408 0.3458333333333333 0.5888888888888889 0.346875 0.5833333333333334 0.3458333333333333 0.5777777777777777 0.34270833333333334 0.575 0.3140625 0.5731481481481482 0.290625 0.5814814814814815 0.2635416666666667 0.5814814814814815 0.2552083333333333 0.5851851851851851 0.24947916666666667 0.5916666666666667 0.24947916666666667 0.6046296296296296 0.25416666666666665 0.612037037037037 0.2708333333333333 0.6157407407407407 0.28177083333333336 0.6074074074074074 0.3026041666666667 0.5990740740740741 0.34322916666666664 0.5907407407407408
0 0.6427083333333333 0.662962962962963 0.6453125 0.674074074074074 0.6541666666666667 0.6861111111111111 0.6609375 0.6805555555555556 0.6635416666666667 0.6712962962962963 0.6635416666666667 0.6611111111111111 0.6567708333333333 0.6361111111111111 0.6447916666666667 0.6185185185185185 0.6239583333333333 0.5981481481481481 0.6151041666666667 0.5833333333333334 0.6119791666666666 0.5851851851851851 0.6114583333333333 0.5944444444444444 0.6140625 0.6037037037037037 0.634375 0.6351851851851852 0.6364583333333333 0.6416666666666667 0.6364583333333333 0.6537037037037037 0.6427083333333333 0.662962962962963
0 0.8068437500000001 0.21824166666666667 0.8113598958333333 0.25337037037037036 0.8232145833333333 0.26942962962962963 0.8136177083333334 0.2332962962962963 0.8096661458333333 0.1991712962962963 0.8068437500000001 0.16303888888888887 0.8079729166666667 0.14095740740740742 0.8113598958333333 0.11887685185185186 0.8045854166666667 0.10081018518518518 0.798940625 0.08976944444444444 0.7899083333333333 0.09177685185185185 0.7848276041666666 0.12088425925925926 0.7848276041666666 0.14095740740740742 0.7916015625 0.16103148148148147 0.7995052083333333 0.18612314814814815 0.8068437500000001 0.21824166666666667
0 0.8040213541666666 0.3025509259259259 0.8141822916666667 0.3085731481481482 0.8232145833333333 0.3015472222222222 0.82434375 0.2925138888888889 0.816440625 0.2684259259259259 0.8096661458333333 0.24835185185185188 0.8006338541666668 0.22426296296296297 0.7904729166666667 0.20619722222222223 0.7774885416666667 0.18913425925925925 0.7712791666666666 0.1760861111111111 0.7605531249999999 0.18311203703703705 0.7735369791666666 0.1991712962962963 0.7882145833333334 0.21824166666666667 0.795553125 0.24132592592592594 0.7978114583333333 0.2634074074074074 0.7995052083333333 0.2794657407407407 0.8040213541666666 0.3025509259259259
0 0.7554723958333334 0.27645462962962963 0.7650692708333333 0.28649166666666664 0.77184375 0.2925138888888889 0.7820046875000001 0.30556203703703705 0.7910369791666666 0.31961388888888886 0.8023276041666667 0.3216203703703704 0.8085375 0.3065657407407407 0.8057145833333333 0.29351759259259264 0.7966822916666667 0.2814731481481481 0.7899083333333333 0.27846203703703704 0.7825692708333333 0.27444722222222223 0.7735369791666666 0.2684259259259259 0.762246875 0.2603962962962963 0.7560369791666666 0.2563814814814815 0.7464401041666666 0.24634444444444448 0.7362791666666666 0.2332962962962963 0.72335 0.2191833333333333 0.7187791666666666 0.23028518518518518 0.7272468750000001 0.24232962962962964 0.7328916666666667 0.2503592592592592 0.7436177083333334 0.2654148148148148 0.7554723958333334 0.27645462962962963
0 0.8215213541666666 0.32463148148148147 0.8119244791666667 0.30957685185185185 0.797246875 0.31459537037037033 0.7910369791666666 0.3336648148148148 0.7865208333333332 0.3547425925925926 0.7735369791666666 0.36578333333333335 0.7611177083333334 0.38284537037037036 0.7481338541666667 0.40191574074074077 0.7355416666666666 0.43952962962962966 0.75434375 0.40392314814814817 0.7661984375 0.3858564814814815 0.7904729166666667 0.3718046296296296 0.8068437500000001 0.3547425925925926 0.8147468750000001 0.3437018518518518 0.8215213541666666 0.32463148148148147
0 0.7836984375 0.5113175925925926 0.7853921875 0.5022842592592592 0.7712791666666666 0.4852212962962963 0.7605531249999999 0.47217314814814815 0.7633760416666667 0.44005555555555553 0.7769244791666666 0.4270074074074074 0.7899083333333333 0.4159675925925926 0.8096661458333333 0.41094907407407405 0.8153114583333333 0.39689722222222223 0.8141822916666667 0.37682314814814816 0.8057145833333333 0.37682314814814816 0.797246875 0.37682314814814816 0.7848276041666666 0.3798342592592593 0.7761791666666666 0.39076388888888886 0.7605531249999999 0.4079379629629629 0.7537791666666667 0.43302962962962965 0.7526499999999999 0.46815833333333334 0.763940625 0.49023981481481477 0.7836984375 0.5113175925925926
0 0.66515 0.506299074074074 0.66515 0.4822101851851852 0.6719239583333334 0.4561148148148148 0.6815208333333334 0.4320259259259259 0.6911177083333333 0.40693425925925925 0.7035369791666667 0.38083796296296296 0.7052307291666666 0.35775370370370374 0.7024078125000001 0.34470555555555554 0.6945046875 0.34671296296296295 0.6843432291666667 0.35775370370370374 0.6806807291666667 0.375412037037037 0.6809562499999999 0.3898712962962963 0.6736177083333333 0.41094907407407405 0.6657140625 0.44105925925925926 0.6628916666666667 0.4812064814814815 0.66515 0.506299074074074
0 0.6532947916666667 0.5133249999999999 0.6623270833333332 0.5394203703703704 0.6628916666666667 0.530387037037037 0.6617625 0.5093101851851851 0.6611984375 0.4812064814814815 0.6611984375 0.4531037037037037 0.6691015625 0.4270074074074074 0.6798270833333333 0.3979009259259259 0.6786984375 0.37581944444444443 0.6696661458333334 0.373812037037037 0.66345625 0.3858564814814815 0.6557901041666666 0.40431018518518513 0.6521661458333334 0.41295648148148145 0.6521661458333334 0.43102222222222225 0.6487786458333333 0.4561148148148148 0.6516015625 0.486225 0.6532947916666667 0.5133249999999999
0 0.5480921875 0.8499407407407408 0.5657 0.8423833333333334 0.5808796875 0.8337472222222222 0.5972734375000001 0.8240314814814814 0.6045593749999999 0.8099981481481482 0.5918088541666666 0.8024407407407407 0.5657 0.8121574074074074 0.54930625 0.8175546296296295 0.5341270833333333 0.813236111111111 0.5244119791666667 0.813236111111111 0.5134828124999999 0.813236111111111 0.5026479166666666 0.8204685185185185 0.494053125 0.8326675925925926 0.49344635416666666 0.8531787037037037 0.4995177083333333 0.8682925925925926 0.5171260416666666 0.8618157407407407 0.5316984375 0.8531787037037037 0.5480921875 0.8499407407407408
0 0.6318822916666667 0.8186342592592593 0.6330963541666667 0.8024407407407407 0.6148812499999999 0.7959638888888888 0.6045593749999999 0.8056796296296297 0.5984875 0.8229518518518518 0.5857369791666667 0.8380657407407407 0.5711645833333333 0.843462962962963 0.5523421875000001 0.8521000000000001 0.5420203125 0.8531787037037037 0.522590625 0.8628944444444445 0.5140901041666667 0.8682925925925926 0.5381609375 0.8651481481481481 0.5729859375 0.8628944444444445 0.5833083333333333 0.8596564814814814 0.608809375 0.8467018518518519 0.6179171875 0.8423833333333334 0.6288463541666667 0.8272703703703703 0.6318822916666667 0.8186342592592593
0 0.6428114583333334 0.840225 0.6683130208333333 0.8067592592592592 0.6749916666666667 0.789487037037037 0.6816708333333333 0.765737037037037 0.6828848958333332 0.7527824074074074 0.6640625 0.792725 0.6458473958333334 0.8099981481481482 0.6300609375 0.8186342592592593 0.6233817708333333 0.8326675925925926 0.6228463541666667 0.8330953703703704 0.6179171875 0.8510203703703704 0.6179171875 0.8736898148148149 0.6270249999999999 0.8780083333333334 0.6343109375 0.8704518518518518 0.6385609375 0.8574972222222222 0.6428114583333334 0.840225
0 0.6670984375 0.8391453703703704 0.6525260416666666 0.8348268518518519 0.6428114583333334 0.8369861111111112 0.6349182291666666 0.8477814814814815 0.6349182291666666 0.8704518518518518 0.6386906250000001 0.8768037037037036 0.6567765624999999 0.8758490740740741 0.6664911458333334 0.8574972222222222 0.6810635416666667 0.8542583333333333 0.6919927083333334 0.8531787037037037 0.6932072916666667 0.843462962962963 0.6670984375 0.8391453703703704
0 0.7114223958333333 0.8380657407407407 0.7278161458333333 0.8315888888888888 0.735709375 0.8261907407407407 0.7199229166666666 0.8240314814814814 0.7047432291666667 0.8240314814814814 0.6926 0.819713888888889 0.6859208333333334 0.8121574074074074 0.6752963541666667 0.8097842592592592 0.6677057291666666 0.816475 0.6640625 0.8261907407407407 0.6725630208333333 0.8380657407407407 0.686528125 0.8413046296296297 0.7023145833333333 0.840225 0.7114223958333333 0.8380657407407407
0 0.7114223958333333 0.8207935185185186 0.7320661458333333 0.8218731481481482 0.7508885416666666 0.8067592592592592 0.7606036458333333 0.7862481481481481 0.747853125 0.8035203703703704 0.7436026041666667 0.8089185185185185 0.7351020833333333 0.8153953703703704 0.7266015625000001 0.8175546296296295 0.7187083333333334 0.8089185185185185 0.7138510416666667 0.7959638888888888 0.7035291666666666 0.7873277777777777 0.6950286458333333 0.7830092592592592 0.6862234375 0.7855018518518518 0.6834921875000001 0.7873277777777777 0.6816708333333333 0.8002824074074074 0.686528125 0.8110777777777778 0.69685 0.8175546296296295 0.7114223958333333 0.8207935185185186
0 0.7466385416666667 0.8326675925925926 0.7618177083333334 0.8153953703703704 0.7733541666666667 0.8056796296296297 0.7836765625000001 0.7905666666666666 0.7800333333333334 0.7851685185185185 0.7599963541666667 0.8046 0.7472458333333333 0.813236111111111 0.7344947916666666 0.8261907407407407 0.7272088541666667 0.8337472222222222 0.7114223958333333 0.8380657407407407 0.7026140625 0.8457222222222223 0.7023145833333333 0.8618157407407407 0.7096010416666666 0.8747694444444444 0.719315625 0.8736898148148149 0.7284234375 0.8488611111111111 0.7363166666666667 0.8380657407407407 0.7466385416666667 0.8326675925925926
0 0.6883494791666667 0.7635777777777778 0.7004932291666666 0.7808509259259259 0.7168869791666667 0.7786916666666667 0.7363166666666667 0.7635777777777778 0.7490671875 0.7463055555555556 0.7527104166666666 0.7279537037037037 0.7472458333333333 0.7182379629629629 0.7359416666666667 0.7223675925925926 0.7181010416666667 0.7549416666666666 0.7059578125 0.7635777777777778 0.6913854166666666 0.7603398148148148 0.6932072916666667 0.7290333333333333 0.6840994791666667 0.7398287037037037 0.6883494791666667 0.7635777777777778
0 0.7842833333333333 0.7624981481481482 0.8031057291666667 0.7560212962962963 0.8116062500000001 0.7365898148148149 0.813428125 0.7160787037037037 0.8067489583333334 0.7106814814814815 0.7897479166666667 0.7268740740740741 0.7785578125 0.7515064814814815 0.7654609375 0.7743731481481482 0.7502817708333333 0.7959638888888888 0.764246875 0.784088888888889 0.7763901041666668 0.768975925925926 0.7842833333333333 0.7624981481481482
0 0.7751760416666666 0.7592601851851851 0.7861052083333333 0.7322712962962963 0.8043203125 0.7096018518518519 0.7921765625 0.7106814814814815 0.7782119791666666 0.7247148148148148 0.7606036458333333 0.7517037037037038 0.752103125 0.7624981481481482 0.7363166666666667 0.7624981481481482 0.7195510416666667 0.7757888888888889 0.7132437500000001 0.7808509259259259 0.7162796875 0.801362037037037 0.731459375 0.8143157407407408 0.7484598958333333 0.7970435185185185 0.7599963541666667 0.7819305555555556 0.7751760416666666 0.7592601851851851
