0 0.7213541666666666 0.4537037037037037 0.721875 0.4638888888888889 0.7333333333333333 0.48148148148148145 0.7354166666666667 0.4888888888888889 0.7515625 0.5055555555555555 0.7682291666666666 0.5148148148148148 0.7880208333333333 0.5324074074074074 0.8026041666666667 0.5342592592592592 0.8052083333333333 0.5296296296296297 0.80625 0.5185185185185185 0.8005208333333333 0.5046296296296297 0.790625 0.49722222222222223 0.7682291666666666 0.49166666666666664 0.7265625 0.4527777777777778
0 0.7953125 0.3453703703703704 0.7947916666666667 0.37037037037037035 0.8010416666666667 0.37777777777777777 0.80625 0.3768518518518518 0.8104166666666667 0.36944444444444446 0.8177083333333334 0.3453703703703704 0.821875 0.2611111111111111 0.8192708333333333 0.20925925925925926 0.8161458333333333 0.2 0.8125 0.20092592592592592 0.809375 0.2074074074074074 0.8052083333333333 0.28425925925925927 0.7994791666666666 0.3314814814814815
0 0.6807291666666667 0.4009259259259259 0.6802083333333333 0.40925925925925927 0.6875 0.44166666666666665 0.7302083333333333 0.5444444444444444 0.7359375 0.5472222222222223 0.7385416666666667 0.5370370370370371 0.7229166666666667 0.49074074074074076 0.7036458333333333 0.41203703703703703 0.6895833333333333 0.3907407407407407
0 0.7171875 0.19722222222222222 0.7166666666666667 0.2037037037037037 0.7203125 0.20925925925925926 0.7609375 0.19722222222222222 0.8046875 0.17222222222222222 0.815625 0.16111111111111112 0.8145833333333333 0.14907407407407408 0.8098958333333334 0.1388888888888889 0.7947916666666667 0.14074074074074075 0.7557291666666667 0.17314814814814813
0 0.5630208333333333 0.3527777777777778 0.5625 0.3611111111111111 0.5682291666666667 0.3675925925925926 0.5927083333333333 0.3731481481481482 0.6166666666666667 0.3731481481481482 0.6385416666666667 0.38333333333333336 0.6552083333333333 0.3814814814814815 0.6583333333333333 0.36944444444444446 0.65625 0.35648148148148145 0.6385416666666667 0.3435185185185185 0.6234375 0.35 0.5895833333333333 0.3490740740740741
0 0.6505208333333333 0.05925925925925926 0.65 0.06574074074074074 0.653125 0.06851851851851852 0.7098958333333333 0.05925925925925926 0.7276041666666667 0.06481481481481481 0.7421875 0.05648148148148148 0.7458333333333333 0.05185185185185185 0.746875 0.04537037037037037 0.740625 0.025 0.7239583333333334 0.025925925925925925
0 0.5447916666666667 0.026851851851851852 0.54375 0.03333333333333333 0.5484375 0.03981481481481482 0.5755208333333334 0.04814814814814815 0.596875 0.05 0.6026041666666667 0.053703703703703705 0.6072916666666667 0.06296296296296296 0.6302083333333334 0.06574074074074074 0.634375 0.05092592592592592 0.6338541666666667 0.04351851851851852 0.6302083333333334 0.03611111111111111 0.6119791666666666 0.021296296296296296 0.5713541666666667 0.020370370370370372
0 0.4630208333333333 0.025 0.4630208333333333 0.06481481481481481 0.4713541666666667 0.10092592592592593 0.47760416666666666 0.19444444444444445 0.4822916666666667 0.2 0.4864583333333333 0.1935185185185185 0.48854166666666665 0.14629629629629629 0.48385416666666664 0.05185185185185185 0.47708333333333336 0.021296296296296296 0.46927083333333336 0.020370370370370372
0 0.3984375 0.09722222222222222 0.39791666666666664 0.2388888888888889 0.4005208333333333 0.24351851851851852 0.40520833333333334 0.23981481481481481 0.40677083333333336 0.2324074074074074 0.4119791666666667 0.1398148148148148 0.4161458333333333 0.10648148148148148 0.4161458333333333 0.07407407407407407 0.41458333333333336 0.07037037037037037 0.4046875 0.07037037037037037
0 0.40520833333333334 0.2916666666666667 0.4046875 0.30462962962962964 0.40677083333333336 0.3138888888888889 0.421875 0.35185185185185186 0.43125 0.3888888888888889 0.44635416666666666 0.42685185185185187 0.4505208333333333 0.42777777777777776 0.4479166666666667 0.40185185185185185 0.4348958333333333 0.3527777777777778 0.42604166666666665 0.30277777777777776 0.41770833333333335 0.28703703703703703 0.41302083333333334 0.2833333333333333 0.4083333333333333 0.2851851851851852
0 0.3734375 0.37407407407407406 0.37447916666666664 0.3907407407407407 0.3828125 0.4111111111111111 0.39479166666666665 0.42407407407407405 0.4427083333333333 0.4935185185185185 0.446875 0.4898148148148148 0.43125 0.45185185185185184 0.42291666666666666 0.4351851851851852 0.41354166666666664 0.42407407407407405 0.3927083333333333 0.3787037037037037 0.3807291666666667 0.36574074074074076
0 0.3328125 0.1638888888888889 0.3333333333333333 0.2013888888888889 0.3307291666666667 0.26296296296296295 0.334375 0.27037037037037037 0.3375 0.26851851851851855 0.3416666666666667 0.25277777777777777 0.3463541666666667 0.19907407407407407 0.3536458333333333 0.1675925925925926 0.3515625 0.13796296296296295 0.3453125 0.13333333333333333 0.3385416666666667 0.1361111111111111 0.33489583333333334 0.14444444444444443
0 0.2171875 0.3388888888888889 0.2171875 0.375 0.21302083333333333 0.4351851851851852 0.21510416666666668 0.47129629629629627 0.21979166666666666 0.4740740740740741 0.228125 0.41944444444444445 0.23177083333333334 0.37592592592592594 0.24010416666666667 0.337037037037037 0.24010416666666667 0.3074074074074074 0.23333333333333334 0.3 0.22708333333333333 0.30277777777777776 0.21875 0.32592592592592595
0 0.259375 0.48333333333333334 0.25833333333333336 0.49444444444444446 0.2604166666666667 0.5027777777777778 0.2640625 0.5064814814814815 0.2760416666666667 0.5074074074074074 0.3 0.49444444444444446 0.353125 0.4861111111111111 0.3572916666666667 0.48148148148148145 0.3572916666666667 0.475 0.353125 0.47129629629629627 0.30885416666666665 0.4722222222222222 0.2911458333333333 0.4759259259259259 0.2713541666666667 0.4740740740740741
0 0.2994791666666667 0.5898148148148148 0.3 0.6083333333333333 0.30364583333333334 0.6138888888888889 0.31614583333333335 0.6203703703703703 0.3328125 0.6148148148148148 0.3546875 0.6138888888888889 0.3921875 0.6212962962962963 0.39479166666666665 0.6157407407407407 0.39010416666666664 0.6055555555555555 0.3651041666666667 0.5925925925925926 0.34322916666666664 0.5916666666666667 0.321875 0.5814814814814815 0.3067708333333333 0.5824074074074074
0 0.22552083333333334 0.7129629629629629 0.2265625 0.7287037037037037 0.2328125 0.7342592592592593 0.24791666666666667 0.7388888888888889 0.29583333333333334 0.7444444444444445 0.3098958333333333 0.7435185185185185 0.3145833333333333 0.7361111111111112 0.3140625 0.7314814814814815 0.309375 0.7268518518518519 0.2635416666666667 0.7185185185185186 0.25 0.7046296296296296 0.2359375 0.7018518518518518 0.228125 0.7055555555555556
0 0.31979166666666664 0.6805555555555556 0.3203125 0.6962962962962963 0.32760416666666664 0.7157407407407408 0.3411458333333333 0.7305555555555555 0.3734375 0.7824074074074074 0.3953125 0.8018518518518518 0.4036458333333333 0.8157407407407408 0.4083333333333333 0.8166666666666667 0.4119791666666667 0.812037037037037 0.4125 0.8018518518518518 0.4078125 0.7935185185185185 0.40208333333333335 0.787962962962963 0.384375 0.7574074074074074 0.3671875 0.7388888888888889 0.35833333333333334 0.7212962962962963 0.35104166666666664 0.6944444444444444 0.3458333333333333 0.6851851851851852 0.3307291666666667 0.6685185185185185 0.325 0.6703703703703704
0 0.31354166666666666 0.8388888888888889 0.3109375 0.8444444444444444 0.31354166666666666 0.8648148148148148 0.321875 0.8666666666666667 0.340625 0.8611111111111112 0.34010416666666665 0.8555555555555555 0.3489583333333333 0.8490740740740741 0.39947916666666666 0.8398148148148148 0.4041666666666667 0.837037037037037 0.40520833333333334 0.825925925925926 0.38177083333333334 0.8212962962962963 0.32864583333333336 0.825
0 0.5869791666666667 0.5833333333333334 0.5869791666666667 0.5898148148148148 0.590625 0.5953703703703703 0.6380208333333334 0.625 0.6442708333333333 0.6259259259259259 0.6614583333333334 0.6398148148148148 0.6770833333333334 0.6407407407407407 0.6838541666666667 0.6351851851851852 0.6864583333333333 0.6287037037037037 0.6854166666666667 0.6166666666666667 0.6734375 0.6037037037037037 0.6416666666666667 0.6 0.6130208333333333 0.5842592592592593 0.5953125 0.5796296296296296
0 0.5057291666666667 0.6027777777777777 0.5057291666666667 0.6111111111111112 0.509375 0.6148148148148148 0.5630208333333333 0.6481481481481481 0.578125 0.6620370370370371 0.5932291666666667 0.6638888888888889 0.6 0.6546296296296297 0.5994791666666667 0.6416666666666667 0.5880208333333333 0.6296296296296297 0.5567708333333333 0.6203703703703703 0.5364583333333334 0.6064814814814815 0.5114583333333333 0.600925925925926
0 0.5364583333333334 0.6898148148148148 0.5364583333333334 0.6981481481481482 0.5427083333333333 0.700925925925926 0.6005208333333333 0.6944444444444444 0.6208333333333333 0.6953703703703704 0.6390625 0.6824074074074075 0.64375 0.674074074074074 0.64375 0.6685185185185185 0.6427083333333333 0.6620370370370371 0.6401041666666667 0.6620370370370371 0.6385416666666667 0.6564814814814814 0.6244791666666667 0.6537037037037037 0.6203125 0.6611111111111111 0.6015625 0.6703703703703704 0.5697916666666667 0.674074074074074
0 0.4869791666666667 0.6768518518518518 0.4859375 0.6842592592592592 0.4973958333333333 0.7055555555555556 0.5223958333333333 0.7398148148148148 0.5375 0.7675925925925926 0.5520833333333334 0.7805555555555556 0.55625 0.7805555555555556 0.5619791666666667 0.7722222222222223 0.5609375 0.7546296296296297 0.553125 0.7435185185185185 0.525 0.7148148148148148 0.5177083333333333 0.700925925925926 0.5098958333333333 0.6925925925925925 0.49114583333333334 0.6768518518518518
0 0.44427083333333334 0.8546296296296296 0.44375 0.8611111111111112 0.446875 0.8657407407407407 0.46822916666666664 0.8703703703703703 0.5354166666666667 0.8666666666666667 0.5494791666666666 0.8611111111111112 0.5567708333333333 0.8481481481481481 0.5598958333333334 0.8305555555555556 0.5583333333333333 0.825925925925926 0.5526041666666667 0.8222222222222222 0.5286458333333334 0.8203703703703704 0.4869791666666667 0.8398148148148148 0.4666666666666667 0.8444444444444444 0.45989583333333334 0.85 0.4479166666666667 0.85
0 0.5473958333333333 0.7907407407407407 0.5473958333333333 0.7953703703703704 0.5567708333333333 0.8027777777777778 0.5677083333333334 0.7953703703703704 0.5734375 0.7981481481481482 0.5822916666666667 0.7935185185185185 0.6416666666666667 0.7898148148148149 0.6546875 0.7824074074074074 0.6609375 0.774074074074074 0.6630208333333333 0.7648148148148148 0.6625 0.7537037037037037 0.6567708333333333 0.7435185185185185 0.6296875 0.7444444444444445 0.6072916666666667 0.7601851851851852 0.5796875 0.7657407407407407 0.553125 0.7768518518518519 0.5505208333333333 0.787962962962963
0 0.5588541666666667 0.8222222222222222 0.5609375 0.8361111111111111 0.5671875 0.8453703703703703 0.5875 0.8601851851851852 0.6182291666666667 0.862037037037037 0.6328125 0.8490740740740741 0.6375 0.8379629629629629 0.634375 0.8175925925925925 0.6302083333333334 0.8212962962962963 0.6098958333333333 0.8222222222222222 0.6052083333333333 0.8333333333333334 0.596875 0.837037037037037 0.5875 0.8361111111111111 0.5604166666666667 0.8203703703703704
