0 0.403125 0.06574074074074074 0.4041666666666667 0.08148148148148149 0.409375 0.09537037037037037 0.415625 0.10462962962962963 0.42864583333333334 0.1111111111111111 0.4348958333333333 0.11944444444444445 0.4635416666666667 0.1787037037037037 0.4666666666666667 0.18981481481481483 0.4703125 0.19537037037037036 0.4744791666666667 0.1935185185185185 0.4744791666666667 0.1787037037037037 0.4625 0.13796296296296295 0.44583333333333336 0.10555555555555556 0.434375 0.08981481481481482 0.4296875 0.07592592592592592 0.4119791666666667 0.05277777777777778 0.4083333333333333 0.053703703703703705
0 0.5494791666666666 0.24722222222222223 0.5484375 0.2916666666666667 0.5526041666666667 0.3138888888888889 0.5640625 0.3333333333333333 0.5791666666666667 0.3398148148148148 0.584375 0.3388888888888889 0.5838541666666667 0.3333333333333333 0.5723958333333333 0.32685185185185184 0.5651041666666666 0.31666666666666665 0.5604166666666667 0.30277777777777776 0.5588541666666667 0.28703703703703703 0.5588541666666667 0.2675925925925926 0.5645833333333333 0.23981481481481481 0.5739583333333333 0.2175925925925926 0.5854166666666667 0.20277777777777778 0.5927083333333333 0.17777777777777778 0.5942708333333333 0.16574074074074074 0.596875 0.16111111111111112 0.5942708333333333 0.15462962962962962 0.5854166666666667 0.14444444444444443 0.5838541666666667 0.1388888888888889 0.5604166666666667 0.1787037037037037 0.559375 0.19814814814814816
0 0.7005208333333334 0.19537037037037036 0.6932291666666667 0.2222222222222222 0.6963541666666667 0.23333333333333334 0.7026041666666667 0.23981481481481481 0.7098958333333333 0.23148148148148148 0.7161458333333334 0.21666666666666667 0.7223958333333333 0.18796296296296297 0.74375 0.14444444444444443 0.7505208333333333 0.1 0.7479166666666667 0.09351851851851851 0.7442708333333333 0.09907407407407408 0.7380208333333333 0.13796296296296295
0 0.6385416666666667 0.4444444444444444 0.6411458333333333 0.4666666666666667 0.6354166666666666 0.525 0.6354166666666666 0.5648148148148148 0.6380208333333334 0.5703703703703704 0.6411458333333333 0.5703703703703704 0.6432291666666666 0.5657407407407408 0.6505208333333333 0.4842592592592593 0.6588541666666666 0.4462962962962963 0.6567708333333333 0.4148148148148148 0.6505208333333333 0.4101851851851852 0.6447916666666667 0.4111111111111111
0 0.42239583333333336 0.5120370370370371 0.42239583333333336 0.5212962962962963 0.4244791666666667 0.525 0.43854166666666666 0.5388888888888889 0.453125 0.5472222222222223 0.46875 0.5675925925925925 0.48541666666666666 0.612037037037037 0.48802083333333335 0.6305555555555555 0.4984375 0.6472222222222223 0.509375 0.6592592592592592 0.5151041666666667 0.6583333333333333 0.5197916666666667 0.65 0.5213541666666667 0.6425925925925926 0.5197916666666667 0.6305555555555555 0.509375 0.5953703703703703 0.5015625 0.5935185185185186 0.4744791666666667 0.5444444444444444 0.45 0.5175925925925926 0.4401041666666667 0.5166666666666667 0.42864583333333334 0.5055555555555555
0 0.24375 0.6546296296296297 0.23333333333333334 0.6601851851851852 0.2203125 0.6574074074074074 0.22447916666666667 0.6712962962962963 0.22291666666666668 0.6888888888888889 0.22447916666666667 0.7203703703703703 0.22760416666666666 0.725 0.23072916666666668 0.7425925925925926 0.23333333333333334 0.7851851851851852 0.2328125 0.8092592592592592 0.234375 0.8166666666666667 0.23177083333333334 0.85 0.23541666666666666 0.8564814814814815 0.24010416666666667 0.8555555555555555 0.24270833333333333 0.8490740740740741 0.24375 0.8287037037037037 0.2484375 0.799074074074074
0 0.6734375 0.8861111111111111 0.671875 0.8935185185185185 0.675 0.8981481481481481 0.7088541666666667 0.8907407407407407 0.7239583333333334 0.8787037037037037 0.7348958333333333 0.8740740740740741 0.7494791666666667 0.8731481481481481 0.7588541666666667 0.8675925925925926 0.7640625 0.8583333333333333 0.7640625 0.8481481481481481 0.7625 0.8435185185185186 0.7572916666666667 0.8407407407407408 0.7484375 0.8379629629629629 0.7401041666666667 0.8398148148148148 0.7255208333333333 0.8518518518518519 0.7046875 0.8611111111111112 0.6885416666666667 0.8731481481481481 0.6833333333333333 0.8805555555555555
0 0.5713541666666667 0.7398148148148148 0.5713541666666667 0.8 0.5671875 0.825925925925926 0.5651041666666666 0.8666666666666667 0.5734375 0.8722222222222222 0.5833333333333334 0.8601851851851852 0.5864583333333333 0.8342592592592593 0.584375 0.8074074074074075 0.584375 0.7287037037037037 0.5828125 0.6962962962962963 0.5802083333333333 0.6898148148148148 0.5765625 0.6907407407407408 0.5744791666666667 0.6962962962962963 0.5739583333333333 0.7203703703703703
0 0.5177083333333333 0.7694444444444445 0.5171875 0.8018518518518518 0.525 0.8453703703703703 0.525 0.8796296296296297 0.5286458333333334 0.8888888888888888 0.5421875 0.9055555555555556 0.54375 0.9120370370370371 0.5578125 0.9120370370370371 0.5635416666666667 0.9 0.5625 0.8805555555555555 0.5546875 0.8611111111111112 0.5369791666666667 0.8305555555555556 0.53125 0.8148148148148148 0.5260416666666666 0.7888888888888889 0.5270833333333333 0.7583333333333333 0.5333333333333333 0.7351851851851852 0.5369791666666667 0.7305555555555555 0.540625 0.7185185185185186 0.5411458333333333 0.7064814814814815 0.5364583333333334 0.7111111111111111 0.5317708333333333 0.7268518518518519 0.5244791666666667 0.737037037037037 0.5208333333333334 0.7481481481481481
0 0.31653333333333333 0.49939259259259267 0.30784531249999997 0.508825925925926 0.31299322916666666 0.5378092592592593 0.32200208333333336 0.5568768518518519 0.3280078125 0.5690805555555555 0.3357296875 0.6011148148148148 0.3370166666666667 0.6300981481481481 0.33830364583333333 0.595012962962963 0.33101041666666664 0.5606907407407408 0.33186875 0.5317074074074074 0.3301526041666667 0.5164527777777778 0.3228598958333333 0.506537037037037
0 0.3357296875 0.5011981481481481 0.3434510416666667 0.5256055555555555 0.3447380208333334 0.5561138888888888 0.34817031249999997 0.5812842592592593 0.35160208333333337 0.5988259259259259 0.3546052083333333 0.6209453703703703 0.35675 0.6377250000000001 0.3623265625 0.6667083333333333 0.36318489583333335 0.6865388888888889 0.3485989583333333 0.6766231481481482 0.33615833333333334 0.6567925925925926 0.3370166666666667 0.6323861111111111 0.34130625 0.6102666666666666 0.3374453125 0.5797583333333334 0.33058177083333334 0.5591648148148148 0.33101041666666664 0.5317074074074074 0.33058177083333334 0.5095879629629629
0 0.43349583333333336 0.5405675925925926 0.4202401041666667 0.5538259259259258 0.40908645833333335 0.5683175925925926 0.394071875 0.5904361111111112 0.37905729166666663 0.599588888888889 0.36961927083333335 0.6049277777777777 0.3576078125 0.6247583333333334 0.3580369791666667 0.6445898148148148 0.37176458333333334 0.6445898148148148 0.3829182291666667 0.6239962962962964 0.39235572916666667 0.6110296296296297 0.40393854166666665 0.59425 0.41294739583333334 0.5759444444444445 0.42324270833333333 0.5606907407407408 0.43268072916666667 0.5469611111111111
0 0.4033864583333333 0.5968398148148149 0.4150921875 0.5713685185185184 0.43139374999999996 0.5622157407407408 0.43739947916666666 0.5629787037037037 0.44040208333333336 0.5797583333333334 0.4348255208333333 0.595775 0.42152708333333333 0.6034027777777777 0.41380520833333334 0.6056907407407407 0.4073703125 0.6110296296296297 0.398790625 0.6224703703703705 0.39450052083333337 0.6339111111111111 0.3829182291666667 0.6461148148148148 0.37176458333333334 0.6499287037037037 0.36103958333333336 0.6537416666666667 0.3580369791666667 0.6514537037037037 0.3674744791666667 0.63925 0.37819895833333333 0.6331490740740742 0.3850630208333333 0.6232333333333333 0.39149791666666667 0.6102666666666666 0.4005067708333333 0.6018768518518519
0 0.4114932291666667 0.6990916666666667 0.39836145833333336 0.7087814814814816 0.39321354166666667 0.7118324074074074 0.3859208333333333 0.7377648148148148 0.3884947916666667 0.7453916666666667 0.3966458333333333 0.7476796296296296 0.4026515625 0.7438666666666667 0.41423437500000004 0.7217472222222222 0.4172369791666667 0.7072555555555555 0.42238489583333333 0.687425 0.4279614583333334 0.6660694444444445 0.433109375 0.6470009259259258 0.4395442708333333 0.6248824074074074 0.4416890625 0.6081027777777778 0.4348255208333333 0.6050518518518518 0.4309645833333333 0.6172555555555556 0.43053541666666667 0.6264074074074074 0.42839062499999997 0.6477638888888889 0.4253880208333333 0.6691203703703703 0.41809479166666663 0.6866629629629629 0.41080208333333335 0.6996287037037038
0 0.41265104166666666 0.7299731481481482 0.41766614583333334 0.7492055555555556 0.42066875 0.7575953703703704 0.426675 0.7575953703703704 0.43053541666666667 0.7492055555555556 0.43053541666666667 0.729375 0.43053541666666667 0.7087814814814816 0.4318223958333334 0.687425 0.4343963541666667 0.6729333333333334 0.43654166666666666 0.6592046296296297 0.4361125 0.6355601851851852 0.42967760416666667 0.6599675925925926 0.4219557291666666 0.6859000000000001 0.418953125 0.7057305555555555 0.4155208333333333 0.7186962962962963
0 0.454340625 0.7251694444444444 0.4597067708333333 0.7417018518518519 0.4622807291666666 0.7584814814814814 0.4639963541666667 0.7729731481481482 0.4674286458333333 0.7950916666666666 0.47043124999999997 0.8141601851851852 0.473434375 0.8324648148148148 0.47472135416666666 0.8515333333333333 0.47557916666666666 0.8698379629629629 0.4824432291666667 0.8782287037037037 0.4880197916666667 0.8789907407407407 0.4948838541666667 0.8713638888888888 0.49188072916666664 0.8439055555555556 0.48501718749999995 0.824837962962963 0.48029791666666666 0.8126342592592593 0.4772953125 0.7950916666666666 0.473434375 0.779837962962963 0.4695734375 0.7592444444444445 0.4648546875 0.7439898148148149 0.4601359375 0.7294981481481481 0.4592776041666667 0.7172944444444445
0 0.44276041666666666 0.8981046296296296 0.45370104166666664 0.8927203703703704 0.4614229166666667 0.8843296296296297 0.4691442708333333 0.8782287037037037 0.4768661458333333 0.8744148148148149 0.48544583333333335 0.8797537037037038 0.4931677083333333 0.8698379629629629 0.5038921875 0.8614481481481482 0.5159041666666666 0.8606861111111112 0.523196875 0.8606861111111112 0.527915625 0.8637370370370371 0.5274864583333333 0.8828046296296296 0.5261994791666667 0.8919574074074074 0.5159041666666666 0.8965333333333333 0.503034375 0.8972962962962964 0.49702864583333334 0.8904314814814815 0.487590625 0.8911944444444444 0.4768661458333333 0.8942453703703703 0.4652833333333334 0.8957703703703704 0.4575619791666667 0.9026351851851852 0.448553125 0.9033981481481481
0 0.5630927083333332 0.8599231481481482 0.5682406249999999 0.8721268518518519 0.5781072916666666 0.8644990740740741 0.5884026041666667 0.8622111111111112 0.5961244791666667 0.8599231481481482 0.6017015625000001 0.8545842592592593 0.6107098958333333 0.8561092592592592 0.618003125 0.8644990740740741 0.6252958333333333 0.8782287037037037 0.6270114583333334 0.8972962962962964 0.6210057291666666 0.9018722222222223 0.6128552083333333 0.9003472222222222 0.6021302083333333 0.8927203703703704 0.5939796875 0.8843296296296297 0.5849708333333333 0.8805166666666666 0.5772489583333333 0.8812796296296297 0.5660953125 0.8828046296296296 0.5648083333333334 0.8828046296296296
0 0.7948338541666666 0.5022175925925926 0.8020411458333334 0.5016851851851852 0.8052010416666667 0.4967685185185185 0.8111270833333334 0.5073037037037037 0.8150770833333334 0.5255648148148149 0.8154723958333334 0.5452314814814815 0.8127072916666667 0.5733259259259259 0.8091515625 0.5922898148148148 0.8040161458333334 0.6168731481481481 0.8008557291666667 0.6491814814814815 0.795325 0.6625268518518519 0.7917697916666667 0.6323249999999999 0.7969052083333333 0.5958018518518519 0.7996708333333333 0.5740287037037037 0.7976953125 0.5529574074074074 0.7941401041666667 0.5382074074074075 0.7917697916666667 0.5241601851851851
0 0.7934119791666667 0.7044407407407408 0.7905848958333334 0.7187157407407407 0.7937447916666667 0.7390842592592592 0.7996708333333333 0.7447037037037036 0.8048062500000001 0.7489175925925926 0.8107317708333334 0.7425962962962963 0.8123119791666666 0.721525 0.8071765625 0.7032638888888889 0.8040161458333334 0.6821925925925926 0.8055963541666666 0.658312037037037 0.8055963541666666 0.6407537037037037 0.80678125 0.6077416666666666 0.8016458333333334 0.6386462962962963 0.7957203125 0.6597166666666667 0.7937447916666667 0.680787962962963 0.795325 0.695537962962963
