0 0.3723958333333333 0.2675925925925926 0.4088541666666667 0.30462962962962964 0.44479166666666664 0.3731481481481482 0.4625 0.38333333333333336 0.4744791666666667 0.38055555555555554 0.4765625 0.3731481481481482 0.4765625 0.3611111111111111 0.46770833333333334 0.3416666666666667 0.4546875 0.3277777777777778 0.4510416666666667 0.325 0.44635416666666666 0.32685185185185184 0.4359375 0.31666666666666665 0.4088541666666667 0.275 0.3953125 0.26296296296296295 0.3875 0.26481481481481484 0.3796875 0.2518518518518518 0.3734375 0.24722222222222223 0.3723958333333333 0.24722222222222223 0.36770833333333336 0.2518518518518518 0.36875 0.26296296296296295 0.3729166666666667 0.25833333333333336 0.3776041666666667 0.25833333333333336 0.3723958333333333 0.26481481481481484 0.3723958333333333 0.2675925925925926
0 0.215625 0.4064814814814815 0.21979166666666666 0.41574074074074074 0.225 0.4166666666666667 0.22864583333333333 0.41388888888888886 0.23697916666666666 0.3962962962962963 0.23697916666666666 0.36666666666666664 0.23958333333333334 0.3472222222222222 0.24166666666666667 0.30092592592592593 0.24166666666666667 0.2638888888888889 0.24010416666666667 0.2601851851851852 0.23958333333333334 0.2601851851851852 0.2359375 0.26481481481481484 0.2265625 0.3527777777777778 0.22395833333333334 0.36574074074074076 0.21770833333333334 0.37962962962962965 0.21510416666666668 0.39166666666666666 0.215625 0.4064814814814815
0 0.6223958333333334 0.39166666666666666 0.6291666666666667 0.38796296296296295 0.6692708333333334 0.33055555555555555 0.6901041666666666 0.3148148148148148 0.6973958333333333 0.3 0.7005208333333334 0.2833333333333333 0.6932291666666667 0.2675925925925926 0.6921875 0.2675925925925926 0.6786458333333333 0.2814814814814815 0.6598958333333333 0.31851851851851853 0.64375 0.33611111111111114 0.6229166666666667 0.37592592592592594 0.6208333333333333 0.38333333333333336 0.6223958333333334 0.39166666666666666
0 0.6125 0.5712962962962963 0.6135416666666667 0.5796296296296296 0.6161458333333333 0.5833333333333334 0.6229166666666667 0.5861111111111111 0.6255208333333333 0.5842592592592593 0.63125 0.5685185185185185 0.6359375 0.524074074074074 0.646875 0.4935185185185185 0.6515625 0.4703703703703704 0.6505208333333333 0.46574074074074073 0.6541666666666667 0.4361111111111111 0.653125 0.4287037037037037 0.6505208333333333 0.425 0.6489583333333333 0.425 0.6453125 0.42962962962962964 0.64375 0.44722222222222224 0.6333333333333333 0.49722222222222223 0.6203125 0.5324074074074074 0.6140625 0.5425925925925926 0.6125 0.5712962962962963
0 0.6302083333333334 0.725925925925926 0.6354166666666666 0.725925925925926 0.646875 0.7175925925925926 0.6958333333333333 0.6324074074074074 0.7052083333333333 0.6212962962962963 0.70625 0.6148148148148148 0.7036458333333333 0.6101851851851852 0.7005208333333334 0.6101851851851852 0.6697916666666667 0.6425925925925926 0.6510416666666666 0.674074074074074 0.6307291666666667 0.6944444444444444 0.6244791666666667 0.7092592592592593 0.6255208333333333 0.7203703703703703 0.6302083333333334 0.725925925925926
0 0.5171875 0.06481481481481481 0.4979166666666667 0.053703703703703705 0.49166666666666664 0.06574074074074074 0.490625 0.0787037037037037 0.4979166666666667 0.08981481481481482 0.5109375 0.10092592592592593 0.5135416666666667 0.10185185185185185 0.5182291666666666 0.09814814814814815 0.5359375 0.09907407407407408 0.5489583333333333 0.09259259259259259 0.5635416666666667 0.0787037037037037 0.5770833333333333 0.05092592592592592 0.5791666666666667 0.044444444444444446 0.5776041666666667 0.041666666666666664 0.5755208333333334 0.041666666666666664 0.5630208333333333 0.05555555555555555 0.5505208333333333 0.06296296296296296 0.540625 0.07407407407407407 0.534375 0.07592592592592592 0.5260416666666666 0.075 0.5171875 0.06481481481481481
0 0.29739583333333336 0.10648148148148148 0.30572916666666666 0.11018518518518519 0.3151041666666667 0.10740740740740741 0.3807291666666667 0.10925925925925926 0.3828125 0.10648148148148148 0.3807291666666667 0.09722222222222222 0.36354166666666665 0.09074074074074075 0.31875 0.08333333333333333 0.3078125 0.0712962962962963 0.29322916666666665 0.06481481481481481 0.2947916666666667 0.06018518518518518 0.2942708333333333 0.05925925925925926 0.290625 0.06018518518518518 0.284375 0.07222222222222222 0.28229166666666666 0.07962962962962963 0.28229166666666666 0.08796296296296297 0.29010416666666666 0.1 0.29739583333333336 0.10648148148148148
0 0.26510416666666664 0.2324074074074074 0.27291666666666664 0.25092592592592594 0.2796875 0.2638888888888889 0.2869791666666667 0.2712962962962963 0.29270833333333335 0.2833333333333333 0.2994791666666667 0.2851851851851852 0.3 0.2759259259259259 0.2984375 0.26944444444444443 0.2916666666666667 0.25555555555555554 0.2890625 0.24537037037037038 0.26875 0.20277777777777778 0.26458333333333334 0.18055555555555555 0.2640625 0.15555555555555556 0.259375 0.13796296296296295 0.2484375 0.11574074074074074 0.24791666666666667 0.11481481481481481 0.24010416666666667 0.12129629629629629 0.23645833333333333 0.1287037037037037 0.240625 0.16111111111111112 0.2453125 0.175 0.25104166666666666 0.18518518518518517 0.26510416666666664 0.2324074074074074
0 0.5604166666666667 0.12314814814814815 0.5645833333333333 0.12685185185185185 0.6015625 0.10092592592592593 0.6265625 0.09351851851851851 0.640625 0.0824074074074074 0.6442708333333333 0.07407407407407407 0.6453125 0.062037037037037036 0.6421875 0.05092592592592592 0.6359375 0.04722222222222222 0.6333333333333333 0.04722222222222222 0.6223958333333334 0.05555555555555555 0.609375 0.07592592592592592 0.6036458333333333 0.08148148148148149 0.5833333333333334 0.09537037037037037 0.5630208333333333 0.11481481481481481 0.5604166666666667 0.12314814814814815
0 0.4453125 0.775 0.446875 0.7777777777777778 0.44947916666666665 0.7768518518518519 0.4510416666666667 0.7722222222222223 0.45260416666666664 0.7222222222222222 0.4557291666666667 0.7064814814814815 0.4661458333333333 0.6962962962962963 0.47239583333333335 0.6842592592592592 0.4901041666666667 0.6722222222222223 0.5005208333333333 0.6537037037037037 0.5036458333333333 0.6370370370370371 0.5026041666666666 0.6305555555555555 0.49635416666666665 0.6212962962962963 0.49375 0.6212962962962963 0.4765625 0.6398148148148148 0.46822916666666664 0.6620370370370371 0.44947916666666665 0.6962962962962963 0.4453125 0.712037037037037 0.44427083333333334 0.725925925925926 0.4453125 0.775
0 0.4828125 0.8138888888888889 0.48802083333333335 0.8296296296296296 0.4942708333333333 0.8407407407407408 0.5015625 0.8444444444444444 0.5072916666666667 0.8379629629629629 0.5067708333333333 0.8212962962962963 0.49947916666666664 0.7944444444444444 0.4921875 0.7833333333333333 0.48854166666666665 0.7722222222222223 0.4822916666666667 0.7361111111111112 0.478125 0.7212962962962963 0.47239583333333335 0.7092592592592593 0.4703125 0.6990740740740741 0.4703125 0.6981481481481482 0.46458333333333335 0.7018518518518518 0.4635416666666667 0.7074074074074074 0.4666666666666667 0.7296296296296296 0.4708333333333333 0.7435185185185185 0.4817708333333333 0.8 0.4828125 0.8138888888888889
0 0.6122942708333333 0.8861009259259259 0.6191109375 0.8994018518518518 0.6279067708333332 0.9037046296296296 0.6415401041666667 0.9029222222222222 0.6459380208333333 0.8935333333333333 0.6426395833333333 0.8759305555555555 0.63384375 0.8657592592592592 0.6219692708333333 0.8614564814814816 0.6114145833333333 0.8598916666666666 0.5999802083333333 0.8559796296296296 0.5916239583333333 0.8516768518518519 0.580409375 0.8477648148148148 0.568975 0.8465907407407407 0.5606192708333333 0.83955 0.5546817708333334 0.8379851851851852 0.5529229166666667 0.8438527777777778 0.5562213541666666 0.856762037037037 0.5680953125 0.8598916666666666 0.5819489583333334 0.8638037037037037 0.5903046875 0.8681064814814814 0.6002 0.8731916666666667 0.6122942708333333 0.8861009259259259
0 0.5043265625 0.8688888888888888 0.5093838541666666 0.872800925925926 0.5245567708333333 0.8751481481481481 0.5293942708333333 0.876712962962963 0.5516036458333333 0.883362962962963 0.5643572916666667 0.8864925925925926 0.5782104166666666 0.9029222222222222 0.5922838541666666 0.9150490740740741 0.6034984375000001 0.9068342592592592 0.6072364583333333 0.8982277777777777 0.6063572916666666 0.883362962962963 0.593603125 0.8704537037037038 0.5801895833333333 0.8653685185185185 0.56171875 0.8621787037037038 0.5522630208333333 0.8614564814814816 0.5397291666666667 0.8559796296296296 0.5225776041666667 0.8583268518518519 0.5071848958333333 0.8606740740740741 0.5043265625 0.8688888888888888
0 0.7546833333333333 0.806701851851852 0.7555953125 0.8245481481481481 0.7631953125000001 0.8440175925925926 0.7747473958333334 0.8467222222222223 0.7780911458333333 0.8348240740740741 0.7744432291666666 0.8164361111111111 0.7686671875 0.7975083333333333 0.7631953125000001 0.7726305555555556 0.7586354166666667 0.7488351851851851 0.7531630208333334 0.7282842592592593 0.7422192708333333 0.6969166666666666 0.7337072916666667 0.6893453703703705 0.73553125 0.7012435185185185 0.7385713541666666 0.7163861111111112 0.7449552083333334 0.7418046296296297 0.7519473958333334 0.7720898148148148 0.7546833333333333 0.806701851851852
0 0.7078671875 0.8715990740740741 0.6969229166666667 0.8721398148148147 0.6859786458333333 0.8640277777777777 0.6811151041666667 0.8586194444444444 0.6805067708333333 0.8640277777777777 0.6881067708333333 0.873762037037037 0.6963151041666666 0.8834972222222223 0.7197229166666667 0.8764666666666666 0.733403125 0.8613240740740741 0.7446510416666666 0.8396916666666666 0.7543791666666666 0.8240074074074074 0.7549869791666667 0.7975083333333333 0.7531630208333334 0.7850694444444445 0.7476911458333333 0.7764166666666666 0.746475 0.7807425925925926 0.7337072916666667 0.8023750000000001 0.731275 0.822925925925926 0.7285390625 0.836987037037037 0.7230671875 0.8510481481481481 0.7166828125 0.8640277777777777 0.7078671875 0.8715990740740741
0 0.253875 0.5756814814814815 0.26273697916666666 0.5688731481481482 0.2701890625 0.565649074074074 0.27925260416666664 0.5552583333333333 0.29395520833333333 0.5523916666666666 0.31590885416666664 0.5437925925925926 0.3209442708333333 0.5412842592592593 0.32900052083333337 0.5380592592592593 0.3312161458333333 0.5276685185185185 0.3247708333333333 0.5265935185185185 0.3165130208333334 0.5273101851851852 0.3040260416666667 0.5287435185185185 0.2854963541666667 0.5355518518518518 0.27401614583333334 0.5434342592592593 0.2659598958333333 0.542000925925926 0.2597161458333333 0.536625925925926 0.25125677083333336 0.5394925925925926 0.2510557291666667 0.5399537037037037 0.24541614583333335 0.5437925925925926 0.23977656249999998 0.5491666666666667 0.2357484375 0.559199074074074 0.23856822916666667 0.5695898148148149 0.2442078125 0.5746064814814815 0.253875 0.5756814814814815
0 0.29314999999999997 0.6051981481481482 0.30442864583333334 0.6292046296296296 0.3215484375 0.6539277777777778 0.3376609375 0.6700509259259259 0.343703125 0.690474074074074 0.35296822916666665 0.7080314814814814 0.36303854166666666 0.7112555555555555 0.37331041666666664 0.7087472222222222 0.37774114583333335 0.6994314814814815 0.3769359375 0.690474074074074 0.37492135416666666 0.67865 0.3692822916666667 0.6664685185185185 0.3588088541666667 0.6564351851851852 0.34914114583333333 0.6481944444444444 0.33605 0.6381620370370371 0.3165130208333334 0.6191722222222222 0.31006822916666665 0.6059148148148148 0.3024145833333333 0.59015 0.29697656250000004 0.5776092592592592 0.29033020833333334 0.5549916666666667 0.2848921875 0.5525277777777778 0.2782458333333333 0.5600527777777777 0.28126666666666666 0.5704435185185185 0.2867046875 0.584775 0.29314999999999997 0.6051981481481482
0 0.6990588541666667 0.09425555555555556 0.7152390625 0.11123055555555555 0.7330786458333333 0.11196851851851852 0.7301744791666667 0.09130277777777777 0.7218770833333333 0.07506574074074074 0.7102604166666667 0.06620925925925926 0.6866130208333333 0.061781481481481486 0.6637947916666668 0.05661481481481481 0.6484447916666666 0.061781481481481486 0.6380729166666667 0.08392314814814815 0.6521786458333333 0.08539907407407407 0.6762411458333334 0.08613703703703704 0.693665625 0.08908888888888888 0.6990588541666667 0.09425555555555556
0 0.46465625 0.10307777777777778 0.47544322916666665 0.1067675925925926 0.48498541666666667 0.10529166666666667 0.49037864583333335 0.11636203703703704 0.4949421875 0.1178388888888889 0.48913385416666666 0.09938703703703704 0.47585781250000003 0.08610277777777778 0.45801875 0.07576944444444444 0.43561562499999995 0.06691296296296297 0.4244140625 0.05731851851851852 0.4086489583333333 0.044771296296296295 0.4020109375 0.05141388888888889 0.39620260416666664 0.05879444444444444 0.40325520833333334 0.07355555555555555 0.41777604166666665 0.09200648148148148 0.4381046875 0.08979259259259259 0.4472317708333333 0.0964351851851852 0.46465625 0.10307777777777778
0 0.4285625 0.1968101851851852 0.4397640625 0.21599907407407407 0.45013593749999997 0.22780833333333333 0.45635885416666666 0.23371203703703702 0.45386979166666663 0.21673703703703703 0.438934375 0.1768824074074074 0.41860572916666666 0.1259574074074074 0.411553125 0.0964351851851852 0.4053296875 0.06691296296296297 0.39039427083333333 0.06174722222222222 0.38583072916666666 0.06469907407407408 0.382096875 0.06765092592592593 0.3866604166666667 0.09348333333333333 0.39993645833333336 0.1178388888888889 0.4119677083333333 0.1429324074074074 0.42109479166666663 0.17835833333333334 0.4285625 0.1968101851851852
0 0.35732760416666665 0.5019351851851852 0.345709375 0.5355740740740741 0.3555052083333334 0.5371944444444444 0.3643901041666667 0.5161203703703704 0.37395833333333334 0.4897768518518518 0.3785145833333334 0.4711342592592592 0.3855765625 0.44438611111111115 0.3958286458333333 0.4318222222222222 0.4065359375 0.42614814814814816 0.41177552083333335 0.4079111111111111 0.41633177083333334 0.38967314814814813 0.409725 0.37386759259259256 0.39810677083333335 0.37792037037037035 0.3916140625 0.3920444444444445 0.3860322916666667 0.4038583333333333 0.38102031249999996 0.4257435185185185 0.37646406250000003 0.4427648148148148 0.36849062499999996 0.46424444444444446 0.35732760416666665 0.5019351851851852
0 0.35072135416666667 0.5401842592592593 0.34457031250000003 0.5450472222222221 0.34206406250000004 0.5612583333333333 0.34434218749999995 0.5770638888888889 0.35436614583333337 0.570174074074074 0.3586947916666666 0.5653111111111111 0.3591505208333333 0.5527472222222222 0.36575677083333336 0.5392212962962963 0.37008541666666667 0.5274685185185186 0.38010937499999997 0.49788240740740736 0.3858046875 0.48937222222222226 0.39901770833333333 0.47680833333333333 0.40926979166666666 0.46221851851851853 0.41177552083333335 0.4451962962962963 0.4049411458333333 0.4350648148148148 0.39400572916666665 0.43578425925925923 0.3837541666666667 0.4542648148148148 0.37714739583333334 0.4769601851851851 0.36871875000000004 0.504925 0.3589223958333333 0.5247833333333333 0.35072135416666667 0.5401842592592593
