0 0.4977260416666667 0.34283148148148146 0.4914015625 0.3717509259259259 0.4927567708333333 0.39665370370370373 0.4895942708333333 0.4215564814814815 0.49998489583333333 0.4054898148148148 0.5081161458333333 0.4111138888888889 0.5117302083333334 0.3990638888888889 0.514440625 0.36371759259259256 0.5230239583333334 0.34363518518518515 0.5157958333333333 0.341225 0.5194098958333334 0.3082888888888889 0.5311552083333333 0.2584842592592593 0.5347692708333334 0.22635185185185186 0.5379317708333333 0.20707222222222224 0.5346755208333334 0.18516944444444444 0.5311552083333333 0.18859537037037036 0.5266380208333333 0.20707222222222224 0.5207651041666667 0.22072777777777777 0.5121817708333334 0.25928703703703704 0.5017916666666667 0.3098962962962963 0.4977260416666667 0.34283148148148146
0 0.469265625 0.0761037037037037 0.4597791666666666 0.08253055555555555 0.4507442708333333 0.09859629629629629 0.43899895833333336 0.11145 0.4453234375 0.11948333333333333 0.438546875 0.14036944444444444 0.4277052083333333 0.1676814814814815 0.4168630208333333 0.20222407407407406 0.40285885416666667 0.23435648148148147 0.4006 0.2536361111111111 0.39246875 0.2785388888888889 0.39563072916666664 0.29139166666666666 0.40195520833333337 0.2905888888888889 0.40963489583333335 0.26407962962962966 0.4177666666666667 0.26006296296296294 0.4277052083333333 0.24078333333333332 0.438546875 0.21186388888888888 0.4444197916666666 0.18776481481481483 0.45435833333333336 0.16045185185185187 0.46836249999999996 0.13635277777777777 0.4801078125 0.1106462962962963 0.4859807291666666 0.10181018518518518 0.49591875 0.10502314814814814 0.4977260416666667 0.0969898148148148 0.4873359375 0.09056388888888889 0.5302520833333333 0.07449722222222221 0.5252828125 0.0680712962962963 0.48326979166666667 0.08494074074074075 0.47649375000000005 0.07449722222222221 0.47242812500000003 0.06084074074074074 0.46745885416666666 0.04557777777777777 0.4588755208333334 0.038348148148148145 0.4462265625 0.042364814814814813 0.4364109375 0.058645370370370375 0.4579723958333333 0.044775 0.4688140625 0.05843148148148148 0.4615859375 0.06164444444444444 0.469265625 0.07048055555555556 0.469265625 0.0761037037037037
0 0.5419973958333333 0.36252685185185185 0.5388348958333334 0.3906425925925926 0.5474182291666666 0.37136296296296295 0.559615625 0.3978731481481481 0.5718125000000001 0.4267916666666667 0.5826546874999999 0.4508916666666667 0.5930447916666667 0.48222037037037035 0.5998208333333334 0.5127462962962963 0.6088557291666666 0.5199759259259259 0.6151802083333333 0.549699074074074 0.6228604166666667 0.5577324074074074 0.6296364583333334 0.537649074074074 0.6246671875 0.5183694444444445 0.621053125 0.5059046296296296 0.6246671875 0.5026907407407407 0.6156322916666667 0.4681490740740741 0.6002729166666666 0.4336064814814815 0.58626875 0.4054898148148148 0.5772338541666666 0.3733574074074074 0.5713609374999999 0.3364055555555555 0.5632296875 0.31551944444444446 0.5591635416666667 0.30105925925925925 0.5519359375 0.29141944444444445 0.559615625 0.25366388888888886 0.5591635416666667 0.24402407407407406 0.5541942708333334 0.2608935185185185 0.5478697916666667 0.29061666666666663 0.5429005208333333 0.29061666666666663 0.5343177083333334 0.2978462962962963 0.5231151041666666 0.29563703703703703 0.5203135416666667 0.30468796296296297 0.5356729166666666 0.31031111111111115 0.5334140625 0.32396759259259256 0.5379317708333333 0.3448537037037037 0.5419973958333333 0.36252685185185185
0 0.6093078125000001 0.36693148148148147 0.6224083333333332 0.35568518518518516 0.6431890625 0.35247129629629625 0.6576447916666667 0.35086481481481485 0.6802322916666667 0.338012037037037 0.6951395833333333 0.3307824074074074 0.6987536458333333 0.3171259259259259 0.7100473958333333 0.30748611111111107 0.7159203125 0.28981296296296294 0.7086921875000001 0.2874027777777778 0.7005609375 0.29302685185185184 0.6915260416666666 0.29864999999999997 0.6879119791666667 0.29382962962962966 0.6811354166666667 0.3002564814814815 0.6635177083333333 0.3106990740740741 0.6418333333333333 0.3187324074074074 0.6233119791666667 0.3227490740740741 0.6052421875 0.3171259259259259 0.6065973958333333 0.30186296296296294 0.5980140625 0.31391296296296295 0.5907859375 0.3147157407407407 0.5817510416666667 0.3195361111111111 0.5718859374999999 0.3341722222222222 0.5713609374999999 0.3444388888888889 0.5713609374999999 0.35568518518518516 0.5767817708333334 0.365325 0.5948515625 0.3677342592592593 0.6093078125000001 0.36693148148148147
0 0.7516744791666666 0.17722037037037036 0.7479750000000001 0.21084351851851854 0.7471526041666666 0.24446574074074076 0.7524963541666666 0.2495824074074074 0.7504411458333333 0.27077870370370366 0.7520854166666666 0.27954999999999997 0.7557848958333333 0.2853972222222222 0.7627723958333333 0.2758953703703704 0.7607171875 0.25104444444444446 0.76729375 0.24154166666666668 0.7668828125 0.22253796296296297 0.7722260416666666 0.19037685185185185 0.7775697916666666 0.15236944444444445 0.7853796875000001 0.12313240740740741 0.7849687500000001 0.10193518518518518 0.7866125 0.09024074074074073 0.7837354166666667 0.08293148148148148 0.7923671875 0.0931638888888889 0.7911343750000001 0.0822 0.8009989583333332 0.08585462962962963 0.7952442708333333 0.07854537037037036 0.7771588541666666 0.07416018518518519 0.7726375 0.07269814814814815 0.7598953125 0.055155555555555555 0.741809375 0.05807962962962963 0.7594838541666667 0.061003703703703706 0.7689380208333334 0.07635277777777778 0.7688598958333334 0.07673611111111112 0.7660604166666667 0.0931638888888889 0.7627723958333333 0.10705185185185186 0.7520854166666666 0.12020833333333332 0.7631833333333333 0.12459351851851852 0.7582510416666667 0.15236944444444445 0.7516744791666666 0.17722037037037036
0 0.7910609375 0.12142777777777777 0.7938130208333334 0.13147037037037038 0.7965656249999999 0.14958055555555555 0.8012447916666667 0.16034907407407406 0.79986875 0.19216388888888888 0.8097776041666667 0.17013796296296296 0.8144572916666667 0.19412129629629632 0.8212869791666667 0.21134537037037035 0.8236760416666667 0.23790000000000003 0.8299479166666667 0.2692351851851852 0.8338307291666667 0.2995083333333333 0.8412973958333333 0.32075185185185184 0.8439854166666667 0.31703425925925927 0.8460760416666666 0.3361537037037037 0.8502572916666666 0.3526185185185185 0.8583213541666667 0.35633611111111113 0.8628015625 0.3451824074074074 0.8604119791666667 0.326062962962963 0.8562307291666666 0.3058814814814815 0.8589187500000001 0.3080055555555556 0.8574255208333333 0.2761398148148148 0.8502572916666666 0.23524444444444445 0.8418947916666667 0.2001925925925926 0.8338307291666667 0.17363703703703703 0.8296494791666666 0.15664166666666668 0.8380119791666666 0.15583611111111112 0.8290520833333334 0.13990277777777776 0.8185989583333334 0.11653425925925925 0.8123265624999999 0.10485 0.8084442708333334 0.10538148148148148 0.80575625 0.09741481481481482 0.8081453125 0.08838611111111111 0.8144171875 0.08360648148148149 0.8212869791666667 0.08413703703703704 0.8194947916666667 0.08095092592592593 0.8126255208333333 0.08041944444444445 0.8200921875 0.07192222222222222 0.8177026041666667 0.06926666666666667 0.8104890625 0.07564814814814814 0.8056489583333334 0.08422870370370371 0.8017953124999999 0.0954861111111111 0.7960151041666667 0.10136018518518518 0.7913359375 0.1106601851851852 0.7869317708333334 0.12289629629629631 0.7910609375 0.12142777777777777
0 0.8055708333333332 0.5220907407407407 0.8137729166666666 0.5201018518518519 0.816009375 0.5429842592592593 0.8186192708333333 0.5767944444444444 0.8216015624999999 0.5980083333333334 0.8167552083333334 0.6351324074074074 0.8048255208333334 0.6749083333333333 0.7876765625 0.6888305555555556 0.780965625 0.6901555555555556 0.7902859375 0.7007629629629629 0.8025885416666667 0.6967851851851852 0.8074348958333334 0.7001 0.8227197916666668 0.6735824074074075 0.829803125 0.6464018518518518 0.8376322916666666 0.6132555555555556 0.8402416666666667 0.5781203703703703 0.8435968749999999 0.5482879629629629 0.8484437499999999 0.5416583333333334 0.8495619791666668 0.5118268518518518 0.851053125 0.4806685185185185 0.8458338541666667 0.45513425925925927 0.8517989583333333 0.44253796296296294 0.8577635416666667 0.441212962962963 0.8603734375 0.4630898148148148 0.864846875 0.44585277777777776 0.8622375000000001 0.4279537037037037 0.8562723958333333 0.42264999999999997 0.8480708333333333 0.4352462962962963 0.8421057291666667 0.44253796296296294 0.8331583333333333 0.44055 0.8253296875 0.4385611111111111 0.8145182291666667 0.4186731481481481 0.8013895833333333 0.4072203703703704 0.8100447916666667 0.421987037037037 0.8182463541666666 0.43723518518518517 0.8204833333333333 0.44784166666666664 0.8178734375 0.47435925925925926 0.8137729166666666 0.5041916666666667 0.8055708333333332 0.5220907407407407
0 0.7004265625 0.6594925925925925 0.7004265625 0.6806111111111111 0.698446875 0.68765 0.7031973958333333 0.6989138888888888 0.7047807291666667 0.716512037037037 0.70953125 0.7327037037037037 0.6964677083333334 0.7566379629629629 0.7016140624999999 0.7545259259259259 0.7079479166666667 0.743262962962963 0.7146776041666667 0.7355194444444444 0.7206161458333333 0.7355194444444444 0.7336796875 0.7404472222222223 0.7415973958333333 0.7362231481481482 0.72695 0.729887962962963 0.7241786458333334 0.7256638888888889 0.7249703125 0.7052490740740741 0.7233869791666667 0.6813148148148148 0.7174489583333333 0.6616037037037037 0.7123026041666667 0.6249981481481482 0.7083437499999999 0.6003601851851852 0.7047807291666667 0.5665703703703703 0.6992385416666667 0.5665703703703703 0.6968635416666668 0.5426361111111111 0.6888859375 0.5404787037037037 0.6865708333333332 0.5482675925925926 0.6897380208333334 0.5679777777777778 0.6873625000000001 0.5827611111111111 0.6917171875 0.6137351851851851 0.6980510416666666 0.6355574074074074 0.7004265625 0.6594925925925925
0 0.7419932291666667 0.68765 0.7570364583333333 0.7052490740740741 0.781184375 0.731999074074074 0.7974151041666667 0.7481907407407408 0.8120625 0.7510064814814815 0.8223552083333333 0.7622694444444444 0.8326479166666666 0.7636777777777778 0.8377942708333334 0.7481907407407408 0.8187921874999999 0.7341111111111112 0.8172088541666667 0.7242555555555555 0.7954359375000001 0.7038416666666667 0.7724755208333334 0.6770907407407408 0.7495145833333333 0.6482287037037037 0.757828125 0.6411888888888889 0.7439723958333333 0.6418935185185185 0.7344713541666666 0.632037962962963 0.7233869791666667 0.6327416666666666 0.7166572916666667 0.6158472222222222 0.7085140625 0.5916944444444444 0.7134901041666667 0.6172546296296296 0.7178447916666666 0.6327416666666666 0.7138859375000001 0.6404851851851853 0.7174489583333333 0.6665314814814816 0.7277416666666666 0.6813148148148148 0.7419932291666667 0.68765
0 0.38623541666666666 0.5496425925925926 0.4011140625 0.5677842592592592 0.41599322916666664 0.5829037037037037 0.4295963541666667 0.5987777777777777 0.44149947916666665 0.623724074074074 0.45892864583333337 0.6312833333333333 0.47295729166666667 0.6373314814814814 0.4780583333333333 0.623724074074074 0.4721072916666667 0.6055814814814815 0.4623296875 0.5919749999999999 0.4500015625 0.5829037037037037 0.4368234375 0.5670287037037036 0.42704583333333335 0.5541777777777778 0.4147177083333334 0.5405712962962963 0.4011140625 0.5269638888888889 0.3875109375 0.5171370370370371 0.381984375 0.5201601851851853 0.37135677083333335 0.5088212962962964 0.3649802083333333 0.512600925925926 0.36540520833333334 0.5216722222222222 0.37050677083333333 0.528475925925926 0.3790088541666667 0.5360351851851852 0.38028385416666666 0.5428388888888889 0.38623541666666666 0.5496425925925926
0 0.39771354166666667 0.6811759259259259 0.41046666666666665 0.6947824074074074 0.42194427083333336 0.711412962962963 0.4342723958333333 0.7182166666666666 0.4397989583333333 0.7219962962962962 0.4491515625 0.7303111111111111 0.4593536458333333 0.7235083333333333 0.45467760416666664 0.7167046296296297 0.4432 0.7053657407407407 0.4393739583333333 0.6910027777777777 0.4168432291666667 0.6705925925925926 0.4036651041666667 0.6479138888888889 0.38623541666666666 0.6214564814814815 0.38708593750000003 0.6138972222222222 0.3794338541666667 0.6131407407407408 0.37093177083333334 0.6063379629629629 0.35987916666666664 0.6033138888888888 0.3513765625 0.5897064814814815 0.35732812500000005 0.6078490740740741 0.3530770833333333 0.6229685185185185 0.33607291666666667 0.6380870370370371 0.35559999999999997 0.6323666666666666 0.3632796875 0.649425925925926 0.37050677083333333 0.650937962962963 0.3722067708333333 0.668324074074074 0.3760328125 0.6532055555555556 0.3879359375 0.666812962962963 0.39771354166666667 0.6811759259259259
0 0.4665807291666667 0.6645444444444444 0.48315989583333335 0.663788888888889 0.5027145833333333 0.6630333333333334 0.5265208333333333 0.6562296296296296 0.5282213541666666 0.649425925925926 0.54395 0.6373314814814814 0.5452255208333334 0.6275037037037037 0.5392739583333334 0.6222120370370371 0.5214192708333333 0.6282601851851851 0.4988885416666667 0.6259916666666667 0.47253229166666666 0.6259916666666667 0.4631796875 0.6395990740740741 0.4393739583333333 0.6267481481481482 0.4385234375 0.6191888888888889 0.4283208333333333 0.6290157407407407 0.41641822916666665 0.6327953703703704 0.4087661458333333 0.6395990740740741 0.3967354166666667 0.6293453703703703 0.4036651041666667 0.6448907407407407 0.4121671875 0.668324074074074 0.42704583333333335 0.6789074074074074 0.4385234375 0.6705925925925926 0.4500015625 0.6660564814814814 0.4665807291666667 0.6645444444444444
0 0.2427921875 0.45124444444444445 0.2496203125 0.4712777777777778 0.2591791666666667 0.4791694444444445 0.27420052083333335 0.5010240740740741 0.2899041666666667 0.5240935185185185 0.299121875 0.5374490740740742 0.3134604166666667 0.542912037037037 0.3213125 0.5580888888888889 0.3213125 0.5441268518518518 0.31687447916666667 0.5289499999999999 0.31004635416666665 0.5210574074074074 0.296390625 0.5113444444444444 0.2841005208333333 0.49798888888888887 0.27624895833333335 0.4846333333333333 0.2704453125 0.4664212962962963 0.2690796875 0.450637037037037 0.26156875 0.436675 0.25439947916666666 0.4290759259259259 0.25781354166666665 0.41329166666666667 0.26430000000000003 0.40418611111111113 0.2608859375 0.4005435185185185 0.2533755208333333 0.41814814814814816 0.24791302083333333 0.4284685185185185 0.24107083333333332 0.43745925925925927 0.23459895833333333 0.44820925925925925 0.22845416666666668 0.4609574074074074 0.233575 0.4567083333333333 0.24040260416666664 0.4457805555555555 0.2427921875 0.45124444444444445
0 0.3011703125 0.20868703703703703 0.30595 0.2244712962962963 0.3110708333333333 0.2469324074074074 0.31004635416666665 0.27667962962962966 0.31072916666666667 0.3131037037037037 0.30868072916666667 0.3525638888888889 0.31619166666666665 0.36166944444444443 0.31585 0.3804888888888889 0.31858125000000004 0.39870092592592593 0.3264333333333333 0.39384444444444444 0.32404322916666667 0.3610629629629629 0.32814010416666667 0.3549916666666667 0.3264333333333333 0.34406481481481477 0.3284817708333333 0.33070925925925926 0.3247260416666667 0.30339074074074074 0.32404322916666667 0.26089537037037036 0.3264333333333333 0.21232962962962962 0.3349682291666667 0.21111574074074074 0.3284817708333333 0.19593888888888888 0.32609166666666667 0.17165555555555556 0.3243848958333333 0.1546574074074074 0.332578125 0.14008796296296294 0.3363333333333333 0.12794629629629628 0.3247260416666667 0.14312314814814817 0.3192640625 0.15526481481481483 0.31277760416666667 0.1534435185185185 0.30731510416666663 0.1570861111111111 0.30424270833333333 0.15101574074074076 0.29775625 0.14008796296296294 0.2902135416666667 0.13750833333333332 0.296390625 0.14858703703703702 0.30663229166666667 0.16497777777777778 0.30287708333333335 0.17408425925925924 0.30355989583333337 0.1971527777777778 0.3011703125 0.20868703703703703
0 0.2796625 0.24936111111111112 0.2806869791666667 0.27546481481481483 0.27385885416666667 0.300962037037037 0.27556614583333333 0.3343509259259259 0.2772729166666667 0.36045555555555553 0.2813697916666667 0.3665259259259259 0.26259322916666666 0.38291759259259256 0.26805520833333335 0.3865592592592592 0.2817109375 0.3725972222222222 0.2861489583333333 0.36713333333333337 0.29229427083333337 0.36956111111111106 0.31141197916666663 0.39323703703703705 0.3090223958333333 0.384737962962963 0.29673229166666665 0.3659194444444444 0.3004875 0.3416361111111111 0.30014635416666663 0.31249629629629627 0.29946354166666667 0.2772861111111111 0.30014635416666663 0.240862037037037 0.30014635416666663 0.21050833333333333 0.29468385416666665 0.17954814814814815 0.29161145833333335 0.1570861111111111 0.2871734375 0.14433796296296295 0.28683177083333333 0.12187592592592593 0.28273541666666663 0.11094814814814814 0.27683593749999996 0.1093574074074074 0.2745416666666667 0.12005462962962962 0.2772729166666667 0.14312314814814817 0.2769317708333333 0.16558518518518517 0.2748833333333333 0.18258333333333332 0.27795572916666667 0.2141509259259259 0.2796625 0.24936111111111112
0 0.41097291666666663 0.7892287037037037 0.40623020833333334 0.7983657407407407 0.41255416666666667 0.7997712962962963 0.41769218750000003 0.8306962962962964 0.4283640625 0.8574046296296296 0.4512885416666667 0.8609185185185185 0.47342239583333334 0.8602157407407408 0.4959515625 0.8609185185185185 0.5101802083333333 0.8524842592592593 0.5054375 0.8475648148148148 0.4931848958333333 0.8489703703703704 0.4793510416666667 0.8517814814814815 0.4631458333333333 0.8503759259259259 0.44654531249999996 0.8461592592592593 0.43705937499999997 0.8405361111111112 0.42955 0.822262037037037 0.43429270833333333 0.800474074074074 0.43982604166666667 0.7990685185185186 0.4338973958333333 0.7899314814814815 0.4366640625 0.7814972222222223 0.4338973958333333 0.7611148148148148 0.43271197916666665 0.7463555555555555 0.4457546875 0.7330009259259259 0.43785 0.7301898148148148 0.4267828125 0.7442462962962962 0.4192734375 0.7463555555555555 0.41255416666666667 0.7322981481481481 0.404903125 0.7273083333333333 0.4030682291666666 0.7315953703703704 0.41057760416666667 0.7365157407407408 0.4169015625 0.7512749999999999 0.4129494791666667 0.7618175925925926 0.41097291666666663 0.7892287037037037
0 0.3912109375 0.8763814814814814 0.39002499999999996 0.8848148148148148 0.3931869791666667 0.905900925925926 0.4014869791666667 0.9220657407407408 0.4093921875 0.9290944444444444 0.4010916666666667 0.9101175925925926 0.40820625 0.9066037037037037 0.4224354166666667 0.9030888888888889 0.4323166666666667 0.9073064814814814 0.4283640625 0.8925462962962963 0.44298802083333333 0.8883296296296296 0.4587979166666667 0.8848148148148148 0.4789557291666667 0.884112037037037 0.5082041666666667 0.8805981481481482 0.5097848958333333 0.8728666666666667 0.5295473958333333 0.8630268518518518 0.5295473958333333 0.8503759259259259 0.5216427083333334 0.8454564814814814 0.5109708333333333 0.853187037037037 0.49199895833333335 0.8637296296296296 0.46946979166666664 0.8637296296296296 0.43785 0.8616212962962964 0.428759375 0.8574046296296296 0.4232260416666667 0.8510787037037036 0.408996875 0.8574046296296296 0.3971395833333334 0.8665416666666667 0.3947677083333333 0.86865 0.3923963541666666 0.8433472222222222 0.3904203125 0.8616212962962964 0.3912109375 0.8763814814814814
0 0.30075 0.6174212962962964 0.3068609375 0.6259592592592592 0.318209375 0.6127638888888889 0.32432031250000004 0.6073305555555556 0.3299947916666667 0.6112120370370371 0.33610572916666664 0.6088833333333333 0.34178020833333334 0.5933592592592593 0.34439895833333334 0.5654166666666667 0.33959791666666667 0.5203981481481481 0.33828802083333337 0.48935092592592594 0.3474546875 0.43812222222222225 0.3509463541666667 0.4109555555555556 0.35400208333333333 0.39310370370370373 0.3522557291666667 0.382237037037037 0.342653125 0.38456574074074074 0.3391609375 0.40552222222222223 0.3343598958333333 0.4194935185185185 0.33043125 0.4420027777777778 0.32824895833333334 0.46761759259259256 0.32519322916666665 0.49400740740740745 0.3256296875 0.5266074074074074 0.32533072916666667 0.52395 0.3208286458333333 0.5483407407407407 0.3186458333333333 0.562312037037037 0.31602708333333335 0.5801638888888889 0.318209375 0.5972407407407407 0.3164635416666667 0.6096592592592592 0.30075 0.6174212962962964
0 0.33872447916666665 0.5242787037037037 0.34090729166666667 0.5444601851851852 0.34352604166666667 0.5677453703703703 0.3474546875 0.5778361111111111 0.34352604166666667 0.6011212962962963 0.34963697916666664 0.58715 0.35836666666666667 0.5801638888888889 0.35967656249999996 0.5685212962962963 0.35749375 0.5366981481481482 0.3513828125 0.5312648148148148 0.3474546875 0.5072027777777778 0.34832760416666664 0.4683935185185185 0.35312916666666666 0.4435555555555556 0.35116197916666664 0.42279814814814815 0.3474546875 0.44277962962962963 0.3439625 0.4590796296296296 0.33872447916666665 0.48236481481481475 0.33872447916666665 0.4986648148148148 0.33872447916666665 0.5242787037037037
0 0.5565203125 0.8209157407407408 0.5500651041666667 0.8235648148148148 0.5585062500000001 0.8474046296296296 0.5664505208333334 0.8809564814814814 0.5689333333333334 0.8897861111111112 0.5540375 0.9030296296296296 0.5639682291666667 0.9189231481481481 0.5783677083333333 0.8959666666666667 0.5858156250000001 0.8915518518518518 0.5972354166666667 0.9012638888888889 0.6136208333333334 0.9083277777777778 0.6056765624999999 0.8959666666666667 0.594753125 0.8862537037037037 0.59425625 0.8394583333333333 0.5912770833333333 0.821799074074074 0.5982286458333334 0.7988425925925926 0.5848223958333333 0.8050231481481481 0.5748916666666666 0.767938888888889 0.5649609375 0.7158453703703704 0.5639682291666667 0.6646351851851853 0.5604921875 0.639912037037037 0.5609890624999999 0.6037111111111112 0.5570166666666666 0.5878185185185185 0.5510583333333333 0.5887018518518519 0.5441067708333333 0.6019453703703703 0.5451 0.6213703703703705 0.5392338541666667 0.6404888888888889 0.5391416666666667 0.6690490740740741 0.5431140625 0.6937722222222222 0.5480791666666666 0.7273240740740741 0.5540375 0.7652907407407408 0.5530442708333333 0.7908962962962963 0.5565203125 0.8209157407407408
0 0.6166 0.6822935185185185 0.6180895833333333 0.7070157407407407 0.6156072916666666 0.7290898148148148 0.608159375 0.7211435185185185 0.6156072916666666 0.7423342592592592 0.6190828125 0.7714712962962963 0.6225583333333333 0.7864814814814814 0.6131244791666667 0.8165009259259259 0.6255375 0.7855981481481482 0.6369578125 0.7855981481481482 0.6518536458333333 0.8059055555555555 0.6513572916666667 0.7961935185185185 0.6399369791666667 0.7811833333333333 0.643909375 0.7493972222222223 0.6419234374999999 0.7326212962962962 0.6488744791666666 0.7184944444444444 0.6389442708333333 0.7211435185185185 0.6334822916666667 0.6884740740740741 0.6319927083333333 0.6611027777777778 0.6329859375000001 0.6328490740740741 0.6344755208333334 0.6037111111111112 0.6314963541666666 0.593999074074074 0.6334822916666667 0.5736916666666667 0.6334822916666667 0.5595638888888889 0.6281796875 0.5529555555555555 0.621565625 0.5666277777777777 0.62106875 0.5975305555555556 0.6156072916666666 0.5957648148148148 0.6136208333333334 0.6328490740740741 0.6161036458333334 0.6672833333333333 0.6166 0.6822935185185185
