0 0.26927083333333335 0.15833333333333333 0.26875 0.16944444444444445 0.27239583333333334 0.1712962962962963 0.2838541666666667 0.15555555555555556 0.3177083333333333 0.12777777777777777 0.33125 0.12037037037037036 0.34791666666666665 0.1175925925925926 0.3578125 0.11018518518518519 0.36875 0.09351851851851851 0.3754161458333333 0.10626203703703704 0.3806041666666667 0.135025 0.37755260416666664 0.10083518518518518 0.3708385416666667 0.08509722222222223 0.3645833333333333 0.05648148148148148 0.3614583333333333 0.05 0.3572916666666667 0.04814814814814815 0.3463541666666667 0.05277777777777778 0.3564947916666667 0.05253611111111111 0.36107239583333334 0.057962962962962966 0.3607671875 0.06827407407407408 0.3458333333333333 0.07222222222222222 0.34270833333333334 0.07685185185185185 0.328125 0.09351851851851851 0.2984375 0.11018518518518519 0.2869791666666667 0.12129629629629629 0.2791666666666667 0.13148148148148148
0 0.40989583333333335 0.1787037037037037 0.4088541666666667 0.18981481481481483 0.4125 0.19537037037037036 0.42239583333333336 0.19814814814814816 0.4354166666666667 0.2101851851851852 0.4557291666666667 0.21574074074074073 0.4859375 0.23055555555555557 0.4947916666666667 0.2388888888888889 0.5125 0.26481481481481484 0.5328125 0.2759259259259259 0.5385416666666667 0.2898148148148148 0.54375 0.2833333333333333 0.5427083333333333 0.27870370370370373 0.5494791666666666 0.25277777777777777 0.5760416666666667 0.23981481481481481 0.5765625 0.2361111111111111 0.5484375 0.24444444444444444 0.5296875 0.22314814814814815 0.5046875 0.21203703703703702 0.4671875 0.18518518518518517 0.4203125 0.175
0 0.39166666666666666 0.4861111111111111 0.3927083333333333 0.49722222222222223 0.40208333333333335 0.49537037037037035 0.4088541666666667 0.4759259259259259 0.4203125 0.462037037037037 0.4510416666666667 0.4 0.475 0.36944444444444446 0.4822916666666667 0.3537037037037037 0.48802083333333335 0.3314814814814815 0.5078125 0.337037037037037 0.48802083333333335 0.3194444444444444 0.4791666666666667 0.30462962962962964 0.47552083333333334 0.275 0.47604166666666664 0.2611111111111111 0.4744791666666667 0.2601851851851852 0.4703125 0.26944444444444443 0.46979166666666666 0.275 0.47291666666666665 0.2833333333333333 0.4703125 0.3111111111111111 0.45989583333333334 0.325 0.45260416666666664 0.34074074074074073 0.4421875 0.3731481481481482 0.4197916666666667 0.4083333333333333 0.40572916666666664 0.4361111111111111
0 0.33736041666666666 0.47362314814814815 0.3619046875 0.512525 0.3651041666666667 0.5287037037037037 0.36270520833333336 0.5409898148148148 0.3504328125 0.5746731481481482 0.36697395833333335 0.542887037037037 0.378125 0.5407407407407407 0.4140625 0.5416666666666666 0.43645833333333334 0.5333333333333333 0.48125 0.5324074074074074 0.4895833333333333 0.525 0.5015625 0.5231481481481481 0.5072916666666667 0.5157407407407407 0.5083333333333333 0.5083333333333333 0.5057291666666667 0.5027777777777778 0.5020833333333333 0.5018518518518519 0.48541666666666666 0.5046296296296297 0.478125 0.5009259259259259 0.42552083333333335 0.5009259259259259 0.3880208333333333 0.49537037037037035 0.37552083333333336 0.5009259259259259 0.36483958333333333 0.5054092592592593
0 0.24895833333333334 0.6333333333333333 0.2484375 0.6768518518518518 0.2557291666666667 0.7324074074074074 0.2635416666666667 0.8296296296296296 0.2703125 0.837037037037037 0.2760416666666667 0.8564814814814815 0.2859375 0.8759259259259259 0.284375 0.887962962962963 0.278125 0.9 0.2791666666666667 0.9046296296296297 0.2859375 0.899074074074074 0.2921875 0.8833333333333333 0.31354166666666666 0.8638888888888889 0.30052083333333335 0.7925925925925926 0.2984375 0.7870370370370371 0.2911458333333333 0.7824074074074074 0.2791666666666667 0.7509259259259259 0.2708333333333333 0.7018518518518518 0.271875 0.6537037037037037 0.26927083333333335 0.6212962962962963 0.27395833333333336 0.5990740740740741 0.2713541666666667 0.5833333333333334 0.2671875 0.5805555555555556 0.25833333333333336 0.5879629629629629
0 0.3078125 0.6129629629629629 0.31145833333333334 0.6944444444444444 0.31145833333333334 0.7712962962962963 0.3104166666666667 0.7870370370370371 0.3072916666666667 0.7981481481481482 0.3078125 0.8212962962962963 0.3098958333333333 0.8388888888888889 0.31354166666666666 0.85 0.3265625 0.8537037037037037 0.33177083333333335 0.8453703703703703 0.3359375 0.8 0.33177083333333335 0.774074074074074 0.3328125 0.700925925925926 0.33125 0.6722222222222223 0.328125 0.6537037037037037 0.3229166666666667 0.6398148148148148 0.31875 0.6111111111111112 0.31302083333333336 0.6055555555555555
0 0.3880208333333333 0.8722222222222222 0.38697916666666665 0.8861111111111111 0.3929916666666667 0.9207296296296297 0.39072968750000003 0.8965953703703704 0.39895833333333336 0.9 0.4171875 0.9 0.4265625 0.8944444444444445 0.4703125 0.9064814814814814 0.49375 0.9 0.49635416666666665 0.8953703703703704 0.49635416666666665 0.8907407407407407 0.4901041666666667 0.8842592592592593 0.41354166666666664 0.8592592592592593 0.403125 0.8592592592592593 0.3921875 0.8648148148148148
0 0.45729166666666665 0.5990740740740741 0.45677083333333335 0.6092592592592593 0.4625 0.6370370370370371 0.47291666666666665 0.6537037037037037 0.4859375 0.6648148148148149 0.5109375 0.6648148148148149 0.5453125 0.6564814814814814 0.5526041666666667 0.65 0.5619791666666667 0.6305555555555555 0.5588541666666667 0.6268518518518519 0.5369791666666667 0.637962962962963 0.5208333333333334 0.6407407407407407 0.5083333333333333 0.6342592592592593 0.4947916666666667 0.6074074074074074 0.4765625 0.5925925925925926 0.4625 0.5879629629629629
0 0.32651406250000004 0.8572037037037037 0.32513177083333333 0.8674222222222222 0.3262625 0.8808296296296296 0.32475468749999997 0.9103268518518519 0.31457552083333334 0.9163611111111111 0.32400052083333336 0.9183722222222223 0.32890156249999997 0.9016120370370371 0.33078645833333337 0.8855231481481481 0.3443588541666667 0.8928972222222222 0.35679947916666666 0.9016120370370371 0.3624546875 0.9036231481481481 0.36019270833333333 0.8922268518518519 0.3801734375 0.8821703703703704 0.4043015625 0.8593777777777778 0.424659375 0.8285388888888889 0.42428229166666664 0.8238462962962964 0.43483854166666663 0.8044055555555556 0.4344614583333334 0.792337962962963 0.43106875 0.7889861111111112 0.4208895833333333 0.8003824074074074 0.415234375 0.8097685185185185 0.40882552083333334 0.8097685185185185 0.396384375 0.8318916666666667 0.3790427083333333 0.8526731481481481 0.36358541666666666 0.854013888888889 0.34850572916666667 0.8473101851851852 0.33644166666666664 0.8479805555555555 0.3300328125 0.8499916666666667
0 0.3678177083333333 0.6267305555555556 0.36697864583333334 0.6538907407407407 0.36584739583333337 0.6840583333333333 0.36735572916666664 0.7383601851851852 0.37150260416666664 0.7621703703703704 0.3722567708333333 0.8003824074074074 0.3733875 0.8225055555555556 0.3801734375 0.8412768518518519 0.37828854166666664 0.8520027777777778 0.38356666666666667 0.8459694444444444 0.3937458333333333 0.8406064814814815 0.3990234375 0.8258574074074074 0.396384375 0.8023935185185186 0.4043015625 0.786975 0.4016625 0.779600925925926 0.39449947916666667 0.792337962962963 0.38771354166666666 0.7443935185185185 0.38733645833333336 0.7088629629629629 0.38469739583333334 0.6773537037037037 0.3790427083333333 0.6565722222222222 0.377534375 0.6404824074074074 0.3733875 0.6243925925925926
0 0.35515520833333336 0.5870685185185185 0.3534067708333334 0.5989185185185185 0.35906145833333336 0.6223814814814815 0.35679947916666666 0.6552314814814815 0.35679947916666666 0.6988064814814815 0.3545375 0.7537787037037037 0.350390625 0.7671870370370371 0.3451125 0.7557898148148149 0.34171979166666666 0.7651759259259259 0.34737447916666664 0.779924074074074 0.34737447916666664 0.7940027777777778 0.35001354166666665 0.816125 0.3507677083333334 0.8221592592592593 0.3424734375 0.8308740740740741 0.331540625 0.8375777777777778 0.3530296875 0.8302037037037037 0.35981562500000003 0.8342259259259259 0.36584739583333337 0.8302037037037037 0.3790427083333333 0.8395888888888888 0.37414166666666665 0.8315444444444444 0.36886354166666663 0.8248407407407408 0.37414166666666665 0.8114324074074074 0.3703713541666667 0.7551194444444445 0.36509375 0.7034990740740741 0.3666015625 0.657912962962963 0.36961770833333335 0.6203703703703703 0.3654708333333333 0.5922138888888889 0.35981562500000003 0.5868509259259259
0 0.37294322916666667 0.5575888888888889 0.38432083333333333 0.5955657407407408 0.38846770833333333 0.6069629629629629 0.38318958333333336 0.617688888888889 0.3801734375 0.6203703703703703 0.36886354166666663 0.6183592592592593 0.3816817708333333 0.6270749999999999 0.38771354166666666 0.6465157407407407 0.39563072916666664 0.6626055555555556 0.4035473958333334 0.6853990740740741 0.4035473958333334 0.6672981481481481 0.42013541666666665 0.6934435185185185 0.43596927083333337 0.7195888888888888 0.4491645833333333 0.7383601851851852 0.46650625 0.7410416666666667 0.44765625 0.7014879629629629 0.4239057291666667 0.6592537037037037 0.41862760416666667 0.639812037037037 0.4220203125 0.6337787037037037 0.4125953125 0.6243925925925926 0.3922375 0.6042814814814815 0.38055052083333335 0.5794768518518519
0 0.4036953125 0.677649074074074 0.40920260416666665 0.7115444444444444 0.4141036458333333 0.7276333333333334 0.41184166666666666 0.7410416666666667 0.4095796875 0.7564601851851852 0.4208895833333333 0.7651759259259259 0.43257656250000004 0.7759018518518519 0.4491645833333333 0.7792537037037037 0.4514265625 0.774561111111111 0.4864875 0.7725500000000001 0.5192864583333333 0.754449074074074 0.5343661458333333 0.7316555555555555 0.5392671875 0.7222703703703703 0.5509541666666667 0.7142259259259259 0.5520854166666667 0.6981361111111111 0.5434145833333334 0.6967953703703703 0.5351203125 0.7061805555555555 0.5215484375 0.7108740740740741 0.5083536458333333 0.7316555555555555 0.482340625 0.7410416666666667 0.45934322916666664 0.734337037037037 0.4344614583333334 0.7216 0.41862760416666667 0.7222703703703703 0.41071041666666663 0.7095333333333333 0.41071041666666663 0.7055101851851852
0 0.40851927083333334 0.5415101851851852 0.4144807291666667 0.5496324074074074 0.4137265625 0.5730962962962962 0.416365625 0.5905268518518518 0.42352864583333333 0.6421472222222222 0.42654427083333335 0.6682925925925925 0.44577135416666663 0.6984601851851852 0.46198229166666666 0.7319796296296296 0.46462135416666667 0.7259462962962964 0.4597203125 0.7165601851851852 0.45519635416666665 0.7051638888888889 0.45481927083333334 0.6897444444444444 0.44275572916666667 0.6589064814814815 0.43483854166666663 0.6099675925925926 0.43672343750000003 0.5952194444444444 0.443509375 0.6005824074074074 0.444640625 0.5885157407407408 0.4371005208333333 0.5684037037037036 0.4329536458333333 0.5462805555555555 0.42692135416666666 0.5368953703703704 0.4205125 0.538236111111111
0 0.5655734375 0.3666388888888889 0.5753239583333334 0.3472694444444444 0.5748458333333333 0.3336648148148148 0.5911036458333334 0.29114907407407403 0.6097526041666667 0.24608240740740742 0.6178817708333334 0.21802222222222223 0.6183598958333333 0.20101666666666668 0.6274453125 0.1772074074074074 0.6379651041666666 0.1636027777777778 0.6365302083333333 0.13554259259259258 0.6403557291666666 0.15765 0.6489630208333333 0.15424907407407407 0.6532666666666667 0.16190185185185185 0.6604390625 0.15850092592592593 0.673828125 0.14914722222222224 0.6891296874999999 0.14489537037037037 0.6666557291666667 0.15935092592592592 0.6527885416666667 0.17040462962962963 0.6537447916666667 0.1840101851851852 0.6503973958333333 0.21632222222222222 0.643703125 0.24013055555555557 0.6398776041666667 0.25033425925925923 0.6379651041666666 0.23162777777777777 0.6269666666666667 0.26819074074074073 0.6102307291666667 0.3047537037037037 0.5982760416666667 0.33536481481481484 0.5868 0.34982037037037034
0 0.5051541666666667 0.38159537037037033 0.5079010416666666 0.39658703703703707 0.5222463541666666 0.3931861111111111 0.5313317708333334 0.3999888888888889 0.5475895833333334 0.4025398148148148 0.5714984375000001 0.39148518518518516 0.5958854166666666 0.37703055555555554 0.6068833333333333 0.3744796296296296 0.6083182291666667 0.39403611111111114 0.6140562500000001 0.37022777777777777 0.6293578125 0.36257500000000004 0.6355739583333333 0.35067037037037035 0.6532666666666667 0.3600240740740741 0.6680901041666666 0.3710777777777778 0.6503973958333333 0.3532212962962963 0.6389213541666667 0.3438685185185185 0.6365302083333333 0.32516111111111107 0.6341395833333333 0.3209101851851852 0.6393994791666666 0.2937 0.6393994791666666 0.26478981481481484 0.6307921875000001 0.25203518518518514 0.6365302083333333 0.2758435185185185 0.6346177083333333 0.3073046296296296 0.6307921875000001 0.3209101851851852 0.6212286458333334 0.31920925925925925 0.6040145833333334 0.3319638888888889 0.5820182291666666 0.3557722222222222 0.5633692708333334 0.3659759259259259 0.5408953125 0.3668268518518519 0.5279843750000001 0.3736287037037037 0.5208114583333333 0.3804314814814815
0 0.6401041666666667 0.11203703703703703 0.6395833333333333 0.11944444444444445 0.6421875 0.125 0.6557291666666667 0.12037037037037036 0.6802083333333333 0.12129629629629629 0.7067708333333333 0.11481481481481481 0.7328125 0.11574074074074074 0.74375 0.12222222222222222 0.759375 0.11944444444444445 0.7729166666666667 0.1111111111111111 0.7807291666666667 0.09907407407407408 0.7796875 0.08703703703703704 0.7927083333333333 0.05648148148148148 0.790625 0.05277777777777778 0.7866260416666666 0.05987962962962963 0.7782119791666666 0.07199074074074074 0.7537723958333333 0.0727037037037037 0.7484375 0.06481481481481481 0.7453125 0.06018518518518518 0.7411458333333333 0.06018518518518518 0.7429546874999999 0.0769787037037037 0.715625 0.08518518518518518 0.671875 0.08518518518518518 0.6619791666666667 0.08981481481481482 0.659375 0.09722222222222222 0.6463541666666667 0.1037037037037037
0 0.7838541666666666 0.09074074074074075 0.7866260416666666 0.10405185185185185 0.7850234374999999 0.12471296296296296 0.7906322916666666 0.15962314814814815 0.7895833333333333 0.17685185185185184 0.7958333333333333 0.175 0.8010416666666667 0.1814814814814815 0.8114583333333333 0.22407407407407406 0.8125 0.30925925925925923 0.8171875 0.32314814814814813 0.8145833333333333 0.3537037037037037 0.8166666666666667 0.3592592592592593 0.8229166666666666 0.3592592592592593 0.8276041666666667 0.3537037037037037 0.8286458333333333 0.34814814814814815 0.8291666666666667 0.3296296296296296 0.834375 0.3101851851851852 0.8348958333333333 0.28888888888888886 0.8322916666666667 0.24537037037037038 0.8208333333333333 0.16203703703703703 0.8234375 0.1537037037037037 0.8276041666666667 0.15 0.8276041666666667 0.14537037037037037 0.8208333333333333 0.1361111111111111 0.8114583333333333 0.10092592592592593 0.8109375 0.09074074074074075 0.8162739583333334 0.08623981481481481 0.8244791666666667 0.0824074074074074 0.8223958333333333 0.0787037037037037 0.8140625 0.07685185185185185 0.8026041666666667 0.08611111111111111
0 0.6682291666666667 0.23055555555555557 0.6682291666666667 0.2388888888888889 0.6729166666666667 0.24444444444444444 0.6841666666666666 0.24444444444444444 0.7005208333333334 0.25277777777777777 0.7536458333333333 0.2564814814814815 0.7774109374999999 0.2721898148148148 0.7754078124999999 0.2978388888888889 0.784221875 0.27931481481481485 0.7916666666666666 0.27685185185185185 0.8098958333333334 0.2759259259259259 0.8140625 0.2638888888888889 0.8140625 0.24722222222222223 0.8119791666666667 0.24259259259259258 0.8005208333333333 0.2324074074074074 0.791834375 0.2280185185185185 0.7830197916666666 0.21091944444444444 0.7810166666666666 0.22588055555555556 0.7645833333333333 0.22962962962962963 0.6963541666666667 0.22037037037037038 0.6739583333333333 0.22407407407407406
0 0.7307291666666667 0.462037037037037 0.7286458333333333 0.4740740740740741 0.7348958333333333 0.475 0.7421875 0.4638888888888889 0.753125 0.4583333333333333 0.7703125 0.4425925925925926 0.7760416666666666 0.43333333333333335 0.7911458333333333 0.4222222222222222 0.8399125000000001 0.40188148148148145 0.84391875 0.39475648148148146 0.8503296875 0.4517527777777777 0.8499286458333334 0.4040185185185185 0.8473958333333333 0.38302499999999995 0.846875 0.37037037037037035 0.8505208333333333 0.3333333333333333 0.8494791666666667 0.30833333333333335 0.846875 0.3351851851851852 0.8415151041666667 0.35984629629629633 0.8338541666666667 0.36018518518518516 0.8182291666666667 0.3611111111111111 0.8078125 0.36944444444444446 0.7994791666666666 0.3814814814814815 0.7677083333333333 0.4064814814814815 0.7473958333333334 0.42962962962962964
0 0.6267656250000001 0.40296203703703704 0.6331760416666667 0.4300351851851852 0.6299708333333334 0.43573518518518517 0.6259645833333334 0.4428592592592593 0.6123421874999999 0.45283425925925924 0.6279677083333334 0.4478462962962963 0.6351796875000001 0.46423333333333333 0.6431927083333334 0.4713574074074074 0.6640265625 0.48133148148148147 0.6816552083333334 0.49771851851851845 0.6984822916666666 0.5112546296296296 0.7129057291666666 0.5219416666666666 0.7181145833333333 0.5255037037037037 0.7088994791666666 0.5034175925925927 0.6984822916666666 0.4905935185185185 0.6812541666666667 0.47491944444444445 0.6640265625 0.45497129629629635 0.6548114583333333 0.4385851851851852 0.64399375 0.4286101851851852 0.6379838541666667 0.42789814814814814
0 0.6411890625000001 0.47207037037037036 0.6399875 0.48418148148148155 0.6339776041666667 0.49914351851851857 0.6275671875000001 0.5155296296296297 0.6399875 0.4934435185185185 0.6520067708333334 0.5112546296296296 0.6700359375 0.5126796296296295 0.6876651041666667 0.5326287037037037 0.69768125 0.5490148148148148 0.7137072916666667 0.5632638888888889 0.7181145833333333 0.5625518518518519 0.7317364583333333 0.5739509259259259 0.7365442708333333 0.5718129629629629 0.734140625 0.5639759259259259 0.7253260416666667 0.5532898148148148 0.7181145833333333 0.5269287037037037 0.69006875 0.5062675925925926 0.6664302083333333 0.48489444444444446 0.6504041666666667 0.4756324074074074
0 0.6267125 0.5652305555555556 0.6383848958333334 0.5408342592592592 0.6471989583333334 0.5265851851851852 0.653609375 0.5123361111111111 0.6692348958333334 0.5123361111111111 0.6960786458333333 0.5386962962962963 0.711303125 0.5671944444444444 0.7273291666666667 0.5878555555555556 0.7433552083333334 0.6135037037037037 0.7481630208333333 0.6213407407407407 0.7481630208333333 0.6291777777777777 0.7577786458333333 0.6427148148148147 0.7605833333333333 0.6505518518518518 0.7605833333333333 0.6583888888888888 0.7565770833333333 0.662662962962963 0.7445572916666666 0.6541138888888889 0.7393489583333334 0.6427148148148147 0.7281307291666667 0.6370148148148148 0.707296875 0.6006796296296296 0.6892677083333333 0.5793064814814815 0.6788505208333333 0.5700444444444445 0.6768473958333333 0.5757444444444444 0.668834375 0.5657694444444444 0.6588177083333334 0.5515203703703704 0.6532088541666667 0.5408342592592592 0.65160625 0.5344222222222222 0.6451958333333334 0.5379842592592593
0 0.6718895833333334 0.6033935185185185 0.6852609375000001 0.6024731481481482 0.6928734375 0.6017611111111112 0.69768125 0.598199074074074 0.7040916666666667 0.5989111111111111 0.7181145833333333 0.6138731481481481 0.7269286458333333 0.6338212962962964 0.7281307291666667 0.6502074074074075 0.7393489583333334 0.6844055555555556 0.7625864583333333 0.7086287037037037 0.7826192708333333 0.7093416666666668 0.7637885416666667 0.7250148148148148 0.7469614583333333 0.7178907407407408 0.7293328124999999 0.6965175925925926 0.7153098958333334 0.6673064814814815 0.7064953125 0.6608944444444445 0.6988833333333333 0.6430833333333333 0.6928734375 0.6252722222222222 0.6916713541666667 0.6138731481481481 0.6768473958333333 0.6103101851851852 0.6604203125 0.6124481481481481
0 0.7058520833333334 0.6916833333333333 0.7080979166666667 0.7064916666666666 0.7225213541666666 0.7214527777777777 0.7277302083333334 0.7342768518518519 0.7525703125 0.7485259259259259 0.7874270833333333 0.7406888888888888 0.81306875 0.7250148148148148 0.8323 0.6765685185185185 0.8411145833333333 0.6437953703703704 0.84391875 0.6274092592592593 0.8419156250000001 0.6217092592592592 0.8423161458333334 0.6152972222222222 0.8511307291666667 0.6124481481481481 0.8563390625 0.6202851851851852 0.8599453125000001 0.6487833333333334 0.8587432291666667 0.6174351851851853 0.8555380208333333 0.6081731481481482 0.8451208333333333 0.6053231481481481 0.8331015625 0.597486111111111 0.8222838541666667 0.5725509259259259 0.8170755208333333 0.5461898148148148 0.8066583333333334 0.5283787037037037 0.818678125 0.5654259259259259 0.8230848958333333 0.596061111111111 0.8158734375000001 0.6167222222222222 0.8078604166666667 0.6402333333333333 0.7898312500000001 0.6573324074074074 0.8026520833333334 0.6715814814814814 0.7946390625 0.7022166666666667 0.7794140625 0.7171787037037037 0.7549744791666666 0.7171787037037037 0.7337395833333333 0.7036416666666666 0.7257265625 0.6979416666666667 0.714909375 0.6858305555555556
0 0.7734578125 0.8745277777777778 0.7830197916666666 0.8529129629629629 0.7830197916666666 0.8379509259259259 0.7970427083333332 0.8058907407407407 0.8022510416666666 0.7766805555555556 0.8118666666666667 0.7282333333333333 0.8214822916666668 0.6983101851851852 0.8314989583333333 0.676937037037037 0.8379093750000001 0.679074074074074 0.8451208333333333 0.679787037037037 0.8503296875 0.6726620370370371 0.8583427083333334 0.676225 0.8471244791666667 0.682637037037037 0.8455213541666667 0.6947481481481481 0.8423161458333334 0.7203962962962963 0.8395119791666666 0.7382083333333334 0.8403130208333334 0.7567314814814815 0.8375083333333334 0.7624314814814815 0.834303125 0.7424824074074073 0.8254890625000001 0.7652814814814815 0.8190786458333333 0.7944916666666667 0.8122677083333334 0.8244148148148148 0.8030526041666667 0.8493509259259259 0.7962416666666667 0.860037037037037 0.7942380208333333 0.857187037037037 0.7850234374999999 0.8785611111111111 0.7754078124999999 0.8842601851851851
0 0.8074598958333333 0.4129361111111111 0.8126682291666667 0.4250481481481482 0.8094630208333334 0.4371601851851852 0.818678125 0.4834694444444445 0.8222838541666667 0.5283537037037037 0.8198796875000001 0.5454527777777778 0.8230848958333333 0.5703888888888888 0.822684375 0.5882 0.830296875 0.6010240740740741 0.8435182291666667 0.6017361111111111 0.8487270833333334 0.5931870370370371 0.8495281250000001 0.5575638888888889 0.8487270833333334 0.5454527777777778 0.8487270833333334 0.5354787037037038 0.8419156250000001 0.5198046296296296 0.8379093750000001 0.4756324074074074 0.8331015625 0.4328851851851852 0.8254890625000001 0.4143611111111111 0.82068125 0.4186361111111111 0.8178765625000001 0.4129361111111111 0.8138703125000001 0.4086620370370371
