0 0.3927083333333333 0.2361111111111111 0.4010416666666667 0.2351851851851852 0.41458333333333336 0.24351851851851852 0.42083333333333334 0.24351851851851852 0.42604166666666665 0.23703703703703705 0.4265625 0.22962962962962963 0.4244791666666667 0.22592592592592592 0.409375 0.21944444444444444 0.3984375 0.20462962962962963 0.3765625 0.18796296296296297 0.3515625 0.16203703703703703 0.3359375 0.13796296296296295 0.328125 0.13055555555555556 0.3104166666666667 0.12407407407407407 0.3046875 0.13425925925925927 0.303125 0.14722222222222223 0.30833333333333335 0.15833333333333333 0.3302083333333333 0.18055555555555555 0.35572916666666665 0.19722222222222222 0.3776041666666667 0.22407407407407406 0.3927083333333333 0.2361111111111111
0 0.27708333333333335 0.3731481481481482 0.3140625 0.3037037037037037 0.3223958333333333 0.2722222222222222 0.3223958333333333 0.25925925925925924 0.3182291666666667 0.25 0.3098958333333333 0.24351851851851852 0.30416666666666664 0.25 0.29375 0.2712962962962963 0.2890625 0.28425925925925927 0.2838541666666667 0.31666666666666665 0.25729166666666664 0.3768518518518518 0.2484375 0.40370370370370373 0.24635416666666668 0.4203703703703704 0.23958333333333334 0.4425925925925926 0.24010416666666667 0.45925925925925926 0.24375 0.46296296296296297 0.24739583333333334 0.4601851851851852 0.25416666666666665 0.43703703703703706 0.2635416666666667 0.4222222222222222 0.27708333333333335 0.3731481481481482
0 0.28177083333333336 0.5675925925925925 0.3171875 0.6 0.3333333333333333 0.6222222222222222 0.3536458333333333 0.6287037037037037 0.35885416666666664 0.6194444444444445 0.3614583333333333 0.6037037037037037 0.340625 0.575 0.3296875 0.575925925925926 0.303125 0.5574074074074075 0.2890625 0.5324074074074074 0.27395833333333336 0.5203703703703704 0.25885416666666666 0.4981481481481482 0.25364583333333335 0.49722222222222223 0.2515625 0.5009259259259259 0.2515625 0.5083333333333333 0.2546875 0.5175925925925926 0.26145833333333335 0.5296296296296297 0.26510416666666664 0.5425925925925926 0.28177083333333336 0.5675925925925925
0 0.4557291666666667 0.5092592592592593 0.4703125 0.5175925925925926 0.4901041666666667 0.5203703703703704 0.503125 0.512962962962963 0.5197916666666667 0.5092592592592593 0.5244791666666667 0.5009259259259259 0.525 0.49722222222222223 0.5213541666666667 0.4888888888888889 0.5026041666666666 0.49166666666666664 0.4583333333333333 0.48148148148148145 0.44114583333333335 0.4638888888888889 0.4322916666666667 0.4444444444444444 0.4296875 0.42777777777777776 0.41302083333333334 0.40370370370370373 0.4036458333333333 0.3962962962962963 0.3958333333333333 0.4064814814814815 0.3932291666666667 0.41574074074074074 0.39427083333333335 0.42777777777777776 0.40572916666666664 0.45740740740740743 0.42135416666666664 0.4722222222222222 0.4354166666666667 0.49166666666666664 0.4557291666666667 0.5092592592592593
0 0.4546875 0.2712962962962963 0.4546875 0.2601851851851852 0.4640625 0.2111111111111111 0.4796875 0.15185185185185185 0.4822916666666667 0.12222222222222222 0.4817708333333333 0.11388888888888889 0.478125 0.10740740740740741 0.4703125 0.10185185185185185 0.4671875 0.10462962962962963 0.4546875 0.1361111111111111 0.45208333333333334 0.14907407407407408 0.45208333333333334 0.17314814814814813 0.44947916666666665 0.1935185185185185 0.434375 0.2638888888888889 0.43020833333333336 0.2740740740740741 0.42604166666666665 0.3074074074074074 0.4192708333333333 0.3296296296296296 0.41875 0.3388888888888889 0.42135416666666664 0.3453703703703704 0.4296875 0.3416666666666667 0.44427083333333334 0.29907407407407405 0.44375 0.287962962962963 0.4546875 0.2712962962962963
0 0.5052083333333334 0.40370370370370373 0.5057291666666667 0.38425925925925924 0.5 0.32407407407407407 0.49895833333333334 0.28888888888888886 0.5005208333333333 0.2518518518518518 0.5052083333333334 0.21666666666666667 0.5005208333333333 0.18055555555555555 0.50625 0.17407407407407408 0.4822916666666667 0.17777777777777778 0.47760416666666666 0.2037037037037037 0.48489583333333336 0.3648148148148148 0.4953125 0.41944444444444445 0.4984375 0.42777777777777776 0.5052083333333334 0.4305555555555556 0.5078125 0.42314814814814816 0.5052083333333334 0.40370370370370373
0 0.6828125 0.11481481481481481 0.6911458333333333 0.1111111111111111 0.7067708333333333 0.09537037037037037 0.7072916666666667 0.07592592592592592 0.7046875 0.0712962962962963 0.6989583333333333 0.06944444444444445 0.6765625 0.07222222222222222 0.65 0.08981481481481482 0.6265625 0.09537037037037037 0.6098958333333333 0.10925925925925926 0.5953125 0.1398148148148148 0.5953125 0.15 0.5994791666666667 0.15092592592592594 0.6125 0.13425925925925927 0.6489583333333333 0.11481481481481481 0.6578125 0.11203703703703703 0.6828125 0.11481481481481481
0 0.7802083333333333 0.2814814814814815 0.7828125 0.28888888888888886 0.7864583333333334 0.29444444444444445 0.7947916666666667 0.29444444444444445 0.7947916666666667 0.2814814814814815 0.7770833333333333 0.2324074074074074 0.7619791666666667 0.17962962962962964 0.7536458333333333 0.14537037037037037 0.7510416666666667 0.11388888888888889 0.7463541666666667 0.09907407407407408 0.7348958333333333 0.075 0.7322916666666667 0.07314814814814814 0.7234375 0.07777777777777778 0.71875 0.08333333333333333 0.7223958333333333 0.11666666666666667 0.7369791666666666 0.16203703703703703 0.7536458333333333 0.23148148148148148 0.7661458333333333 0.26296296296296295 0.7802083333333333 0.2814814814814815
0 0.7921875 0.33796296296296297 0.8177083333333334 0.33425925925925926 0.8260416666666667 0.337037037037037 0.8411458333333334 0.3194444444444444 0.8473958333333333 0.30462962962962964 0.8463541666666666 0.29814814814814816 0.8416666666666667 0.2972222222222222 0.8296875 0.31296296296296294 0.8057291666666667 0.3148148148148148 0.7817708333333333 0.30092592592592593 0.7411458333333333 0.25925925925925924 0.7182291666666667 0.2564814814814815 0.7135416666666666 0.25925925925925924 0.7114583333333333 0.26666666666666666 0.7098958333333333 0.2861111111111111 0.7145833333333333 0.287962962962963 0.7265625 0.30277777777777776 0.76875 0.31851851851851853 0.7791666666666667 0.33055555555555555 0.7921875 0.33796296296296297
0 0.8197916666666667 0.6138888888888889 0.8348958333333333 0.6083333333333333 0.8395833333333333 0.600925925925926 0.8411458333333334 0.587037037037037 0.8385416666666666 0.575925925925926 0.8276041666666667 0.5740740740740741 0.8088541666666667 0.575 0.8026041666666667 0.5787037037037037 0.7536458333333333 0.5796296296296296 0.7369791666666666 0.5861111111111111 0.7161458333333334 0.6037037037037037 0.715625 0.612037037037037 0.7203125 0.6157407407407407 0.7296875 0.6101851851851852 0.7671875 0.6074074074074074 0.7927083333333333 0.6074074074074074 0.8197916666666667 0.6138888888888889
0 0.6114583333333333 0.8648148148148148 0.6109375 0.8472222222222222 0.615625 0.8305555555555556 0.6171875 0.8064814814814815 0.6375 0.7462962962962963 0.6442708333333333 0.7351851851851852 0.6447916666666667 0.7240740740740741 0.6390625 0.725 0.621875 0.7509259259259259 0.5859375 0.8435185185185186 0.5838541666666667 0.8648148148148148 0.5880208333333333 0.8805555555555555 0.5911458333333334 0.8842592592592593 0.5994791666666667 0.8842592592592593 0.609375 0.8759259259259259 0.6114583333333333 0.8648148148148148
0 0.6130208333333333 0.8842592592592593 0.6234375 0.8861111111111111 0.6421875 0.8962962962962963 0.7203125 0.9018518518518519 0.7385416666666667 0.9 0.7515625 0.8925925925925926 0.7546875 0.8851851851851852 0.7598958333333333 0.8814814814814815 0.7713541666666667 0.8768518518518519 0.7765625 0.8648148148148148 0.7760416666666666 0.8601851851851852 0.7713541666666667 0.8564814814814815 0.7171875 0.8657407407407407 0.68125 0.8648148148148148 0.6645833333333333 0.8546296296296296 0.659375 0.8481481481481481 0.65625 0.8333333333333334 0.6541666666666667 0.8314814814814815 0.6479166666666667 0.8398148148148148 0.6307291666666667 0.8324074074074074 0.6177083333333333 0.8324074074074074 0.6109375 0.8416666666666667 0.6098958333333333 0.850925925925926 0.6125 0.8574074074074074 0.6109375 0.8648148148148148 0.6140625 0.8740740740740741 0.6104166666666667 0.8777777777777778 0.6130208333333333 0.8842592592592593
0 0.4296875 0.7379629629629629 0.4197916666666667 0.7166666666666667 0.4161458333333333 0.7157407407407408 0.4161458333333333 0.7212962962962963 0.42552083333333335 0.7601851851851852 0.43125 0.7712962962962963 0.45416666666666666 0.7907407407407407 0.47239583333333335 0.7935185185185185 0.48125 0.7898148148148149 0.5010416666666667 0.7731481481481481 0.5109375 0.7546296296296297 0.5197916666666667 0.7240740740740741 0.5057291666666667 0.7101851851851851 0.484375 0.7398148148148148 0.4817708333333333 0.7527777777777778 0.47552083333333334 0.7648148148148148 0.46458333333333335 0.7703703703703704 0.4484375 0.7657407407407407 0.4296875 0.7379629629629629
0 0.36875 0.9231481481481482 0.38125 0.9324074074074075 0.3880208333333333 0.9324074074074075 0.3927083333333333 0.9277777777777778 0.3921875 0.9194444444444444 0.3885416666666667 0.9111111111111111 0.37604166666666666 0.9 0.36875 0.887962962962963 0.3203125 0.8490740740740741 0.2984375 0.8009259259259259 0.296875 0.7870370370370371 0.2677083333333333 0.7398148148148148 0.25625 0.7490740740740741 0.24947916666666667 0.7601851851851852 0.2515625 0.775 0.2598958333333333 0.8037037037037037 0.2708333333333333 0.8314814814814815 0.3072916666666667 0.8824074074074074 0.3489583333333333 0.9203703703703704 0.36875 0.9231481481481482
0 0.403125 0.7657407407407407 0.4078125 0.7675925925925926 0.415625 0.7314814814814815 0.41354166666666664 0.6833333333333333 0.409375 0.65 0.41041666666666665 0.6222222222222222 0.4088541666666667 0.6074074074074074 0.4041666666666667 0.5842592592592593 0.39166666666666666 0.587037037037037 0.3890625 0.600925925925926 0.3890625 0.6231481481481481 0.3953125 0.6481481481481481 0.39895833333333336 0.6842592592592592 0.39947916666666666 0.7212962962962963 0.403125 0.7351851851851852 0.403125 0.7657407407407407
0 0.5911458333333334 0.7503083333333334 0.5869791666666667 0.7916666666666666 0.5921875 0.7981481481481482 0.6026041666666667 0.7787037037037037 0.6046875 0.7583333333333333 0.6114583333333333 0.7407407407407407 0.6114583333333333 0.6925925925925925 0.6015625 0.6148148148148148 0.6005208333333333 0.5814814814814815 0.6020833333333333 0.5648148148148148 0.5989583333333334 0.5388888888888889 0.5942708333333333 0.5222222222222223 0.5953125 0.512962962962963 0.5791666666666667 0.5092592592592593 0.5723958333333333 0.5120370370370371 0.5739583333333333 0.5212962962962963 0.5703125 0.549074074074074 0.5708333333333333 0.5787037037037037 0.5796875 0.6148148148148148 0.5885416666666666 0.6703703703703704 0.5911458333333334 0.7503083333333334
0 0.34912552083333337 0.48778518518518516 0.363684375 0.4611472222222222 0.3726765625 0.4223324074074074 0.38723541666666667 0.3766675925925926 0.381240625 0.3713398148148148 0.37139218749999997 0.39645555555555556 0.36496875 0.4040666666666667 0.34912552083333337 0.43603148148148146 0.3324255208333333 0.46723611111111113 0.31015885416666666 0.4885462962962963 0.30544895833333335 0.4801750000000001 0.30587708333333335 0.49615740740740744 0.2964567708333333 0.4984407407407408 0.2840385416666667 0.5258398148148149 0.28917708333333336 0.5418222222222222 0.3015947916666667 0.554 0.3200078125 0.5380166666666667 0.33028437499999996 0.5083342592592592 0.34912552083333337 0.48778518518518516
0 0.39751250000000005 0.4147212962962963 0.4069328125 0.3835166666666667 0.42063541666666665 0.3408962962962963 0.41849427083333335 0.32254074074074074 0.4116432291666667 0.3179740740740741 0.40222239583333336 0.290575 0.38852031249999996 0.27078703703703705 0.4073609375 0.31569074074074077 0.39579947916666663 0.33319629629629627 0.3850942708333333 0.34993981481481484 0.38980468749999997 0.3545064814814815 0.3846661458333333 0.38418888888888886 0.36882291666666667 0.43365925925925924 0.35469218750000003 0.4702805555555556 0.35426406250000003 0.4900685185185185 0.36325625 0.4915907407407408 0.36839479166666667 0.46799722222222223 0.37781510416666664 0.46343055555555557 0.38852031249999996 0.42766018518518517 0.39751250000000005 0.4147212962962963
0 0.5151854166666666 0.9031888888888888 0.5074062500000001 0.9180398148148148 0.5071182291666667 0.9277703703703704 0.5102875 0.9318675925925927 0.5123041666666667 0.9180398148148148 0.5169145833333333 0.9062620370370371 0.5244057291666667 0.9108703703703703 0.5408286458333333 0.9129194444444444 0.549184375 0.9165037037037037 0.546303125 0.9108703703703703 0.5572520833333333 0.9011407407407407 0.5782848958333333 0.9001166666666667 0.601046875 0.9026768518518519 0.6114197916666666 0.8929462962962963 0.6168937499999999 0.8847527777777778 0.6013354166666667 0.8806555555555555 0.5805901041666667 0.870925925925926 0.5728109375 0.8734861111111111 0.5431338541666667 0.8734861111111111 0.5442864583333333 0.8642685185185185 0.5264223958333333 0.8704138888888889 0.5151854166666666 0.8780953703703703 0.5079348958333333 0.8718712962962962 0.4935760416666667 0.8499296296296296 0.5053895833333333 0.8770712962962962 0.5123041666666667 0.8873138888888888 0.5123041666666667 0.8929462962962963 0.5151854166666666 0.9031888888888888
0 0.6941572916666666 0.5723722222222223 0.7038057291666667 0.5850759259259258 0.713096875 0.5819 0.7084515625000001 0.5672916666666666 0.6980880208333333 0.5558583333333333 0.6852234374999999 0.5336287037037036 0.6777192708333334 0.5221953703703703 0.6648546875 0.4834518518518519 0.6705723958333334 0.45423425925925925 0.6741458333333333 0.4237472222222222 0.6716442708333333 0.4046925925925926 0.6702151041666667 0.4008814814814815 0.6809354166666667 0.38563796296296293 0.6909411458333333 0.38500277777777775 0.6841515625 0.37928703703703703 0.6912984375 0.36531296296296295 0.6723588541666667 0.39008425925925927 0.6662838541666667 0.39834166666666665 0.6569932291666666 0.3811925925925926 0.6540963541666667 0.4069935185185185 0.6494885416666667 0.42565277777777777 0.6498458333333333 0.4593157407407407 0.6555635416666666 0.4923435185185185 0.6648546875 0.5234657407407407 0.6834369791666667 0.5539537037037037 0.6941572916666666 0.5723722222222223
0 0.6305489583333334 0.4726537037037037 0.6259036458333332 0.47011296296296295 0.6280473958333334 0.4872620370370371 0.6266182291666667 0.507587037037037 0.6305489583333334 0.5215601851851852 0.6173270833333333 0.5615749999999999 0.6341223958333334 0.5253712962962963 0.6423416666666667 0.5304527777777778 0.656278125 0.5698324074074074 0.6634255208333334 0.5787240740740741 0.6566354166666667 0.5507777777777778 0.6448432291666666 0.5215601851851852 0.654134375 0.4872620370370371 0.6509182291666666 0.4447074074074074 0.656278125 0.38754351851851854 0.662353125 0.33863703703703707 0.6594942708333333 0.3297453703703704 0.6637828124999999 0.3043388888888889 0.6580651041666666 0.29544722222222225 0.6516328125 0.30878518518518516 0.6477020833333333 0.33419074074074073 0.6419843749999999 0.3449888888888889 0.6373385416666667 0.39453055555555555 0.6341223958333334 0.4453425925925926 0.6305489583333334 0.4726537037037037
