0 0.37135416666666665 0.3490740740740741 0.3703125 0.3824074074074074 0.37395833333333334 0.4083333333333333 0.384375 0.4388888888888889 0.4005208333333333 0.46944444444444444 0.40572916666666664 0.5018518518518519 0.4119791666666667 0.5203703703703704 0.4192708333333333 0.5361111111111111 0.42552083333333335 0.5425925925925926 0.4390625 0.5361111111111111 0.4328125 0.47314814814814815 0.4239583333333333 0.4722222222222222 0.4078125 0.4425925925925926 0.38645833333333335 0.41203703703703703 0.3807291666666667 0.38796296296296295 0.3765625 0.34074074074074073 0.3734375 0.337037037037037
0 0.2875 0.45 0.2859375 0.4898148148148148 0.290625 0.5175925925925926 0.3026041666666667 0.5462962962962963 0.3098958333333333 0.5435185185185185 0.31666666666666665 0.5268518518518519 0.3177083333333333 0.5083333333333333 0.3151041666666667 0.4962962962962963 0.3145833333333333 0.4759259259259259 0.3067708333333333 0.4601851851851852 0.3072916666666667 0.42407407407407405 0.31354166666666666 0.38796296296296295 0.3140625 0.3638888888888889 0.30625 0.31851851851851853 0.2989583333333333 0.32592592592592595 0.2994791666666667 0.36574074074074076
0 0.47760416666666666 0.4305555555555556 0.47760416666666666 0.49444444444444446 0.4734375 0.5287037037037037 0.4739583333333333 0.5574074074074075 0.4786458333333333 0.5796296296296296 0.49114583333333334 0.5814814814814815 0.4979166666666667 0.537962962962963 0.49375 0.4925925925925926 0.4942708333333333 0.4398148148148148 0.5 0.3648148148148148 0.4979166666666667 0.3537037037037037 0.49322916666666666 0.3537037037037037 0.4890625 0.3611111111111111 0.48125 0.39814814814814814
0 0.3486609375 0.03618703703703704 0.33497031250000003 0.0700287037037037 0.35223229166666664 0.04993518518518519 0.3599703125 0.06051111111111111 0.359375 0.08166111111111111 0.3438989583333333 0.09963981481481482 0.3188989583333333 0.10915740740740741 0.34568437500000004 0.10915740740740741 0.36651770833333336 0.09540925925925926 0.3729166666666667 0.09907407407407408 0.39166666666666666 0.1037037037037037 0.40729166666666666 0.0962962962962963 0.4354166666666667 0.1 0.45989583333333334 0.11481481481481481 0.46927083333333336 0.11481481481481481 0.48489583333333336 0.1287037037037037 0.490625 0.12777777777777777 0.49270833333333336 0.12314814814814815 0.49270833333333336 0.11296296296296296 0.4901041666666667 0.10648148148148148 0.4630208333333333 0.0787037037037037 0.4010416666666667 0.06388888888888888 0.38177083333333334 0.05555555555555555 0.3700890625 0.05416574074074074
0 0.28854166666666664 0.28888888888888886 0.2838541666666667 0.3194444444444444 0.27239583333333334 0.35648148148148145 0.24947916666666667 0.4111111111111111 0.25 0.41759259259259257 0.2552083333333333 0.41759259259259257 0.2630208333333333 0.4111111111111111 0.2796875 0.38796296296296295 0.2875 0.36944444444444446 0.29739583333333336 0.33240740740740743 0.30625 0.32222222222222224 0.309375 0.3138888888888889 0.31302083333333336 0.2962962962962963 0.31354166666666666 0.27314814814814814 0.30520833333333336 0.25925925925925924
0 0.6739583333333333 0.3296296296296296 0.6510416666666666 0.35555555555555557 0.6427083333333333 0.3574074074074074 0.6447916666666667 0.3592592592592593 0.6489583333333333 0.3851851851851852 0.6692708333333334 0.3851851851851852 0.68125 0.38055555555555554 0.6942708333333333 0.362962962962963 0.7057291666666666 0.3537037037037037 0.7489583333333333 0.3296296296296296 0.7609375 0.31666666666666665 0.771875 0.31296296296296294 0.7776041666666667 0.3055555555555556 0.778125 0.30092592592592593 0.7713541666666667 0.29444444444444445 0.75625 0.29907407407407405 0.7463541666666667 0.2962962962962963 0.725 0.30648148148148147 0.7104166666666667 0.3212962962962963 0.6927083333333334 0.3314814814814815 0.684375 0.33425925925925926 0.6776041666666667 0.3287037037037037
0 0.27217239583333336 0.6841268518518518 0.2617557291666667 0.6760796296296296 0.2617557291666667 0.6559861111111112 0.27068437500000003 0.631662962962963 0.284375 0.6073398148148148 0.2944942708333333 0.5819592592592592 0.3063989583333333 0.5586935185185186 0.321875 0.5375425925925926 0.33794635416666663 0.5185064814814815 0.3623510416666667 0.5120787037037037 0.371875 0.5300564814814815 0.3516369791666667 0.5385166666666666 0.34270833333333334 0.554462962962963 0.3278276041666667 0.5650388888888889 0.3171130208333333 0.5703259259259259 0.3046130208333333 0.6031101851851852 0.2962796875 0.6390657407407407 0.2867557291666667 0.666562037037037
0 0.2450890625 0.7872037037037036 0.285565625 0.7893194444444445 0.30044635416666665 0.8601740740740741 0.2998510416666667 0.7807759259259259 0.3046130208333333 0.7606824074074074 0.3046130208333333 0.7395314814814814 0.3069942708333333 0.7130935185185184 0.3111609375 0.6866546296296296 0.31294635416666666 0.6655046296296296 0.31413697916666666 0.631662962962963 0.31651770833333337 0.605225 0.32366093749999997 0.5682111111111111 0.31354166666666666 0.5798435185185186 0.3069942708333333 0.6031101851851852 0.30104166666666665 0.6274333333333334 0.2974703125 0.6464685185185185 0.29806562499999995 0.6644472222222222 0.29568437500000005 0.6951157407407408 0.29151770833333335 0.7152083333333333 0.2837796875 0.7395314814814814 0.28020833333333334 0.7680851851851852 0.27842239583333334 0.7776861111111111
0 0.320684375 0.6528138888888889 0.35223229166666664 0.6254009259259259 0.3308036458333333 0.6624148148148148 0.3308036458333333 0.6940574074074074 0.3266369791666667 0.7099212962962963 0.32306562499999997 0.7289564814814815 0.3200890625 0.7522222222222222 0.3194942708333333 0.775487962962963 0.32127968749999997 0.8093296296296296 0.31830364583333337 0.82625 0.3177083333333333 0.8442277777777777 0.31175572916666666 0.8347101851851851 0.31056562499999996 0.8188472222222223 0.30580364583333336 0.805099074074074 0.30520833333333336 0.7902935185185186 0.30520833333333336 0.7723157407407407 0.3069942708333333 0.7469342592592593 0.3087796875 0.719438888888889 0.31294635416666666 0.6908851851851852 0.31532760416666666 0.6676194444444444
0 0.37425572916666666 0.8812416666666667 0.38377968749999997 0.8801842592592592 0.3998510416666667 0.8822990740740742 0.42723229166666665 0.8812416666666667 0.4492557291666667 0.8801842592592592 0.45818437500000003 0.8812416666666667 0.471875 0.8833564814814815 0.4825890625 0.8770111111111112 0.4891369791666667 0.8674935185185185 0.49092239583333336 0.8516305555555556 0.47723229166666664 0.8399981481481481 0.460565625 0.8421129629629629 0.4492557291666667 0.8569185185185185 0.43973229166666666 0.857975925925926 0.42782760416666665 0.8569185185185185 0.41354166666666664 0.8516305555555556 0.40342239583333334 0.8537453703703703 0.3921130208333333 0.8558611111111112 0.3819942708333333 0.8600907407407408 0.36830364583333336 0.8622064814814815 0.3641369791666667 0.8706666666666667 0.3736609375 0.8854722222222222 0.37306562499999996 0.8822990740740742
0 0.4974703125 0.8505731481481482 0.49330364583333336 0.8706666666666667 0.496875 0.8865296296296297 0.5123510416666667 0.8822990740740742 0.5248510416666667 0.8748962962962963 0.535565625 0.8590333333333333 0.5546130208333333 0.8389398148148147 0.5742557291666667 0.82625 0.5885416666666666 0.8072138888888889 0.5974703125 0.7860638888888889 0.5825890625 0.7924083333333334 0.5653276041666667 0.8061564814814814 0.5462796875 0.8273074074074074 0.5290177083333334 0.8421129629629629 0.5183036458333333 0.8452851851851853 0.5046130208333334 0.8484583333333333 0.4962796875 0.8505731481481482 0.49925572916666666 0.8495157407407408 0.5010416666666667 0.8474009259259259 0.4944942708333333 0.8421129629629629
0 0.5319942708333333 0.8780694444444445 0.535565625 0.8643212962962963 0.5433036458333333 0.857975925925926 0.5617557291666666 0.852687962962963 0.5772322916666667 0.8558611111111112 0.5938989583333334 0.8505731481481482 0.6099703125 0.8325953703703703 0.6230656250000001 0.8146166666666667 0.6183036458333333 0.8399981481481481 0.6052083333333333 0.8548037037037037 0.5885416666666666 0.871724074074074 0.5772322916666667 0.8854722222222222 0.5617557291666666 0.892875 0.5498510416666667 0.8960472222222222 0.5302083333333333 0.8801842592592592
0 0.6266369791666667 0.7659703703703704 0.6230656250000001 0.7384740740740741 0.6236609375000001 0.7152083333333333 0.6266369791666667 0.7035759259259259 0.6349703125 0.6961731481481481 0.6462796875 0.6951157407407408 0.6510416666666666 0.7046333333333333 0.6563989583333334 0.7215537037037038 0.6587796874999999 0.7395314814814814 0.6671130208333333 0.7522222222222222 0.6754463541666667 0.759625 0.6825890625 0.7363592592592593 0.6784223958333333 0.7130935185185184 0.6677083333333333 0.6940574074074074 0.6563989583333334 0.6739648148148147 0.6361609375 0.6707916666666667 0.6296130208333334 0.6781944444444444 0.6183036458333333 0.6887703703703704 0.6129463541666667 0.7130935185185184 0.6171130208333333 0.7405898148148148
0 0.6339286458333333 0.6431212962962963 0.6415177083333333 0.6274333333333334 0.6629463541666667 0.6274333333333334 0.6784223958333333 0.6221453703703704 0.7004463541666667 0.631662962962963 0.7165177083333333 0.6295481481481482 0.7284223958333332 0.6274333333333334 0.7385416666666667 0.6179148148148148 0.7552083333333334 0.6253175925925926 0.7677083333333333 0.6443537037037037 0.7665177083333333 0.6538712962962964 0.7552083333333334 0.6602166666666667 0.7302083333333333 0.6644472222222222 0.7141369791666666 0.6581018518518519 0.6909223958333333 0.6549287037037037 0.6754463541666667 0.6485833333333334 0.6581843749999999 0.6443537037037037 0.6528276041666667 0.6401231481481481
0 0.7001489583333333 0.6933518518518519 0.6715776041666667 0.6647981481481481 0.701934375 0.6785462962962964 0.7177083333333333 0.6644472222222222 0.7278276041666667 0.6655046296296296 0.7438989583333334 0.6655046296296296 0.7623510416666667 0.6633888888888889 0.771875 0.6707916666666667 0.7909223958333332 0.671849074074074 0.8022322916666667 0.6803101851851852 0.809375 0.6993453703703704 0.8052083333333333 0.7099203703703704 0.7873510416666666 0.7014601851851852 0.7665177083333333 0.6951148148148149 0.7474703125000001 0.6908851851851852 0.734375 0.6982879629629629 0.7242557291666666 0.7078055555555555 0.7147322916666667 0.7056907407407407 0.704315625 0.7081574074074074 0.7037203125 0.7451712962962963 0.6971723958333332 0.7039268518518519
0 0.7248510416666666 0.605225 0.7313989583333333 0.5925342592592593 0.7486609375000001 0.6020518518518518 0.759375 0.6020518518518518 0.7742557291666666 0.6136851851851851 0.7992562499999999 0.6411814814814815 0.8194942708333334 0.6623314814814815 0.8325890625 0.6781944444444444 0.8385416666666666 0.7152083333333333 0.8224703125 0.733187037037037 0.8129463541666666 0.7130935185185184 0.8040177083333333 0.6845398148148149 0.7909223958333332 0.6644472222222222 0.7671130208333333 0.636950925925926 0.745684375 0.6136851851851851 0.7242557291666666 0.6062824074074074 0.7236609375 0.5988796296296296
0 0.6034223958333332 0.8679898148148147 0.5992557291666666 0.8854722222222222 0.6117562499999999 0.8897018518518519 0.6236609375000001 0.8791268518518518 0.6319942708333334 0.8664361111111111 0.6486609375000001 0.8495157407407408 0.660565625 0.8283648148148148 0.6486609375000001 0.8241351851851852 0.6385416666666667 0.8241351851851852 0.6278276041666667 0.8431703703703703 0.6165177083333333 0.8484583333333333 0.6040177083333333 0.8653787037037037
0 0.6046130208333333 0.8897018518518519 0.598065625 0.8992194444444445 0.6046130208333333 0.9087379629629629 0.6212796875 0.8992194444444445 0.6397322916666667 0.892875 0.6677083333333333 0.8738388888888888 0.6879463541666666 0.8516305555555556 0.7022322916666667 0.8484583333333333 0.7141369791666666 0.8325953703703703 0.7254463541666667 0.8125018518518518 0.7260416666666667 0.7934657407407407 0.7123510416666666 0.7860638888888889 0.6992557291666667 0.7966388888888889 0.684375 0.8125018518518518 0.6617557291666666 0.8378824074074074 0.645684375 0.8537453703703703 0.6236609375000001 0.8770111111111112 0.6135416666666667 0.8886444444444445 0.6087796875 0.8960472222222222
0 0.6938989583333334 0.8548037037037037 0.6879463541666666 0.8674935185185185 0.6879463541666666 0.8854722222222222 0.7028276041666667 0.8875870370370371 0.723065625 0.8748962962962963 0.7349703125 0.8410555555555556 0.7421130208333333 0.8072138888888889 0.746875 0.7691425925925925 0.7516369791666667 0.7278990740740741 0.7492557291666666 0.714150925925926 0.7308036458333333 0.7405898148148148 0.7296130208333333 0.7670277777777778 0.7284223958333332 0.805099074074074 0.7242557291666666 0.8230768518518519 0.7117557291666666 0.8410555555555556 0.7034223958333333 0.8537453703703703 0.695684375 0.8537453703703703
0 0.6584822916666667 0.774074074074074 0.6403276041666667 0.7892361111111111 0.634375 0.8040416666666667 0.6403276041666667 0.82625 0.6641369791666667 0.8220194444444444 0.6736609375 0.8093296296296296 0.684375 0.7966388888888889 0.7034223958333333 0.7765453703703703 0.7254463541666667 0.7553953703703704 0.7308036458333333 0.7384740740740741 0.7379463541666667 0.7183814814814815 0.7552083333333334 0.6993453703703704 0.7486609375000001 0.6919425925925926 0.735565625 0.7025185185185185 0.721875 0.7152083333333333 0.708184375 0.7384740740740741 0.7022322916666667 0.7522222222222222 0.6873510416666666 0.7627972222222222 0.6688989583333333 0.7712583333333333 0.6611609375 0.7733731481481482 0.6563989583333334 0.775487962962963
0 0.8147322916666667 0.7529101851851853 0.8266369791666667 0.7585675925925927 0.820684375 0.7839481481481482 0.8034223958333333 0.7934657407407407 0.7915177083333333 0.8135592592592593 0.7813989583333334 0.82625 0.7653276041666667 0.8283648148148148 0.7522322916666667 0.8251925925925926 0.7433036458333333 0.8167324074074074 0.7444942708333334 0.7998111111111111 0.7540177083333333 0.8135592592592593 0.7671130208333333 0.8114444444444444 0.7772322916666667 0.8029842592592592 0.7909223958333332 0.7860638888888889 0.8040177083333333 0.764912962962963
0 0.7373510416666667 0.846825 0.7290177083333333 0.8706666666666667 0.721875 0.8844138888888889 0.7319942708333333 0.8992194444444445 0.7522322916666667 0.8865296296296297 0.7694942708333333 0.8653787037037037 0.7885416666666667 0.8505731481481482 0.8165177083333333 0.8146166666666667 0.8334822916666667 0.794875 0.8376489583333334 0.7768972222222222 0.8459822916666667 0.7599768518518518 0.8409229166666666 0.7501074074074074 0.8296130208333333 0.7670277777777778 0.8254463541666667 0.7902935185185186 0.809375 0.7934657407407407 0.7837796874999999 0.8304796296296296 0.7683036458333333 0.8325953703703703 0.7540177083333333 0.8347101851851851
0 0.7938989583333333 0.38102685185185187 0.8034223958333333 0.3641064814814815 0.8075890625 0.34824351851851854 0.8046130208333333 0.33132314814814817 0.798065625 0.317575 0.7885416666666667 0.31334537037037036 0.7712796875 0.33555277777777776 0.7552083333333334 0.368337037037037 0.7480656250000001 0.41169537037037035 0.7444942708333334 0.44976666666666665 0.7546130208333334 0.4920685185185185 0.760565625 0.5174490740740741 0.7647322916666667 0.48995370370370367 0.7611609375 0.44765185185185186 0.7671130208333333 0.4074657407407407
0 0.7909223958333332 0.10079351851851852 0.8016369791666667 0.09337777777777778 0.8099703125000001 0.10501018518518519 0.8129463541666666 0.1229888888888889 0.8135416666666667 0.14308148148148148 0.8147322916666667 0.17903796296296295 0.8135416666666667 0.2012462962962963 0.8105656250000001 0.22451203703703704 0.8123510416666666 0.2636407407407408 0.8177083333333334 0.28902129629629625 0.8141369791666667 0.29642407407407406 0.7986609375 0.27421574074074073 0.7933036458333333 0.2298 0.7992562499999999 0.19701574074074074 0.796875 0.16634722222222223 0.7909223958333332 0.14096666666666666
0 0.8177083333333334 0.1261611111111111 0.8357145833333333 0.12365740740740742 0.8517859375000001 0.1099101851851852 0.8696427083333333 0.12471481481481482 0.85 0.12154259259259259 0.8404760416666667 0.13106018518518517 0.8450890624999999 0.15154166666666666 0.8456843749999999 0.18961296296296298 0.846875 0.2213388888888889 0.8427083333333333 0.2520074074074074 0.8361609375000001 0.2900787037037037 0.8248510416666667 0.33449537037037036 0.8063989583333334 0.3820851851851852 0.784375 0.4423638888888889 0.7712796875 0.44870925925925925 0.771875 0.4254435185185185 0.7849703125 0.39583240740740744 0.7998510416666667 0.3789120370370371 0.8105656250000001 0.34824351851851854 0.809375 0.33132314814814817 0.8135416666666667 0.31122962962962963 0.8200895833333333 0.29536666666666667 0.8177083333333334 0.2689287037037037 0.8129463541666666 0.24354722222222222 0.8147322916666667 0.2213388888888889 0.8188989583333334 0.1917287037037037 0.8177083333333334 0.16317500000000001
0 0.8638390625 0.18941759259259258 0.8700890625 0.2012462962962963 0.8647322916666667 0.23508703703703704 0.8587796875 0.2689287037037037 0.8510416666666667 0.31334537037037036 0.8444942708333334 0.34612870370370374 0.8296130208333333 0.4053509259259259 0.8135416666666667 0.4603425925925926 0.8004463541666667 0.4846657407407407 0.7915177083333333 0.4645722222222222 0.7998510416666667 0.4339037037037037 0.8052083333333333 0.39266018518518514 0.821875 0.3619916666666667 0.8349703125 0.31122962962962963 0.8438989583333334 0.2615259259259259 0.8510416666666667 0.2139361111111111 0.8617562499999999 0.18538333333333334 0.8617562499999999 0.18855555555555553
0 0.8327380208333334 0.5456009259259259 0.8403276041666667 0.5386 0.8613093749999999 0.5434861111111111 0.8678572916666667 0.5043574074074074 0.8577380208333333 0.5339685185185186 0.8458333333333333 0.5329111111111111 0.8462796874999999 0.4688027777777778 0.8450890624999999 0.4518824074074074 0.8450890624999999 0.4127537037037037 0.8552083333333333 0.36939444444444447 0.8623510416666667 0.32392037037037036 0.858184375 0.2921944444444444 0.8504463541666667 0.3292083333333333 0.8409229166666666 0.37256666666666666 0.8308036458333333 0.41169537037037035 0.8224703125 0.44870925925925925 0.8212796875 0.4804351851851852 0.8184526041666668 0.5064722222222222 0.8267859375000001 0.5371407407407407 0.8077380208333333 0.5826148148148148
