0 0.6385416666666667 0.7518518518518519 0.6286458333333333 0.7925925925925926 0.6208333333333333 0.8148148148148148 0.6130208333333333 0.8351851851851851 0.603125 0.8462962962962963 0.6026041666666667 0.8555555555555555 0.5979166666666667 0.8712962962962963 0.5958333333333333 0.8944444444444445 0.5791666666666667 0.9037037037037037 0.5942708333333333 0.9018518518518519 0.6239583333333333 0.9231481481481482 0.6291666666666667 0.9231481481481482 0.615625 0.9138888888888889 0.6140625 0.9055555555555556 0.6239583333333333 0.8777777777777778 0.6338541666666667 0.8287037037037037 0.6609375 0.7518518518518519 0.6614583333333334 0.7388888888888889 0.665625 0.7203703703703703 0.6651041666666667 0.7083333333333334 0.6619791666666667 0.7037037037037037 0.6583333333333333 0.7055555555555556 0.6520833333333333 0.7287037037037037 0.6463541666666667 0.737037037037037 0.6447916666666667 0.7444444444444445
0 0.6010416666666667 0.41759259259259257 0.5989583333333334 0.42592592592592593 0.603125 0.45092592592592595 0.6197916666666666 0.5055555555555555 0.6359375 0.5518518518518518 0.6479166666666667 0.575925925925926 0.6541666666666667 0.5796296296296296 0.6546875 0.5703703703703704 0.64375 0.5268518518518519 0.6260416666666667 0.47685185185185186 0.6229166666666667 0.44351851851851853 0.6182291666666667 0.42314814814814816 0.6125 0.412962962962963
0 0.45677083333333335 0.07222222222222222 0.4603703125 0.11899722222222221 0.4588541666666667 0.13055555555555556 0.4552083333333333 0.1537037037037037 0.4583333333333333 0.16203703703703703 0.4625 0.1648148148148148 0.4635416666666667 0.13240740740740742 0.46458333333333335 0.12777777777777777 0.46953125 0.12407407407407407 0.48385416666666664 0.12407407407407407 0.5057291666666667 0.11388888888888889 0.5567708333333333 0.10648148148148148 0.5848958333333333 0.09537037037037037 0.6015625 0.09537037037037037 0.6052083333333333 0.09259259259259259 0.6078125 0.08425925925925926 0.603125 0.07407407407407407 0.5734375 0.06574074074074074 0.5484375 0.06759259259259259 0.5098958333333333 0.07685185185185185 0.4942708333333333 0.07314814814814814 0.47604166666666664 0.07685185185185185 0.46265677083333334 0.0864712962962963 0.46151354166666664 0.06715833333333333 0.475 0.05648148148148148 0.4708333333333333 0.05277777777777778 0.4625 0.05462962962962963 0.4588541666666667 0.06111111111111111
0 0.4078125 0.05740740740740741 0.3932291666666667 0.09537037037037037 0.3645833333333333 0.10740740740740741 0.3885416666666667 0.10833333333333334 0.3927083333333333 0.10462962962962963 0.4005208333333333 0.1259259259259259 0.4114583333333333 0.1425925925925926 0.4119791666666667 0.15092592592592594 0.421875 0.15185185185185185 0.4671875 0.22037037037037038 0.4859375 0.23703703703703705 0.49947916666666664 0.23981481481481481 0.5067708333333333 0.24537037037037038 0.5166666666666667 0.24074074074074073 0.5151041666666667 0.23148148148148148 0.5041666666666667 0.2222222222222222 0.4942708333333333 0.20462962962962963 0.46927083333333336 0.17777777777777778 0.4510416666666667 0.1527777777777778 0.4390625 0.13055555555555556 0.43125 0.10648148148148148 0.42135416666666664 0.09351851851851851 0.4078125 0.08333333333333333 0.40729166666666666 0.07685185185185185 0.4114583333333333 0.06111111111111111 0.4197916666666667 0.05277777777777778 0.4166666666666667 0.05555555555555555 0.41510416666666666 0.05185185185185185
0 0.65 0.38055555555555554 0.6489583333333333 0.4064814814814815 0.6447916666666667 0.42685185185185187 0.6458333333333334 0.4398148148148148 0.6494791666666667 0.4425925925925926 0.6557291666666667 0.4361111111111111 0.6697916666666667 0.39166666666666666 0.68125 0.3287037037037037 0.7027312499999999 0.26080925925925924 0.70901875 0.21811851851851852 0.71875 0.20462962962962963 0.7138020833333333 0.2037037037037037 0.6998729166666667 0.19372407407407408 0.6973958333333333 0.18055555555555555 0.6924421875 0.1662796296296296 0.684375 0.15555555555555556 0.68125 0.15925925925925927 0.6885416666666667 0.17222222222222222 0.6921875 0.19074074074074074 0.6895833333333333 0.20277777777777778 0.6838541666666667 0.21203703703703702 0.675 0.24074074074074073 0.6723958333333333 0.2796296296296296
0 0.6640625 0.06759259259259259 0.6672916666666667 0.07273148148148148 0.6619791666666667 0.07962962962962963 0.6615755208333333 0.09001111111111111 0.6575744791666666 0.09407685185185184 0.6546875 0.1037037037037037 0.6526041666666667 0.11296296296296296 0.6458333333333334 0.12685185185185185 0.6213541666666667 0.1425925925925926 0.6348958333333333 0.1425925925925926 0.6546875 0.1361111111111111 0.6854166666666667 0.16574074074074074 0.6911458333333333 0.15925925925925927 0.7369791666666666 0.16111111111111112 0.753125 0.1527777777777778 0.765625 0.14166666666666666 0.7723958333333333 0.14074074074074075 0.78125 0.13148148148148148 0.7828125 0.1259259259259259 0.8015625 0.11944444444444445 0.8072916666666666 0.10833333333333334 0.8020833333333334 0.09907407407407408 0.7947916666666667 0.09814814814814815 0.7713541666666667 0.10648148148148148 0.746875 0.12314814814814815 0.7244791666666667 0.12777777777777777 0.7010161458333334 0.1184712962962963 0.6998729166666667 0.10119166666666667 0.6890125 0.10220833333333333 0.6730078125 0.100175 0.6667197916666667 0.09915925925925925
0 0.8135416666666667 0.5944444444444444 0.8140625 0.612037037037037 0.81875 0.6194444444444445 0.8192708333333333 0.6351851851851852 0.815625 0.6805555555555556 0.8067708333333333 0.7314814814814815 0.8078125 0.7481481481481481 0.803125 0.7675925925925926 0.803125 0.7768518518518519 0.8057291666666667 0.7814814814814814 0.8104166666666667 0.7814814814814814 0.8140625 0.7759259259259259 0.81875 0.7537037037037037 0.8276041666666667 0.7305555555555555 0.8333333333333334 0.6898148148148148 0.8338541666666667 0.6620370370370371 0.840625 0.6305555555555555 0.8453125 0.6305555555555555 0.8494791666666667 0.6111111111111112 0.8456322916666666 0.6044037037037037 0.8462041666666666 0.5667953703703704 0.8572916666666667 0.549074074074074 0.8572916666666667 0.5361111111111111 0.853125 0.5351851851851852 0.8453125 0.5518518518518518 0.8296875 0.5574074074074075
0 0.35104166666666664 0.5398148148148149 0.35 0.5481481481481482 0.3536458333333333 0.5592592592592592 0.36875 0.5805555555555556 0.38697916666666665 0.5907407407407408 0.4348958333333333 0.6324074074074074 0.44947916666666665 0.6388888888888888 0.4578125 0.649074074074074 0.4625 0.65 0.46510416666666665 0.6462962962962963 0.46458333333333335 0.6351851851851852 0.4546875 0.6231481481481481 0.44895833333333335 0.6111111111111112 0.4276041666666667 0.5888888888888889 0.40989583333333335 0.575925925925926 0.38177083333333334 0.5444444444444444 0.3640625 0.5296296296296297 0.3609375 0.5231481481481481 0.3572916666666667 0.5222222222222223
0 0.23072916666666668 0.33055555555555555 0.23020833333333332 0.3472222222222222 0.2328125 0.3611111111111111 0.24635416666666668 0.40370370370370373 0.25 0.4324074074074074 0.2520833333333333 0.4861111111111111 0.25625 0.5157407407407407 0.26666666666666666 0.5546296296296296 0.2708333333333333 0.5592592592592592 0.28020833333333334 0.5583333333333333 0.28177083333333336 0.5555555555555556 0.27239583333333334 0.5222222222222223 0.27239583333333334 0.4962962962962963 0.265625 0.4398148148148148 0.26458333333333334 0.37546296296296294 0.271875 0.3611111111111111 0.26510416666666664 0.3537037037037037 0.25364583333333335 0.31296296296296294 0.2578125 0.2953703703703704 0.2682291666666667 0.27870370370370373 0.259375 0.2814814814814815 0.25052083333333336 0.3037037037037037 0.2359375 0.32037037037037036
0 0.27447916666666666 0.18981481481481483 0.2682291666666667 0.24722222222222223 0.26875 0.25462962962962965 0.27239583333333334 0.25925925925925924 0.27739166666666665 0.24500462962962966 0.29195885416666667 0.2539712962962963 0.32053333333333334 0.2609453703703704 0.3484375 0.26296296296296295 0.3671875 0.27037037037037037 0.3848958333333333 0.2722222222222222 0.4114583333333333 0.26666666666666666 0.41822916666666665 0.25555555555555554 0.41770833333333335 0.2490740740740741 0.4119791666666667 0.24351851851851852 0.3416666666666667 0.2351851851851852 0.3121291666666667 0.21810462962962962 0.3143703125 0.20216296296296296 0.2857958333333333 0.20017037037037036 0.2796875 0.18425925925925926 0.2760416666666667 0.18518518518518517
0 0.26875 0.8064814814814815 0.24825677083333333 0.852825925925926 0.26450520833333335 0.8309074074074074 0.275 0.8462962962962963 0.29644114583333336 0.8737490740740741 0.29700156250000004 0.8597999999999999 0.30885416666666665 0.862037037037037 0.3234375 0.8731481481481481 0.35260416666666666 0.8824074074074074 0.36875 0.8824074074074074 0.3854166666666667 0.8722222222222222 0.39427083333333335 0.8592592592592593 0.40260416666666665 0.8564814814814815 0.4005208333333333 0.8481481481481481 0.38125 0.8527777777777777 0.375 0.8490740740740741 0.34322916666666664 0.8481481481481481 0.32708333333333334 0.8435185185185186 0.31302083333333336 0.8324074074074074 0.3067708333333333 0.8138888888888889 0.28177083333333336 0.8027777777777778 0.26954791666666666 0.789062037037037 0.26002291666666666 0.7322722222222222
0 0.3830953125 0.8740740740740741 0.3804838541666667 0.8906861111111112 0.38328541666666666 0.9026416666666667 0.3760015625 0.9225685185185185 0.3872072916666667 0.9046342592592592 0.40009374999999997 0.9096157407407407 0.4112994791666667 0.9056305555555556 0.4225052083333333 0.9126046296296296 0.41578177083333334 0.8986564814814815 0.4376328125 0.893675 0.45948385416666665 0.8896898148148148 0.48525677083333335 0.8896898148148148 0.4942213541666666 0.8767379629629629 0.5127109375 0.8757416666666668 0.5127109375 0.8617925925925926 0.5082286458333333 0.8548185185185184 0.48861875 0.8607962962962963 0.4880583333333333 0.852825925925926 0.467328125 0.8538222222222223 0.45500156249999996 0.8607962962962963 0.43875364583333337 0.8617925925925926 0.41634218749999996 0.8627888888888889 0.41634218749999996 0.852825925925926 0.405696875 0.8607962962962963 0.39449114583333333 0.8558148148148148 0.38944843749999997 0.8627888888888889
0 0.2876572916666667 0.5626194444444444 0.2885973958333333 0.5763314814814815 0.2942 0.5942648148148149 0.29756197916666666 0.6141916666666667 0.3003635416666667 0.6251509259259259 0.3054057291666667 0.6191731481481482 0.3143703125 0.6390990740740741 0.33173906249999996 0.6709814814814814 0.3547109375 0.7088416666666666 0.3760015625 0.7387305555555556 0.39897343749999997 0.7447083333333333 0.405696875 0.7447083333333333 0.3888880208333333 0.7178083333333333 0.3681578125 0.6909074074074074 0.36255468750000003 0.6709814814814814 0.3485479166666667 0.649062037037037 0.33622135416666665 0.6191731481481482 0.3278171875 0.5922722222222222 0.33061875 0.5862944444444445 0.31941302083333334 0.5773277777777778 0.31380989583333335 0.554412037037037 0.303725 0.5424564814814814 0.309328125 0.510575 0.31605104166666664 0.48068518518518516 0.3199734375 0.46872962962962966 0.31268958333333335 0.4816814814814815 0.30820729166666666 0.5055925925925926 0.3054057291666667 0.5195416666666667 0.3003635416666667 0.5374749999999999 0.2953208333333333 0.5444490740740741 0.290278125 0.5484342592592593 0.28075364583333334 0.5524194444444445 0.2779520833333333 0.5534157407407407 0.28747656250000003 0.5603907407407407
0 0.39205625000000005 0.4423388888888889 0.38104427083333337 0.4418287037037037 0.37712239583333335 0.4507953703703704 0.3709588541666667 0.4438212962962963 0.35583125 0.4617555555555556 0.34294479166666664 0.48566666666666664 0.33061875 0.5085814814814815 0.3244557291666667 0.5145601851851852 0.31941302083333334 0.5115712962962963 0.31941302083333334 0.5235268518518519 0.3154911458333334 0.5314972222222223 0.309328125 0.5414601851851852 0.309328125 0.5583972222222222 0.3149307291666667 0.5653722222222222 0.325015625 0.5603907407407407 0.33622135416666665 0.5454453703703704 0.3367817708333333 0.5295046296296296 0.3451859375 0.5095777777777778 0.35527135416666666 0.49762222222222224 0.3659166666666666 0.4826777777777778 0.378803125 0.4707222222222222 0.3804838541666667 0.4617555555555556 0.38944843749999997 0.452787962962963
0 0.29603697916666666 0.6451240740740741 0.293728125 0.6551259259259259 0.3011744791666667 0.6730962962962963 0.309684375 0.6905925925925926 0.317928125 0.7009962962962963 0.3306932291666667 0.6972138888888889 0.3426604166666667 0.7043064814814815 0.35569114583333333 0.7099814814814814 0.3357458333333333 0.6806620370370371 0.3208536458333333 0.6555990740740741 0.31447135416666666 0.640938888888889 0.30782291666666667 0.6376287037037037 0.29931302083333333 0.6395203703703704 0.29425989583333334 0.6276981481481482 0.2862822916666667 0.6031074074074074 0.28468645833333334 0.5865564814814814 0.28362291666666667 0.6002703703703703 0.2892072916666667 0.6210777777777778 0.29665364583333337 0.6395203703703704
0 0.253503125 0.6300009259259259 0.258890625 0.618712962962963 0.2628796875 0.6135111111111111 0.26713489583333333 0.5955416666666666 0.27724010416666667 0.5823 0.2689963541666666 0.5988518518518519 0.2658052083333333 0.6139842592592593 0.26713489583333333 0.6201314814814815 0.27644270833333334 0.6295898148148148 0.28388854166666666 0.6381018518518519 0.2913348958333334 0.6381018518518519 0.29106875 0.6513425925925926 0.299046875 0.666475 0.30995052083333335 0.6920120370370371 0.3187260416666666 0.7014694444444445 0.331225 0.6972138888888889 0.34239427083333335 0.7052527777777777 0.35489322916666666 0.717075 0.3407984375 0.7166018518518518 0.3221833333333333 0.7061981481481481 0.30702500000000005 0.7005240740740741 0.2865479166666667 0.6929574074074074 0.2727192708333333 0.6782981481481482 0.269528125 0.6872824074074074 0.26686875000000004 0.6735685185185185 0.2607526041666667 0.6612731481481481 0.25543385416666664 0.6442490740740741 0.25304010416666667 0.6390472222222223 0.2493171875 0.6461407407407407 0.2439984375 0.6603277777777777 0.2394776041666667 0.6820805555555556 0.24080729166666667 0.663637962962963 0.24559427083333332 0.6461407407407407 0.25091302083333333 0.6362101851851851
0 0.3966395833333333 0.6688444444444445 0.4052447916666667 0.6750046296296296 0.4089041666666667 0.6750046296296296 0.4136890625 0.6709999999999999 0.4136890625 0.6559842592592592 0.41988177083333333 0.6324583333333332 0.42269687499999997 0.624449074074074 0.4179114583333333 0.6494768518518518 0.4181932291666667 0.669499074074074 0.42269687499999997 0.6785083333333333 0.43085989583333334 0.6925240740740741 0.4364895833333333 0.704537037037037 0.44268229166666667 0.7115444444444444 0.4381786458333333 0.7135472222222222 0.4480307291666667 0.7315666666666667 0.4618234375 0.7495861111111111 0.47420885416666664 0.7646027777777777 0.48575 0.7781175925925926 0.49363125 0.7891296296296296 0.49335 0.8001416666666666 0.5062984375 0.8086509259259259 0.5088317708333333 0.818162037037037 0.5077057291666667 0.8256703703703704 0.49813541666666666 0.8236675925925926 0.4880015625 0.8106537037037037 0.4812458333333333 0.8111537037037038 0.45985312500000003 0.7861268518518519 0.43451927083333336 0.7505879629629629 0.4277635416666667 0.7280629629629629 0.41228177083333334 0.71605 0.408059375 0.693025 0.40552604166666667 0.682012037037037
0 0.3525182291666667 0.6504361111111111 0.3624588541666667 0.6609898148148149 0.3697770833333333 0.6544824074074074 0.37399947916666665 0.6524805555555555 0.37822187500000004 0.6339601851851852 0.38441458333333334 0.6239490740740741 0.3908890625 0.6214462962962963 0.3987703125 0.6329583333333334 0.3911703125 0.624449074074074 0.3835703125 0.6334592592592593 0.37822187500000004 0.6509787037037037 0.38694791666666667 0.659487962962963 0.3990520833333333 0.681512037037037 0.4083411458333333 0.704037037037037 0.41875572916666665 0.7205546296296296 0.42804479166666665 0.7285638888888889 0.4331119791666667 0.7465833333333333 0.45169010416666666 0.7721111111111111 0.44774895833333334 0.773112037037037 0.4322671875 0.7631009259259259 0.4165041666666667 0.7490861111111111 0.40411875 0.7355712962962964 0.39201458333333333 0.7195537037037038 0.3773776041666667 0.7030351851851852 0.36949583333333336 0.6890203703703704 0.3655552083333333 0.6750046296296296 0.3616140625 0.6689981481481482
0 0.634375 0.4675925925925926 0.6338541666666667 0.4777777777777778 0.640625 0.4842592592592593 0.6536458333333334 0.48148148148148145 0.6671875 0.48333333333333334 0.6786458333333333 0.4777777777777778 0.7083333333333334 0.44814814814814813 0.7359375 0.41388888888888886 0.740625 0.41203703703703703 0.7479166666666667 0.41944444444444445 0.7520833333333333 0.4027777777777778 0.76 0.3924074074074074 0.7708333333333334 0.36944444444444446 0.7833333333333333 0.3685185185185185 0.784375 0.362962962962963 0.7729166666666667 0.35555555555555557 0.7640625 0.3212962962962963 0.759375 0.31574074074074077 0.7552083333333334 0.3175925925925926 0.7536458333333333 0.3212962962962963 0.7578125 0.3287037037037037 0.7557291666666667 0.33796296296296297 0.7395833333333334 0.35185185185185186 0.7359375 0.35833333333333334 0.7286458333333333 0.3611111111111111 0.728125 0.3731481481481482 0.7244791666666667 0.38333333333333336 0.7109375 0.4046296296296296 0.6947916666666667 0.42407407407407405 0.6588541666666666 0.44814814814814813 0.6510416666666666 0.4601851851851852
0 0.7833333333333333 0.12777777777777777 0.7833333333333333 0.13796296296296295 0.79375 0.16296296296296298 0.7989583333333333 0.1925925925925926 0.815625 0.23425925925925925 0.8219052083333334 0.2887574074074074 0.8211020833333333 0.32517870370370366 0.8130697916666667 0.3316064814814815 0.8182906249999999 0.3601722222222222 0.8211020833333333 0.39767685185185186 0.8279291666666667 0.41838703703703706 0.8114583333333333 0.44537037037037036 0.7979166666666667 0.4638888888888889 0.7989583333333333 0.46574074074074073 0.8151041666666666 0.45 0.8207005208333332 0.4398111111111111 0.8229166666666666 0.4351851851851852 0.83125 0.42592592592592593 0.84375 0.42407407407407405 0.8503005208333333 0.4259027777777778 0.8583333333333333 0.4361111111111111 0.8651041666666667 0.4351851851851852 0.86875 0.425 0.8694052083333333 0.4268203703703704 0.8673401041666666 0.4259027777777778 0.8603692708333334 0.4304935185185185 0.8554640625 0.42498425925925926 0.8560411458333334 0.41838703703703706 0.8523656249999999 0.4130481481481481 0.85625 0.39444444444444443 0.8578125 0.3768518518518518 0.8552083333333333 0.362962962962963 0.8541666666666666 0.32685185185185184 0.8286458333333333 0.1935185185185185 0.8177083333333334 0.16203703703703703 0.8140625 0.15462962962962962 0.8057291666666667 0.14814814814814814 0.7984375 0.12962962962962962 0.7927083333333333 0.12407407407407407
0 0.7359619791666667 0.16484166666666666 0.7423880208333333 0.16484166666666666 0.754034375 0.15198703703703703 0.7456005208333334 0.17055462962962964 0.7476088541666667 0.1869796296296296 0.7391749999999999 0.23768425925925926 0.7311427083333334 0.2805324074074074 0.7231109375 0.31981018518518517 0.7202994791666666 0.34551944444444443 0.7154802083333334 0.3540888888888889 0.7158822916666666 0.3776555555555556 0.7102598958333334 0.3883675925925926 0.7022276041666667 0.38336944444444443 0.7058421875 0.35694537037037033 0.7018260416666667 0.34052037037037036 0.70785 0.28624537037037034 0.7186932291666667 0.25196666666666667 0.7207010416666667 0.21126111111111112 0.7150786458333334 0.2084037037037037 0.7231109375 0.20197685185185185 0.7283317708333333 0.1748398148148148 0.7283317708333333 0.16841203703703703 0.7211031250000001 0.1598425925925926 0.7323479166666667 0.16269907407407408
0 0.7516244791666666 0.17126851851851851 0.7576489583333333 0.14627407407407408 0.7676885416666667 0.1377037037037037 0.7761223958333333 0.1427027777777778 0.7861625 0.1377037037037037 0.7741145833333333 0.15270092592592593 0.7777286458333333 0.16127037037037037 0.7749177083333334 0.16841203703703703 0.771303125 0.1898361111111111 0.7749177083333334 0.20054814814814817 0.771303125 0.20054814814814817 0.7680906249999999 0.1962638888888889 0.7568453125 0.22411481481481482 0.7496166666666666 0.25125277777777777 0.7387734375 0.2819611111111111 0.7255203125 0.31409722222222225 0.7331510416666667 0.27196296296296296 0.739978125 0.23125648148148148 0.7476088541666667 0.1919787037037037
0 0.8305333333333333 0.45409166666666667 0.8251177083333334 0.4701740740740741 0.8235114583333334 0.48445740740740745 0.8174875 0.49231296296296295 0.8170859375 0.5051675925925926 0.8207005208333332 0.5144509259259259 0.81588125 0.5415888888888889 0.8070458333333334 0.5815805555555555 0.8002187500000001 0.6065759259259259 0.8038328124999999 0.6122888888888889 0.7986119791666667 0.628 0.801021875 0.639425925925926 0.8070458333333334 0.6415685185185185 0.8126682291666667 0.6187157407407408 0.8138729166666666 0.595149074074074 0.8231098958333334 0.5751537037037038 0.8279291666666667 0.5508722222222222 0.8399770833333334 0.5094527777777778 0.8472062499999999 0.5087379629629629 0.8439932291666667 0.49374074074074076 0.8488125 0.4766018518518519 0.8476078125 0.46517592592592594 0.8468041666666667 0.45589166666666664 0.8548364583333333 0.45446296296296296 0.8528286458333334 0.48160092592592596 0.8572458333333334 0.48588518518518514 0.8580494791666666 0.46089074074074077 0.8548364583333333 0.44303703703703706 0.8464026041666667 0.45089259259259257 0.8395755208333333 0.4458935185185185 0.8311421874999999 0.4258972222222222 0.83475625 0.44446574074074074 0.8219052083333334 0.4466074074074074 0.8138729166666666 0.45017870370370366
0 0.7117020833333334 0.5985453703703704 0.7146770833333334 0.5844370370370371 0.72511875 0.5808666666666666 0.7243156249999999 0.5672981481481482 0.7427895833333333 0.5494444444444444 0.7648776041666667 0.5344472222222222 0.7805401041666666 0.5215925925925926 0.7841546875 0.5037388888888888 0.7933911458333333 0.5115944444444445 0.8118651041666667 0.503025 0.8186921875 0.5094527777777778 0.8215036458333334 0.524449074074074 0.8150776041666667 0.540875 0.8006203125 0.5537287037037038 0.7889734374999999 0.5601564814814816 0.7958010416666668 0.5501583333333334 0.7793354166666667 0.5601564814814816 0.7640744791666666 0.5708685185185185 0.7460020833333334 0.5872935185185185 0.7347572916666666 0.5958638888888889 0.7267255208333334 0.59015 0.7178901041666667 0.6008629629629629
0 0.5232776041666667 0.3890416666666667 0.516659375 0.3957833333333334 0.5160036458333334 0.40628148148148147 0.5261713541666667 0.41503055555555557 0.547490625 0.40861481481481476 0.5655296875 0.39928240740740745 0.5861927083333334 0.39228425925925925 0.6009520833333333 0.39461666666666667 0.614071875 0.4068648148148148 0.6196473958333333 0.40161574074074075 0.6324390624999999 0.41036388888888886 0.6389989583333333 0.4121138888888889 0.6370307291666666 0.4027824074074074 0.6324390624999999 0.3963666666666667 0.6235833333333333 0.38936759259259257 0.6166958333333333 0.37711944444444445 0.6032484375 0.3707037037037037 0.5783213541666666 0.3701203703703704 0.5596260416666666 0.37595277777777775 0.5363385416666666 0.38178518518518517
0 0.47003229166666666 0.4706444444444444 0.47533333333333333 0.4611055555555556 0.4881244791666666 0.4564398148148148 0.4881244791666666 0.44769166666666665 0.5058359375 0.43019444444444443 0.5225635416666666 0.42086203703703706 0.5419145833333334 0.4109472222222222 0.5655296875 0.39811574074074074 0.5819291666666667 0.3940333333333333 0.5940645833333333 0.39344999999999997 0.5937364583333333 0.4033657407407407 0.5957046874999999 0.4138638888888889 0.6002963541666666 0.424362037037037 0.591440625 0.41444722222222224 0.5871770833333334 0.42611203703703704 0.56979375 0.4331101851851852 0.5576578125 0.43252685185185186 0.5432265624999999 0.4383592592592593 0.5087880208333334 0.4681046296296296 0.4930442708333333 0.47452037037037037 0.4891088541666667 0.4710212962962963 0.4779572916666667 0.47801944444444444 0.4730375 0.4791861111111111
0 0.4010484375 0.3424111111111111 0.40842395833333334 0.35787314814814813 0.41695156250000004 0.3648712962962963 0.42679114583333333 0.37303703703703706 0.4320390625 0.3794527777777778 0.43728645833333335 0.371287037037037 0.44647031249999997 0.36778796296296296 0.45958958333333333 0.36020555555555556 0.4668057291666667 0.3462083333333333 0.47041354166666666 0.36253888888888885 0.4881244791666666 0.35845648148148146 0.50255625 0.3590388888888889 0.5268270833333334 0.3462083333333333 0.5507703125 0.33512685185185187 0.5681536458333334 0.3322101851851852 0.5786489583333334 0.3322101851851852 0.5806171875 0.3415416666666667 0.5970166666666666 0.3403759259259259 0.6065281250000001 0.34562499999999996 0.6111197916666666 0.35962222222222223 0.6075119791666667 0.369537962962963 0.5779932291666667 0.3707037037037037 0.5369947916666666 0.38003611111111113 0.5123958333333333 0.39811574074074074 0.5038682291666666 0.39811574074074074 0.48976458333333334 0.4045314814814815 0.47434895833333335 0.417362962962963 0.4809088541666667 0.4348601851851852 0.46549375000000004 0.42086203703703706 0.4510619791666667 0.4237787037037037 0.44056666666666666 0.4237787037037037 0.4346625 0.4179462962962963 0.42843072916666664 0.42727777777777776 0.4182635416666667 0.44710833333333333 0.41071979166666667 0.46868796296296295 0.41695156250000004 0.44419166666666665 0.42777499999999996 0.41503055555555557 0.42679114583333333 0.39928240740740745 0.4251510416666667 0.3870342592592593 0.41793541666666667 0.3742037037037037 0.4087515625 0.36370555555555556
