0 0.6124609375 0.3018722222222222 0.6270833333333333 0.3111111111111111 0.6171875 0.30092592592592593 0.6130208333333333 0.2861111111111111 0.6192708333333333 0.2611111111111111 0.6192708333333333 0.24722222222222223 0.6166666666666667 0.25833333333333336 0.6072916666666667 0.275 0.5864583333333333 0.2851851851851852 0.5723958333333333 0.29907407407407405 0.5640625 0.30092592592592593 0.5317708333333333 0.3212962962962963 0.515625 0.3472222222222222 0.5078125 0.3490740740740741 0.5125 0.3638888888888889 0.5730364583333334 0.3239777777777778 0.595221875 0.3183842592592593 0.6124609375 0.3018722222222222
0 0.596875 0.20251111111111111 0.6114583333333333 0.1849185185185185 0.6151041666666667 0.17288148148148147 0.6229166666666667 0.15899259259259257 0.6244791666666667 0.1414 0.6192708333333333 0.13954814814814814 0.6088541666666667 0.15714074074074072 0.565625 0.1951037037037037 0.5307291666666667 0.20158518518518517 0.5182291666666666 0.22288148148148146 0.5182291666666666 0.23954814814814815 0.5036458333333333 0.2636222222222222 0.5098958333333333 0.2636222222222222 0.5246182291666667 0.24244629629629627 0.5334625000000001 0.24404444444444442 0.596875 0.20251111111111111
0 0.3067708333333333 0.17314814814814813 0.31666666666666665 0.18425925925925926 0.3536458333333333 0.24074074074074073 0.36875 0.25555555555555554 0.3927083333333333 0.27037037037037037 0.4005208333333333 0.26944444444444443 0.4036458333333333 0.26481481481481484 0.403125 0.25555555555555554 0.4005208333333333 0.25 0.38958333333333334 0.24166666666666667 0.3807291666666667 0.22685185185185186 0.340625 0.18703703703703703 0.32011510416666666 0.14661388888888888 0.31576770833333334 0.1255740740740741 0.310071875 0.11252407407407407 0.29493177083333333 0.09521296296296296 0.29942864583333334 0.08322870370370371 0.3109375 0.06388888888888888 0.30625 0.06296296296296296 0.2916666666666667 0.09351851851851851 0.28229166666666666 0.10833333333333334 0.2713541666666667 0.11851851851851852 0.2708333333333333 0.12962962962962962 0.2757442708333333 0.11811666666666668 0.2833890625 0.11412222222222222 0.2862369791666667 0.1253074074074074 0.2953125 0.1527777777777778 0.3067708333333333 0.17314814814814813
0 0.5244791666666667 0.2101851851851852 0.5296875 0.20277777777777778 0.5328125 0.1824074074074074 0.5333333333333333 0.1527777777777778 0.5291666666666667 0.13703703703703704 0.5234375 0.13240740740740742 0.5135416666666667 0.11203703703703703 0.5119791666666667 0.11481481481481481 0.5135416666666667 0.12222222222222222 0.5171875 0.1259259259259259 0.5208333333333334 0.13703703703703704 0.5234375 0.15648148148148147 0.5234375 0.1724537037037037 0.5171875 0.19537037037037036 0.5052083333333334 0.20925925925925926 0.4869791666666667 0.21203703703703702 0.4765625 0.2175925925925926 0.4666666666666667 0.23148148148148148 0.46482500000000004 0.24945462962962964 0.4744791666666667 0.25833333333333336 0.4828125 0.2574074074074074 0.49895833333333334 0.2462962962962963 0.521875 0.22037037037037038 0.5244791666666667 0.2101851851851852
0 0.8104166666666667 0.27685185185185185 0.8151041666666666 0.27314814814814814 0.81875 0.27870370370370373 0.8229166666666666 0.31851851851851853 0.8229166666666666 0.35462962962962963 0.8171875 0.4203703703703704 0.8109375 0.43703703703703706 0.80625 0.46111111111111114 0.7921875 0.4935185185185185 0.7942708333333334 0.5009259259259259 0.7973958333333333 0.5018518518518519 0.8026041666666667 0.5 0.8098958333333334 0.49074074074074076 0.8276041666666667 0.45 0.8364583333333333 0.4074074074074074 0.8442708333333333 0.3277777777777778 0.8572916666666667 0.275 0.8505208333333333 0.21944444444444444 0.84375 0.18888888888888888 0.8463541666666666 0.17222222222222222 0.8557291666666667 0.15462962962962962 0.8546875 0.14629629629629629 0.8510416666666667 0.14166666666666666 0.8463541666666666 0.1425925925925926 0.8390625 0.17314814814814813 0.8348958333333333 0.17962962962962964 0.8177083333333334 0.17685185185185184 0.8020833333333334 0.15092592592592594 0.7979166666666667 0.14814814814814814 0.7984375 0.1537037037037037 0.8182291666666667 0.1935185185185185 0.815625 0.21851851851851853 0.815625 0.25 0.8104166666666667 0.2675925925925926 0.8104166666666667 0.27685185185185185
0 0.68984375 0.11481481481481481 0.7182291666666667 0.11851851851851852 0.73125 0.11388888888888889 0.7505208333333333 0.09907407407407408 0.7458333333333333 0.06944444444444445 0.7385416666666667 0.06018518518518518 0.7291666666666666 0.058333333333333334 0.7223958333333333 0.06574074074074074 0.7119791666666667 0.06574074074074074 0.7057291666666666 0.07407407407407407 0.6932291666666667 0.07962962962962963 0.6416666666666667 0.08425925925925926 0.6052083333333333 0.10092592592592593 0.6026041666666667 0.11018518518518519 0.6067708333333334 0.11851851851851852 0.6244791666666667 0.1175925925925926 0.63125 0.12222222222222222 0.6432291666666666 0.12222222222222222 0.68984375 0.11481481481481481
0 0.6239583333333333 0.6462962962962963 0.6203125 0.6055555555555555 0.6223958333333334 0.5888888888888889 0.6333333333333333 0.5648148148148148 0.6447916666666667 0.5555555555555556 0.6598958333333333 0.5518518518518518 0.6942708333333333 0.5518518518518518 0.7046875 0.5583333333333333 0.7119791666666667 0.5583333333333333 0.7322916666666667 0.55 0.7364583333333333 0.5444444444444444 0.7489583333333333 0.5546296296296296 0.7682291666666666 0.5898148148148148 0.7640625 0.5731481481481482 0.74375 0.5388888888888889 0.7421875 0.5185185185185185 0.7447916666666666 0.5074074074074074 0.7552083333333334 0.48703703703703705 0.7640625 0.462037037037037 0.759375 0.46574074074074073 0.74375 0.4962962962962963 0.7359375 0.5055555555555555 0.7307291666666667 0.5018518518518519 0.6953125 0.49537037037037035 0.6932291666666667 0.4981481481481482 0.6927083333333334 0.5074074074074074 0.6890625 0.5120370370370371 0.6432291666666666 0.5324074074074074 0.6255208333333333 0.5527777777777778 0.615625 0.5722222222222222 0.6119791666666666 0.587037037037037 0.6114583333333333 0.6 0.6140625 0.6194444444444445 0.6125 0.637962962962963 0.6145833333333334 0.6453703703703704 0.61875 0.649074074074074 0.6239583333333333 0.6462962962962963
0 0.30557552083333334 0.5211666666666667 0.31709062499999996 0.5293898148148148 0.32284843750000003 0.5277851851851852 0.33120260416666664 0.5350064814814814 0.3384276041666666 0.533 0.3406859375 0.5215675925925926 0.3326703125 0.5133435185185184 0.32386458333333334 0.5101351851851852 0.3167520833333333 0.49910277777777773 0.30365625 0.4930861111111111 0.29033489583333333 0.47563611111111115 0.28231927083333336 0.4634009259259259 0.2715942708333333 0.43795833333333334 0.265159375 0.4249212962962963 0.2559020833333333 0.4102796296296296 0.24867708333333333 0.40727037037037034 0.24517708333333335 0.4028583333333333 0.24472552083333332 0.3928296296296296 0.24698333333333336 0.3811962962962963 0.2521765625 0.3727722222222222 0.247321875 0.3749777777777778 0.24393541666666665 0.3900212962962963 0.24269322916666666 0.40426203703703706 0.23919375 0.40907592592592595 0.23526979166666667 0.4176472222222222 0.232984375 0.4228842592592592 0.22903333333333334 0.43030555555555555 0.22700104166666665 0.43812870370370366 0.2262109375 0.4431425925925926 0.22868741927083333 0.4452182074074074 0.22824270833333332 0.43672407407407404 0.23366197916666664 0.4270962962962963 0.2361453125 0.4234861111111111 0.23919375 0.43311388888888885 0.24958020833333333 0.4519675925925926 0.26233697916666665 0.4634009259259259 0.2755458333333333 0.4816527777777777 0.29383437500000004 0.5059222222222222 0.30557552083333334 0.5211666666666667
0 0.27848072916666666 0.679413888888889 0.28107760416666666 0.6603592592592592 0.28322239583333336 0.6473222222222221 0.2867223958333333 0.6210462962962963 0.2873994791666667 0.600187037037037 0.29168958333333334 0.5734925925925926 0.29609270833333334 0.5566444444444445 0.2994791666666667 0.5373898148148147 0.3028661458333334 0.5185064814814815 0.3008338541666667 0.5036638888888889 0.3010598958333333 0.4906268518518518 0.29993072916666663 0.4713712962962963 0.29518906250000004 0.4627472222222222 0.2899963541666667 0.4661564814814815 0.28785104166666664 0.47999629629629625 0.2873994791666667 0.5064722222222222 0.2861578125 0.5181055555555555 0.28231927083333336 0.5375611111111112 0.2767875 0.5607027777777778 0.270465625 0.5861759259259259 0.26825312500000004 0.6122009259259259 0.26312708333333334 0.6350870370370371 0.26233697916666665 0.6519351851851852 0.26312708333333334 0.6713907407407407 0.2682078125 0.6856314814814815 0.2745296875 0.687837962962963 0.27848072916666666 0.679413888888889
0 0.24681354166666666 0.6611898148148149 0.24670052083333335 0.6844564814814814 0.24828072916666669 0.708525 0.2559578125 0.7313907407407407 0.263521875 0.7368064814814814 0.26950520833333336 0.7325944444444444 0.27085989583333336 0.7067194444444443 0.2680375 0.6842555555555555 0.26284427083333334 0.6716194444444444 0.2613765625 0.6234564814814815 0.26024791666666663 0.5969805555555556 0.2567479166666667 0.5636851851851852 0.2523453125 0.555462037037037 0.25302239583333336 0.5337990740740741 0.24805520833333333 0.5199601851851852 0.24274895833333332 0.5241722222222223 0.24218489583333333 0.542825 0.242975 0.5550601851851852 0.2407171875 0.5625148148148148 0.2381203125 0.5713398148148149 0.2399265625 0.5861824074074075 0.24150729166666668 0.6128509259259259 0.24681354166666666 0.6611898148148149
0 0.24203645833333332 0.7736185185185186 0.24610104166666666 0.7609824074074074 0.24373020833333334 0.7603805555555556 0.24135937500000001 0.7684037037037037 0.2422625 0.7806388888888889 0.24926197916666668 0.7874583333333334 0.25174583333333334 0.7920712962962964 0.25377760416666667 0.797286111111111 0.25784166666666664 0.8018990740740741 0.26168020833333333 0.8008962962962962 0.264615625 0.8059111111111111 0.26822812500000004 0.8175444444444444 0.2728567708333333 0.8311833333333334 0.2768083333333333 0.8353953703703704 0.2716151041666667 0.8225583333333334 0.26698645833333334 0.8071148148148148 0.26585729166666666 0.8012981481481481 0.270034375 0.793275 0.27827552083333335 0.7788333333333333 0.28335625 0.7698074074074075 0.2895651041666667 0.7694064814814814 0.2888880208333333 0.7639907407407408 0.28346875 0.7617842592592592 0.2829041666666667 0.7521564814814814 0.2859526041666667 0.7381166666666668 0.29746770833333336 0.7117305555555555 0.30830572916666665 0.6944805555555555 0.32083697916666665 0.675425925925926 0.32501406250000003 0.6641944444444445 0.3354005208333334 0.6521592592592592 0.33912604166666666 0.6397240740740742 0.3321265625 0.636113888888889 0.323659375 0.644337037037037 0.318353125 0.653162037037037 0.3140630208333333 0.648349074074074 0.3045802083333333 0.6599824074074073 0.288775 0.6862574074074074 0.28030781250000003 0.7059138888888888 0.273646875 0.7225611111111111 0.2715020833333333 0.7281777777777778 0.26755104166666666 0.7337935185185185 0.26168020833333333 0.7377157407407406 0.25840625 0.7471425925925926 0.2546807291666667 0.7722148148148148 0.25276145833333336 0.7842490740740741 0.25163281249999997 0.7856527777777778 0.24643958333333332 0.7842490740740741 0.24203645833333332 0.7736185185185186
0 0.34160260416666666 0.8249518518518518 0.34205416666666666 0.8127166666666668 0.3395703125 0.8036907407407408 0.3395703125 0.7908222222222222 0.34137708333333333 0.7735731481481481 0.34860208333333337 0.7414814814814814 0.3515375 0.7202203703703703 0.35052135416666663 0.7011657407407408 0.34194114583333335 0.7069824074074075 0.334603125 0.7286444444444444 0.33302291666666667 0.743887962962963 0.33206875 0.7670425925925926 0.3280046875 0.7875009259259259 0.32495677083333335 0.8013407407407407 0.31965052083333334 0.8149796296296297 0.3189677083333333 0.8287861111111111 0.3213947916666667 0.846012037037037 0.32692656249999996 0.8538342592592593 0.3339260416666667 0.8484185185185186 0.33866718749999997 0.8373870370370371 0.34160260416666666 0.8249518518518518
0 0.3348291666666666 0.7560962962962963 0.3393447916666667 0.7340333333333333 0.3448765625 0.7143768518518518 0.35187604166666664 0.6981305555555556 0.3583109375 0.6748638888888888 0.3717098958333333 0.6445287037037037 0.3783708333333333 0.6316925925925926 0.3853703125 0.6174509259259259 0.39101458333333333 0.5985138888888889 0.3901114583333333 0.5876824074074074 0.3925953125 0.5822675925925926 0.40015937500000004 0.5776537037037037 0.412690625 0.5748462962962962 0.421721875 0.5724388888888889 0.4200286458333334 0.5698314814814814 0.414496875 0.5710351851851851 0.4026427083333333 0.5738435185185184 0.39146614583333333 0.5776537037037037 0.38695052083333337 0.5740435185185185 0.3802901041666667 0.5680268518518519 0.38108020833333334 0.543138888888889 0.37938645833333334 0.5146574074074074 0.3782578125 0.5282962962962963 0.3776932291666667 0.5419361111111112 0.37758020833333333 0.5637981481481482 0.3776932291666667 0.5712194444444445 0.3709197916666667 0.5782398148148148 0.3644848958333334 0.5926814814814815 0.360759375 0.6025092592592592 0.3560177083333333 0.6009046296296296 0.34980833333333333 0.6039129629629629 0.3562432291666667 0.611736111111111 0.3586140625 0.6171509259259259 0.3537703125 0.6348444444444444 0.3476739583333333 0.6541 0.34123906249999997 0.6713490740740741 0.33265937500000003 0.6854148148148148 0.32836927083333334 0.6998564814814815 0.32247864583333335 0.7209296296296297 0.31909166666666666 0.7387814814814815 0.32201822916666667 0.7477787037037037 0.3177817708333333 0.7631166666666667 0.31687864583333336 0.774950925925926 0.318459375 0.7897935185185185 0.32692656249999996 0.7895925925925926 0.33008750000000003 0.7733462962962964 0.3348291666666666 0.7560962962962963
0 0.33987968749999997 0.9099148148148147 0.3357515625 0.9269009259259259 0.33966250000000003 0.9187935185185185 0.34335625000000003 0.9079842592592593 0.34813645833333334 0.8994916666666667 0.35704531250000004 0.903737962962963 0.37377604166666667 0.9060546296296296 0.3876822916666667 0.9002638888888889 0.3996328125 0.8929287037037038 0.4215786458333334 0.8921574074074073 0.44417604166666663 0.9014222222222221 0.4654703125 0.8952453703703703 0.47763802083333334 0.8890685185185185 0.47046770833333335 0.8801898148148148 0.4617765625 0.8720833333333333 0.44613177083333333 0.8732407407407408 0.43027031250000003 0.8720833333333333 0.4111489583333333 0.8728546296296297 0.392028125 0.8670648148148148 0.37986041666666664 0.8539388888888889 0.3646505208333333 0.8597296296296296 0.349440625 0.8662925925925926 0.3400973958333333 0.864362037037037 0.3324921875 0.8500787037037038 0.328053125 0.8547148148148148 0.33379583333333335 0.8632037037037037 0.34226979166666666 0.8755574074074074 0.34531197916666667 0.8774879629629629 0.34422552083333335 0.8886824074074074 0.34487760416666663 0.897562037037037 0.33987968749999997 0.9099148148148147
0 0.402240625 0.8009888888888889 0.4018057291666667 0.8195185185185185 0.4037614583333333 0.8407509259259259 0.4072380208333334 0.8615972222222222 0.4146255208333333 0.8747222222222223 0.4261416666666667 0.8731777777777778 0.4274453125 0.8449972222222222 0.4274453125 0.8183601851851852 0.4213614583333333 0.8006027777777778 0.4172333333333333 0.7670166666666667 0.4150604166666667 0.7291851851851852 0.40854166666666664 0.6851768518518518 0.403109375 0.6693490740740741 0.3970255208333333 0.6512046296296297 0.39398385416666665 0.6400101851851852 0.39028958333333336 0.6338333333333332 0.38749895833333337 0.643351851851852 0.38876875 0.6566092592592593 0.3918109375 0.6743675925925926 0.392028125 0.6863342592592593 0.39354895833333337 0.7241666666666667 0.39985052083333333 0.768175 0.402240625 0.8009888888888889
0 0.511471875 0.8681435185185186 0.477140625 0.8669851851851852 0.4641036458333333 0.8619666666666667 0.43976770833333334 0.853087962962963 0.42629635416666667 0.8457537037037037 0.4236890625 0.8608092592592592 0.43151093749999997 0.8785666666666666 0.4449828125 0.89285 0.46540729166666667 0.9013425925925926 0.4790963541666667 0.9028870370370371 0.5023458333333334 0.9013425925925926 0.5203802083333333 0.9086777777777777 0.5460197916666666 0.919100925925926 0.5647062500000001 0.9075194444444444 0.5770916666666667 0.8997990740740741 0.5840447916666667 0.9055898148148148 0.5873036458333334 0.9156268518518518 0.5918666666666667 0.9214175925925926 0.5918666666666667 0.9357009259259259 0.5923015625 0.919487037037037 0.586 0.9032731481481481 0.5779604166666666 0.8893759259259258 0.579046875 0.8793388888888889 0.5783953125 0.8685296296296295 0.5907802083333333 0.8472972222222223 0.6003411458333333 0.829925925925926 0.6044692708333332 0.8140981481481482 0.59251875 0.8380324074074075 0.5720744791666666 0.8612388888888889 0.5557973958333334 0.8584925925925926 0.5418916666666667 0.8608092592592592 0.5314619791666667 0.8384185185185185 0.5368937500000001 0.8635111111111111 0.511471875 0.8681435185185186
0 0.53361875 0.49566759259259263 0.5474432291666667 0.5038546296296297 0.5575125 0.5184092592592592 0.5711661458333332 0.5217444444444445 0.5786760416666666 0.5320546296296297 0.58191875 0.5557055555555556 0.5810651041666667 0.5369055555555555 0.5936947916666667 0.5675314814814815 0.5832838541666666 0.5353898148148148 0.5791880208333333 0.525687037037037 0.5795291666666667 0.5144675925925926 0.5820890625 0.5044611111111111 0.5957427083333333 0.5008222222222223 0.580553125 0.5026416666666667 0.5884041666666667 0.4899064814814815 0.596084375 0.46322314814814813 0.5933536458333334 0.4674675925925926 0.59028125 0.4792935185185185 0.587209375 0.490512962962963 0.580553125 0.4977898148148149 0.5781640625000001 0.49688055555555555 0.5727026041666666 0.48535833333333334 0.5617796875 0.4756546296296296 0.5498328125 0.4711064814814815 0.5453953125000001 0.4729259259259259 0.5291817708333333 0.46564814814814814 0.5076770833333334 0.4492740740740741 0.48890364583333334 0.43077777777777776 0.4861729166666667 0.42410740740740743 0.48088177083333333 0.4244101851851852 0.47507916666666666 0.4150101851851852 0.47030052083333335 0.4071268518518519 0.46289375 0.4043898148148148 0.4614255208333333 0.41713240740740737 0.4692765625 0.43381018518518516 0.47695624999999997 0.4465453703703704 0.4897567708333333 0.46019074074074073 0.5136505208333333 0.4789907407407407 0.53361875 0.49566759259259263
0 0.5073822916666667 0.4102972222222222 0.5148916666666666 0.42515555555555556 0.5288869791666666 0.4421361111111111 0.540321875 0.4633611111111111 0.5563645833333334 0.47397407407407405 0.5677994791666666 0.48488981481481486 0.5751385416666667 0.48792222222222226 0.5879385416666667 0.48519351851851855 0.5855494791666668 0.47124537037037034 0.5765036458333334 0.46518055555555554 0.5657515624999999 0.45851018518518516 0.5611437499999999 0.4445611111111111 0.5483432291666667 0.43000648148148146 0.5312760416666666 0.41060092592592595 0.5239375000000001 0.3963490740740741 0.5121614583333334 0.3763361111111111 0.5073822916666667 0.36602685185185185 0.5058463541666667 0.35541388888888886 0.5114786458333334 0.35238148148148146 0.5113078125 0.3457111111111111 0.5027744791666666 0.34540740740740744 0.4962890625 0.3326722222222222 0.4768322916666667 0.3238787037037037 0.46881093749999997 0.3326722222222222 0.470346875 0.34449814814814816 0.4754671875 0.3666333333333333 0.483659375 0.3817944444444445 0.49048593749999997 0.38846574074074075 0.49987291666666667 0.39968425925925927 0.5073822916666667 0.4102972222222222
0 0.43476770833333334 0.4091287037037037 0.43306093749999997 0.4352064814814815 0.43664479166666664 0.4315675925925926 0.4415942708333333 0.41155462962962963 0.45098125 0.39578703703703705 0.4644640625 0.3342333333333333 0.4680479166666667 0.31422037037037037 0.4721442708333334 0.27935 0.47299739583333333 0.2614592592592592 0.46941354166666666 0.25630462962962963 0.4644640625 0.2535759259259259 0.46139218750000005 0.2529694444444444 0.4591734375 0.2441759259259259 0.45593072916666666 0.23447314814814815 0.44995729166666665 0.21627962962962963 0.4535411458333333 0.2326537037037037 0.4581494791666667 0.25205925925925926 0.45132239583333333 0.26873703703703705 0.4487625 0.2869305555555555 0.44819375 0.3075453703703704 0.44944531249999997 0.3230138888888889 0.4484213541666667 0.34575555555555554 0.443471875 0.36243240740740745 0.44005833333333333 0.3897231481481482 0.43476770833333334 0.4091287037037037
0 0.435996875 0.5084185185185185 0.4411171875 0.5026574074074074 0.44606666666666667 0.48628333333333335 0.4472609375 0.4705157407407407 0.44572500000000004 0.4577805555555556 0.45067447916666664 0.4338259259259259 0.4552828125 0.4226064814814815 0.464328125 0.4025935185185185 0.46842395833333333 0.381975 0.47030156250000005 0.361962037037037 0.4737151041666667 0.34922685185185187 0.47815260416666666 0.336187962962963 0.481565625 0.325575 0.47746979166666664 0.32314907407407406 0.46961875000000003 0.33315555555555554 0.46381614583333336 0.34528425925925926 0.4552828125 0.3695425925925926 0.453234375 0.38258148148148147 0.44674895833333333 0.3986518518518518 0.44231145833333335 0.4122972222222222 0.4378744791666667 0.42745833333333333 0.4329177083333333 0.4366712962962963 0.427121875 0.4550509259259259 0.42814583333333334 0.46414814814814814 0.4308765625 0.4683935185185185 0.42746354166666667 0.4899222222222222 0.42882864583333336 0.5020509259259259 0.435996875 0.5084185185185185
0 0.3554479166666667 0.47981018518518526 0.3723442708333333 0.48921018518518516 0.3970916666666667 0.5122546296296296 0.4086973958333333 0.5186222222222222 0.4187666666666667 0.5322675925925926 0.42610572916666667 0.5419703703703703 0.43839375 0.5559185185185186 0.44914583333333336 0.5653185185185186 0.4563140625 0.5671379629629629 0.45426614583333336 0.5841185185185185 0.45273020833333333 0.5989768518518518 0.44846354166666663 0.6144407407407407 0.45016979166666665 0.6244472222222223 0.45563125 0.5950342592592592 0.4576796875 0.5765379629629629 0.4597276041666667 0.5653185185185186 0.4626286458333333 0.5568287037037037 0.46450625 0.5492481481481482 0.47082083333333336 0.5477314814814814 0.4848161458333333 0.5459120370370371 0.4931786458333333 0.540150925925926 0.49505625000000003 0.5337833333333333 0.48686406249999997 0.5362092592592592 0.47628229166666664 0.5386351851851852 0.4633114583333333 0.5416675925925926 0.4616046875 0.5356027777777778 0.44539114583333334 0.5086759259259259 0.42917760416666667 0.49988240740740747 0.4208145833333334 0.49806388888888886 0.4117692708333333 0.4983666666666667 0.40340624999999997 0.4892703703703704 0.3890703125 0.47835370370370367 0.3801953125 0.47107685185185183 0.3726859375 0.46137314814814817 0.3648348958333333 0.4562185185185185 0.3554479166666667 0.4540962962962963 0.34793854166666666 0.4437861111111111 0.3409411458333333 0.4383287037037037 0.3372265625 0.4464064814814815 0.3378692708333333 0.45615833333333333 0.341453125 0.461312962962963 0.34828020833333334 0.4685907407407407 0.35391197916666667 0.47010648148148143 0.3554479166666667 0.47981018518518526
