0 0.21822916666666667 0.3219138888888889 0.21979166666666666 0.43209907407407405 0.2234375 0.46450648148148144 0.22864583333333333 0.46728425925925926 0.23229166666666667 0.42191388888888887 0.23177083333333334 0.37283981481481476 0.23854166666666668 0.3265435185185185 0.23802083333333332 0.3061731481481481 0.23541666666666666 0.29969166666666663 0.22708333333333333 0.2978398148148148 0.22291666666666668 0.3024694444444444
0 0.46282552083333334 0.030555555555555555 0.4638671875 0.06944444444444445 0.47220052083333336 0.10462962962962963 0.4779296875 0.17685185185185184 0.4779296875 0.19907407407407407 0.48313802083333335 0.20555555555555555 0.4873046875 0.1935185185185185 0.48782552083333336 0.1388888888888889 0.4826171875 0.04722222222222222 0.4763671875 0.023148148148148147 0.46803385416666665 0.023148148148148147
0 0.4036458333333333 0.28055555555555556 0.403125 0.29814814814814816 0.40729166666666666 0.3138888888888889 0.41770833333333335 0.3351851851851852 0.42916666666666664 0.37592592592592594 0.44635416666666666 0.41944444444444445 0.45 0.42592592592592593 0.45416666666666666 0.42407407407407405 0.4546875 0.41574074074074074 0.43697916666666664 0.35648148148148145 0.4244791666666667 0.2962962962962963 0.4119791666666667 0.275
0 0.30625 0.12129629629629629 0.3072916666666667 0.1259259259259259 0.3109375 0.13055555555555556 0.3072916666666667 0.1259259259259259
0 0.39947916666666666 0.08888888888888889 0.3984375 0.23425925925925925 0.4005208333333333 0.24166666666666667 0.40572916666666664 0.2351851851851852 0.41041666666666665 0.19722222222222222 0.4119791666666667 0.14814814814814814 0.41875 0.09722222222222222 0.41770833333333335 0.07222222222222222 0.41354166666666664 0.06759259259259259 0.4041666666666667 0.07037037037037037
0 0.3203125 0.6796296296296296 0.31979166666666664 0.6888888888888889 0.3260416666666667 0.712037037037037 0.37395833333333334 0.7824074074074074 0.39010416666666664 0.7953703703703704 0.4041666666666667 0.8157407407407408 0.4088541666666667 0.8157407407407408 0.4125 0.8101851851851852 0.4125 0.8009259259259259 0.4010416666666667 0.7851851851851852 0.3927083333333333 0.7675925925925926 0.3796875 0.7564814814814815 0.35885416666666664 0.725 0.35260416666666666 0.6972222222222222 0.3453125 0.6851851851851852 0.3296875 0.6685185185185185 0.3255208333333333 0.6694444444444444
0 0.68125 0.3990740740740741 0.6802083333333333 0.4111111111111111 0.6869791666666667 0.4388888888888889 0.69375 0.44722222222222224 0.7052083333333333 0.4722222222222222 0.7125 0.49907407407407406 0.7302083333333333 0.5444444444444444 0.7322916666666667 0.5472222222222223 0.7375 0.5453703703703704 0.7375 0.5333333333333333 0.71875 0.4777777777777778 0.7041666666666667 0.412962962962963 0.6953125 0.3962962962962963 0.6895833333333333 0.39166666666666666
0 0.7197916666666667 0.1935185185185185 0.7182291666666667 0.20462962962962963 0.7203125 0.2074074074074074 0.7307291666666667 0.20462962962962963 0.734375 0.19814814814814816 0.75625 0.1962962962962963 0.8026041666666667 0.17407407407407408 0.8145833333333333 0.16111111111111112 0.8151041666666666 0.1537037037037037 0.8098958333333334 0.1388888888888889 0.79375 0.14074074074074075 0.7854166666666667 0.14629629629629629 0.7734375 0.16111111111111112
0 0.6526041666666667 0.058333333333333334 0.6510416666666666 0.06388888888888888 0.6572916666666667 0.06666666666666667 0.6989583333333333 0.06111111111111111 0.7286458333333333 0.06388888888888888 0.740625 0.05648148148148148 0.7453125 0.04814814814814815 0.7411458333333333 0.03981481481481482 0.7140625 0.037037037037037035
0 0.5453125 0.026851851851851852 0.54375 0.03425925925925926 0.5489583333333333 0.03981481481481482 0.571875 0.04722222222222222 0.596875 0.05 0.6020833333333333 0.053703703703703705 0.6072916666666667 0.06388888888888888 0.6223958333333334 0.06481481481481481 0.6296875 0.07222222222222222 0.6333333333333333 0.053703703703703705 0.6333333333333333 0.044444444444444446 0.6302083333333334 0.037037037037037035 0.6109375 0.021296296296296296 0.5697916666666667 0.020370370370370372
0 0.31197916666666664 0.8416666666666667 0.31302083333333336 0.8611111111111112 0.31666666666666665 0.8648148148148148 0.32447916666666665 0.8648148148148148 0.3359375 0.8611111111111112 0.3385416666666667 0.8546296296296296 0.3494791666666667 0.8481481481481481 0.4005208333333333 0.8388888888888889 0.40572916666666664 0.8296296296296296 0.4015625 0.8231481481481482 0.38385416666666666 0.8203703703703704 0.3333333333333333 0.8185185185185185 0.32135416666666666 0.8287037037037037
0 0.22552083333333334 0.7129629629629629 0.22552083333333334 0.7277777777777777 0.23697916666666666 0.7361111111111112 0.28177083333333336 0.7444444444444445 0.3104166666666667 0.7435185185185185 0.3140625 0.7398148148148148 0.3140625 0.7324074074074074 0.3109375 0.7287037037037037 0.26510416666666664 0.7194444444444444 0.25625 0.7138888888888889 0.2520833333333333 0.7037037037037037 0.23489583333333333 0.7018518518518518 0.228125 0.7055555555555556
0 0.2984375 0.5907407407407408 0.29739583333333336 0.6018518518518519 0.2989583333333333 0.6083333333333333 0.3109375 0.6175925925925926 0.3463541666666667 0.6111111111111112 0.3859375 0.6240740740740741 0.3927083333333333 0.6203703703703703 0.38958333333333334 0.6101851851851852 0.3651041666666667 0.5935185185185186 0.33489583333333334 0.5916666666666667 0.31979166666666664 0.5833333333333334 0.3046875 0.5851851851851851
0 0.28541666666666665 0.46574074074074073 0.2859375 0.47962962962962963 0.29010416666666666 0.48703703703703705 0.3046875 0.48333333333333334 0.3229166666666667 0.4648148148148148 0.3302083333333333 0.46574074074074073 0.3390625 0.4824074074074074 0.3411458333333333 0.5101851851851852 0.346875 0.5046296296296297 0.346875 0.4824074074074074 0.34375 0.4666666666666667 0.33177083333333335 0.44907407407407407 0.3229166666666667 0.4462962962962963 0.2989583333333333 0.44907407407407407
0 0.33229166666666665 0.16203703703703703 0.3328125 0.19907407407407407 0.3296875 0.26296296296296295 0.33229166666666665 0.2740740740740741 0.3296875 0.27870370370370373 0.3328125 0.2814814814814815 0.3338541666666667 0.2898148148148148 0.340625 0.25277777777777777 0.3463541666666667 0.1935185185185185 0.35208333333333336 0.16574074074074074 0.3515625 0.14444444444444443 0.3494791666666667 0.1361111111111111 0.34427083333333336 0.13148148148148148 0.3380208333333333 0.13425925925925927 0.3338541666666667 0.14537037037037037
0 0.3723958333333333 0.36203703703703705 0.37083333333333335 0.37592592592592594 0.37552083333333336 0.3925925925925926 0.409375 0.4324074074074074 0.43645833333333334 0.4787037037037037 0.4427083333333333 0.4842592592592593 0.4453125 0.4824074074074074 0.44479166666666664 0.4722222222222222 0.42864583333333334 0.4351851851851852 0.41041666666666665 0.40925925925925927 0.3890625 0.36574074074074076 0.3802083333333333 0.35555555555555557
0 0.5875 0.5824074074074074 0.5869791666666667 0.5898148148148148 0.590625 0.5953703703703703 0.6479166666666667 0.6268518518518519 0.6630208333333333 0.6388888888888888 0.6786458333333333 0.6388888888888888 0.6864583333333333 0.6305555555555555 0.6859375 0.6148148148148148 0.6807291666666667 0.6083333333333333 0.665625 0.6 0.6421875 0.6 0.6114583333333333 0.5842592592592593 0.603125 0.5851851851851851 0.5916666666666667 0.5787037037037037
0 0.7213541666666666 0.4537037037037037 0.721875 0.462037037037037 0.734375 0.48518518518518516 0.7473958333333334 0.5009259259259259 0.7692708333333333 0.5148148148148148 0.7869791666666667 0.5333333333333333 0.7984375 0.537962962962963 0.8041666666666667 0.5305555555555556 0.8041666666666667 0.5175925925925926 0.7973958333333333 0.5055555555555555 0.7869791666666667 0.49722222222222223 0.778125 0.4981481481481482 0.765625 0.49074074074074076 0.7401041666666667 0.47129629629629627 0.7276041666666667 0.4537037037037037
0 0.50625 0.6027777777777777 0.5052083333333334 0.6092592592592593 0.509375 0.6148148148148148 0.5619791666666667 0.6472222222222223 0.5765625 0.6611111111111111 0.5932291666666667 0.6638888888888889 0.6 0.6537037037037037 0.5994791666666667 0.6416666666666667 0.5875 0.6296296296296297 0.55625 0.6212962962962963 0.5364583333333334 0.6064814814814815
0 0.5380208333333333 0.6888888888888889 0.5375 0.6944444444444444 0.5432291666666667 0.6962962962962963 0.6039583333333333 0.6898148148148148 0.6244791666666667 0.6916666666666667 0.6385416666666667 0.6824074074074075 0.64375 0.6722222222222223 0.6395833333333333 0.6638888888888889 0.6140625 0.6648148148148149 0.5963541666666666 0.6722222222222223 0.56875 0.674074074074074
0 0.4859375 0.6777777777777778 0.48541666666666666 0.6824074074074075 0.4901041666666667 0.6925925925925925 0.5260416666666666 0.7453703703703703 0.540625 0.7722222222222223 0.5515625 0.7814814814814814 0.55625 0.7814814814814814 0.5619791666666667 0.7731481481481481 0.5604166666666667 0.7518518518518519 0.5307291666666667 0.7222222222222222 0.5098958333333333 0.6916666666666667 0.496875 0.6833333333333333 0.4901041666666667 0.675
0 0.55 0.7787037037037037 0.55 0.787962962962963 0.5463541666666667 0.7907407407407407 0.5463541666666667 0.7944444444444444 0.5557291666666667 0.8027777777777778 0.6161458333333333 0.7898148148148149 0.6390625 0.7907407407407407 0.6552083333333333 0.7824074074074074 0.6604166666666667 0.7759259259259259 0.6630208333333333 0.7694444444444445 0.6630208333333333 0.7601851851851852 0.6619791666666667 0.7509259259259259 0.6588541666666666 0.7462962962962963 0.6453125 0.7416666666666667 0.6260416666666667 0.7481481481481481 0.61875 0.7555555555555555 0.5979166666666667 0.7638888888888888 0.5796875 0.7657407407407407 0.5661458333333333 0.774074074074074 0.5588541666666667 0.7712962962962963
0 0.44479166666666664 0.8537037037037037 0.44427083333333334 0.8611111111111112 0.446875 0.8648148148148148 0.4703125 0.8712962962962963 0.4921875 0.8685185185185185 0.5015625 0.8629629629629629 0.5166666666666667 0.8666666666666667 0.5375 0.8657407407407407 0.5489583333333333 0.8611111111111112 0.5552083333333333 0.8518518518518519 0.5619791666666667 0.825925925925926 0.55625 0.8157407407407408 0.5502604166666667 0.8194444444444444 0.5317708333333333 0.8194444444444444 0.525 0.8157407407407408 0.5135416666666667 0.8287037037037037
0 0.5505208333333333 0.8138888888888889 0.5473958333333333 0.825925925925926 0.553125 0.8305555555555556 0.5578125 0.8407407407407408 0.5770833333333333 0.8583333333333333 0.5963541666666666 0.8685185185185185 0.6135416666666667 0.8666666666666667 0.6265625 0.8611111111111112 0.6338541666666667 0.8490740740740741 0.6375 0.837037037037037 0.634375 0.8212962962962963 0.6307291666666667 0.8194444444444444 0.6083333333333333 0.8231481481481482 0.603125 0.8333333333333334 0.59375 0.837037037037037 0.5729166666666666 0.8287037037037037 0.5552083333333333 0.812962962962963
0 0.5630208333333333 0.35555555555555557 0.5640625 0.362962962962963 0.5708333333333333 0.3675925925925926 0.6244791666666667 0.3685185185185185 0.6348958333333333 0.375 0.653125 0.3731481481481482 0.6578125 0.3685185185185185 0.6588541666666666 0.35833333333333334 0.6546875 0.34629629629629627 0.6401041666666667 0.3388888888888889 0.5661458333333333 0.35185185185185186
0 0.79375 0.3527777777777778 0.7932291666666667 0.37222222222222223 0.8083333333333333 0.38796296296296295 0.8072916666666666 0.3814814814814815 0.8151041666666666 0.36018518518518516 0.81875 0.337037037037037 0.8213541666666667 0.2601851851851852 0.8192708333333333 0.20462962962962963 0.8166666666666667 0.2 0.8130208333333333 0.2 0.8098958333333334 0.20462962962962963 0.8036458333333333 0.30185185185185187 0.8020833333333334 0.3138888888888889 0.7958333333333333 0.3333333333333333
0 0.9041645833333334 0.19155462962962963 0.9046895833333333 0.1975685185185185 0.9041645833333334 0.19155185185185186 0.9033203125 0.19386574074074073
