0 0.5026041666666666 0.42314814814814816 0.5244791666666667 0.43425925925925923 0.5333333333333333 0.44351851851851853 0.5380208333333333 0.4546296296296296 0.5442708333333334 0.46111111111111114 0.5635416666666667 0.47314814814814815 0.5645833333333333 0.4824074074074074 0.5682291666666667 0.4861111111111111 0.5716807291666667 0.5202166666666667 0.5747828125000001 0.497237962962963 0.5703125 0.4666666666666667 0.5765625 0.4462962962962963 0.5882239583333334 0.4434675925925926 0.5910671875 0.42554444444444445 0.5804692708333333 0.42140833333333333 0.5737484375 0.43749351851851853 0.5630208333333333 0.41944444444444445 0.5536458333333333 0.4083333333333333 0.5526041666666667 0.4 0.5453125 0.4083333333333333 0.5364583333333334 0.4083333333333333 0.4973958333333333 0.39814814814814814 0.4875 0.38796296296296295 0.47708333333333336 0.38796296296296295 0.4703125 0.3824074074074074 0.4473958333333333 0.3731481481481482 0.43645833333333334 0.37222222222222223 0.4328125 0.37592592592592594 0.4322916666666667 0.3824074074074074 0.4348958333333333 0.3888888888888889 0.453125 0.39814814814814814 0.4588541666666667 0.4074074074074074 0.4671875 0.41388888888888886 0.5026041666666666 0.42314814814814816
0 0.48489583333333336 0.6259259259259259 0.49322916666666666 0.6462962962962963 0.503125 0.6611111111111111 0.5015625 0.7055555555555556 0.5057291666666667 0.687962962962963 0.5078125 0.6611111111111111 0.5177083333333333 0.65 0.5177083333333333 0.6425925925925926 0.5208333333333334 0.6444444444444445 0.5208333333333334 0.65 0.5270833333333333 0.65 0.5265625 0.6453703703703704 0.5166666666666667 0.6407407407407407 0.5078125 0.612037037037037 0.5072916666666667 0.6046296296296296 0.5 0.5953703703703703 0.5 0.5916666666666667 0.48333333333333334 0.5518518518518518 0.471875 0.5287037037037037 0.45364583333333336 0.5074074074074074 0.44583333333333336 0.5074074074074074 0.44166666666666665 0.5157407407407407 0.44166666666666665 0.5194444444444445 0.44635416666666666 0.5287037037037037 0.4713541666666667 0.5722222222222222 0.48125 0.6018518518518519 0.484375 0.6148148148148148 0.48489583333333336 0.6259259259259259
0 0.4640625 0.8398148148148148 0.4703125 0.8277777777777777 0.4744791666666667 0.8138888888888889 0.4765625 0.7907407407407407 0.475 0.7675925925925926 0.4708333333333333 0.7648148148148148 0.4713541666666667 0.7787037037037037 0.46822916666666664 0.8064814814814815 0.46510416666666665 0.8157407407407408 0.4583333333333333 0.825925925925926 0.4348958333333333 0.825925925925926 0.4234375 0.812962962962963 0.39895833333333336 0.8083333333333333 0.396875 0.7981481481481482 0.39375 0.8138888888888889 0.38958333333333334 0.8222222222222222 0.38958333333333334 0.8333333333333334 0.3958333333333333 0.8435185185185186 0.40729166666666666 0.8546296296296296 0.43802083333333336 0.8583333333333333 0.45208333333333334 0.8527777777777777 0.4640625 0.8398148148148148
0 0.38333333333333336 0.5574074074074075 0.39166666666666666 0.575 0.39114583333333336 0.6097222222222223 0.39427083333333335 0.6055555555555555 0.39427083333333335 0.6106481481481482 0.39114583333333336 0.6148148148148148 0.3921875 0.6185185185185185 0.39427083333333335 0.6157407407407407 0.396875 0.575925925925926 0.42239583333333336 0.5481481481481482 0.434375 0.5231481481481481 0.4432291666666667 0.5185185185185185 0.4484375 0.5027777777777778 0.4671875 0.4740740740740741 0.4786458333333333 0.45 0.48541666666666666 0.41944444444444445 0.48020833333333335 0.4148148148148148 0.46979166666666666 0.41388888888888886 0.44575885416666666 0.46124351851851847 0.4234375 0.4962962962962963 0.4046875 0.5083333333333333 0.3953125 0.5222222222222223 0.3866442708333333 0.549237962962963 0.37353613333333335 0.546320887962963 0.3729166666666667 0.549074074074074 0.38333333333333336 0.5574074074074075
0 0.5130208333333334 0.7444444444444445 0.5145833333333333 0.7388888888888889 0.5171875 0.7398148148148148 0.5317708333333333 0.725925925925926 0.5354166666666667 0.725925925925926 0.5395833333333333 0.7314814814814815 0.540625 0.737037037037037 0.540625 0.7435185185185185 0.5369791666666667 0.7527777777777778 0.5401041666666667 0.7462962962962963 0.5421875 0.7490740740740741 0.5407421874999999 0.7559259259259259 0.5458333333333333 0.7388888888888889 0.5526041666666667 0.7361111111111112 0.5723958333333333 0.7129629629629629 0.5755208333333334 0.7 0.5875 0.6777777777777778 0.6067708333333334 0.6462962962962963 0.6307291666666667 0.6148148148148148 0.634375 0.6037037037037037 0.6463541666666667 0.5907407407407408 0.6484375 0.5842592592592593 0.6484375 0.575925925925926 0.6463541666666667 0.5731481481481482 0.6390625 0.5731481481481482 0.6276041666666666 0.5861111111111111 0.6151041666666667 0.5925925925925926 0.5916666666666667 0.6212962962962963 0.5828125 0.6388888888888888 0.5770833333333333 0.6425925925925926 0.5723958333333333 0.6546296296296297 0.5671875 0.6583333333333333 0.5604166666666667 0.6703703703703704 0.55625 0.6712962962962963 0.5526041666666667 0.6666666666666666 0.55 0.6842592592592592 0.5401041666666667 0.7 0.5348958333333333 0.7129629629629629 0.5276041666666667 0.7166666666666667 0.5255208333333333 0.725 0.509375 0.7453703703703703 0.5119791666666667 0.7425925925925926 0.5130208333333334 0.7444444444444445
0 0.79375 0.8138888888888889 0.790625 0.8240740740740741 0.7895833333333333 0.8490740740740741 0.7916666666666666 0.8611111111111112 0.7916666666666666 0.8805555555555555 0.7942708333333334 0.8898148148148148 0.7984375 0.8907407407407407 0.8020833333333334 0.8805555555555555 0.8026041666666667 0.8638888888888889 0.81875 0.7851851851851852 0.8213541666666667 0.7518518518518519 0.828125 0.7166666666666667 0.828125 0.7055555555555556 0.8223958333333333 0.6712962962962963 0.8223958333333333 0.6648148148148149 0.8260416666666667 0.6574074074074074 0.8231770833333333 0.6574074074074074 0.8229166666666666 0.662962962962963 0.8203125 0.6574074074074074 0.8098958333333334 0.6583333333333333 0.8067708333333333 0.6620370370370371 0.796875 0.6583333333333333 0.7984375 0.6620370370370371 0.8020833333333334 0.662962962962963 0.8041666666666667 0.6694444444444444 0.7994791666666666 0.7101851851851851 0.8005208333333333 0.7703703703703704 0.79375 0.8138888888888889
0 0.4942708333333333 0.10185185185185185 0.49947916666666664 0.1037037037037037 0.5088541666666667 0.12314814814814815 0.5145833333333333 0.12222222222222222 0.5140625 0.11574074074074074 0.5088541666666667 0.10462962962962963 0.507709375 0.10261574074074074 0.5064484375 0.09955925925925926 0.5052083333333334 0.09907407407407408 0.5005208333333333 0.09166666666666666 0.4947916666666667 0.08888888888888889 0.4671875 0.09351851851851851 0.45416666666666666 0.09166666666666666 0.44947916666666665 0.08796296296296297 0.43125 0.06111111111111111 0.4265625 0.058333333333333334 0.4239583333333333 0.05 0.41302083333333334 0.05925925925925926 0.40989583333333335 0.06851851851851852 0.4088541666666667 0.07777777777777778 0.4109375 0.08518518518518518 0.4276041666666667 0.10740740740740741 0.46041666666666664 0.11203703703703703 0.4864583333333333 0.10185185185185185 0.4942708333333333 0.10185185185185185
0 0.7588541666666667 0.6944444444444444 0.7619791666666667 0.6972222222222222 0.771875 0.6851851851851852 0.7770833333333333 0.6731481481481482 0.7833333333333333 0.6509259259259259 0.784375 0.6305555555555555 0.7916666666666666 0.5953703703703703 0.7911458333333333 0.5740740740740741 0.7864583333333334 0.5481481481481482 0.7817708333333333 0.5453703703703704 0.7729166666666667 0.5481481481481482 0.7703125 0.5518518518518518 0.7708333333333334 0.562037037037037 0.7671875 0.5944444444444444 0.7697916666666667 0.6287037037037037 0.76875 0.6435185185185185 0.7583333333333333 0.687962962962963 0.7588541666666667 0.6944444444444444
0 0.5619791666666667 0.1287037037037037 0.5791666666666667 0.11481481481481481 0.5854166666666667 0.11481481481481481 0.5921875 0.11944444444444445 0.5963541666666666 0.11296296296296296 0.6020833333333333 0.11018518518518519 0.6109375 0.11481481481481481 0.6385416666666667 0.11018518518518519 0.6515625 0.09537037037037037 0.6520833333333333 0.08148148148148149 0.65 0.06666666666666667 0.6458333333333334 0.06481481481481481 0.6421875 0.05740740740740741 0.6411458333333333 0.06111111111111111 0.6223958333333334 0.06111111111111111 0.6208333333333333 0.06481481481481481 0.6104166666666667 0.06759259259259259 0.6036458333333333 0.075 0.5880208333333333 0.08425925925925926 0.5510416666666667 0.10277777777777777 0.5307291666666667 0.1259259259259259 0.5135416666666667 0.1648148148148148 0.5135416666666667 0.1787037037037037 0.5171875 0.18333333333333332 0.5213541666666667 0.1814814814814815 0.5328125 0.16018518518518518 0.5416666666666666 0.15555555555555556 0.5619791666666667 0.1287037037037037
0 0.6796875 0.2388888888888889 0.6953125 0.26296296296296295 0.7015625 0.2675925925925926 0.7057291666666666 0.27870370370370373 0.7109375 0.2833333333333333 0.7125 0.29074074074074074 0.7125 0.287962962962963 0.7166666666666667 0.28703703703703703 0.71875 0.29074074074074074 0.7177083333333333 0.29444444444444445 0.7208333333333333 0.3055555555555556 0.7244791666666667 0.3037037037037037 0.7270833333333333 0.3111111111111111 0.7380208333333333 0.3101851851851852 0.7348958333333333 0.29907407407407405 0.7348958333333333 0.29074074074074074 0.7291666666666666 0.2833333333333333 0.7244791666666667 0.2824074074074074 0.7197916666666667 0.275 0.715625 0.2518518518518518 0.7 0.2212962962962963 0.6958333333333333 0.20555555555555555 0.6963541666666667 0.20092592592592592 0.6765625 0.17777777777777778 0.6680458333333333 0.16434814814814816 0.6637000000000001 0.13660370370370373 0.6651041666666667 0.17407407407407408 0.6604166666666667 0.1814814814814815 0.6561942708333334 0.18822962962962964 0.6403916666666666 0.1889324074074074 0.6595520833333333 0.19701018518518518 0.665625 0.2212962962962963 0.6729166666666667 0.23425925925925925 0.6796875 0.2388888888888889
0 0.6052083333333333 0.2518518518518518 0.6072916666666667 0.26296296296296295 0.60625 0.2675925925925926 0.6135416666666667 0.30277777777777776 0.61875 0.3138888888888889 0.6213541666666667 0.33425925925925926 0.6265625 0.3416666666666667 0.6302083333333334 0.34074074074074073 0.63125 0.3277777777777778 0.628125 0.3111111111111111 0.6286458333333333 0.2851851851851852 0.6161458333333333 0.1925925925925926 0.6151041666666667 0.16574074074074074 0.6166666666666667 0.15648148148148147 0.6151041666666667 0.14074074074074075 0.6114583333333333 0.12407407407407407 0.6052083333333333 0.1111111111111111 0.5994791666666667 0.11018518518518519 0.5942708333333333 0.11388888888888889 0.5916666666666667 0.125 0.5916666666666667 0.1527777777777778 0.5973958333333333 0.18055555555555555 0.596875 0.20185185185185187 0.6015625 0.225 0.6026041666666667 0.24722222222222223 0.6052083333333333 0.2518518518518518
0 0.6010416666666667 0.36203703703703705 0.5979166666666667 0.3435185185185185 0.5984375 0.325 0.6041666666666666 0.27870370370370373 0.6067708333333334 0.2722222222222222 0.6088541666666667 0.27685185185185185 0.6125 0.30185185185185187 0.6182291666666667 0.3148148148148148 0.6203125 0.3333333333333333 0.6255208333333333 0.3416666666666667 0.6302083333333334 0.34074074074074073 0.63125 0.33611111111111114 0.6286458333333333 0.3111111111111111 0.6286458333333333 0.2824074074074074 0.615625 0.18425925925925926 0.6145833333333334 0.1685185185185185 0.6166666666666667 0.1574074074074074 0.6151041666666667 0.14166666666666666 0.6083333333333333 0.11388888888888889 0.6026041666666667 0.10925925925925926 0.5932291666666667 0.11203703703703703 0.5916666666666667 0.1175925925925926 0.5916666666666667 0.15462962962962962 0.5973958333333333 0.18611111111111112 0.5890625 0.2462962962962963 0.5869791666666667 0.30277777777777776 0.5822916666666667 0.3388888888888889 0.5760416666666667 0.36018518518518516 0.575 0.3861111111111111 0.5802083333333333 0.41574074074074074 0.5963541666666666 0.4166666666666667 0.6026041666666667 0.4212962962962963 0.6036005432291667 0.41598228703703705 0.5994791666666667 0.41388888888888886 0.5963541666666666 0.4074074074074074 0.6010416666666667 0.36203703703703705
0 0.7515625 0.5305555555555556 0.7567708333333333 0.5287037037037037 0.7817708333333333 0.5037037037037037 0.8010416666666667 0.49537037037037035 0.8177083333333334 0.4740740740740741 0.821875 0.4583333333333333 0.821875 0.44722222222222224 0.8140625 0.43796296296296294 0.8036458333333333 0.4388888888888889 0.7947916666666667 0.44722222222222224 0.790625 0.44722222222222224 0.7880208333333333 0.4546296296296296 0.7901041666666667 0.45740740740740743 0.7890625 0.4601851851851852 0.78125 0.462037037037037 0.771875 0.475 0.765625 0.47685185185185186 0.7552083333333334 0.4861111111111111 0.7494791666666667 0.49537037037037035 0.7286458333333333 0.5175925925925926 0.7177083333333333 0.5351851851851852 0.7125 0.5398148148148149 0.7020833333333333 0.562037037037037 0.6963541666666667 0.5675925925925925 0.6947916666666667 0.575 0.6942708333333333 0.5805555555555556 0.6963541666666667 0.587037037037037 0.7010416666666667 0.587037037037037 0.7109375 0.5722222222222222 0.7401041666666667 0.5472222222222223 0.7515625 0.5305555555555556
0 0.28856875 0.6854731481481482 0.29233750000000003 0.6781027777777778 0.2859307291666667 0.6687222222222222 0.29233750000000003 0.6472814814814815 0.3066583333333333 0.6157898148148148 0.32286302083333335 0.5950185185185185 0.3251244791666667 0.5863074074074074 0.3356765625 0.5762574074074074 0.3334151041666667 0.5628564814814815 0.32550104166666666 0.5641962962962963 0.31645677083333335 0.5749175925925926 0.3115572916666667 0.5735768518518518 0.29685989583333333 0.5943481481481481 0.29083020833333334 0.6137796296296296 0.28103177083333336 0.6358907407407407 0.2719869791666667 0.6519712962962964 0.2667109375 0.6466111111111111 0.26934895833333333 0.6566620370370371 0.26181197916666665 0.6660425925925926 0.25804322916666667 0.6834629629629629 0.25766666666666665 0.6975342592592593 0.2648265625 0.7022240740740742 0.274625 0.6961944444444444 0.2806546875 0.6848037037037037 0.28856875 0.6854731481481482
0 0.23430104166666668 0.6526416666666667 0.23882343749999999 0.6720722222222222 0.24409947916666666 0.6848037037037037 0.25050625 0.6975342592592593 0.25804322916666667 0.7250055555555556 0.26331927083333334 0.761187962962963 0.2734947916666667 0.774587962962963 0.28480052083333335 0.7987101851851851 0.28932291666666665 0.7926796296296297 0.280278125 0.7765981481481481 0.2776401041666666 0.7564972222222223 0.26746458333333334 0.715625 0.2603046875 0.6653722222222223 0.2554052083333333 0.6486212962962963 0.24899895833333333 0.6305305555555555 0.2520135416666667 0.62115 0.252390625 0.6097592592592592 0.24372291666666665 0.6291898148148148 0.234678125 0.6352203703703704 0.22789479166666665 0.6198092592592592 0.2267640625 0.6325407407407407 0.23430104166666668 0.6439314814814815 0.23430104166666668 0.6526416666666667
0 0.7205015625000001 0.10819351851851852 0.7386458333333333 0.11016851851851851 0.7482729166666666 0.12531111111111112 0.7645656249999999 0.14374444444444445 0.7793770833333333 0.15032777777777778 0.7801177083333334 0.19246296296296297 0.7867828125 0.17468703703703703 0.7908562499999999 0.20826296296296296 0.790115625 0.17666203703703703 0.7830802083333332 0.14769444444444443 0.7867828125 0.1424277777777778 0.7893749999999999 0.12399444444444443 0.7797473958333333 0.10424351851851851 0.7686390625 0.09766018518518518 0.7567895833333333 0.08976018518518519 0.7345723958333333 0.08449259259259259 0.7127255208333333 0.07330092592592594 0.7019869791666667 0.060134259259259255 0.6968031250000001 0.06671759259259259 0.6916192708333334 0.060134259259259255 0.6812510416666666 0.050258333333333335 0.6783874999999999 0.05669444444444444 0.6790291666666667 0.055525 0.6871755208333333 0.07330092592592594 0.6919895833333333 0.08449259259259259 0.699025 0.09371018518518517 0.7205015625000001 0.10819351851851852
0 0.8123328125 0.18982962962962963 0.815665625 0.2141888888888889 0.8189979166666668 0.23986388888888888 0.8089999999999999 0.23525555555555555 0.8160359375 0.2569814814814815 0.8227010416666667 0.26685648148148144 0.8071489583333334 0.2615898148148148 0.8215901041666667 0.2780490740740741 0.8308473958333333 0.2866074074074074 0.8397338541666667 0.29187407407407406 0.8486208333333334 0.28529074074074073 0.8604703125000001 0.28529074074074073 0.8656541666666667 0.29187407407407406 0.8645432291666667 0.27607314814814815 0.8512130208333333 0.2747564814814815 0.8512130208333333 0.2622481481481482 0.8475098958333334 0.23459722222222223 0.8449182291666666 0.21221296296296296 0.8378828125 0.21945555555555554 0.8238119791666667 0.17929537037037038 0.8134437499999999 0.1509861111111111 0.8038161458333334 0.11082685185185184 0.7964104166666667 0.09700185185185185 0.790115625 0.09766018518518518 0.7815989583333334 0.07988425925925927 0.7727119791666667 0.07330092592592594 0.7656765624999999 0.08185925925925926 0.7712307291666666 0.09502685185185186 0.7719713541666666 0.09305185185185184 0.7778963541666666 0.10687685185185186 0.787153125 0.13979444444444444 0.8023348958333333 0.1681037037037037 0.8123328125 0.18982962962962963
0 0.74271875 0.16755185185185184 0.7508651041666667 0.1728185185185185 0.7530869791666667 0.19717777777777779 0.7564192708333334 0.17150185185185185 0.7493838541666666 0.1583351851851852 0.7401265625 0.16162685185185183 0.7308697916666667 0.1774277777777778 0.7197609375 0.1780861111111111 0.7116145833333333 0.1609685185185185 0.7038385416666666 0.1464851851851852 0.6980463541666667 0.15561666666666668 0.7075416666666666 0.18664444444444445 0.7086526041666666 0.17150185185185185 0.7134661458333333 0.18006111111111112 0.7134661458333333 0.19783611111111113 0.7130958333333334 0.2248287037037037 0.7097630208333333 0.23602037037037035 0.7127255208333333 0.24260462962962961 0.7175390625 0.24721296296296297 0.7256854166666666 0.28210555555555555 0.74271875 0.3110731481481481 0.7630929411458334 0.3235505416666667 0.7490135416666667 0.3018564814814815 0.73975625 0.26367129629629626 0.7401265625 0.2399712962962963 0.7482729166666666 0.23865462962962963 0.73975625 0.2189037037037037 0.7393864583333334 0.19586111111111112 0.7334614583333334 0.18269444444444444 0.74271875 0.16755185185185184
0 0.7167984374999999 0.3605564814814815 0.7297588541666666 0.3612148148148148 0.7338317708333334 0.3737231481481481 0.7445703125 0.3816231481481482 0.7401265625 0.36450648148148146 0.7556786458333333 0.35858148148148145 0.7808583333333333 0.36450648148148146 0.8034458333333333 0.3566064814814815 0.8193682291666666 0.33619722222222226 0.8178869791666667 0.31710462962962965 0.8134437499999999 0.31117962962962964 0.8001135416666667 0.3223712962962963 0.7864125000000001 0.32895555555555556 0.7682687500000001 0.3315888888888889 0.7497541666666667 0.3164462962962963 0.7316104166666667 0.31578796296296296 0.7197609375 0.3184212962962963 0.7105036458333333 0.32632222222222224 0.7016166666666667 0.30986296296296295 0.6986546874999999 0.288137037037037 0.7082822916666667 0.27826203703703706 0.701246875 0.2789203703703704 0.69458125 0.2855037037037037 0.69458125 0.3045962962962963 0.7060604166666666 0.3315888888888889 0.7053197916666666 0.3519972222222222 0.699025 0.3710898148148148 0.6919895833333333 0.4007157407407408 0.6877171875 0.42868981481481483 0.6993953125 0.3882074074074074 0.7038385416666666 0.36977314814814816 0.7093927083333333 0.3552898148148148 0.7068010416666667 0.35265555555555556 0.7167984374999999 0.3605564814814815
0 0.7923375 0.42507500000000004 0.7778963541666666 0.44219166666666665 0.7745635416666666 0.4507509259259259 0.7590114583333333 0.46457592592592595 0.7590114583333333 0.4764259259259259 0.766046875 0.4784009259259259 0.7778963541666666 0.4724759259259259 0.8052973958333334 0.44285 0.815665625 0.42178333333333334 0.8426963541666667 0.36911481481481484 0.8504723958333333 0.34278055555555553 0.8504723958333333 0.305912962962963 0.8575078125 0.3032796296296296 0.8630619791666666 0.32302962962962967 0.8656541666666667 0.3026212962962963 0.8582484375 0.29340462962962965 0.8512130208333333 0.2993296296296296 0.8475098958333334 0.2953796296296296 0.83899375 0.2887953703703704 0.8315874999999999 0.2894537037037037 0.8275145833333333 0.30393796296296294 0.8176635416666667 0.3125898148148148 0.8197385416666666 0.3388305555555556 0.8186276041666667 0.3519972222222222 0.8164057291666666 0.37635648148148143 0.8067786458333334 0.40532407407407406 0.7923375 0.42507500000000004
0 0.8312177083333334 0.5068175925925926 0.8312177083333334 0.4804833333333334 0.8356609375 0.4462490740740741 0.8426963541666667 0.43242314814814814 0.8512130208333333 0.4060888888888889 0.8519536458333333 0.37646296296296294 0.8612109375 0.3573712962962963 0.8575078125 0.354737962962963 0.8497317708333333 0.3718546296296296 0.8434369791666666 0.36592962962962966 0.8352906250000001 0.37448796296296294 0.8241817708333333 0.39753055555555555 0.8197385416666666 0.42913148148148145 0.8189979166666668 0.46797407407407404 0.8145546874999999 0.5061592592592593 0.8101109375 0.5324925925925926 0.8078895833333333 0.5482935185185186 0.8075192708333333 0.5627768518518518 0.8070015625 0.5619685185185186 0.8023348958333333 0.5825277777777778 0.8023348958333333 0.598987037037037 0.8108515625 0.598987037037037 0.8178869791666667 0.5739694444444444 0.8223307291666667 0.5640935185185185 0.8312177083333334 0.5068175925925926
