0 0.37395833333333334 0.24444444444444444 0.38333333333333336 0.27685185185185185 0.38385416666666666 0.2898148148148148 0.3885416666666667 0.3055555555555556 0.4046875 0.337037037037037 0.4119791666666667 0.3453703703703704 0.4161458333333333 0.3333333333333333 0.4244791666666667 0.3277777777777778 0.44375 0.32314814814814813 0.44947916666666665 0.3175925925925926 0.44947916666666665 0.3138888888888889 0.44114583333333335 0.3175925925925926 0.4234375 0.31574074074074077 0.4197916666666667 0.29814814814814816 0.40572916666666664 0.25833333333333336 0.38229166666666664 0.21296296296296297 0.3734375 0.18981481481481483 0.3494791666666667 0.15092592592592594 0.32864583333333336 0.13055555555555556 0.31979166666666664 0.13148148148148148 0.31875 0.13796296296296295 0.32135416666666666 0.14629629629629629 0.3333333333333333 0.1648148148148148 0.3375 0.17685185185185184 0.3614583333333333 0.2175925925925926 0.37395833333333334 0.24444444444444444
0 0.5807291666666666 0.43703703703703706 0.5973958333333333 0.44537037037037036 0.6072916666666667 0.4583333333333333 0.621875 0.4675925925925926 0.6322916666666667 0.4648148148148148 0.6354166666666666 0.44722222222222224 0.628125 0.4361111111111111 0.615625 0.42592592592592593 0.6020833333333333 0.42685185185185187 0.59375 0.4212962962962963 0.5739583333333333 0.4185185185185185 0.5640625 0.42407407407407405 0.55625 0.43425925925925923 0.5520833333333334 0.4425925925925926 0.55 0.4583333333333333 0.5494791666666666 0.475 0.5526041666666667 0.48333333333333334 0.55625 0.47685185185185186 0.5578125 0.45092592592592595 0.5708333333333333 0.43703703703703706 0.5807291666666666 0.43703703703703706
0 0.6822916666666666 0.7083333333333334 0.6880208333333333 0.6935185185185185 0.6786458333333333 0.6722222222222223 0.6729166666666667 0.662962962962963 0.6677083333333333 0.6601851851851852 0.665625 0.6537037037037037 0.659375 0.6546296296296297 0.634375 0.6314814814814815 0.6119791666666666 0.6018518518518519 0.5994791666666667 0.5907407407407408 0.5911458333333334 0.5898148148148148 0.5744791666666667 0.5768518518518518 0.5666666666666667 0.5796296296296296 0.565625 0.5833333333333334 0.5682291666666667 0.5916666666666667 0.65625 0.700925925925926 0.6651041666666667 0.7083333333333334 0.6776041666666667 0.712037037037037 0.6822916666666666 0.7083333333333334
0 0.625 0.6833333333333333 0.628125 0.6657407407407407 0.6255208333333333 0.6592592592592592 0.6260416666666667 0.6537037037037037 0.6145833333333334 0.649074074074074 0.6041666666666666 0.6694444444444444 0.6010416666666667 0.6944444444444444 0.5942708333333333 0.7240740740740741 0.5838541666666667 0.7527777777777778 0.5796875 0.7675925925925926 0.5791666666666667 0.7787037037037037 0.5723958333333333 0.8009259259259259 0.571875 0.8074074074074075 0.5760416666666667 0.8083333333333333 0.5953125 0.7712962962962963 0.6104166666666667 0.7240740740740741 0.6130208333333333 0.7074074074074074 0.625 0.6833333333333333
0 0.7989583333333333 0.4287037037037037 0.8041666666666667 0.41574074074074074 0.8083333333333333 0.39537037037037037 0.8078125 0.37037037037037035 0.7942708333333334 0.3574074074074074 0.7807291666666667 0.3574074074074074 0.7776041666666667 0.3611111111111111 0.7854166666666667 0.36666666666666664 0.7786458333333334 0.39814814814814814 0.7729166666666667 0.4111111111111111 0.7734375 0.42777777777777776 0.7671875 0.4444444444444444 0.7520833333333333 0.4601851851851852 0.7375 0.462037037037037 0.696875 0.4777777777777778 0.6942708333333333 0.4824074074074074 0.696875 0.49074074074074076 0.7276041666666667 0.49537037037037035 0.7510416666666667 0.487962962962963 0.7713541666666667 0.4703703703703704 0.7989583333333333 0.4287037037037037
0 0.7901041666666667 0.6129629629629629 0.7817708333333333 0.6305555555555555 0.7807291666666667 0.6416666666666667 0.7833333333333333 0.6472222222222223 0.7927083333333333 0.6398148148148148 0.8020833333333334 0.6185185185185185 0.8098958333333334 0.6092592592592593 0.8140625 0.5990740740740741 0.8140625 0.5898148148148148 0.8208333333333333 0.5768518518518518 0.8270833333333333 0.5537037037037037 0.8421875 0.4722222222222222 0.8421875 0.44074074074074077 0.8369791666666667 0.41203703703703703 0.8338541666666667 0.40925925925925927 0.8197916666666667 0.412962962962963 0.8130208333333333 0.4685185185185185 0.8177083333333334 0.4925925925925926 0.8166666666666667 0.5296296296296297 0.8098958333333334 0.5592592592592592 0.7984375 0.5842592592592593 0.7901041666666667 0.6129629629629629
0 0.6447916666666667 0.575925925925926 0.6661458333333333 0.6037037037037037 0.6776041666666667 0.6277777777777778 0.68125 0.6287037037037037 0.7010416666666667 0.6083333333333333 0.7078125 0.5981481481481481 0.7109375 0.5861111111111111 0.7192708333333333 0.5694444444444444 0.7463541666666667 0.5370370370370371 0.7588541666666667 0.5296296296296297 0.765625 0.5296296296296297 0.7755208333333333 0.5314814814814814 0.7989583333333333 0.5444444444444444 0.7953125 0.5361111111111111 0.7864583333333334 0.5277777777777778 0.7651041666666667 0.5148148148148148 0.7557291666666667 0.512962962962963 0.7317708333333334 0.524074074074074 0.696875 0.5583333333333333 0.6895833333333333 0.5583333333333333 0.6703125 0.5953703703703703 0.65625 0.5861111111111111 0.6463541666666667 0.5731481481481482 0.6447916666666667 0.575925925925926
0 0.584375 0.8787037037037037 0.5911458333333334 0.887962962962963 0.6036458333333333 0.8898148148148148 0.6307291666666667 0.9018518518518519 0.646875 0.9138888888888889 0.6494791666666667 0.9194444444444444 0.6713541666666667 0.9388888888888889 0.6822916666666666 0.9407407407407408 0.6890625 0.9314814814814815 0.6927083333333334 0.9074074074074074 0.6932291666666667 0.8870370370370371 0.66875 0.8675925925925926 0.6541666666666667 0.8583333333333333 0.6505208333333333 0.8592592592592593 0.6463541666666667 0.8675925925925926 0.6182291666666667 0.8629629629629629 0.5645833333333333 0.8351851851851851 0.5552083333333333 0.8351851851851851 0.5427083333333333 0.825 0.5317708333333333 0.8268518518518518 0.5317708333333333 0.837037037037037 0.5364583333333334 0.8462962962962963 0.5505208333333333 0.8574074074074074 0.5588541666666667 0.8712962962962963 0.5666666666666667 0.8675925925925926 0.584375 0.8787037037037037
0 0.5875 0.9111111111111111 0.5885416666666666 0.887962962962963 0.5765625 0.8712962962962963 0.5677083333333334 0.8666666666666667 0.5526041666666667 0.8657407407407407 0.5473958333333333 0.8694444444444445 0.5046875 0.8722222222222222 0.49375 0.8768518518518519 0.4765625 0.8916666666666667 0.4744791666666667 0.8962962962962963 0.47708333333333336 0.9 0.5489583333333333 0.9009259259259259 0.5572916666666666 0.9083333333333333 0.5739583333333333 0.9120370370370371 0.5875 0.9111111111111111
0 0.4114583333333333 0.6787037037037037 0.4265625 0.6731481481481482 0.4421875 0.6601851851851852 0.4546875 0.6435185185185185 0.46927083333333336 0.6138888888888889 0.4703125 0.5990740740740741 0.4609375 0.5962962962962963 0.4432291666666667 0.6194444444444445 0.4036458333333333 0.6537037037037037 0.38229166666666664 0.662962962962963 0.3734375 0.6564814814814814 0.3723958333333333 0.6509259259259259 0.36614583333333334 0.662962962962963 0.3567708333333333 0.6703703703703704 0.34739583333333335 0.6842592592592592 0.34375 0.6842592592592592 0.3296875 0.6657407407407407 0.3296875 0.6722222222222223 0.34427083333333336 0.6935185185185185 0.35 0.7129629629629629 0.353125 0.7157407407407408 0.3692708333333333 0.7148148148148148 0.4114583333333333 0.6787037037037037
0 0.4957786458333333 0.20568333333333333 0.4857197916666667 0.19942314814814815 0.4756609375 0.18734814814814815 0.4681166666666667 0.18242962962962964 0.45881249999999996 0.17303796296296298 0.449759375 0.16946018518518519 0.43542552083333336 0.17482685185185184 0.43089895833333336 0.16006944444444443 0.42360624999999996 0.14397037037037036 0.41354739583333333 0.1341324074074074 0.42461197916666665 0.15649166666666667 0.4296416666666667 0.17303796296296298 0.43089895833333336 0.18064074074074074 0.4293901041666667 0.1900314814814815 0.4293901041666667 0.19316203703703705 0.42410885416666666 0.20389444444444443 0.41153541666666665 0.21686296296296295 0.40700885416666666 0.2316212962962963 0.41933125 0.21954629629629632 0.42863541666666666 0.20747222222222222 0.4331619791666667 0.20568333333333333 0.44447864583333335 0.22312407407407406 0.45579479166666664 0.22893796296296295 0.472140625 0.2298324074074074 0.48295364583333333 0.23027962962962964 0.4917552083333333 0.23877592592592592 0.5000536458333333 0.25398055555555554 0.5206744791666666 0.2611361111111111 0.5342541666666667 0.268737962962963 0.54205 0.2647129629629629 0.5533661458333333 0.2647129629629629 0.5609104166666667 0.26024166666666665 0.5566979166666666 0.24767314814814817 0.5468276041666668 0.24145925925925926 0.5342541666666667 0.2419064814814815 0.5264583333333334 0.23475092592592592 0.5169026041666667 0.2235712962962963 0.5081010416666667 0.21462777777777778 0.4957786458333333 0.20568333333333333
0 0.4640489583333334 0.1363787037037037 0.4551734375 0.1307425925925926 0.4507359375 0.1337037037037037 0.4535885416666667 0.09834166666666667 0.45834322916666664 0.08763148148148148 0.4535885416666667 0.08819537037037037 0.4497848958333333 0.10116018518518519 0.4494682291666667 0.11581574074074075 0.4482 0.12934351851851852 0.44788333333333336 0.13441666666666666 0.44598125 0.13723518518518518 0.44344531249999997 0.14625370370370372 0.43203437499999997 0.1428722222222222 0.4256947916666666 0.14399907407407408 0.4412265625 0.15132685185185185 0.44566406249999996 0.1564 0.44883385416666666 0.16767407407407406 0.4618296875 0.17387407407407407 0.4779953125 0.18852962962962963 0.4976479166666667 0.20713055555555554 0.5211041666666667 0.22404166666666667 0.5331489583333333 0.23813333333333336 0.5465621895833334 0.23495256574074075 0.5432921875000001 0.22810925925925926 0.5353677083333334 0.22416388888888888 0.520153125 0.2134537037037037 0.5024026041666667 0.193725 0.49099166666666666 0.18470648148148147 0.48179947916666666 0.17005092592592594 0.4735578125 0.15539537037037038 0.4640489583333334 0.1363787037037037
0 0.5144473958333333 0.3942037037037037 0.5134963541666667 0.3874398148148148 0.5087421875 0.362075 0.4976479166666667 0.33445462962962963 0.5008177083333334 0.35305555555555557 0.5077911458333333 0.37052962962962965 0.5071572916666667 0.39307685185185187 0.4963802083333333 0.40322314814814814 0.48908958333333336 0.41506018518518517 0.48433489583333333 0.42577037037037035 0.4786296875 0.434225 0.47070520833333335 0.4432435185185185 0.4586604166666667 0.4573361111111111 0.44788333333333336 0.47199166666666664 0.43805677083333333 0.4928472222222222 0.43330260416666666 0.5080666666666667 0.4301328125 0.5272314814814815 0.4310833333333333 0.5396324074074074 0.43393645833333333 0.5463962962962963 0.43710625000000003 0.5266675925925927 0.44312864583333333 0.5041212962962963 0.45232083333333334 0.4866472222222222 0.464365625 0.4736824074074074 0.4726067708333333 0.46917314814814814 0.4802145833333333 0.4573361111111111 0.49099166666666666 0.45564444444444446 0.508425 0.4381712962962963 0.5176171875000001 0.4212601851851852 0.5194395833333333 0.4115018518518519 0.531246875 0.4077324074074074 0.5382203125 0.3970222222222222 0.5401223958333333 0.37954814814814813 0.5302963541666667 0.39589537037037037 0.5217380208333333 0.403787037037037 0.5144473958333333 0.3942037037037037
0 0.45580729166666667 0.5294861111111111 0.4485171875 0.5604888888888888 0.44407916666666664 0.5864175925925926 0.44090989583333334 0.6106555555555556 0.44724895833333334 0.6247472222222222 0.4542223958333333 0.6185472222222221 0.4640489583333334 0.5999453703703704 0.464365625 0.5898 0.46468281250000004 0.5734527777777777 0.4694375 0.5520333333333334 0.4719729166666667 0.5277953703703704 0.47641093749999996 0.5041212962962963 0.4814822916666667 0.49115648148148144 0.4830671875 0.4793194444444444 0.48370104166666666 0.4646638888888889 0.47831250000000003 0.46240925925925924 0.4710223958333334 0.46917314814814814 0.4681692708333333 0.4810101851851852 0.4624640625 0.5041212962962963 0.45580729166666667 0.5294861111111111
0 0.24479166666666666 0.425 0.2515625 0.4046296296296296 0.25625 0.3990740740740741 0.2791666666666667 0.4074074074074074 0.2994791666666667 0.4074074074074074 0.315625 0.4 0.33489583333333334 0.4 0.3536458333333333 0.4046296296296296 0.378125 0.4027777777777778 0.3963541666666667 0.3925925925925926 0.4036458333333333 0.37962962962962965 0.4166666666666667 0.3685185185185185 0.4203125 0.35462962962962963 0.4197916666666667 0.3490740740740741 0.40989583333333335 0.34629629629629627 0.396875 0.35555555555555557 0.37916666666666665 0.35833333333333334 0.36041666666666666 0.3675925925925926 0.3121380208333333 0.36335370370370373 0.2988395833333334 0.35918055555555556 0.30040416666666664 0.33970555555555554 0.28475833333333334 0.35083425925925926 0.25816093749999997 0.3536166666666667 0.2542494791666667 0.3355324074074074 0.24479166666666666 0.31203703703703706 0.24270833333333333 0.30833333333333335 0.24375 0.3287037037037037 0.2526041666666667 0.3685185185185185 0.24791666666666667 0.4009259259259259 0.2359375 0.4324074074074074 0.23541666666666666 0.44351851851851853 0.24479166666666666 0.425
0 0.25659635416666665 0.5261101851851852 0.2464265625 0.5455851851851852 0.23625677083333332 0.5344564814814815 0.22999843749999999 0.5344564814814815 0.2425151041666667 0.5497583333333333 0.25033802083333334 0.5650601851851852 0.24955572916666666 0.5942731481481482 0.2612901041666667 0.5678425925925926 0.2839760416666667 0.5497583333333333 0.30118645833333335 0.5205453703703703 0.3215255208333333 0.49411481481481484 0.3395182291666667 0.4676851851851852 0.3379536458333333 0.44820925925925925 0.3489052083333333 0.4384722222222222 0.3409510416666667 0.42519814814814816 0.3301307291666667 0.4384722222222222 0.31917864583333333 0.44820925925925925 0.3050979166666667 0.4718583333333334 0.28319374999999997 0.5066351851851852 0.27067708333333335 0.5149814814814815 0.25659635416666665 0.5261101851851852
0 0.2542494791666667 0.5901 0.2487734375 0.5845351851851852 0.2464265625 0.609575 0.23938593749999998 0.6332231481481482 0.23156302083333333 0.6415694444444444 0.24016822916666666 0.648525 0.2487734375 0.6526981481481481 0.25503177083333334 0.6721731481481481 0.2636369791666667 0.6805194444444445 0.2542494791666667 0.6568712962962964 0.2620723958333333 0.6499157407407408 0.26676614583333336 0.62905 0.2785 0.6220944444444444 0.2745885416666667 0.6165305555555555 0.27615312500000005 0.5970546296296296 0.28241145833333337 0.580362037037037 0.2964927083333333 0.5497583333333333 0.31917864583333333 0.5386296296296297 0.32074322916666664 0.5288925925925926 0.3340421875 0.5233277777777777 0.33717135416666666 0.5108083333333333 0.3316953125 0.49828888888888895 0.3146760416666667 0.508611111111111 0.30040416666666664 0.5219370370370371 0.29179895833333336 0.5344564814814815 0.2839760416666667 0.5497583333333333 0.26754791666666666 0.5636694444444444 0.2542494791666667 0.5901
0 0.40914114583333333 0.8127203703703704 0.42791562499999997 0.7960277777777778 0.4412145833333333 0.7737703703703704 0.44747291666666666 0.7487305555555556 0.4599895833333333 0.7222999999999999 0.4599895833333333 0.7042166666666666 0.44903750000000003 0.7111712962962964 0.441996875 0.7334287037037036 0.43652083333333336 0.7334287037037036 0.42556875 0.7556861111111111 0.40914114583333333 0.7821166666666667 0.3911484375 0.8071564814814816 0.375503125 0.8141111111111111 0.3603442708333333 0.8177953703703704 0.35125208333333335 0.8377601851851851 0.3535989583333333 0.8627990740740741 0.36689791666666666 0.8641907407407408 0.38723697916666666 0.8502796296296297 0.3911484375 0.8308046296296296 0.40914114583333333 0.8127203703703704
0 0.2618229166666667 0.7864675925925926 0.26307604166666665 0.7990935185185185 0.25931666666666664 0.8265731481481481 0.25889947916666667 0.8622231481481482 0.27101145833333334 0.8451416666666667 0.26808802083333333 0.8236027777777778 0.2668348958333333 0.8057777777777778 0.2697583333333334 0.8028064814814815 0.27059374999999997 0.8080055555555555 0.2751880208333333 0.8065203703703704 0.28354166666666664 0.8161759259259259 0.30275416666666666 0.8176611111111111 0.3111072916666667 0.8228601851851851 0.3086015625 0.8132046296296296 0.3194609375 0.8132046296296296 0.34786197916666667 0.8132046296296296 0.3699984375 0.8146898148148148 0.39213489583333333 0.8042925925925926 0.41051197916666665 0.7753268518518518 0.39881770833333335 0.7901805555555556 0.3699984375 0.7849824074074073 0.3449385416666667 0.7827537037037037 0.3257260416666667 0.7656712962962963 0.31069010416666665 0.7589870370370371 0.3077661458333333 0.7381916666666666 0.30191874999999996 0.753787962962963 0.28521197916666663 0.753787962962963 0.2701760416666667 0.7597296296296296 0.2643286458333333 0.7493324074074074 0.25785729166666665 0.7252138888888889 0.25597552083333336 0.701799074074074 0.25514010416666666 0.7315074074074074 0.25848177083333335 0.7456185185185186 0.2643286458333333 0.7701277777777779 0.2618229166666667 0.7864675925925926
0 0.30233645833333334 0.8629666666666667 0.3077661458333333 0.8607379629629629 0.31862552083333334 0.8859898148148149 0.33115572916666663 0.892675 0.34117968750000005 0.9067861111111111 0.3415973958333333 0.896387962962963 0.35830364583333335 0.8986166666666666 0.38252864583333335 0.9082712962962963 0.40299427083333333 0.9179268518518519 0.4222067708333333 0.9201546296296297 0.4226244791666666 0.9149555555555556 0.43933125 0.9149555555555556 0.44851979166666667 0.9090138888888889 0.4451786458333334 0.8941601851851851 0.42721875 0.8941601851851851 0.40633541666666667 0.8941601851851851 0.38837604166666667 0.887475925925926 0.38754062499999997 0.87485 0.367075 0.8659370370370371 0.35245625 0.8547962962962963 0.3328260416666666 0.8429129629629629 0.32071406249999995 0.8362287037037036 0.3144489583333333 0.8325148148148148 0.3056776041666666 0.8146898148148148 0.3099630208333333 0.8374416666666666 0.3065130208333333 0.8503398148148148 0.29189479166666665 0.8614805555555556 0.2831239583333333 0.8800481481481481 0.30024843749999997 0.8897037037037037 0.2889713541666667 0.8763351851851852 0.30233645833333334 0.8629666666666667
0 0.466896875 0.8852472222222222 0.48527447916666666 0.8778203703703704 0.49070416666666666 0.8718787037037037 0.49696927083333337 0.8651944444444444 0.5040692708333333 0.8629666666666667 0.5061578125 0.8495972222222222 0.4990572916666667 0.8451416666666667 0.48986875 0.8547962962962963 0.481515625 0.8525685185185186 0.4652265625 0.857025 0.4439255208333333 0.8622231481481482 0.42178906250000003 0.8614805555555556 0.4247130208333333 0.8443981481481482 0.4126005208333333 0.8555388888888888 0.39756458333333333 0.8503398148148148 0.3950583333333333 0.8555388888888888 0.388121875 0.8469425925925925 0.39129947916666663 0.8592527777777779 0.38754062499999997 0.8741064814814814 0.39547604166666667 0.8904462962962963 0.4242953125 0.8956453703703704 0.4447609375 0.892675 0.466896875 0.8852472222222222
