0 0.8010416666666667 0.5092592592592593 0.8041666666666667 0.49907407407407406 0.8119791666666667 0.4148148148148148 0.8145833333333333 0.40185185185185185 0.81875 0.3925925925925926 0.8208333333333333 0.3574074074074074 0.8145833333333333 0.35 0.80625 0.3509259259259259 0.8020833333333334 0.3611111111111111 0.7963541666666667 0.38796296296296295 0.7994791666666666 0.3972222222222222 0.8 0.4064814814814815 0.7958333333333333 0.4462962962962963 0.7958333333333333 0.5018518518518519 0.7979166666666667 0.5092592592592593 0.8010416666666667 0.5092592592592593
0 0.39947916666666666 0.18333333333333332 0.40520833333333334 0.18518518518518517 0.4078125 0.17592592592592593 0.38229166666666664 0.09444444444444444 0.3776041666666667 0.075 0.37447916666666664 0.046296296296296294 0.3697916666666667 0.030555555555555555 0.3614583333333333 0.021296296296296296 0.3572916666666667 0.022222222222222223 0.35208333333333336 0.02962962962962963 0.3515625 0.040740740740740744 0.35520833333333335 0.06018518518518518 0.3619791666666667 0.07592592592592592 0.3802083333333333 0.13796296296296295 0.3958333333333333 0.17685185185185184 0.39947916666666666 0.18333333333333332
0 0.43125 0.15092592592592594 0.4354166666666667 0.17592592592592593 0.4427083333333333 0.17592592592592593 0.4432291666666667 0.1638888888888889 0.4401041666666667 0.1537037037037037 0.43697916666666664 0.12222222222222222 0.415625 0.04259259259259259 0.409375 0.025925925925925925 0.4010416666666667 0.013888888888888888 0.3953125 0.01574074074074074 0.39010416666666664 0.022222222222222223 0.39010416666666664 0.037037037037037035 0.3932291666666667 0.05277777777777778 0.4 0.06851851851851852 0.40729166666666666 0.075 0.41354166666666664 0.08796296296296297 0.43125 0.15092592592592594
0 0.32864583333333336 0.41203703703703703 0.334375 0.4064814814814815 0.3338541666666667 0.3675925925925926 0.32864583333333336 0.34629629629629627 0.3234375 0.30462962962962964 0.321875 0.2388888888888889 0.31666666666666665 0.20925925925925926 0.3171875 0.18888888888888888 0.31145833333333334 0.1814814814814815 0.30572916666666666 0.18796296296296297 0.30416666666666664 0.22685185185185186 0.3072916666666667 0.32407407407407407 0.3067708333333333 0.36944444444444446 0.3098958333333333 0.387037037037037 0.3182291666666667 0.4101851851851852 0.321875 0.412962962962963 0.32864583333333336 0.41203703703703703
0 0.3875 0.5407407407407407 0.390625 0.5333333333333333 0.3885416666666667 0.5287037037037037 0.3828125 0.5287037037037037 0.3385416666666667 0.549074074074074 0.3140625 0.5518518518518518 0.3026041666666667 0.5675925925925925 0.3026041666666667 0.5796296296296296 0.3046875 0.5842592592592593 0.31614583333333335 0.5842592592592593 0.3458333333333333 0.562037037037037 0.359375 0.5574074074074075 0.3875 0.5407407407407407
0 0.7942708333333334 0.7212962962962963 0.8005208333333333 0.6842592592592592 0.7984375 0.6759259259259259 0.7927083333333333 0.6787037037037037 0.7838541666666666 0.7222222222222222 0.7791666666666667 0.7277777777777777 0.775 0.7398148148148148 0.7760416666666666 0.7444444444444445 0.7713541666666667 0.7620370370370371 0.7671875 0.7703703703703704 0.7578125 0.7796296296296297 0.753125 0.799074074074074 0.7510416666666667 0.8157407407407408 0.7552083333333334 0.8268518518518518 0.7640625 0.8287037037037037 0.7703125 0.8212962962962963 0.7765625 0.7888888888888889 0.7942708333333334 0.7212962962962963
0 0.6614583333333334 0.22407407407407406 0.6661458333333333 0.22777777777777777 0.6697916666666667 0.21851851851851853 0.6661458333333333 0.1962962962962963 0.665625 0.17962962962962964 0.6463541666666667 0.08703703703703704 0.6338541666666667 0.05925925925925926 0.6270833333333333 0.06018518518518518 0.6213541666666667 0.06851851851851852 0.6223958333333334 0.09259259259259259 0.6296875 0.11296296296296296 0.6432291666666666 0.13796296296296295 0.6536458333333334 0.19074074074074074 0.659375 0.20462962962962963 0.6614583333333334 0.22407407407407406
0 0.49166666666666664 0.3148148148148148 0.5 0.26666666666666666 0.5114583333333333 0.2222222222222222 0.5140625 0.20833333333333334 0.5135416666666667 0.2 0.5010416666666667 0.19074074074074074 0.49375 0.20185185185185187 0.4901041666666667 0.21574074074074073 0.48802083333333335 0.25555555555555554 0.471875 0.35462962962962963 0.4744791666666667 0.3611111111111111 0.4796875 0.3592592592592593 0.48541666666666666 0.33055555555555555 0.49166666666666664 0.3148148148148148
0 0.5333333333333333 0.21388888888888888 0.5380208333333333 0.22037037037037038 0.546875 0.22037037037037038 0.5479166666666667 0.21574074074074073 0.5447916666666667 0.2074074074074074 0.5369791666666667 0.20185185185185187 0.5119791666666667 0.17222222222222222 0.49895833333333334 0.14629629629629629 0.4895833333333333 0.11944444444444445 0.478125 0.10740740740740741 0.4739583333333333 0.10833333333333334 0.46822916666666664 0.11851851851851852 0.46822916666666664 0.12685185185185185 0.4739583333333333 0.1425925925925926 0.490625 0.16574074074074074 0.503125 0.19166666666666668 0.525 0.2101851851851852 0.5333333333333333 0.21388888888888888
0 0.5702390625 0.28449444444444444 0.5758291666666667 0.26009629629629627 0.5880244791666667 0.2438314814814815 0.5961552083333334 0.22124074074074074 0.6078427083333333 0.19413240740740742 0.6261364583333333 0.17154166666666665 0.6307098958333334 0.14624074074074073 0.6246119791666668 0.1335898148148148 0.6098755208333333 0.14443333333333333 0.6037776041666666 0.16431296296296297 0.5920901041666667 0.19413240740740742 0.5804020833333333 0.22485555555555556 0.5702390625 0.25286759259259256 0.5590598958333334 0.27365092592592594 0.5702390625 0.28449444444444444
0 0.6312177083333333 0.27003611111111114 0.6393484375 0.3106990740740741 0.6423973958333333 0.3378074074074074 0.6520520833333333 0.3477472222222222 0.6510359375 0.3251574074074074 0.6474786458333334 0.29262685185185183 0.643921875 0.2718435185185185 0.6393484375 0.24925277777777777 0.6378239583333334 0.22485555555555556 0.6383317708333334 0.20859074074074074 0.6362994791666666 0.18961481481481482 0.6302015625 0.1724453703703704 0.6200385416666666 0.1769638888888889 0.6154651041666667 0.18961481481481482 0.6185140625 0.21581944444444445 0.6246119791666668 0.2356990740740741 0.6312177083333333 0.27003611111111114
0 0.5626166666666667 0.36357685185185185 0.563125 0.3834564814814815 0.5549947916666667 0.4060462962962963 0.5427989583333334 0.40966111111111114 0.5351765625 0.4186972222222222 0.5234890625 0.43134814814814815 0.5255213541666667 0.4485166666666667 0.5341604166666667 0.4512277777777778 0.5499130208333334 0.43948055555555554 0.5616005208333333 0.42140833333333333 0.5702390625 0.3897814814814815 0.5712557291666667 0.3617694444444445 0.56973125 0.33466111111111113 0.5636333333333333 0.31116666666666665 0.5605843749999999 0.30393796296296294 0.5555026041666667 0.30393796296296294 0.5555026041666667 0.3156851851851852 0.5590598958333334 0.3355648148148148 0.5626166666666667 0.36357685185185185
0 0.6286770833333333 0.5239842592592593 0.625628125 0.5411527777777778 0.6185140625 0.5664546296296296 0.6088588541666666 0.5863342592592592 0.60479375 0.6098277777777779 0.6053020833333334 0.6324185185185185 0.6159729166666666 0.6405509259259259 0.6220708333333334 0.6333222222222222 0.6266442708333333 0.6071175925925926 0.6251197916666666 0.5818157407407407 0.6302015625 0.5619361111111111 0.6342666666666666 0.5266953703703704 0.6339473958333334 0.49799166666666667 0.6312177083333333 0.4788037037037037 0.6266442708333333 0.47428518518518514 0.625628125 0.48241759259259254 0.6271526041666667 0.5004907407407407 0.6286770833333333 0.5239842592592593
0 0.5717635416666667 0.5176592592592593 0.5778614583333332 0.5393462962962963 0.583959375 0.5574185185185184 0.5900572916666668 0.5791055555555555 0.5992041666666666 0.5908518518518519 0.6098755208333333 0.5926592592592592 0.6144484375 0.580912037037037 0.6144484375 0.5691657407407407 0.6078427083333333 0.5519962962962962 0.5976796875 0.5420564814814816 0.5870083333333334 0.5275990740740741 0.5793859375 0.5140444444444444 0.572271875 0.4959722222222222 0.5621088541666667 0.47789999999999994 0.5518593749999999 0.4611472222222222 0.5478802083333334 0.46073148148148146 0.5483885416666666 0.4679601851851852 0.5570270833333333 0.48422499999999996 0.5651578125000001 0.4986833333333333 0.5717635416666667 0.5176592592592593
0 0.47724687499999996 0.43271944444444443 0.47724687499999996 0.4535018518518518 0.47318177083333335 0.4815148148148148 0.47419791666666666 0.5041046296296297 0.47877135416666666 0.5203703703703704 0.4797875 0.4887435185185185 0.4858854166666667 0.45530925925925925 0.48791822916666666 0.4254898148148148 0.49452395833333335 0.40741759259259264 0.4904588541666667 0.38663425925925926 0.48639375 0.37127314814814816 0.47724687499999996 0.37398425925925927 0.47470625 0.37669444444444444 0.4726734375 0.38302037037037034 0.470640625 0.3956703703703704 0.47165729166666664 0.41555 0.47724687499999996 0.43271944444444443
0 0.4797875 0.47970740740740736 0.4797875 0.4923574074074074 0.4762307291666667 0.5176592592592593 0.4757223958333333 0.5375388888888889 0.47368958333333333 0.5574185185185184 0.4792796875 0.5610324074074073 0.48232812500000005 0.5375388888888889 0.4843609375 0.5158518518518519 0.4884260416666667 0.4977796296296296 0.49452395833333335 0.4751888888888888 0.5036708333333333 0.45621296296296293 0.50976875 0.43904444444444446 0.5107848958333333 0.41103240740740743 0.5057036458333334 0.4019962962962963 0.49808125000000003 0.4029 0.48944270833333337 0.41555 0.4869015625 0.42639351851851853 0.4848692708333333 0.44627314814814817 0.4833447916666667 0.45802037037037036 0.4797875 0.47970740740740736
0 0.49198333333333333 0.5203703703703704 0.49198333333333333 0.5519962962962962 0.491475 0.5709722222222222 0.4935078125 0.5791055555555555 0.495540625 0.5510925925925926 0.500621875 0.5330203703703704 0.5046869791666667 0.5113333333333333 0.5087526041666667 0.5004907407407407 0.5112932291666666 0.48693611111111107 0.5107848958333333 0.4679601851851852 0.5063453125 0.45247777777777776 0.4960484375 0.4598277777777778 0.48995052083333335 0.47970740740740736 0.48944270833333337 0.4932611111111111 0.4909671875 0.5050083333333333 0.49198333333333333 0.5203703703703704
0 0.4965567708333333 0.5538037037037037 0.49249166666666666 0.580912037037037 0.48944270833333337 0.6035027777777778 0.4884260416666667 0.6161537037037037 0.4965567708333333 0.6098277777777779 0.49858958333333336 0.5890453703703703 0.5011302083333333 0.568262037037037 0.5067197916666667 0.5420564814814816 0.5128177083333333 0.5194666666666666 0.5178994791666667 0.5032009259259259 0.5280625 0.48512870370370365 0.5300947916666667 0.46615277777777775 0.5321276041666666 0.45530925925925925 0.5275541666666667 0.4489842592592593 0.5242255208333334 0.44742037037037036 0.5148505208333334 0.45802037037037036 0.512309375 0.4706712962962963 0.5112932291666666 0.4896472222222222 0.5087526041666667 0.5022972222222222 0.5026546875 0.5285027777777778 0.4965567708333333 0.5538037037037037
0 0.5326359374999999 0.6274648148148149 0.5300947916666667 0.602162962962963 0.5280625 0.5750546296296296 0.523996875 0.5506564814814814 0.5204401041666666 0.5217407407407407 0.5138338541666667 0.5199342592592593 0.5184072916666667 0.5361990740740741 0.5214562500000001 0.5750546296296296 0.5214562500000001 0.5985481481481482 0.5214562500000001 0.6166212962962964 0.5201619791666666 0.6316444444444445 0.5168828125 0.6446333333333333 0.5214562500000001 0.6717416666666667 0.5295869791666666 0.6807777777777778 0.5367010416666667 0.6654166666666667 0.5361927083333333 0.6401148148148148 0.5326359374999999 0.6274648148148149
0 0.5031625 0.7024648148148148 0.5209479166666667 0.7069824074074075 0.5285703125 0.6925250000000001 0.5219645833333334 0.6717416666666667 0.5138338541666667 0.6690305555555556 0.5011302083333333 0.673549074074074 0.48740989583333333 0.6663203703703704 0.4757223958333333 0.6572833333333333 0.4609859375 0.6482472222222222 0.4528552083333333 0.6482472222222222 0.4401515625 0.6428259259259259 0.4401057291666667 0.654762962962963 0.44624947916666663 0.6572833333333333 0.45742864583333337 0.6618018518518518 0.47419791666666666 0.6744527777777778 0.49249166666666666 0.6916212962962963 0.5031625 0.7024648148148148
0 0.5377171875 0.6726453703703703 0.5336520833333334 0.6925250000000001 0.5250135416666667 0.7078861111111111 0.5011302083333333 0.7024648148148148 0.49706510416666666 0.7105972222222222 0.5031625 0.7160185185185185 0.5173911458333333 0.7133083333333333 0.5306031250000001 0.7124046296296297 0.5392416666666667 0.6988500000000001 0.5438151041666667 0.6762601851851852 0.5483885416666666 0.6491509259259259 0.5524536458333333 0.6346935185185185 0.553978125 0.617525 0.5529619791666666 0.5994518518518519 0.5509291666666667 0.5886092592592592 0.5443234375 0.5868018518518519 0.5412744791666667 0.5877055555555556 0.5356848958333333 0.5976453703703704 0.5341604166666667 0.6130064814814815 0.53314375 0.6256574074074075 0.5377171875 0.6419222222222222 0.53975 0.6572833333333333 0.5377171875 0.6726453703703703
0 0.5682067708333334 0.8113666666666666 0.5920901041666667 0.8050407407407407 0.6129244791666667 0.8014268518518519 0.6230875 0.7878722222222223 0.6357911458333334 0.7869685185185186 0.6388401041666667 0.7734148148148148 0.6251197916666666 0.7743175925925926 0.6058098958333333 0.7815472222222223 0.5910734375000001 0.7878722222222223 0.5737963541666667 0.797812037037037 0.5560109375 0.7969083333333333 0.5392416666666667 0.7878722222222223 0.5290786458333333 0.7951009259259258 0.5234130208333333 0.803587037037037 0.5214562500000001 0.8158842592592592 0.5245052083333334 0.8285351851851852 0.537209375 0.8348601851851852 0.5529619791666666 0.8249203703703704 0.5682067708333334 0.8113666666666666
0 0.5605843749999999 0.851125925925926 0.5768453124999999 0.8556435185185185 0.5834510416666667 0.8484148148148148 0.583959375 0.8366675925925926 0.5783697916666667 0.823112962962963 0.5727802083333333 0.8176916666666666 0.5570270833333333 0.8194990740740741 0.5417822916666667 0.8312462962962963 0.5270458333333333 0.8303425925925926 0.5173911458333333 0.816787962962963 0.5077359375 0.8131731481481481 0.500621875 0.8095592592592592 0.4961859375 0.8064768518518518 0.49299947916666664 0.8185953703703703 0.5092604166666667 0.8267277777777777 0.5184072916666667 0.8375712962962963 0.5311114583333334 0.8457037037037037 0.5514375 0.8502222222222222 0.5605843749999999 0.851125925925926
0 0.4111864583333333 0.7182935185185185 0.42541510416666667 0.7182935185185185 0.442184375 0.7210046296296296 0.4553963541666667 0.7210046296296296 0.4686083333333333 0.722812037037037 0.4762307291666667 0.7273296296296295 0.4767385416666666 0.7119685185185186 0.46149427083333333 0.7065462962962964 0.44980625 0.6948 0.4325291666666667 0.6938962962962963 0.4167765625 0.6938962962962963 0.40000729166666665 0.6929925925925926 0.3959421875 0.6875703703703704 0.3847625 0.6920888888888889 0.3677708333333333 0.6944972222222222 0.3608791666666667 0.70745 0.3598630208333333 0.722812037037037 0.3715505208333333 0.7327518518518518 0.38527083333333334 0.7318481481481481 0.3979744791666667 0.722812037037037 0.4111864583333333 0.7182935185185185
0 0.39238489583333336 0.8619685185185185 0.39899114583333334 0.851125925925926 0.40000729166666665 0.8276314814814815 0.3979744791666667 0.8113666666666666 0.3873036458333334 0.7869685185185186 0.38171354166666666 0.7643777777777778 0.3786645833333333 0.7490166666666667 0.37459947916666664 0.7372694444444444 0.3715505208333333 0.7327518518518518 0.36494479166666666 0.7318481481481481 0.36208125 0.7306194444444444 0.370534375 0.7526314814814815 0.3735833333333333 0.7725111111111111 0.38171354166666666 0.8077518518518518 0.37968125 0.83215 0.3842546875 0.8529324074074074 0.39238489583333336 0.8619685185185185
0 0.23523906249999998 0.7388944444444444 0.24298802083333332 0.7681768518518518 0.252190625 0.7828185185185185 0.2604239583333333 0.7750666666666667 0.26139270833333333 0.7595648148148149 0.25461197916666667 0.734587962962963 0.24783125 0.7147796296296296 0.23911354166666668 0.7001379629629629 0.2347546875 0.6613814814814815 0.22700520833333335 0.6407111111111111 0.22845833333333332 0.6295148148148147 0.22119322916666664 0.6157351851851852 0.21612708333333333 0.6164916666666667 0.21974010416666667 0.63985 0.22264635416666667 0.6665490740740742 0.22894270833333333 0.6966925925925926 0.2323328125 0.7165018518518519 0.23523906249999998 0.7388944444444444
0 0.29674895833333337 0.8499962962962962 0.30691979166666666 0.8577472222222222 0.31370052083333333 0.8422444444444445 0.30885729166666664 0.8207138888888889 0.3006234375 0.8009046296296296 0.285609375 0.7845407407407408 0.2739854166666667 0.7681768518518518 0.2657515625 0.7457842592592593 0.25267500000000004 0.7216694444444445 0.26284583333333333 0.7664546296296296 0.27204791666666667 0.7888472222222223 0.282703125 0.8112398148148148 0.28948385416666667 0.8293259259259259 0.29674895833333337 0.8499962962962962
