0 0.6578125 0.30277777777777776 0.6609375 0.287962962962963 0.6614583333333334 0.2675925925925926 0.659375 0.25833333333333336 0.65 0.2490740740740741 0.6401041666666667 0.2814814814814815 0.6385416666666667 0.3111111111111111 0.6229166666666667 0.3824074074074074 0.61875 0.41203703703703703 0.61875 0.4212962962962963 0.621875 0.425 0.6265625 0.4185185185185185 0.6520833333333333 0.3138888888888889 0.6578125 0.30277777777777776
0 0.5161458333333333 0.12407407407407407 0.525 0.10925925925925926 0.5380208333333333 0.10092592592592593 0.5473958333333333 0.08425925925925926 0.5526041666666667 0.06759259259259259 0.5494791666666666 0.05740740740740741 0.5401041666666667 0.05092592592592592 0.525 0.06666666666666667 0.5208333333333334 0.0824074074074074 0.5005208333333333 0.11944444444444445 0.4895833333333333 0.15092592592592594 0.484375 0.18518518518518517 0.49166666666666664 0.1925925925925926 0.5005208333333333 0.16944444444444445 0.5026041666666666 0.15648148148148147 0.5067708333333333 0.15185185185185185 0.5161458333333333 0.12407407407407407
0 0.6239583333333333 0.22870370370370371 0.625 0.21851851851851853 0.6229166666666667 0.21203703703703702 0.615625 0.2064814814814815 0.5989583333333334 0.2037037037037037 0.5833333333333334 0.21574074074074073 0.5302083333333333 0.22777777777777777 0.5276041666666667 0.2361111111111111 0.5291666666666667 0.24074074074074073 0.5682291666666667 0.24537037037037038 0.5885416666666666 0.23796296296296296 0.6151041666666667 0.23703703703703705 0.6239583333333333 0.22870370370370371
0 0.5640625 0.4166666666666667 0.5708333333333333 0.40925925925925927 0.5755208333333334 0.38425925925925924 0.5796875 0.37407407407407406 0.5822916666666667 0.3527777777777778 0.5869791666666667 0.27685185185185185 0.584375 0.24259259259259258 0.5713541666666667 0.24259259259259258 0.5671875 0.25092592592592594 0.5645833333333333 0.2777777777777778 0.56875 0.30185185185185187 0.5697916666666667 0.32592592592592595 0.5640625 0.38796296296296295 0.5604166666666667 0.4046296296296296 0.5609375 0.412962962962963 0.5640625 0.4166666666666667
0 0.8140625 0.3277777777777778 0.8177083333333334 0.3277777777777778 0.8197916666666667 0.32222222222222224 0.8171875 0.31296296296296294 0.790625 0.287962962962963 0.7770833333333333 0.2814814814814815 0.75625 0.2574074074074074 0.7401041666666667 0.2537037037037037 0.7369791666666666 0.25925925925925924 0.7348958333333333 0.2657407407407407 0.7354166666666667 0.2740740740740741 0.7479166666666667 0.29259259259259257 0.7609375 0.2935185185185185 0.7802083333333333 0.30092592592592593 0.8140625 0.3277777777777778
0 0.7953125 0.37222222222222223 0.7994791666666666 0.35833333333333334 0.7947916666666667 0.34629629629629627 0.7828125 0.33425925925925926 0.7572916666666667 0.3333333333333333 0.7244791666666667 0.32407407407407407 0.7151041666666667 0.32592592592592595 0.709375 0.32222222222222224 0.703125 0.325 0.7036458333333333 0.3333333333333333 0.7072916666666667 0.337037037037037 0.725 0.3453703703703704 0.75625 0.3527777777777778 0.7807291666666667 0.3712962962962963 0.7953125 0.37222222222222223
0 0.7786458333333334 0.7768518518518519 0.7817708333333333 0.7972222222222223 0.7864583333333334 0.8092592592592592 0.7973958333333333 0.8083333333333333 0.8005208333333333 0.7768518518518519 0.7838541666666666 0.7055555555555556 0.7671875 0.6601851851851852 0.7598958333333333 0.6481481481481481 0.7557291666666667 0.6472222222222223 0.7541666666666667 0.6518518518518519 0.7536458333333333 0.6574074074074074 0.7604166666666666 0.6722222222222223 0.7630208333333334 0.6888888888888889 0.7677083333333333 0.7 0.778125 0.7425925925925926 0.7786458333333334 0.7768518518518519
0 0.6041666666666666 0.7416666666666667 0.6067708333333334 0.7287037037037037 0.603125 0.7222222222222222 0.5989583333333334 0.7222222222222222 0.5520833333333334 0.7611111111111111 0.521875 0.7638888888888888 0.5135416666666667 0.7592592592592593 0.5041666666666667 0.7592592592592593 0.484375 0.7787037037037037 0.48489583333333336 0.7981481481481482 0.48854166666666665 0.8037037037037037 0.5130208333333334 0.8037037037037037 0.5322916666666667 0.7870370370370371 0.5796875 0.7675925925925926 0.6041666666666666 0.7416666666666667
0 0.3072916666666667 0.8296296296296296 0.3125 0.8240740740740741 0.3104166666666667 0.8166666666666667 0.28958333333333336 0.8157407407407408 0.275 0.8055555555555556 0.26614583333333336 0.7944444444444444 0.25416666666666665 0.7703703703703704 0.24427083333333333 0.7611111111111111 0.228125 0.7555555555555555 0.2234375 0.7685185185185185 0.22291666666666668 0.7787037037037037 0.2265625 0.7861111111111111 0.25416666666666665 0.8055555555555556 0.2760416666666667 0.825925925925926 0.2947916666666667 0.8305555555555556 0.3072916666666667 0.8296296296296296
0 0.2375 0.575 0.24114583333333334 0.549074074074074 0.24375 0.5055555555555555 0.24270833333333333 0.4962962962962963 0.24583333333333332 0.48148148148148145 0.24375 0.4722222222222222 0.23958333333333334 0.475 0.23229166666666667 0.5018518518518519 0.22291666666666668 0.5722222222222222 0.215625 0.5972222222222222 0.21666666666666667 0.6212962962962963 0.22291666666666668 0.6277777777777778 0.22916666666666666 0.6268518518518519 0.234375 0.6148148148148148 0.24010416666666667 0.5879629629629629 0.2375 0.575
0 0.4891166666666667 0.25700185185185187 0.4879739583333333 0.2905240740740741 0.47654583333333334 0.3423305555555555 0.48625937500000005 0.3352203703703704 0.494259375 0.2702074074074074 0.5005447916666667 0.23059074074074076 0.51654375 0.20925833333333332 0.52054375 0.18284722222222222 0.5216864583333334 0.15542037037037038 0.5142583333333334 0.14932499999999999 0.5045442708333333 0.15237314814814815 0.49540208333333335 0.1798 0.4959734375 0.21128981481481482 0.4891166666666667 0.25700185185185187
0 0.4856880208333333 0.35045740740740744 0.47254583333333333 0.3789 0.4811171875 0.3778842592592593 0.494259375 0.3423305555555555 0.5062583333333334 0.3057611111111111 0.509115625 0.27833425925925925 0.5176864583333333 0.24785925925925925 0.5302572916666667 0.22652777777777777 0.5296859374999999 0.20113240740740743 0.519971875 0.20113240740740743 0.5131151041666667 0.21332222222222222 0.5011161458333333 0.23059074074074076 0.4959734375 0.2671601851851852 0.48968802083333335 0.3159194444444444 0.4856880208333333 0.35045740740740744
0 0.6353942708333334 0.7049777777777777 0.6416796875 0.7324055555555556 0.6576791666666666 0.7547527777777778 0.6691067708333333 0.7588166666666667 0.6719640625000001 0.7354527777777777 0.66625 0.7110731481481481 0.6536791666666667 0.6856777777777778 0.6416796875 0.6491083333333334 0.6376802083333334 0.6135546296296296 0.6273947916666667 0.5780009259259259 0.6222520833333333 0.5678425925925926 0.6205380208333333 0.5820638888888889 0.6171098958333334 0.5576842592592592 0.6091104166666667 0.5475259259259259 0.6051104166666667 0.5587 0.6142526041666667 0.5800324074074074 0.6131098958333333 0.5932379629629629 0.6182526041666667 0.6206648148148148 0.6285375 0.6612981481481481 0.6353942708333334 0.7049777777777777
0 0.7113906249999999 0.803512037037037 0.7142473958333333 0.7811648148148148 0.7085333333333333 0.7557685185185186 0.6925343749999999 0.7364685185185185 0.6839635416666667 0.699899074074074 0.6788208333333333 0.673487962962963 0.6708213541666667 0.6623138888888889 0.6599645833333334 0.6379342592592593 0.6605359375000001 0.6562185185185185 0.673678125 0.7029462962962963 0.6845348958333334 0.7334212962962964 0.6879630208333333 0.7710064814814815 0.7011052083333333 0.8014805555555556 0.7113906249999999 0.803512037037037
0 0.6725354166666667 0.7953861111111111 0.6782494791666667 0.8167185185185185 0.6919630208333333 0.8238287037037038 0.6953911458333334 0.7994490740740741 0.6873916666666666 0.7608481481481482 0.6805348958333333 0.7202157407407407 0.6708213541666667 0.688725 0.6599645833333334 0.6724722222222222 0.6502510416666667 0.6623138888888889 0.6531078125 0.673487962962963 0.6611072916666667 0.6897407407407407 0.6673927083333333 0.7151361111111111 0.6731067708333334 0.7517055555555555 0.6725354166666667 0.7953861111111111
0 0.7193901041666667 0.5150203703703704 0.7359604166666667 0.5190833333333333 0.7513880208333333 0.5018138888888889 0.7519598958333333 0.48048240740740744 0.7439598958333333 0.47540277777777773 0.7176760416666668 0.4886083333333333 0.6925343749999999 0.5007981481481482 0.6765348958333333 0.5200990740740741 0.66225 0.543462962962963 0.6639645833333333 0.5576842592592592 0.6685354166666666 0.5515898148148148 0.6811062499999999 0.5312731481481481 0.6948197916666667 0.5221305555555555 0.7193901041666667 0.5150203703703704
0 0.74853125 0.589175 0.7548166666666667 0.608475 0.7708156249999999 0.6186333333333334 0.7805296875 0.6115231481481482 0.7811010416666666 0.5932379629629629 0.7685302083333333 0.5688583333333332 0.7605307291666666 0.5637796296296296 0.7439598958333333 0.5424472222222222 0.7308177083333334 0.5190833333333333 0.7165328125 0.516036111111111 0.6976770833333333 0.524162037037037 0.7056765625 0.5312731481481481 0.7153901041666667 0.5383842592592593 0.7331036458333333 0.5505740740740741 0.7479598958333333 0.5688583333333332 0.74853125 0.589175
0 0.7410796875 0.45379722222222224 0.7611619791666667 0.4504907407407407 0.7786416666666667 0.4432157407407407 0.7964927083333334 0.41742407407407406 0.8039307291666666 0.3989074074074074 0.81583125 0.3823740740740741 0.8232692708333332 0.35327592592592594 0.8162031249999999 0.34269444444444447 0.8092557291666667 0.34595555555555557 0.7972364583333333 0.3565824074074074 0.7976083333333333 0.38435833333333336 0.7912859375 0.40948796296296297 0.7760380208333333 0.4273444444444444 0.7611619791666667 0.4385861111111111 0.7410796875 0.45379722222222224
0 0.81731875 0.4809111111111111 0.811740625 0.45181296296296297 0.811740625 0.41477870370370373 0.81583125 0.3823740740740741 0.8024432291666667 0.4022138888888889 0.7979802083333334 0.41676296296296295 0.7990958333333332 0.4458611111111111 0.7990958333333332 0.472975 0.7998395833333334 0.48884722222222227 0.8003333333333333 0.4887129629629629 0.7979802083333334 0.500750925925926 0.8020708333333334 0.5199296296296296 0.8098807291666666 0.529849074074074 0.8206661458333334 0.5272037037037037 0.8240130208333334 0.508687037037037 0.81731875 0.4809111111111111
0 0.6945921875 0.45181296296296297 0.6908734375000001 0.46768425925925927 0.7109557291666667 0.46371666666666667 0.7247161458333333 0.45974907407407406 0.7436828125 0.45115185185185186 0.7570713541666667 0.437925 0.7749223958333334 0.4246990740740741 0.7879390625 0.4121333333333333 0.7897984375 0.4015527777777778 0.7816166666666666 0.39031018518518523 0.7715755208333334 0.39361666666666667 0.7604182291666667 0.4108111111111111 0.7433109375 0.43263425925925925 0.72136875 0.4458611111111111 0.7035177083333333 0.4557805555555556 0.6945921875 0.45181296296296297
0 0.3022473958333334 0.24034444444444444 0.3123458333333333 0.25397222222222227 0.3213989583333333 0.22671574074074075 0.3391578125 0.21804351851851853 0.3576130208333333 0.20875185185185186 0.3743270833333333 0.20131851851851854 0.3983536458333334 0.17653981481481482 0.41088958333333336 0.16167222222222222 0.43735364583333336 0.13317777777777778 0.4498890625 0.11397407407407407 0.4572015625 0.1046824074074074 0.45511250000000003 0.09786851851851851 0.4502375 0.09972685185185184 0.42203229166666667 0.12166018518518519 0.4011395833333333 0.14334166666666667 0.38651458333333333 0.153 0.36144322916666666 0.1746814814814815 0.32905989583333334 0.19512314814814816 0.31513125000000003 0.20999074074074073 0.3022473958333334 0.24034444444444444
