0 0.2078125 0.2953703703703704 0.20729166666666668 0.32037037037037036 0.20416666666666666 0.33611111111111114 0.20416666666666666 0.3472222222222222 0.20885416666666667 0.35555555555555557 0.21354166666666666 0.3537037037037037 0.21666666666666667 0.34814814814814815 0.21822916666666667 0.32407407407407407 0.22864583333333333 0.28703703703703703 0.23333333333333334 0.25277777777777777 0.24479166666666666 0.21203703703703702 0.2526041666666667 0.19537037037037036 0.2557291666666667 0.18055555555555555 0.25833333333333336 0.14814814814814814 0.25625 0.14166666666666666 0.24791666666666667 0.13240740740740742 0.24375 0.13055555555555556 0.228125 0.17037037037037037 0.22552083333333334 0.1814814814814815 0.22239583333333332 0.22037037037037038 0.21145833333333333 0.26851851851851855
0 0.34270833333333334 0.5564814814814815 0.3416666666666667 0.5712962962962963 0.34479166666666666 0.5777777777777777 0.35 0.5805555555555556 0.36041666666666666 0.5731481481481482 0.3723958333333333 0.5527777777777778 0.390625 0.5305555555555556 0.4166666666666667 0.49074074074074076 0.4197916666666667 0.48518518518518516 0.4203125 0.475 0.41458333333333336 0.4740740740740741 0.3770833333333333 0.5203703703703704 0.3625 0.5342592592592592 0.353125 0.537962962962963
0 0.23072916666666668 0.7046296296296296 0.23020833333333332 0.7203703703703703 0.23333333333333334 0.7435185185185185 0.23333333333333334 0.7824074074074074 0.24010416666666667 0.8083333333333333 0.24947916666666667 0.8074074074074075 0.25364583333333335 0.7962962962962963 0.2546875 0.7731481481481481 0.2515625 0.7481481481481481 0.24583333333333332 0.7398148148148148 0.2421875 0.7157407407407408 0.23958333333333334 0.7092592592592593 0.24166666666666667 0.6935185185185185 0.24791666666666667 0.6833333333333333 0.2557291666666667 0.6842592592592592 0.26614583333333336 0.6935185185185185 0.2713541666666667 0.6888888888888889 0.2557291666666667 0.675 0.24583333333333332 0.674074074074074 0.23958333333333334 0.6787037037037037 0.23489583333333333 0.687037037037037
0 0.27395833333333336 0.8333333333333334 0.2734375 0.8416666666666667 0.2765625 0.8518518518518519 0.2911458333333333 0.8657407407407407 0.3104166666666667 0.8675925925925926 0.33958333333333335 0.8870370370370371 0.3494791666666667 0.8870370370370371 0.3651041666666667 0.8962962962962963 0.3734375 0.8962962962962963 0.37604166666666666 0.8925925925925926 0.37395833333333334 0.8824074074074074 0.3572916666666667 0.8740740740740741 0.3458333333333333 0.8611111111111112 0.3255208333333333 0.8546296296296296 0.3140625 0.8472222222222222 0.3026041666666667 0.8287037037037037 0.28229166666666666 0.8231481481481482 0.2765625 0.8268518518518518
0 0.7791666666666667 0.14629629629629629 0.7786458333333334 0.15833333333333333 0.78125 0.17962962962962964 0.7864583333333334 0.19444444444444445 0.7984375 0.2462962962962963 0.8182291666666667 0.29444444444444445 0.821875 0.29907407407407405 0.8260416666666667 0.2972222222222222 0.8265625 0.2861111111111111 0.8208333333333333 0.27037037037037037 0.803125 0.20092592592592592 0.8015625 0.16944444444444445 0.7984375 0.15462962962962962 0.790625 0.13518518518518519 0.7869791666666667 0.1361111111111111
0 0.5994791666666667 0.0824074074074074 0.5994791666666667 0.09074074074074075 0.6109375 0.10648148148148148 0.6161458333333333 0.11851851851851852 0.6359375 0.13518518518518519 0.6796875 0.13425925925925927 0.6869791666666667 0.13703703703703704 0.6895833333333333 0.1425925925925926 0.69375 0.1425925925925926 0.7208333333333333 0.13148148148148148 0.7244791666666667 0.11944444444444445 0.7234375 0.10277777777777777 0.7083333333333334 0.09351851851851851 0.6963541666666667 0.09259259259259259 0.6848958333333334 0.09722222222222222 0.6744791666666666 0.10648148148148148 0.6458333333333334 0.11481481481481481 0.6234375 0.10555555555555556 0.6088541666666667 0.09259259259259259 0.603125 0.08333333333333333
0 0.6869791666666667 0.3861111111111111 0.6854166666666667 0.39351851851851855 0.6875 0.4 0.6921875 0.40370370370370373 0.7317708333333334 0.46296296296296297 0.7395833333333334 0.48518518518518516 0.7510416666666667 0.5055555555555555 0.7515625 0.5111111111111111 0.7494791666666667 0.5166666666666667 0.7557291666666667 0.512962962962963 0.7651041666666667 0.5009259259259259 0.7625 0.47962962962962963 0.75625 0.462037037037037 0.7479166666666667 0.4546296296296296 0.7296875 0.42685185185185187 0.7109375 0.40370370370370373 0.6942708333333333 0.38796296296296295
0 0.6494791666666667 0.5435185185185185 0.6421875 0.5648148148148148 0.6489583333333333 0.5777777777777777 0.6541666666666667 0.5824074074074074 0.6661458333333333 0.5648148148148148 0.68125 0.5259259259259259 0.6947916666666667 0.5046296296296297 0.7015625 0.4888888888888889 0.7109375 0.45740740740740743 0.7098958333333333 0.44814814814814813 0.7083333333333334 0.4462962962962963 0.7041666666666667 0.45 0.7010416666666667 0.4601851851851852 0.6760416666666667 0.5092592592592593
0 0.7182291666666667 0.7064814814814815 0.7171875 0.7129629629629629 0.7213541666666666 0.7166666666666667 0.740625 0.7138888888888889 0.7822916666666667 0.7 0.7911458333333333 0.700925925925926 0.7942708333333334 0.6953703703703704 0.7989583333333333 0.6935185185185185 0.7994791666666666 0.687962962962963 0.80625 0.6925925925925925 0.8125 0.6888888888888889 0.8140625 0.6851851851851852 0.8140625 0.6694444444444444 0.8130208333333333 0.6620370370370371 0.8067708333333333 0.6564814814814814 0.7989583333333333 0.6583333333333333 0.7947916666666667 0.6657407407407407 0.7864583333333334 0.6703703703703704 0.7828125 0.6768518518518518 0.7458333333333333 0.6888888888888889
0 0.665625 0.8953703703703704 0.665625 0.9018518518518519 0.6734375 0.9018518518518519 0.6916666666666667 0.8953703703703704 0.7114583333333333 0.8787037037037037 0.7239583333333334 0.8722222222222222 0.7411458333333333 0.8722222222222222 0.7520833333333333 0.8657407407407407 0.7557291666666667 0.8592592592592593 0.75625 0.850925925925926 0.7510416666666667 0.8453703703703703 0.7515625 0.8416666666666667 0.7484375 0.8351851851851851 0.74375 0.8324074074074074 0.7286458333333333 0.8361111111111111 0.7166666666666667 0.8537037037037037 0.690625 0.8685185185185185 0.68125 0.8842592592592593
0 0.49231874999999997 0.041339814814814815 0.48622343749999997 0.05034537037037037 0.48622343749999997 0.06751203703703704 0.4984765625 0.08203796296296297 0.5070161458333333 0.08137777777777778 0.5207546875 0.08798055555555556 0.5426614583333333 0.09458333333333334 0.5526864583333333 0.09854444444444445 0.564196875 0.09524351851851852 0.5786781249999999 0.10052499999999999 0.5853614583333333 0.08930092592592592 0.5779354166666667 0.08533888888888888 0.5601130208333333 0.08533888888888888 0.5512015625 0.08005740740740741 0.5344927083333334 0.07411481481481481 0.5185265625000001 0.06949259259259259 0.5140708333333334 0.05166574074074074 0.5062739583333333 0.04242222222222222 0.49105000000000004 0.03713981481481481
0 0.4020505208333333 0.05400925925925926 0.41196249999999995 0.052986111111111116 0.42347291666666664 0.047703703703703706 0.4353546875 0.04968518518518518 0.44797916666666665 0.049025 0.46134583333333334 0.04968518518518518 0.47434166666666666 0.054966666666666664 0.48139635416666665 0.056948148148148144 0.4895651041666667 0.06949259259259259 0.4984765625 0.0846787037037037 0.4988473958333334 0.0959037037037037 0.4903078125 0.09854444444444445 0.47471302083333333 0.09524351851851852 0.46505885416666665 0.08203796296296297 0.4516921875 0.07939722222222222 0.44129531250000004 0.08005740740740741 0.4294135416666667 0.07543518518518519 0.4190171875 0.06685185185185186 0.40565052083333336 0.06817222222222223 0.3971104166666667 0.0648712962962963 0.3971104166666667 0.05628796296296296
0 0.56015 0.6328898148148148 0.570428125 0.628736111111111 0.5821078125 0.628736111111111 0.5965911458333333 0.6279055555555556 0.6148119791666667 0.6279055555555556 0.6297619791666667 0.6279055555555556 0.6433109375 0.6337203703703703 0.653121875 0.6337203703703703 0.6629333333333334 0.6337203703703703 0.6634005208333333 0.647012962962963 0.6447125 0.648675 0.6260244791666667 0.6553212962962962 0.6096723958333333 0.6511675925925926 0.5914520833333333 0.6528287037037036 0.5839765625 0.6586444444444445 0.5741656249999999 0.6669518518518518 0.5573463541666667 0.6661212962962962 0.5540760416666667 0.6569824074074074
0 0.5248057291666667 0.6639166666666666 0.53095 0.6523083333333334 0.5417020833333334 0.6509425925925926 0.55015 0.6502592592592592 0.5539901041666667 0.6584537037037037 0.5543739583333332 0.670062037037037 0.5505338541666667 0.6796222222222222 0.5401661458333333 0.6878157407407407 0.5321020833333333 0.68645 0.5267260416666667 0.6809879629629629 0.5144380208333333 0.6871333333333334 0.5009979166666667 0.6939620370370371 0.48986197916666663 0.7014731481481482 0.4791098958333333 0.6946444444444444 0.46797343750000003 0.6966925925925926 0.4583734375 0.6987416666666666 0.45722135416666665 0.6823537037037037 0.47027760416666664 0.6857675925925926 0.47757343750000003 0.6762074074074074 0.4937015625 0.6762074074074074 0.5109817708333334 0.673475925925926 0.5217338541666667 0.6686962962962963
0 0.6595916666666667 0.7667518518518518 0.6650088541666667 0.7556972222222222 0.6766526041666666 0.7675296296296297 0.6835838541666667 0.7616138888888889 0.6993864583333332 0.7695018518518518 0.7162979166666666 0.7808407407407407 0.7282192708333334 0.7926722222222222 0.7479036458333332 0.798587962962963 0.7659239583333334 0.8054898148148147 0.7759046875000001 0.8163361111111112 0.7811723958333334 0.8271824074074073 0.7875489583333334 0.8404925925925926 0.7795088541666666 0.8533111111111111 0.765646875 0.8542972222222222 0.7540026041666666 0.8518324074074074 0.7484578125 0.8370416666666667 0.7348734375 0.8261962962962963 0.7199020833333333 0.8168296296296297 0.7016046874999999 0.8099268518518519 0.6799796874999999 0.7946444444444445 0.6625135416666666 0.7759101851851852
0 0.7915098958333334 0.697775 0.7875489583333334 0.7088629629629629 0.7872713541666666 0.7261175925925926 0.7864401041666667 0.7473166666666666 0.784221875 0.7675296296296297 0.7820041666666667 0.7818268518518519 0.7800635416666667 0.8025324074074074 0.7803406249999999 0.8212657407407408 0.7853307291666667 0.8365490740740741 0.7894895833333333 0.8330981481481481 0.7928161458333334 0.7921796296296296 0.7983609375 0.7532324074074074 0.8069557291666667 0.733512962962963 0.8088963541666666 0.7152722222222222 0.8061239583333334 0.6896361111111111 0.7991927083333333 0.6896361111111111 0.7908755208333333 0.6994962962962963
0 0.787740625 0.4731074074074074 0.7844989583333334 0.4788537037037037 0.7886578125 0.4936435185185185 0.7894895833333333 0.5094194444444444 0.7917072916666666 0.5350555555555556 0.7928161458333334 0.5661148148148148 0.7933708333333332 0.5942157407407408 0.7911531249999999 0.6183722222222222 0.7917072916666666 0.6385851851851853 0.8044604166666667 0.6494314814814814 0.8105598958333334 0.6385851851851853 0.8147182291666667 0.6188648148148148 0.8075098958333334 0.5853416666666666 0.8047375 0.5424509259259259 0.796975 0.5005462962962963 0.7911531249999999 0.47343148148148145
0 0.8065864583333333 0.4928148148148148 0.8000244791666666 0.5030111111111111 0.7997473958333334 0.5207583333333333 0.8044604166666667 0.5468879629629629 0.8066781249999999 0.579425 0.81555 0.6203444444444445 0.81555 0.5966805555555555 0.8122229166666667 0.5690722222222222 0.8152729166666667 0.539 0.8194312499999999 0.5242101851851853 0.8180453125 0.5074481481481481 0.8138864583333334 0.4966018518518519
0 0.5930203125 0.48634814814814814 0.58455 0.49326851851851855 0.5787328125 0.5014351851851852 0.5781203125 0.5128685185185186 0.5833255208333333 0.5259351851851852 0.5971031250000001 0.5215796296296297 0.6062880208333333 0.512324074074074 0.6127177083333333 0.49653518518518525 0.6289447916666667 0.48727962962962956 0.6439468749999999 0.46495740740740743 0.6580307291666667 0.45624629629629626 0.6598677083333333 0.4426351851851852 0.6552755208333333 0.4388240740740741 0.6479270833333334 0.4491685185185185 0.632925 0.4606018518518518 0.6200656250000001 0.47802407407407405 0.6038390625000001 0.48455740740740744
0 0.6057520833333334 0.5137712962962964 0.6023078125 0.5237574074074074 0.6084312500000001 0.5471685185185186 0.6182286458333334 0.5547907407407408 0.6310880208333334 0.5738462962962964 0.6414979166666667 0.5896351851851852 0.6491520833333334 0.6081453703703704 0.6571125 0.606512037037037 0.6669098958333334 0.6266564814814815 0.6745640625 0.6331898148148148 0.6751765625 0.6217564814814814 0.6662973958333333 0.6092342592592592 0.6528260416666666 0.5803796296296296 0.6402729166666667 0.5635018518518519 0.6304755208333332 0.5368240740740741 0.6255770833333333 0.517224074074074 0.6124114583333333 0.5063351851851852 0.6065942708333334 0.5106907407407408
