0 0.6145833333333334 0.13703703703703704 0.6229166666666667 0.16018518518518518 0.6255208333333333 0.1638888888888889 0.6296875 0.1638888888888889 0.6359375 0.15925925925925927 0.6375 0.1398148148148148 0.6354166666666666 0.1259259259259259 0.6151041666666667 0.07962962962962963 0.5953125 0.04814814814814815 0.5744791666666667 0.03425925925925926 0.5671875 0.03425925925925926 0.5682291666666667 0.041666666666666664 0.5822916666666667 0.058333333333333334 0.5916666666666667 0.07962962962962963 0.6020833333333333 0.09444444444444444 0.6104166666666667 0.11388888888888889 0.6145833333333334 0.13703703703703704
0 0.7244791666666667 0.22777777777777777 0.7244791666666667 0.2111111111111111 0.7270833333333333 0.1925925925925926 0.7411458333333333 0.14722222222222223 0.7484375 0.1287037037037037 0.7567708333333333 0.11481481481481481 0.7578125 0.10740740740740741 0.75625 0.1037037037037037 0.7484375 0.10648148148148148 0.7296875 0.13425925925925927 0.7119791666666667 0.1925925925925926 0.703125 0.21203703703703702 0.6994791666666667 0.23148148148148148 0.6989583333333333 0.24814814814814815 0.7 0.2518518518518518 0.7057291666666666 0.25555555555555554 0.7114583333333333 0.2537037037037037 0.7203125 0.23796296296296296 0.7244791666666667 0.22777777777777777
0 0.6776041666666667 0.30833333333333335 0.6697916666666667 0.28055555555555556 0.6682291666666667 0.2916666666666667 0.6526041666666667 0.30462962962962964 0.6432291666666666 0.3277777777777778 0.6354166666666666 0.34074074074074073 0.6114583333333333 0.3611111111111111 0.5979166666666667 0.3768518518518518 0.596875 0.38055555555555554 0.5989583333333334 0.38425925925925924 0.6078125 0.38425925925925924 0.63125 0.3675925925925926 0.6692708333333334 0.3287037037037037 0.6776041666666667 0.30833333333333335
0 0.3723958333333333 0.5657407407407408 0.3770833333333333 0.5638888888888889 0.3765625 0.5546296296296296 0.3625 0.525 0.33307291666666666 0.475462962962963 0.321875 0.45092592592592595 0.3026041666666667 0.44074074074074077 0.2994791666666667 0.45185185185185184 0.30052083333333335 0.4666666666666667 0.3067708333333333 0.4777777777777778 0.3260416666666667 0.4935185185185185 0.34270833333333334 0.524074074074074 0.36875 0.562037037037037 0.3723958333333333 0.5657407407407408
0 0.23697916666666666 0.5712962962962963 0.24270833333333333 0.5175925925925926 0.2421875 0.49722222222222223 0.24479166666666666 0.4824074074074074 0.24375 0.4703703703703704 0.24010416666666667 0.4703703703703704 0.23802083333333332 0.475 0.228125 0.5212962962962963 0.22291666666666668 0.5675925925925925 0.21614583333333334 0.5861111111111111 0.21458333333333332 0.6148148148148148 0.21979166666666666 0.6240740740740741 0.22864583333333333 0.6268518518518519 0.2359375 0.6083333333333333 0.23958333333333334 0.5879629629629629 0.23697916666666666 0.5712962962962963
0 0.3026041666666667 0.5666666666666667 0.3177083333333333 0.5768518518518518 0.32447916666666665 0.5777777777777777 0.3328125 0.575925925925926 0.3375 0.5712962962962963 0.34010416666666665 0.5648148148148148 0.34010416666666665 0.5564814814814815 0.334375 0.5472222222222223 0.3255208333333333 0.5435185185185185 0.29322916666666665 0.5453703703703704 0.26979166666666665 0.5518518518518518 0.2630208333333333 0.5601851851851852 0.25052083333333336 0.5675925925925925 0.24791666666666667 0.575925925925926 0.25104166666666666 0.5805555555555556 0.25625 0.5796296296296296 0.2630208333333333 0.5731481481481482 0.2911458333333333 0.5666666666666667 0.3026041666666667 0.5666666666666667
0 0.31197916666666664 0.8175925925925925 0.3098958333333333 0.8148148148148148 0.2916666666666667 0.8148148148148148 0.2765625 0.8074074074074075 0.25885416666666666 0.7842592592592592 0.253125 0.7694444444444445 0.24166666666666667 0.7555555555555555 0.22760416666666666 0.7537037037037037 0.2234375 0.7648148148148148 0.2234375 0.7796296296296297 0.2708333333333333 0.8212962962962963 0.2890625 0.8296296296296296 0.30625 0.8287037037037037 0.31197916666666664 0.8231481481481482 0.31197916666666664 0.8175925925925925
0 0.5286458333333334 0.7898148148148149 0.5723958333333333 0.775 0.5942708333333333 0.7546296296296297 0.6067708333333334 0.7490740740740741 0.609375 0.7361111111111112 0.6067708333333334 0.7296296296296296 0.6005208333333333 0.7277777777777777 0.5640625 0.7537037037037037 0.540625 0.7611111111111111 0.5192708333333333 0.7592592592592593 0.5161458333333333 0.7527777777777778 0.5177083333333333 0.7472222222222222 0.5135416666666667 0.7444444444444445 0.50625 0.7564814814814815 0.49375 0.7638888888888888 0.484375 0.7759259259259259 0.48385416666666664 0.7870370370370371 0.48802083333333335 0.8018518518518518 0.49635416666666665 0.8055555555555556 0.509375 0.8055555555555556 0.5166666666666667 0.8027777777777778 0.5286458333333334 0.7898148148148149
0 0.7416666666666667 0.5712962962962963 0.7463541666666667 0.5879629629629629 0.7463541666666667 0.5944444444444444 0.7546875 0.6074074074074074 0.7697916666666667 0.6212962962962963 0.7770833333333333 0.6148148148148148 0.7786458333333334 0.5990740740740741 0.7682291666666666 0.5740740740740741 0.7578125 0.5657407407407408 0.7286458333333333 0.5203703703703704 0.7125 0.5064814814814815 0.6953125 0.4981481481481482 0.6895833333333333 0.5009259259259259 0.6890625 0.5064814814814815 0.6921875 0.512962962962963 0.7015625 0.5203703703703704 0.7052083333333333 0.5277777777777778 0.7354166666666667 0.5601851851851852 0.7416666666666667 0.5712962962962963
0 0.7651041666666667 0.8685185185185185 0.7666666666666667 0.8611111111111112 0.7640625 0.8333333333333334 0.7520833333333333 0.8009259259259259 0.7432291666666667 0.7527777777777778 0.7322916666666667 0.7092592592592593 0.7276041666666667 0.7064814814814815 0.7244791666666667 0.7101851851851851 0.7291666666666666 0.7527777777777778 0.7411458333333333 0.812037037037037 0.7463541666666667 0.8537037037037037 0.7520833333333333 0.8740740740740741 0.7625 0.8712962962962963 0.7651041666666667 0.8685185185185185
0 0.7682291666666666 0.8064814814814815 0.76875 0.8351851851851851 0.7713541666666667 0.8527777777777777 0.7734375 0.8537037037037037 0.7848958333333333 0.8518518518518519 0.7880208333333333 0.8398148148148148 0.7890625 0.7870370370370371 0.7963541666666667 0.7379629629629629 0.7994791666666666 0.6888888888888889 0.7942708333333334 0.687037037037037 0.7911458333333333 0.6972222222222222 0.7895833333333333 0.7138888888888889 0.7864583333333334 0.7203703703703703 0.7776041666666667 0.7731481481481481 0.7713541666666667 0.7935185185185185 0.771875 0.8 0.7682291666666666 0.8064814814814815
0 0.5703125 0.45555555555555555 0.5755208333333334 0.44722222222222224 0.5760416666666667 0.4388888888888889 0.5734375 0.4324074074074074 0.56875 0.4287037037037037 0.5510416666666667 0.42592592592592593 0.5354166666666667 0.4425925925925926 0.528125 0.4425925925925926 0.49166666666666664 0.46111111111111114 0.48385416666666664 0.462037037037037 0.478125 0.4685185185185185 0.4786458333333333 0.475 0.4875 0.4777777777777778 0.5208333333333334 0.4703703703703704 0.5411458333333333 0.46111111111111114 0.5598958333333334 0.46111111111111114 0.5703125 0.45555555555555555
0 0.6692708333333334 0.41759259259259257 0.6807291666666667 0.4027777777777778 0.68125 0.3925925925925926 0.6776041666666667 0.3824074074074074 0.6604166666666667 0.38425925925925924 0.6536458333333334 0.3888888888888889 0.6427083333333333 0.4083333333333333 0.6223958333333334 0.42314814814814816 0.6182291666666667 0.42962962962962964 0.6057291666666667 0.4287037037037037 0.6 0.42314814814814816 0.5869791666666667 0.4287037037037037 0.5864583333333333 0.4351851851851852 0.5916666666666667 0.4398148148148148 0.6109375 0.4425925925925926 0.6234375 0.44074074074074077 0.65 0.42407407407407405 0.6692708333333334 0.41759259259259257
0 0.6125 0.4222222222222222 0.61875 0.42685185185185187 0.6255208333333333 0.41944444444444445 0.6265625 0.41203703703703703 0.6213541666666667 0.3990740740740741 0.6072916666666667 0.3888888888888889 0.590625 0.38981481481481484 0.5645833333333333 0.37777777777777777 0.5322916666666667 0.3712962962962963 0.53125 0.3787037037037037 0.5333333333333333 0.38333333333333336 0.559375 0.4 0.5875 0.4111111111111111 0.5989583333333334 0.4212962962962963 0.6125 0.4222222222222222
0 0.6591463541666667 0.7177657407407407 0.6498651041666667 0.7005444444444444 0.6417942708333333 0.6596416666666667 0.638565625 0.6323740740740741 0.6175817708333333 0.5871666666666666 0.6167750000000001 0.5943425925925926 0.6131432291666666 0.5713796296296296 0.6066864583333333 0.5685092592592592 0.5990192708333333 0.5713796296296296 0.6066864583333333 0.593625 0.6058796875 0.6072583333333333 0.6208104166666666 0.6474435185185186 0.6313020833333333 0.6797342592592593 0.6361447916666666 0.7048500000000001 0.638646875 0.7408388888888889 0.6450223958333333 0.7586685185185185 0.653496875 0.7708675925925926 0.6627781250000001 0.7679972222222222 0.6664098958333333 0.7543629629629629 0.6651994791666667 0.7364231481481481 0.6591463541666667 0.7177657407407407
0 0.6801302083333333 0.7952648148148148 0.6877973958333333 0.8196629629629629 0.696675 0.8139222222222222 0.6978859375 0.7801953703703703 0.6906218749999999 0.7572333333333333 0.6845687500000001 0.7227888888888888 0.6825515625 0.6933685185185184 0.6785161458333333 0.6711231481481481 0.6760947916666668 0.6539018518518519 0.6736734375 0.6409851851851852 0.6656026041666667 0.6517490740740741 0.6712520833333334 0.6768638888888889 0.6756911458333333 0.7213537037037037 0.6756911458333333 0.7679972222222222 0.6801302083333333 0.7952648148148148
0 0.6651994791666667 0.7787601851851852 0.6591463541666667 0.800287962962963 0.6611640624999999 0.8210981481481481 0.6643921875000001 0.831862037037037 0.6756911458333333 0.8297092592592593 0.6801302083333333 0.8010055555555555 0.6769015625 0.7823481481481481 0.6752874999999999 0.7622564814814814 0.6732697916666667 0.7285296296296296 0.6696380208333333 0.7062851851851852 0.6651994791666667 0.6904981481481482 0.6627781250000001 0.6754287037037037 0.6579354166666668 0.6632296296296296 0.6538140625000001 0.6662564814814815 0.6587427083333334 0.681887037037037 0.6599531249999999 0.701262037037037 0.6639885416666667 0.7220712962962963 0.6643921875000001 0.7464694444444444 0.6651994791666667 0.7787601851851852
0 0.3394020833333334 0.1555212962962963 0.3199546875 0.18733796296296296 0.3098416666666666 0.21362037037037038 0.297784375 0.23713611111111113 0.30711927083333335 0.24474444444444446 0.32345520833333335 0.22606944444444443 0.34329166666666666 0.19978703703703704 0.35223750000000004 0.16866296296296296 0.36157239583333334 0.13892222222222222 0.3771307291666667 0.11333148148148148 0.38802135416666667 0.08912314814814815 0.38685468749999996 0.06837407407407407 0.37854687499999995 0.057682407407407404 0.3759640625 0.056615740740740744 0.3635171875 0.07044907407407407 0.35496041666666667 0.09119814814814815 0.3506817708333333 0.11886388888888888 0.3394020833333334 0.1555212962962963
0 0.458421875 0.07667407407407408 0.4794255208333333 0.0718324074074074 0.47825833333333334 0.056615740740740744 0.4529765625 0.061457407407407405 0.4378072916666667 0.061457407407407405 0.41797083333333335 0.0676824074074074 0.4043572916666667 0.06076574074074074 0.3900557291666667 0.07206018518518519 0.38413177083333333 0.09327314814814815 0.3825760416666667 0.10848981481481482 0.4066911458333333 0.11056481481481481 0.4311953125 0.09465648148148148 0.458421875 0.07667407407407408
