0 0.24479166666666666 0.25833333333333336 0.24635416666666668 0.30277777777777776 0.24895833333333334 0.31203703703703706 0.253125 0.3138888888888889 0.2557291666666667 0.30833333333333335 0.25625 0.2861111111111111 0.2682291666666667 0.21203703703703702 0.2760416666666667 0.19074074074074074 0.2833333333333333 0.17962962962962964 0.28958333333333336 0.15462962962962962 0.29010416666666666 0.12962962962962962 0.28229166666666666 0.12037037037037036 0.2791666666666667 0.10925925925925926 0.2635416666666667 0.15462962962962962 0.26145833333333335 0.17685185185185184 0.24791666666666667 0.23333333333333334
0 0.2786458333333333 0.5101851851851852 0.27708333333333335 0.5166666666666667 0.28125 0.5222222222222223 0.3416666666666667 0.5333333333333333 0.3484375 0.5388888888888889 0.35208333333333336 0.5481481481481482 0.36354166666666665 0.5546296296296296 0.3729166666666667 0.5546296296296296 0.378125 0.5407407407407407 0.37395833333333334 0.5296296296296297 0.3567708333333333 0.5120370370370371 0.34479166666666666 0.512962962962963 0.3333333333333333 0.5074074074074074 0.3109375 0.5046296296296297
0 0.371875 0.587037037037037 0.3697916666666667 0.6101851851851852 0.38333333333333336 0.625 0.3958333333333333 0.6314814814814815 0.40520833333333334 0.6287037037037037 0.43802083333333336 0.6351851851851852 0.4557291666666667 0.6342592592592593 0.4744791666666667 0.625 0.4921875 0.5990740740740741 0.4895833333333333 0.5925925925925926 0.47552083333333334 0.600925925925926 0.42552083333333335 0.6074074074074074 0.40989583333333335 0.5981481481481481 0.40260416666666665 0.5888888888888889 0.38645833333333335 0.5833333333333334 0.37395833333333334 0.5833333333333334
0 0.3807291666666667 0.8592592592592593 0.38125 0.8777777777777778 0.384375 0.8916666666666667 0.4239583333333333 0.8935185185185185 0.45625 0.9037037037037037 0.475 0.9027777777777778 0.4822916666666667 0.9101851851851852 0.48802083333333335 0.9083333333333333 0.4859375 0.8944444444444445 0.4630208333333333 0.8740740740740741 0.40520833333333334 0.8555555555555555
0 0.8052083333333333 0.4564814814814815 0.815625 0.4824074074074074 0.8244791666666667 0.5148148148148148 0.8171875 0.5425925925925926 0.8104166666666667 0.5833333333333334 0.8151041666666666 0.6037037037037037 0.8145833333333333 0.6333333333333333 0.8109375 0.6648148148148149 0.8109375 0.687037037037037 0.8026041666666667 0.7416666666666667 0.8036458333333333 0.7657407407407407 0.8 0.7833333333333333 0.8020833333333334 0.8027777777777778 0.8067708333333333 0.8046296296296296 0.8140625 0.7944444444444444 0.81875 0.7638888888888888 0.821875 0.7592592592592593 0.8270833333333333 0.737037037037037 0.8317708333333333 0.6824074074074075 0.8427083333333333 0.6037037037037037 0.8479166666666667 0.5907407407407408 0.8510416666666667 0.5666666666666667 0.85 0.5185185185185185 0.853125 0.5111111111111111 0.8572916666666667 0.512962962962963 0.8567708333333334 0.5092592592592593 0.8609375 0.5046296296296297 0.8572916666666667 0.49537037037037035 0.8453125 0.5101851851851852 0.8328125 0.5083333333333333 0.8239583333333333 0.49537037037037035 0.8114583333333333 0.46296296296296297
0 0.796875 0.1527777777777778 0.81000625 0.17813425925925924 0.8116125000000001 0.2245537037037037 0.8232588541666667 0.27454351851851855 0.8270833333333333 0.31574074074074077 0.834375 0.3907407407407407 0.8390625 0.4 0.84375 0.42962962962962964 0.8489583333333334 0.4361111111111111 0.8515625 0.4351851851851852 0.8541666666666666 0.42777777777777776 0.8520833333333333 0.3962962962962963 0.85625 0.37962962962962965 0.853125 0.325 0.84375 0.25925925925925924 0.8421875 0.21666666666666667 0.83125 0.17314814814814813 0.8401041666666667 0.16574074074074074 0.853125 0.1638888888888889 0.8536458333333333 0.16111111111111112 0.8505208333333333 0.1574074074074074 0.840625 0.1574074074074074 0.8296875 0.1638888888888889 0.8265625 0.16944444444444445 0.8130208333333333 0.175
0 0.6645833333333333 0.6342592592592593 0.6703125 0.649074074074074 0.6713541666666667 0.6638888888888889 0.659375 0.687962962962963 0.6567708333333333 0.6888888888888889 0.6578125 0.6935185185185185 0.6755208333333333 0.674074074074074 0.7041666666666667 0.6805555555555556 0.7338541666666667 0.6768518518518518 0.759375 0.6888888888888889 0.7739583333333333 0.6916666666666667 0.7859375 0.687962962962963 0.7989583333333333 0.6888888888888889 0.80625 0.6814814814814815 0.8057291666666667 0.6731481481481482 0.8020833333333334 0.6703703703703704 0.7890625 0.6685185185185185 0.7713541666666667 0.6564814814814814 0.7552083333333334 0.6546296296296297 0.74375 0.6444444444444445 0.740625 0.6472222222222223 0.7151041666666667 0.6407407407407407 0.7052083333333333 0.6314814814814815 0.6755208333333333 0.6425925925925926
0 0.6390625 0.3490740740740741 0.6401041666666667 0.3861111111111111 0.6385416666666667 0.3962962962962963 0.64375 0.3972222222222222 0.6484375 0.41203703703703703 0.6557291666666667 0.45925925925925926 0.6557291666666667 0.4861111111111111 0.6484375 0.5361111111111111 0.6494791666666667 0.5555555555555556 0.6463541666666667 0.5601851851851852 0.6421875 0.5768518518518518 0.6541666666666667 0.5787037037037037 0.6567708333333333 0.5657407407407408 0.6697916666666667 0.5314814814814814 0.671875 0.5185185185185185 0.6734375 0.4861111111111111 0.671875 0.4824074074074074 0.6723958333333333 0.462037037037037 0.66875 0.4083333333333333 0.6697916666666667 0.37962962962962965 0.6666666666666666 0.3537037037037037 0.6578125 0.325 0.6447916666666667 0.3277777777777778 0.6401041666666667 0.3351851851851852
0 0.48489583333333336 0.3074074074074074 0.484375 0.3101851851851852 0.48802083333333335 0.31203703703703706 0.496875 0.3296296296296296 0.509375 0.3416666666666667 0.5182291666666666 0.375 0.5369791666666667 0.37777777777777777 0.553125 0.37037037037037035 0.5651041666666666 0.3592592592592593 0.6052083333333333 0.3416666666666667 0.6338541666666667 0.3333333333333333 0.6536458333333334 0.3175925925925926 0.6583333333333333 0.3212962962962963 0.6625 0.3148148148148148 0.6614583333333334 0.30648148148148147 0.6651041666666667 0.2935185185185185 0.6744791666666666 0.27870370370370373 0.6755208333333333 0.2657407407407407 0.6739583333333333 0.2574074074074074 0.6692708333333334 0.25925925925925924 0.659375 0.2712962962962963 0.6442708333333333 0.27870370370370373 0.6239583333333333 0.29814814814814816 0.6016838541666666 0.3118444444444444 0.5683140625 0.3126351851851852 0.5620848958333333 0.29760277777777777 0.547846875 0.30551481481481485 0.5402833333333333 0.31421759259259263 0.5260453125 0.3260851851851852 0.5167015625 0.3339972222222222 0.5024640625 0.32845925925925923 0.48802083333333335 0.3101851851851852
0 0.534375 0.38055555555555554 0.5348958333333333 0.45092592592592595 0.540625 0.4962962962962963 0.5427083333333333 0.5046296296296297 0.5526041666666667 0.5222222222222223 0.5557291666666667 0.5351851851851852 0.5546875 0.5564814814814815 0.5572916666666666 0.5675925925925925 0.5552083333333333 0.575 0.5567708333333333 0.5768518518518518 0.559375 0.5601851851851852 0.559375 0.5333333333333333 0.5682291666666667 0.5185185185185185 0.5682291666666667 0.5120370370370371 0.5625 0.4824074074074074 0.5567708333333333 0.4666666666666667 0.553125 0.4648148148148148 0.5453125 0.43148148148148147 0.54375 0.39444444444444443 0.5463541666666667 0.3768518518518518 0.5401041666666667 0.37592592592592594
0 0.5463541666666667 0.7518518518518519 0.5442708333333334 0.7666666666666667 0.5463541666666667 0.7824074074074074 0.55 0.7907407407407407 0.5526041666666667 0.8111111111111111 0.5619791666666667 0.8453703703703703 0.571875 0.8694444444444445 0.5947916666666667 0.9 0.60625 0.9064814814814814 0.6286458333333333 0.9111111111111111 0.6302083333333334 0.9083333333333333 0.6260416666666667 0.9064814814814814 0.621875 0.8944444444444445 0.6270833333333333 0.8814814814814815 0.6265625 0.8777777777777778 0.6229166666666667 0.8796296296296297 0.6088541666666667 0.8583333333333333 0.5958333333333333 0.8472222222222222 0.5796875 0.8398148148148148 0.5703125 0.8148148148148148 0.565625 0.7814814814814814 0.5619791666666667 0.7703703703703704 0.5510416666666667 0.7518518518518519
0 0.6779427083333334 0.13858425925925924 0.6862526041666667 0.14758333333333332 0.6866953124999999 0.17118703703703705 0.6911197916666667 0.17905462962962962 0.692446875 0.21524722222222223 0.6906770833333333 0.26009351851851853 0.6920046875 0.2899907407407407 0.6915619791666666 0.3253962962962963 0.6831557291666667 0.36158796296296297 0.671209375 0.3552935185185185 0.6672270833333334 0.32775648148148145 0.6650151041666666 0.30179259259259256 0.6734218750000001 0.27110833333333334 0.6738640625 0.23176944444444444 0.6734218750000001 0.1995111111111111 0.6694395833333334 0.18770925925925927 0.6778463541666666 0.17197407407407408 0.6751916666666666 0.15309074074074072
0 0.6947635416666667 0.2074574074074074 0.6994265624999999 0.2251462962962963 0.7037786458333334 0.24338796296296294 0.70564375 0.25057407407407406 0.7124828125 0.2494685185185185 0.7159020833333333 0.2544435185185185 0.7208760416666667 0.23951851851851852 0.7283364583333333 0.22569907407407408 0.7398385416666666 0.20579907407407408 0.7236734375 0.24836296296296298 0.7177671875 0.26162962962962966 0.7196322916666666 0.2820824074074074 0.7162130208333333 0.3053 0.706265625 0.3475972222222222 0.7040895833333334 0.39292499999999997 0.7031567708333333 0.42609166666666665 0.6975614583333333 0.44378055555555557 0.6956963541666668 0.45649537037037036 0.6922765625 0.4587064814814815 0.6907223958333333 0.48579259259259255 0.6835723958333334 0.4891092592592593 0.6782880208333334 0.4841342592592593 0.6770447916666666 0.4692092592592592 0.680153125 0.4493092592592593 0.6782880208333334 0.43604166666666666 0.6820182291666667 0.40287500000000004 0.6869921875 0.36805000000000004 0.6891682291666666 0.3387527777777778 0.6897901041666666 0.29618796296296296 0.69383125 0.276287962962963 0.7028458333333333 0.25362407407407406
0 0.7172046875 0.30596851851851853 0.7270932291666666 0.31553611111111113 0.7329994791666666 0.31885277777777776 0.7423249999999999 0.3077962962962963 0.7522729166666667 0.29839907407407407 0.7699916666666666 0.29010740740740737 0.7563140625 0.30282129629629634 0.7389057291666667 0.31719444444444445 0.7326885416666666 0.32659166666666667 0.7361078125 0.3398583333333334 0.7329994791666666 0.3509138888888889 0.7317557291666666 0.3708138888888889 0.7351755208333334 0.39679444444444445 0.7227411458333334 0.3934777777777778 0.7193213541666666 0.415875 0.7199432291666666 0.435775 0.7227411458333334 0.4595444444444444 0.7267822916666666 0.5098481481481482 0.7264713541666666 0.5336175925925926 0.7202541666666666 0.5385925925925925 0.7118609374999999 0.5098481481481482 0.7047109375 0.49160648148148145 0.7071979166666666 0.4551222222222222 0.7028458333333333 0.42969444444444443 0.7040895833333334 0.40260833333333335 0.7047109375 0.36723055555555556 0.7065760416666667 0.346225 0.7137260416666666 0.3202435185185185
0 0.7231708333333333 0.5371092592592592 0.7249171874999999 0.568462037037037 0.7261604166666668 0.5822814814814815 0.7336213541666667 0.601075925925926 0.7407708333333333 0.6198703703703704 0.7451229166666666 0.6353481481481482 0.7432578125 0.648062962962963 0.7336213541666667 0.648062962962963 0.7227411458333334 0.6314787037037036 0.7143479166666666 0.6077092592592592 0.7028458333333333 0.5717787037037037 0.6953854166666668 0.5480092592592593 0.6910333333333334 0.5502203703703704 0.6916552083333334 0.5330842592592593 0.6863703124999999 0.5209231481481481 0.6841942708333334 0.49825833333333336 0.6820182291666667 0.48056944444444444 0.6869921875 0.4855444444444445 0.6935203125 0.47283055555555553 0.6953854166666668 0.4628805555555556 0.6997375 0.4794638888888889 0.7065760416666667 0.48720277777777776 0.7134151041666666 0.5153953703703703
0 0.5802499999999999 0.39112314814814814 0.5768598958333333 0.4027472222222222 0.5804359375 0.4224601851851852 0.577575 0.43263425925925925 0.5790057291666667 0.48605 0.578290625 0.5267481481481482 0.5654166666666666 0.5572712962962962 0.5596953125 0.5820712962962963 0.5582645833333333 0.6062361111111111 0.5507552083333334 0.6125944444444444 0.5604104166666667 0.6106870370370371 0.5675625 0.6189537037037037 0.575071875 0.6208611111111111 0.5836546874999999 0.6017842592592593 0.5897338541666667 0.5712611111111111 0.5893760416666667 0.5528203703703705 0.5911640625000001 0.5089425925925926 0.5840119791666667 0.4676092592592592 0.583296875 0.4300907407407407
0 0.57910625 0.3555351851851852 0.5836546874999999 0.37921944444444444 0.5815088541666668 0.3887574074074074 0.5829390624999999 0.4421731481481482 0.5850848958333333 0.4733324074074074 0.5911640625000001 0.5184814814814815 0.5925947916666666 0.5439175925925926 0.5968859375 0.5674453703703703 0.6090442708333333 0.590337962962963 0.6215604166666666 0.5846148148148148 0.6240635416666667 0.5738046296296295 0.6219177083333334 0.5401018518518518 0.61548125 0.5159379629629629 0.6068984374999999 0.4873222222222222 0.60725625 0.4504398148148148 0.6054682291666666 0.4205527777777778 0.5983161458333334 0.39193703703703703 0.5950979166666667 0.3773111111111111 0.5929520833333334 0.37921944444444444 0.5883031249999999 0.3525111111111111
0 0.6045583333333333 0.7271796296296297 0.6090442708333333 0.6870175925925927 0.61548125 0.6622166666666667 0.626209375 0.648862962962963 0.636221875 0.6380527777777778 0.6408708333333333 0.6507703703703703 0.6433739583333333 0.6336018518518518 0.6594661458333333 0.6164324074074073 0.6626848958333333 0.5998990740740741 0.6827104166666668 0.5929037037037037 0.6637572916666666 0.5941759259259259 0.6573208333333334 0.5763703703703704 0.6562479166666667 0.5681037037037038 0.6494531250000001 0.5770064814814815 0.6405135416666667 0.5770064814814815 0.6308578125000001 0.589087962962963 0.6244213541666667 0.5979907407407408 0.6144083333333333 0.5979907407407408 0.6212026041666667 0.6081657407407407 0.61548125 0.6234268518518519 0.6058260416666666 0.6450481481481481 0.6036802083333334 0.6653962962962964 0.5997463541666667 0.6940120370370371
0 0.5654166666666666 0.6161249999999999 0.5739989583333334 0.6167611111111111 0.578290625 0.6282074074074074 0.5872307291666666 0.6517361111111111 0.5886609375 0.6720842592592593 0.5854427083333333 0.6917972222222222 0.5868729166666667 0.7185055555555555 0.5936671874999999 0.7528435185185185 0.6008192708333334 0.7782796296296297 0.6079713541666667 0.7967212962962963 0.6129781249999999 0.810711111111111 0.6169114583333334 0.8215212962962963 0.617984375 0.8386907407407407 0.6161963541666666 0.8475935185185185 0.6065411458333333 0.8329675925925926 0.5993890625 0.8189777777777778 0.5929520833333334 0.8088037037037037 0.5854427083333333 0.7795518518518519 0.5818666666666666 0.7439416666666666 0.5743567708333334 0.7165972222222222 0.5629135416666667 0.6828944444444444 0.5596953125 0.660637962962963 0.5604104166666667 0.631387037037037 0.5525432291666666 0.6371101851851851 0.5546885416666666 0.6263 0.5636286458333333 0.6167611111111111
0 0.6288666666666667 0.6493935185185186 0.6233484375 0.6676333333333333 0.6169114583333334 0.7000638888888888 0.6169114583333334 0.7280435185185186 0.6247786458333333 0.7534796296296297 0.631215625 0.7731925925925925 0.6365796874999999 0.7973574074074073 0.6380098958333333 0.8196138888888889 0.6344338541666666 0.8310601851851851 0.6226333333333333 0.8285157407407407 0.6133354166666667 0.8068953703703704 0.6101171875 0.785275 0.6051104166666667 0.7363101851851852 0.6058260416666666 0.7089666666666666 0.6094020833333332 0.6765361111111111 0.6151234375 0.6568231481481481
0 0.5899734375 0.5710990740740741 0.59903125 0.5668314814814814 0.6083291666666667 0.5909962962962962 0.6111901041666666 0.6208833333333333 0.6058260416666666 0.6514064814814815 0.6026072916666667 0.6870175925925927 0.6004619791666667 0.7175407407407407 0.6061833333333334 0.7556944444444444 0.6122625 0.7913046296296297 0.6122625 0.8059305555555555 0.6004619791666667 0.7728638888888889 0.5929520833333334 0.7448842592592593 0.5868729166666667 0.7130888888888889 0.5850848958333333 0.6717555555555556 0.5843697916666667 0.6367805555555555 0.58079375 0.6062574074074074 0.58079375 0.5929037037037037
0 0.6526026041666667 0.8242851851851851 0.6587510416666666 0.8345685185185184 0.6676911458333333 0.8263018518518518 0.6794921875 0.8256657407407408 0.6909354166666667 0.8161268518518519 0.6902203124999999 0.8275731481481482 0.713821875 0.8301166666666666 0.7274109375 0.82185 0.7460062500000001 0.822486111111111 0.7603104166666667 0.822486111111111 0.7685348958333333 0.8282092592592593 0.7692505208333333 0.8358398148148148 0.7803359375 0.8352046296296296 0.7867729166666667 0.8364759259259259 0.7892760416666668 0.8460148148148149 0.7817666666666666 0.8549166666666667 0.7663895833333334 0.856825 0.7502973958333333 0.861275925925926 0.7342052083333334 0.8625481481481482 0.7116760416666666 0.861912037037037 0.6959416666666667 0.8625481481481482 0.6752005208333334 0.8752657407407408 0.6594661458333333 0.8650916666666666 0.6562479166666667 0.8479222222222222 0.6583932291666666 0.8339324074074075
0 0.6165541666666667 0.8485583333333333 0.6129781249999999 0.8587324074074074 0.6161963541666666 0.8580962962962964 0.6215604166666666 0.8542814814814815 0.6269244791666666 0.8708148148148148 0.6347916666666666 0.8759018518518519 0.6433739583333333 0.8854407407407408 0.6537447916666667 0.8848046296296297 0.6737703125 0.8879842592592593 0.6902203124999999 0.8898916666666666 0.7070276041666667 0.8898916666666666 0.7195437499999999 0.8828972222222222 0.7274109375 0.8765379629629629 0.7363510416666668 0.8689064814814814 0.7420723958333333 0.8574611111111111 0.7249078125 0.8600046296296295 0.7066697916666667 0.8600046296296295 0.6895046874999999 0.8631842592592592 0.6769885416666667 0.8759018518518519 0.6634 0.8695425925925926 0.6569630208333332 0.8523731481481481 0.6494531250000001 0.8409268518518519 0.6365796874999999 0.8326601851851853 0.6258515625 0.832025 0.6186994791666667 0.8307527777777778 0.6201302083333334 0.8409268518518519 0.6151234375 0.8542814814814815
0 0.4711953125 0.7038416666666667 0.47921614583333333 0.70795 0.48093020833333333 0.6782314814814815 0.48564375000000004 0.6485138888888888 0.48992916666666664 0.6127 0.4903578125 0.5768861111111111 0.5049270833333334 0.5448824074074073 0.5083552083333334 0.5041018518518519 0.5173541666666667 0.4827657407407407 0.5250671875 0.4781935185185185 0.5323520833333333 0.48886203703703707 0.5319234375 0.507912037037037 0.5212104166666667 0.5262 0.516496875 0.5482981481481481 0.5134973958333333 0.5924935185185185 0.5079265625 0.638975925925926 0.5074979166666667 0.680124074074074 0.5109260416666667 0.7026157407407407 0.519925 0.6949962962962963 0.5147828125 0.7231898148148148 0.5139260416666667 0.7551935185185186 0.5074979166666667 0.7788157407407407 0.516496875 0.7955796296296296 0.5139260416666667 0.7940555555555556 0.5336375 0.8298694444444444 0.5139260416666667 0.8092953703703704 0.5040697916666667 0.7879592592592592 0.4972140625 0.7902453703703703 0.4907859375 0.7879592592592592 0.4835015625 0.8032 0.4629328125 0.8420620370370371 0.4757880208333333 0.805486111111111 0.4702171875 0.8077712962962963 0.48178750000000004 0.7811018518518519 0.4805015625 0.7582416666666666 0.4800734375 0.7323333333333333 0.4702171875 0.7155694444444445 0.46550364583333337 0.7056638888888889 0.4732171875 0.7003296296296296
0 0.5308229166666666 0.5241212962962963 0.5229244791666666 0.5387861111111111 0.5263526041666666 0.5646944444444445 0.5272098958333333 0.6005083333333333 0.5289239583333333 0.6271777777777777 0.5344947916666667 0.6645157407407407 0.5464932291666666 0.6919481481481481 0.5494927083333334 0.7148074074074073 0.550778125 0.7437638888888889 0.5584916666666667 0.765862037037037 0.5739177083333333 0.7803398148148148 0.5812026041666667 0.7704333333333333 0.5786317708333333 0.7376675925925926 0.5700614583333333 0.7026157407407407 0.5584916666666667 0.671374074074074 0.5482072916666667 0.6454657407407407 0.5430651041666666 0.6066037037037036 0.5422078124999999 0.5776481481481481 0.5374942708333333 0.5654564814814814 0.5379229166666666 0.5418342592592593
0 0.5102614583333334 0.6136768518518518 0.51306875 0.650037962962963 0.5152114583333334 0.6668018518518518 0.5126401041666667 0.6797555555555556 0.5177822916666667 0.6949962962962963 0.5224963541666666 0.7148074074074073 0.5293526041666666 0.7231898148148148 0.5314947916666667 0.7315722222222222 0.5246385416666667 0.7841499999999999 0.5362088541666666 0.7315722222222222 0.54735 0.7209037037037037 0.5452072916666667 0.6850898148148149 0.5357802083333334 0.6599435185185185 0.5276385416666667 0.6210814814814815 0.5246385416666667 0.573837962962963 0.523353125 0.5380240740740742 0.5207822916666667 0.5326898148148148 0.5156401041666666 0.5471675925925926 0.5139260416666667 0.5715518518518518
0 0.4811328125 0.3431824074074074 0.4800734375 0.35283148148148147 0.4839296875 0.3680722222222222 0.4839296875 0.3871222222222222 0.4916432291666667 0.41150555555555557 0.49678541666666665 0.43436574074074075 0.5010703125 0.4541777777777778 0.49807083333333335 0.48541944444444446 0.4912145833333333 0.5037074074074074 0.48564375000000004 0.4899916666666667 0.4830729166666667 0.5082796296296296 0.47878750000000003 0.5273296296296296 0.4757880208333333 0.5494277777777777 0.44879166666666664 0.5700018518518518 0.4847869791666667 0.5600953703703704 0.4907859375 0.5700018518518518 0.50235625 0.5555240740740741 0.5070697916666667 0.5265675925925926 0.51306875 0.4930398148148148 0.5169255208333333 0.4648453703703704 0.5139260416666667 0.43817592592592597 0.5092119791666667 0.39245555555555556 0.5002135416666667 0.3688342592592593 0.49635677083333335 0.3718814814814815 0.49335729166666664 0.3543555555555556 0.4903578125 0.34521203703703707
