0 0.6067708333333334 0.6694444444444444 0.6052083333333333 0.7129629629629629 0.6078125 0.7234564814814815 0.6083333333333333 0.7425925925925926 0.6078125 0.7546296296296297 0.6052083333333333 0.7620370370370371 0.6057291666666667 0.7851851851851852 0.609375 0.8027777777777778 0.6192708333333333 0.8037037037037037 0.6239583333333333 0.7925925925925926 0.6265625 0.7601851851851852 0.6223958333333334 0.7111111111111111 0.6192708333333333 0.6287037037037037 0.615625 0.6203703703703703 0.6119791666666666 0.6231481481481481 0.6104166666666667 0.6305555555555555 0.6104166666666667 0.6472222222222223
0 0.49651510416666667 0.8434805555555555 0.5127208333333333 0.8690888888888889 0.516771875 0.8834935185185185 0.5100197916666667 0.9003 0.5145213541666667 0.9307092592592593 0.5190229166666667 0.9035009259259259 0.5291666666666667 0.8972222222222223 0.5484375 0.8972222222222223 0.5625 0.8870370370370371 0.6020833333333333 0.8768518518518519 0.6109375 0.8712962962962963 0.6145833333333334 0.8638888888888889 0.6265625 0.8546296296296296 0.6286458333333333 0.8453703703703703 0.6255208333333333 0.8425925925925926 0.6140625 0.8490740740740741 0.6072916666666667 0.8462962962962963 0.5635416666666667 0.8583333333333333 0.5432291666666667 0.8527777777777777 0.5265625 0.8592592592592593
0 0.6807291666666667 0.09907407407407408 0.6807291666666667 0.10648148148148148 0.6838541666666667 0.10833333333333334 0.6973958333333333 0.10092592592592593 0.7098958333333333 0.10277777777777777 0.7260416666666667 0.09814814814814815 0.7432291666666667 0.09814814814814815 0.7541666666666667 0.10092592592592593 0.7630208333333334 0.10925925925925926 0.7807291666666667 0.10925925925925926 0.796875 0.10185185185185185 0.7994791666666666 0.08333333333333333 0.7979166666666667 0.07222222222222222 0.7671875 0.062037037037037036 0.7640625 0.06851851851851852 0.7197916666666667 0.06759259259259259 0.7005208333333334 0.075 0.6942708333333333 0.08425925925925926 0.6848958333333334 0.09074074074074075
0 0.2708333333333333 0.6861111111111111 0.26875 0.7194444444444444 0.2557291666666667 0.7305555555555555 0.25 0.7314814814814815 0.259375 0.7805555555555556 0.26927083333333335 0.8092592592592592 0.2953125 0.8546296296296296 0.325 0.8916666666666667 0.35 0.9101851851851852 0.365625 0.9111111111111111 0.378125 0.9185185185185185 0.3890625 0.9157407407407407 0.39166666666666666 0.9055555555555556 0.3859375 0.8953703703703704 0.3734375 0.887962962962963 0.3614583333333333 0.8722222222222222 0.3177083333333333 0.8351851851851851 0.2989583333333333 0.7851851851851852 0.29635416666666664 0.7722222222222223 0.27239583333333334 0.7231481481481481
0 0.6833333333333333 0.5333333333333333 0.6828125 0.5370370370370371 0.6869791666666667 0.5481481481481482 0.7010416666666667 0.5583333333333333 0.715625 0.5796296296296296 0.7380208333333333 0.5972222222222222 0.7583333333333333 0.6203703703703703 0.7786458333333334 0.6546296296296297 0.7791666666666667 0.6731481481481482 0.8005208333333333 0.6953703703703704 0.8135416666666667 0.7046296296296296 0.8260416666666667 0.7805555555555556 0.8265625 0.7583333333333333 0.8239583333333333 0.7555555555555555 0.8265625 0.7481481481481481 0.8260416666666667 0.7185185185185186 0.8239583333333333 0.7083333333333334 0.8322916666666667 0.6953703703703704 0.8364583333333333 0.6833333333333333 0.853125 0.6722222222222223 0.8552083333333333 0.662962962962963 0.8572916666666667 0.6620370370370371 0.8557291666666667 0.6592592592592592 0.8572916666666667 0.6546296296296297 0.8453125 0.6574074074074074 0.8442708333333333 0.6638888888888889 0.8354166666666667 0.6731481481481482 0.8135416666666667 0.6407407407407407 0.8098958333333334 0.6296296296296297 0.8020833333333334 0.6314814814814815 0.7822916666666667 0.612037037037037 0.775 0.5972222222222222 0.7677083333333333 0.5935185185185186 0.7515625 0.5675925925925925 0.728125 0.5407407407407407 0.7166666666666667 0.5333333333333333 0.7046875 0.5351851851851852 0.696875 0.5287037037037037 0.6864583333333333 0.5287037037037037
0 0.39166666666666666 0.575 0.38958333333333334 0.587037037037037 0.39010416666666664 0.612037037037037 0.3984375 0.65 0.4010416666666667 0.7027777777777777 0.4046875 0.7280092592592593 0.4041666666666667 0.7472222222222222 0.40625 0.7537037037037037 0.4088541666666667 0.7546296296296297 0.4119791666666667 0.7490740740740741 0.41822916666666665 0.7055555555555556 0.41770833333333335 0.6833333333333333 0.4109375 0.6268518518518519 0.4161458333333333 0.6175925925925926 0.40677083333333336 0.5722222222222222 0.40989583333333335 0.5601851851851852 0.4078125 0.5601851851851852 0.40729166666666666 0.5657407407407408 0.39375 0.5712962962962963
0 0.3020833333333333 0.12685185185185185 0.30104166666666665 0.1388888888888889 0.3151041666666667 0.1574074074074074 0.35520833333333335 0.18703703703703703 0.3885416666666667 0.22407407407407406 0.4192708333333333 0.23055555555555557 0.42552083333333335 0.22314814814814815 0.4239583333333333 0.21203703703703702 0.415625 0.20925925925925926 0.37395833333333334 0.17407407407407408 0.3463541666666667 0.14444444444444443 0.3338541666666667 0.12407407407407407 0.3098958333333333 0.11296296296296296
0 0.6661458333333333 0.1814814814814815 0.6490880208333334 0.2021777777777778 0.6509885416666666 0.2308990740740741 0.66429375 0.2162574074074074 0.6535229166666666 0.21738333333333335 0.6595421874999999 0.19879907407407407 0.6687286458333334 0.189225 0.6786458333333333 0.20555555555555555 0.6989583333333333 0.22314814814814815 0.7479166666666667 0.29814814814814816 0.7708333333333334 0.3194444444444444 0.7791666666666667 0.33796296296296297 0.7833333333333333 0.3398148148148148 0.7864583333333334 0.3351851851851852 0.7875 0.3055555555555556 0.7744791666666667 0.29814814814814816 0.7729166666666667 0.28703703703703703 0.7640625 0.2712962962962963 0.7317708333333334 0.22777777777777777 0.7020833333333333 0.1712962962962963 0.6956552083333333 0.16331944444444443 0.6829838541666666 0.1509296296296296 0.69850625 0.15599814814814816 0.6943880208333333 0.1419185185185185 0.6966057291666666 0.13910277777777777 0.7023078125000001 0.13121851851851854 0.6814 0.12277129629629628 0.672846875 0.13685 0.6734802083333334 0.1605037037037037
0 0.44114583333333335 0.487962962962963 0.440625 0.5092592592592593 0.44635416666666666 0.537962962962963 0.4473958333333333 0.6231481481481481 0.45 0.6537037037037037 0.45364583333333336 0.6620370370370371 0.4588541666666667 0.7 0.4625 0.7046296296296296 0.4666666666666667 0.7046296296296296 0.46927083333333336 0.700925925925926 0.471875 0.6620370370370371 0.46510416666666665 0.5657407407407408 0.465625 0.5231481481481481 0.46979166666666666 0.5037037037037037 0.4666666666666667 0.475 0.4645546875 0.44654814814814814 0.48166041666666665 0.39213055555555554 0.4510416666666667 0.44907407407407407 0.41728906250000003 0.41053703703703703 0.44249739583333336 0.45535185185185184
0 0.24010416666666667 0.43148148148148147 0.240625 0.44722222222222224 0.24322916666666666 0.45185185185185184 0.24791666666666667 0.45092592592592595 0.2578125 0.42314814814814816 0.2640625 0.4148148148148148 0.27239583333333334 0.37962962962962965 0.28072916666666664 0.3574074074074074 0.29375 0.3287037037037037 0.3140625 0.29444444444444445 0.32083333333333336 0.2675925925925926 0.32135416666666666 0.2490740740740741 0.3182291666666667 0.23981481481481481 0.3072916666666667 0.22777777777777777 0.30625 0.22314814814814815 0.3026041666666667 0.22037037037037038 0.3046875 0.22685185185185186 0.30416666666666664 0.2361111111111111 0.29270833333333335 0.2601851851851852 0.284375 0.2712962962962963 0.2875 0.2796296296296296 0.2875 0.28703703703703703 0.2833333333333333 0.3055555555555556 0.25 0.3861111111111111 0.24583333333333332 0.40370370370370373 0.24635416666666668 0.41203703703703703
0 0.4557291666666667 0.12222222222222222 0.45677083333333335 0.18703703703703703 0.44479166666666664 0.2777777777777778 0.446875 0.3037037037037037 0.4583333333333333 0.29814814814814816 0.4671875 0.26481481481481484 0.48020833333333335 0.12962962962962962 0.48020833333333335 0.1 0.48522864583333336 0.08431203703703703 0.5107052083333333 0.06689166666666667 0.51854375 0.0752537037037037 0.5193276041666667 0.05295648148148148 0.5040421875 0.0550462962962963 0.4708333333333333 0.08148148148148149 0.4370192708333333 0.03553611111111111 0.4358432291666666 0.05853055555555556 0.45936041666666666 0.0738601851851852 0.4583333333333333 0.09907407407407408
0 0.42239583333333336 0.6962962962962963 0.4239583333333333 0.7203703703703703 0.43125 0.7472222222222222 0.43802083333333336 0.7592592592592593 0.4546875 0.775 0.4671875 0.775 0.4786458333333333 0.7666666666666667 0.4864583333333333 0.7509259259259259 0.4942708333333333 0.7212962962962963 0.490625 0.6638888888888889 0.47604166666666664 0.6657407407407407 0.47291666666666665 0.6694444444444444 0.46875 0.7046296296296296 0.47239583333333335 0.737037037037037 0.46458333333333335 0.7527777777777778 0.4552083333333333 0.7555555555555555 0.44635416666666666 0.7527777777777778 0.4453125 0.7472222222222222 0.4359375 0.737037037037037 0.43020833333333336 0.7203703703703703 0.4276041666666667 0.7046296296296296 0.4239583333333333 0.6953703703703704
0 0.2520833333333333 0.48518518518518516 0.2520833333333333 0.4935185185185185 0.2635416666666667 0.524074074074074 0.2786458333333333 0.549074074074074 0.3140625 0.5805555555555556 0.328125 0.6018518518518519 0.3411458333333333 0.6101851851851852 0.3572916666666667 0.6129629629629629 0.3619791666666667 0.5907407407407408 0.35 0.5712962962962963 0.34427083333333336 0.5666666666666667 0.3411458333333333 0.5564814814814815 0.3307291666666667 0.5601851851851852 0.30885416666666665 0.5472222222222223 0.284375 0.512962962962963 0.27760416666666665 0.5092592592592593 0.26614583333333336 0.49537037037037035 0.259375 0.4824074074074074 0.2546875 0.48148148148148145
0 0.2849375 0.5080388888888889 0.29995625000000004 0.4798555555555556 0.30746562499999996 0.4635388888888889 0.30996875 0.47688888888888886 0.3262390625 0.4605722222222222 0.34042291666666663 0.4368388888888889 0.3483494791666667 0.4168138888888889 0.36169947916666667 0.3930814814814815 0.37004322916666665 0.37750648148148147 0.3712947916666666 0.38047314814814814 0.38130729166666666 0.35080648148148147 0.3867307291666667 0.36267314814814816 0.38130729166666666 0.38863148148148147 0.38089010416666663 0.4056898148148148 0.3704604166666667 0.4383222222222222 0.34501197916666665 0.4805972222222222 0.32707291666666666 0.5050722222222221 0.3078828125 0.5332555555555556 0.29369843749999996 0.5310305555555556
0 0.5338776041666667 0.3961314814814815 0.5230739583333334 0.4081361111111111 0.4879625 0.40333425925925925 0.5208234375 0.42334074074074074 0.5248744791666666 0.45455092592592594 0.5329770833333334 0.4729574074074074 0.5316270833333333 0.4977657407407407 0.5419802083333334 0.4857620370370371 0.5649380208333333 0.5137712962962964 0.591946875 0.5377787037037037 0.6144546875 0.5585861111111111 0.6320104166666667 0.5689888888888889 0.6378619791666666 0.5777925925925925 0.6558682291666666 0.5881953703703704 0.6603697916666668 0.5753916666666666 0.6527171875000001 0.5545842592592592 0.6419135416666666 0.5417805555555556 0.6347109375 0.525775 0.6054515625000001 0.5049675925925926 0.5802432291666667 0.4937638888888889 0.5680890625 0.46815555555555555 0.5604364583333333 0.4433472222222222 0.5550348958333333 0.42574166666666663 0.54468125 0.4057351851851852
0 0.7984020833333333 0.10610740740740741 0.8061869791666666 0.1268675925925926 0.7975369791666667 0.1453212962962963 0.7893192708333333 0.15685462962962962 0.7940770833333333 0.18069074074074074 0.7858593749999999 0.2106777777777778 0.7789390625 0.24527777777777776 0.7741817708333334 0.2752648148148148 0.7754791666666667 0.296025 0.7884541666666667 0.3067888888888889 0.7936442708333333 0.2752648148148148 0.8014296875 0.23681944444444444 0.8061869791666666 0.20760185185185187 0.8118093749999999 0.18991759259259258 0.8169994791666666 0.1822287037037037 0.8234869791666667 0.18145925925925926 0.8182973958333334 0.16608148148148147 0.8230546875000001 0.14224537037037038 0.8217572916666666 0.12763703703703705 0.8343 0.14993425925925927 0.8477072916666667 0.13378796296296297 0.8442473958333333 0.12302314814814816 0.8265145833333333 0.12225462962962963 0.813971875 0.1137962962962963 0.8066197916666666 0.1053388888888889 0.7992671875 0.09072962962962963
0 0.8048895833333333 0.21529074074074075 0.8144046875 0.21913518518518518 0.8221895833333334 0.24989074074074075 0.8243520833333334 0.2814157407407407 0.8213244791666666 0.29910000000000003 0.8243520833333334 0.329087037037037 0.8273796875 0.3721453703703703 0.8351645833333333 0.393675 0.8420848958333333 0.4228925925925926 0.8468421875 0.4359638888888889 0.8524651041666667 0.4459592592592593 0.8563572916666666 0.4636444444444444 0.8477072916666667 0.4651814814814815 0.8334348958333333 0.4451907407407407 0.8247848958333334 0.4359638888888889 0.8144046875 0.4128972222222222 0.8083494791666667 0.3798342592592593 0.8044567708333333 0.3444648148148148 0.7979692708333334 0.29525555555555555 0.798834375 0.2829537037037037 0.7914817708333334 0.26526944444444445 0.7962395833333333 0.23912685185185187
0 0.8122421875000001 0.19376203703703704 0.8195947916666667 0.19683703703703703 0.8325697916666667 0.19376203703703704 0.8485723958333333 0.16685 0.8541947916666667 0.16300555555555554 0.8563572916666666 0.1906861111111111 0.8541947916666667 0.17530833333333334 0.8425171875 0.18299722222222223 0.8381921875 0.198375 0.8446796875 0.21452222222222223 0.8477072916666667 0.26065555555555553 0.8451125 0.2814157407407407 0.8511671875 0.3083268518518518 0.8515999999999999 0.34830925925925926 0.8520322916666667 0.38982962962962964 0.8511671875 0.4075148148148148 0.8459776041666667 0.4098212962962963 0.8455447916666666 0.43135 0.8343 0.393675 0.8269473958333333 0.3775277777777778 0.8286770833333333 0.3429277777777778 0.8286770833333333 0.2983314814814815 0.8221895833333334 0.2875666666666667 0.8208921875 0.25219814814814817 0.8165671875 0.23220648148148146 0.8182973958333334 0.2137527777777778
0 0.4433447916666667 0.29988425925925927 0.43994218749999997 0.3309962962962963 0.4273026041666667 0.3543305555555556 0.42438593750000003 0.3698861111111111 0.41514947916666667 0.3871703703703704 0.41806666666666664 0.40186203703703705 0.4287609375 0.3888990740740741 0.4331364583333333 0.38112129629629626 0.43945572916666664 0.38284907407407404 0.4530671875 0.3491444444444445 0.46570677083333334 0.3171685185185185 0.4744567708333333 0.3033416666666667 0.484665625 0.31111944444444445 0.48660989583333336 0.2886490740740741 0.49633229166666665 0.27914351851851854 0.4968182291666666 0.27050092592592595 0.5104296875 0.2964277777777778 0.5109161458333333 0.28432870370370367 0.5104296875 0.26877222222222225 0.5002213541666667 0.2609944444444445 0.4929296875 0.2393888888888889 0.4929296875 0.20654814814814815 0.4836932291666667 0.18321481481481483 0.4856375 0.21951203703703703 0.48612395833333333 0.2428453703703704 0.47397083333333334 0.26013055555555553 0.46619270833333337 0.2661796296296296 0.4530671875 0.30161296296296297
0 0.5690395833333334 0.31068703703703704 0.577209375 0.3100555555555556 0.5875104166666667 0.29047962962962964 0.6066916666666666 0.29426851851851854 0.6056260416666667 0.30184629629629633 0.5875104166666667 0.2980574074074074 0.5807614583333333 0.3188962962962963 0.5885760416666667 0.3283685185185185 0.5885760416666667 0.35110092592592596 0.5864447916666666 0.3725712962962963 0.5892864583333334 0.40035648148148145 0.5988770833333333 0.4312990740740741 0.6088229166666667 0.4540324074074074 0.6148614583333334 0.4742388888888889 0.598521875 0.4502435185185185 0.5853791666666667 0.418037962962963 0.5747229166666667 0.3845694444444444 0.5661979166666666 0.36751944444444445 0.5619359374999999 0.3605731481481481 0.5647770833333333 0.3460490740740741 0.5647770833333333 0.3220537037037037 0.5598046875 0.3024777777777778 0.5516348958333332 0.2892166666666667 0.5587390625 0.2911111111111111 0.5569630208333333 0.2608 0.5594494791666667 0.25701111111111113 0.5598046875 0.2753240740740741 0.5619359374999999 0.2986888888888889
0 0.5178901041666667 0.31321296296296297 0.5260598958333333 0.33910277777777775 0.5363609375 0.35236388888888887 0.5473723958333333 0.365625 0.5534109375 0.35741574074074073 0.5594494791666667 0.35741574074074073 0.572946875 0.38014907407407406 0.5825375 0.4148805555555556 0.5992322916666667 0.45466388888888887 0.6120197916666666 0.4742388888888889 0.6233864583333334 0.49318333333333336 0.6265833333333333 0.5051814814814815 0.63581875 0.5108648148148148 0.6415015625 0.5298092592592593 0.6141510416666667 0.5165481481481481 0.5971010416666667 0.49255185185185185 0.5743677083333334 0.4590842592592592 0.5583838541666667 0.4224583333333333 0.5463067708333333 0.39151574074074075 0.5438203125 0.3681509259259259 0.5303223958333334 0.35110092592592596
