0 0.7442708333333333 0.11851851851851852 0.7421875 0.12222222222222222 0.74375 0.13055555555555556 0.7536458333333333 0.1398148148148148 0.7729166666666667 0.17037037037037037 0.7895833333333333 0.22037037037037038 0.7958333333333333 0.2324074074074074 0.8088541666666667 0.24814814814814815 0.8145833333333333 0.24444444444444444 0.8203125 0.2351851851851852 0.8223958333333333 0.2212962962962963 0.8098958333333334 0.1925925925925926 0.7713541666666667 0.13796296296296295 0.7552083333333334 0.12222222222222222
0 0.7791666666666667 0.7824074074074074 0.7734375 0.8111111111111111 0.7671875 0.825925925925926 0.7708333333333334 0.8342592592592593 0.775 0.8314814814814815 0.7869791666666667 0.8083333333333333 0.8088541666666667 0.75 0.828125 0.7166666666666667 0.821875 0.700925925925926 0.8171875 0.6972222222222222 0.8041666666666667 0.7064814814814815
0 0.7015625 0.762962962962963 0.6921875 0.7972222222222223 0.6848958333333334 0.8055555555555556 0.6848958333333334 0.8101851851851852 0.6916666666666667 0.8166666666666667 0.6916666666666667 0.8231481481481482 0.6833333333333333 0.8546296296296296 0.6739583333333333 0.8712962962962963 0.6552083333333333 0.8898148148148148 0.6479166666666667 0.9018518518518519 0.6411458333333333 0.9009259259259259 0.6421875 0.9157407407407407 0.6619791666666667 0.9157407407407407 0.6807291666666667 0.9009259259259259 0.6927083333333334 0.8842592592592593 0.7088541666666667 0.8453703703703703 0.7145833333333333 0.825 0.7244791666666667 0.8222222222222222 0.7244791666666667 0.8138888888888889 0.7223958333333333 0.812962962962963 0.7208333333333333 0.8032407407407407 0.721875 0.7814814814814814 0.7197916666666667 0.7648148148148148 0.7098958333333333 0.7592592592592593
0 0.6213541666666667 0.13703703703703704 0.6223958333333334 0.14444444444444443 0.6598958333333333 0.1824074074074074 0.6895833333333333 0.22037037037037038 0.7026041666666667 0.22685185185185186 0.7072916666666667 0.23796296296296296 0.7083333333333334 0.2574074074074074 0.7098958333333333 0.2574074074074074 0.7135416666666666 0.2101851851851852 0.7088541666666667 0.19907407407407407 0.7005208333333334 0.18888888888888888 0.671875 0.17685185185185184 0.6296875 0.14074074074074075
0 0.546875 0.11018518518518519 0.5458333333333333 0.11851851851851852 0.5484375 0.12129629629629629 0.5598958333333334 0.10925925925925926 0.5817708333333333 0.0962962962962963 0.6463541666666667 0.1111111111111111 0.646875 0.10277777777777777 0.6432291666666666 0.09166666666666666 0.6442708333333333 0.05925925925925926 0.6421875 0.05740740740740741 0.6328125 0.06481481481481481 0.6151041666666667 0.06388888888888888 0.6078125 0.06944444444444445 0.575 0.07777777777777778 0.5614583333333333 0.08796296296296297
0 0.3651041666666667 0.07037037037037037 0.36614583333333334 0.09537037037037037 0.3703125 0.11296296296296296 0.3765625 0.12129629629629629 0.3854166666666667 0.14351851851851852 0.4083333333333333 0.22777777777777777 0.4119791666666667 0.2324074074074074 0.4140625 0.23055555555555557 0.4161458333333333 0.21666666666666667 0.4078125 0.17037037037037037 0.39739583333333334 0.13703703703703704 0.38333333333333336 0.07685185185185185 0.37864583333333335 0.06574074074074074 0.37552083333333336 0.06388888888888888 0.3697916666666667 0.06481481481481481
0 0.36041666666666666 0.4009259259259259 0.35989583333333336 0.4064814814814815 0.3619791666666667 0.4111111111111111 0.3765625 0.4222222222222222 0.40729166666666666 0.46111111111111114 0.40677083333333336 0.4703703703703704 0.4119791666666667 0.4787037037037037 0.4119791666666667 0.4861111111111111 0.4354166666666667 0.5287037037037037 0.44114583333333335 0.524074074074074 0.4484375 0.5083333333333333 0.44895833333333335 0.5009259259259259 0.43802083333333336 0.4666666666666667 0.42135416666666664 0.44537037037037036 0.403125 0.41574074074074074 0.38645833333333335 0.4027777777777778 0.36822916666666666 0.39814814814814814
0 0.33177083333333335 0.5185185185185185 0.3328125 0.5268518518518519 0.3489583333333333 0.5555555555555556 0.35 0.5638888888888889 0.35989583333333336 0.5916666666666667 0.36770833333333336 0.6361111111111111 0.3729166666666667 0.649074074074074 0.3729166666666667 0.662962962962963 0.38645833333333335 0.6583333333333333 0.3885416666666667 0.6537037037037037 0.3927083333333333 0.6537037037037037 0.39947916666666666 0.6462962962962963 0.4005208333333333 0.6416666666666667 0.39479166666666665 0.6444444444444445 0.39114583333333336 0.6407407407407407 0.38333333333333336 0.6083333333333333 0.35572916666666665 0.5444444444444444 0.34322916666666664 0.525
0 0.22083333333333333 0.6027777777777777 0.22447916666666667 0.6583333333333333 0.23177083333333334 0.6861111111111111 0.23697916666666666 0.6972222222222222 0.2359375 0.700925925925926 0.24010416666666667 0.7148148148148148 0.2421875 0.7037037037037037 0.23697916666666666 0.6657407407407407 0.2520833333333333 0.575925925925926 0.23125 0.5666666666666667
0 0.3671875 0.7212962962962963 0.36614583333333334 0.7287037037037037 0.3765625 0.7527777777777778 0.42083333333333334 0.8287037037037037 0.4270833333333333 0.8324074074074074 0.43072916666666666 0.8398148148148148 0.4395833333333333 0.8314814814814815 0.44166666666666665 0.8138888888888889 0.4140625 0.7842592592592592 0.39479166666666665 0.7509259259259259 0.3729166666666667 0.7212962962962963
0 0.4109375 0.6962962962962963 0.4119791666666667 0.7435185185185185 0.4171875 0.7481481481481481 0.4276041666666667 0.7287037037037037 0.43333333333333335 0.7101851851851851 0.43333333333333335 0.6944444444444444 0.440625 0.6583333333333333 0.446875 0.5888888888888889 0.44635416666666666 0.5361111111111111 0.4432291666666667 0.5287037037037037 0.43854166666666666 0.5268518518518519 0.4359375 0.5296296296296297 0.42864583333333334 0.600925925925926 0.4270833333333333 0.6416666666666667 0.41875 0.6768518518518518
0 0.5057291666666667 0.675 0.5036458333333333 0.6898148148148148 0.509375 0.6990740740740741 0.509375 0.7055555555555556 0.5145833333333333 0.6962962962962963 0.525 0.6907407407407408 0.5265625 0.6814814814814815 0.5317708333333333 0.674074074074074 0.54375 0.6435185185185185 0.5661458333333333 0.6101851851851852 0.5869791666666667 0.5898148148148148 0.5901041666666667 0.5796296296296296 0.5833333333333334 0.5731481481481482 0.5552083333333333 0.5944444444444444 0.5354166666666667 0.6231481481481481 0.525 0.6444444444444445 0.5177083333333333 0.6537037037037037 0.5130208333333334 0.6481481481481481
0 0.5395833333333333 0.8787037037037037 0.5401041666666667 0.8824074074074074 0.54375 0.8805555555555555 0.5484375 0.8898148148148148 0.5598958333333334 0.8787037037037037 0.5838541666666667 0.8638888888888889 0.5994791666666667 0.8629629629629629 0.6119791666666666 0.8546296296296296 0.6151041666666667 0.8379629629629629 0.6083333333333333 0.8212962962962963 0.5989583333333334 0.8148148148148148 0.5916666666666667 0.825 0.5817708333333333 0.8296296296296296 0.5739583333333333 0.8425925925925926 0.5552083333333333 0.8574074074074074 0.5458333333333333 0.8685185185185185 0.5447916666666667 0.875
0 0.6265625 0.6620370370370371 0.6223958333333334 0.6675925925925926 0.6286458333333333 0.6907407407407408 0.6604166666666667 0.7351851851851852 0.6791666666666667 0.7509259259259259 0.696875 0.7564814814814815 0.7041666666666667 0.7712962962962963 0.7140625 0.7638888888888888 0.7072916666666667 0.7546296296296297 0.7046875 0.7453703703703703 0.6822916666666666 0.7268518518518519 0.6692708333333334 0.7212962962962963 0.6609375 0.7111111111111111 0.653125 0.6981481481481482 0.6484375 0.6777777777777778 0.6390625 0.662962962962963
0 0.5875 0.4981481481481482 0.5916666666666667 0.5481481481481482 0.6036458333333333 0.600925925925926 0.6067708333333334 0.6287037037037037 0.615625 0.6583333333333333 0.61875 0.6620370370370371 0.6255208333333333 0.6592592592592592 0.6270833333333333 0.6564814814814814 0.625 0.65 0.6291666666666667 0.6398148148148148 0.6270833333333333 0.6212962962962963 0.615625 0.5944444444444444 0.5953125 0.5037037037037037 0.5916666666666667 0.4962962962962963
