0 0.4432291666666667 0.4398148148148148 0.4453125 0.4351851851851852 0.44479166666666664 0.42962962962962964 0.4328125 0.38425925925925924 0.4166666666666667 0.35648148148148145 0.4015625 0.32222222222222224 0.3848958333333333 0.3 0.3807291666666667 0.30185185185185187 0.375 0.3111111111111111 0.37447916666666664 0.31851851851851853 0.3807291666666667 0.33796296296296297 0.4114583333333333 0.37407407407407406 0.4244791666666667 0.3990740740740741 0.43697916666666664 0.4351851851851852 0.4432291666666667 0.4398148148148148
0 0.5807291666666666 0.06018518518518518 0.5864583333333333 0.053703703703703705 0.5838541666666667 0.040740740740740744 0.5333333333333333 0.027777777777777776 0.5182291666666666 0.020370370370370372 0.5130208333333334 0.021296296296296296 0.5078125 0.017592592592592594 0.5015625 0.006481481481481481 0.4708333333333333 0 0.4666666666666667 0.01574074074074074 0.4666666666666667 0.028703703703703703 0.47239583333333335 0.03796296296296296 0.4817708333333333 0.049074074074074076 0.490625 0.05277777777777778 0.5630208333333333 0.06018518518518518 0.5807291666666666 0.06018518518518518
0 0.6322916666666667 0.2638888888888889 0.6369791666666667 0.2351851851851852 0.6338541666666667 0.1925925925925926 0.6203125 0.1962962962962963 0.6161458333333333 0.21203703703703702 0.6171875 0.32592592592592595 0.6197916666666666 0.36203703703703705 0.6239583333333333 0.3685185185185185 0.628125 0.362962962962963 0.6276041666666666 0.3398148148148148 0.6322916666666667 0.2638888888888889
0 0.7385416666666667 0.6685185185185185 0.7432291666666667 0.6453703703703704 0.7416666666666667 0.6129629629629629 0.7442708333333333 0.5685185185185185 0.7427083333333333 0.5138888888888888 0.7401041666666667 0.5074074074074074 0.7359375 0.5083333333333333 0.734375 0.512962962962963 0.7338541666666667 0.5675925925925925 0.7307291666666667 0.6037037037037037 0.7234375 0.6342592592592593 0.7265625 0.6675925925925926 0.73125 0.6722222222222223 0.7385416666666667 0.6685185185185185
0 0.22239583333333332 0.5296296296296297 0.23020833333333332 0.5296296296296297 0.2625 0.4962962962962963 0.2994791666666667 0.4703703703703704 0.3026041666666667 0.4638888888888889 0.3 0.4583333333333333 0.29791666666666666 0.4583333333333333 0.27708333333333335 0.4666666666666667 0.24479166666666666 0.4888888888888889 0.23229166666666667 0.4925925925925926 0.21822916666666667 0.5092592592592593 0.21770833333333334 0.5212962962962963 0.22239583333333332 0.5296296296296297
0 0.4822916666666667 0.5675925925925925 0.48802083333333335 0.5703703703703704 0.49947916666666664 0.5842592592592593 0.5026041666666666 0.5851851851851851 0.5046875 0.5824074074074074 0.5046875 0.575925925925926 0.5015625 0.5703703703703704 0.49583333333333335 0.5657407407407408 0.48385416666666664 0.5472222222222223 0.45729166666666665 0.5194444444444445 0.4390625 0.4935185185185185 0.43125 0.4888888888888889 0.42864583333333334 0.4888888888888889 0.42083333333333334 0.49166666666666664 0.41875 0.5018518518518519 0.42083333333333334 0.5120370370370371 0.43020833333333336 0.5259259259259259 0.45364583333333336 0.5388888888888889 0.4822916666666667 0.5675925925925925
0 0.6130208333333333 0.6666666666666666 0.6145833333333334 0.675 0.61875 0.6824074074074075 0.6270833333333333 0.6796296296296296 0.6369791666666667 0.6703703703703704 0.6494791666666667 0.6472222222222223 0.66875 0.6185185185185185 0.6744791666666666 0.6055555555555555 0.6880208333333333 0.5925925925925926 0.7015625 0.5861111111111111 0.703125 0.5833333333333334 0.7015625 0.5796296296296296 0.6987848958333333 0.5796296296296296 0.6807291666666667 0.5833333333333334 0.6697916666666667 0.5907407407407408 0.6473958333333333 0.6231481481481481 0.6234375 0.6435185185185185 0.6140625 0.6592592592592592 0.6130208333333333 0.6666666666666666
0 0.5369791666666667 0.7018518518518518 0.5333333333333333 0.6981481481481482 0.5317708333333333 0.700925925925926 0.5359375 0.7055555555555556 0.5286458333333334 0.7055555555555556 0.509375 0.7203703703703703 0.5072916666666667 0.725925925925926 0.5072916666666667 0.7342592592592593 0.5109375 0.7444444444444445 0.5166666666666667 0.7472222222222222 0.5328125 0.7472222222222222 0.540625 0.7398148148148148 0.5484375 0.7277777777777777 0.5546875 0.7083333333333334 0.55625 0.6833333333333333 0.553125 0.6657407407407407 0.5390625 0.6296296296296297 0.5369791666666667 0.6259259259259259 0.5364583333333334 0.6351851851851852 0.54375 0.6592592592592592 0.5458333333333333 0.6731481481481482 0.5447916666666667 0.6907407407407408 0.5401041666666667 0.700925925925926 0.5369791666666667 0.7018518518518518
0 0.3567708333333333 0.6953703703703704 0.3645833333333333 0.6953703703703704 0.371875 0.6907407407407408 0.38125 0.6787037037037037 0.390625 0.6712962962962963 0.396875 0.6574074074074074 0.40208333333333335 0.6388888888888888 0.39895833333333336 0.6305555555555555 0.39375 0.6259259259259259 0.39114583333333336 0.6259259259259259 0.3885416666666667 0.6259259259259259 0.3828125 0.6342592592592593 0.365625 0.6777777777777778 0.35208333333333336 0.6814814814814815 0.35052083333333334 0.6888888888888889 0.3567708333333333 0.6953703703703704
0 0.7145833333333333 0.8472222222222222 0.7203125 0.8490740740740741 0.7296875 0.8361111111111111 0.76875 0.7962962962962963 0.7828125 0.7898148148148149 0.7911458333333333 0.7814814814814814 0.8010416666666667 0.7638888888888888 0.7947916666666667 0.7481481481481481 0.7942708333333334 0.7481481481481481 0.7833333333333333 0.7509259259259259 0.771875 0.7611111111111111 0.76875 0.7712962962962963 0.7604166666666666 0.7842592592592592 0.7166666666666667 0.837037037037037 0.7145833333333333 0.8472222222222222
0 0.7 0.7824074074074074 0.6989583333333333 0.7694444444444445 0.6901041666666666 0.7638888888888888 0.659375 0.762962962962963 0.6307291666666667 0.7481481481481481 0.6197916666666666 0.7481481481481481 0.609375 0.7444444444444445 0.6072916666666667 0.7444444444444445 0.6057291666666667 0.7518518518518519 0.6114583333333333 0.7583333333333333 0.6786458333333333 0.7944444444444444 0.6927083333333334 0.7925925925925926 0.6984375 0.7870370370370371 0.7 0.7824074074074074
0 0.43385416666666665 0.8287037037037037 0.43645833333333334 0.8342592592592593 0.4578125 0.8416666666666667 0.47552083333333334 0.8611111111111112 0.48802083333333335 0.8657407407407407 0.4921875 0.862037037037037 0.4953125 0.8537037037037037 0.4947916666666667 0.8388888888888889 0.4817708333333333 0.825 0.43854166666666666 0.8166666666666667 0.4317708333333333 0.8111111111111111 0.42083333333333334 0.8083333333333333 0.4046875 0.799074074074074 0.4041666666666667 0.7981481481481482 0.403125 0.8027777777777778 0.4046875 0.8101851851851852 0.40989583333333335 0.8111111111111111 0.41458333333333336 0.8185185185185185 0.42291666666666666 0.825 0.43385416666666665 0.8287037037037037
0 0.32224687500000004 0.40262592592592594 0.3112026041666667 0.40651481481481483 0.3046421875 0.4053472222222222 0.29983072916666664 0.41001574074074076 0.29720625 0.41585185185185186 0.3002682291666667 0.41818611111111115 0.31185885416666664 0.41896388888888886 0.32454322916666667 0.4197425925925926 0.3376651041666667 0.418575 0.3435697916666667 0.42129814814814814 0.3496932291666666 0.4255777777777778 0.360409375 0.4255777777777778 0.36587656249999995 0.4275231481481482 0.37418697916666666 0.43258148148148146 0.38118541666666667 0.431025 0.38862083333333336 0.4251888888888889 0.3925572916666667 0.4174083333333333 0.3925572916666667 0.4088490740740741 0.3897145833333333 0.4022351851851852 0.3824973958333333 0.3979555555555555 0.37309375 0.4010675925925926 0.3663140625 0.40550925925925924 0.3630333333333333 0.4072925925925926 0.3571286458333333 0.41001574074074076 0.34794375 0.4084601851851852 0.335478125 0.40340185185185184 0.32224687500000004 0.40262592592592594
0 0.36095572916666663 0.46526296296296293 0.37604583333333336 0.4784907407407407 0.38566875 0.48782870370370374 0.39310416666666664 0.4956092592592593 0.39900885416666665 0.5006675925925926 0.4033828125 0.508837037037037 0.4110369791666667 0.5170074074074075 0.41388020833333333 0.5162296296296296 0.41388020833333333 0.508837037037037 0.40994375 0.5006675925925926 0.3985713541666666 0.48743888888888887 0.3876369791666667 0.47148796296296297 0.3707973958333334 0.45203518518518515 0.36139322916666666 0.439975 0.35548854166666666 0.43141574074074074 0.348490625 0.4255796296296296 0.33930520833333333 0.4189657407407407 0.3290265625 0.4212546296296296 0.3277145833333333 0.4283027777777778 0.33143229166666666 0.4395861111111111 0.3382114583333333 0.44931203703703704 0.3412734375 0.4563148148148148 0.3506770833333333 0.4567037037037037 0.36095572916666663 0.46526296296296293
0 0.7325833333333333 0.06321296296296296 0.7376572916666666 0.0594962962962963 0.7510880208333333 0.06692962962962963 0.7636234375 0.07117777777777778 0.7761593750000001 0.07861111111111112 0.7857098958333334 0.08498240740740741 0.7925749999999999 0.0887 0.8009317708333333 0.0966638888888889 0.8057072916666667 0.09029259259259259 0.8036182291666666 0.07754907407407408 0.7964546875 0.07330185185185185 0.7872026041666668 0.06799166666666666 0.77675625 0.05790370370370371 0.7612359375000001 0.0483462962962963 0.7451187499999999 0.04409814814814814 0.7361645833333333 0.03507222222222222 0.7239276041666667 0.02976296296296296 0.7116906249999999 0.034010185185185185 0.7045276041666667 0.04622222222222223 0.7045276041666667 0.05631111111111111 0.7146755208333333 0.06533703703703703 0.7233307291666667 0.07011574074074074 0.7325833333333333 0.06321296296296296
0 0.6200619791666667 0.05502592592592592 0.6170770833333333 0.06299074074074074 0.6248375 0.06989259259259259 0.6331942708333334 0.06139722222222222 0.643640625 0.05874259259259259 0.6534901041666666 0.057680555555555554 0.6654286458333334 0.05183981481481482 0.6755765625 0.05024722222222223 0.6863213541666667 0.046530555555555554 0.69408125 0.05024722222222223 0.7033338541666667 0.04387592592592593 0.7107953125 0.03856574074074074 0.7131828124999999 0.03007037037037037 0.71348125 0.016796296296296295 0.7069151041666667 0.009893518518518519 0.6949765625000001 0.010425 0.6806505208333333 0.02422962962962963 0.6737854166666666 0.03060185185185185 0.6657270833333333 0.03219444444444445 0.6415510416666667 0.044406481481481484 0.6272249999999999 0.049716666666666666 0.6200619791666667 0.05502592592592592
0 0.8013114583333334 0.3383277777777778 0.8009661458333334 0.36473796296296296 0.7982041666666666 0.3856203703703704 0.7940614583333333 0.40957314814814816 0.7992401041666667 0.4058879629629629 0.8020020833333333 0.39298981481481476 0.8068354166666667 0.3794787037037037 0.8109786458333333 0.3561388888888889 0.81305 0.3291148148148148 0.8151213541666666 0.3076185185185185 0.8165026041666666 0.286737037037037 0.8168473958333333 0.264012037037037 0.813740625 0.24435833333333332 0.8054546874999999 0.23514537037037037 0.7985494791666666 0.2415175925925926 0.7968234375000001 0.25787037037037036 0.7988947916666667 0.2695398148148148 0.8020020833333333 0.29165 0.8030380208333334 0.31437499999999996 0.8013114583333334 0.3383277777777778
0 0.8026927083333334 0.5311814814814815 0.8047640625 0.5188972222222222 0.8064901041666667 0.4974009259259259 0.8058 0.4759046296296296 0.8064901041666667 0.442125 0.81166875 0.42799907407407406 0.8175380208333334 0.41448703703703704 0.8216812499999999 0.3997462962962963 0.8213359375 0.3837777777777778 0.8140854166666667 0.3751787037037037 0.8052817708333334 0.38974259259259264 0.7961328125 0.4157148148148148 0.796478125 0.4408962962962963 0.7985494791666666 0.47221944444444447 0.8009661458333334 0.5047712962962964 0.8026927083333334 0.5311814814814815
0 0.7933708333333332 0.5483787037037037 0.7982041666666666 0.5625046296296297 0.7988947916666667 0.5760166666666666 0.805109375 0.5818740740740741 0.8085619791666667 0.5751185185185186 0.8033833333333333 0.5585351851851852 0.8020020833333333 0.5444092592592592 0.8020020833333333 0.527212037037037 0.7995854166666666 0.49220370370370375 0.797859375 0.4559666666666667 0.7947520833333334 0.4289425925925926 0.789228125 0.4105175925925926 0.7823229166666666 0.4114157407407407 0.7757635416666666 0.4187861111111111 0.7761088541666666 0.4390537037037037 0.781978125 0.4654638888888889 0.7854302083333333 0.49125925925925923 0.787846875 0.5207398148148148 0.7933708333333332 0.5483787037037037
0 0.5835197916666667 0.527125925925926 0.6113619791666667 0.5199027777777778 0.6247026041666667 0.502361111111111 0.60498125 0.5054564814814815 0.5829401041666666 0.5033925925925926 0.5713390625 0.49101018518518524 0.5591583333333333 0.4693407407407407 0.5446572916666667 0.4476712962962963 0.5307364583333334 0.4490796296296296 0.5266760416666666 0.4404481481481482 0.5266760416666666 0.47450000000000003 0.537696875 0.49926574074074076 0.5568380208333333 0.5147435185185185 0.5835197916666667 0.527125925925926
0 0.6285140625000001 0.49021944444444443 0.6391708333333334 0.4809425925925926 0.6407578125000001 0.46884166666666666 0.6493739583333333 0.4595648148148148 0.6595770833333333 0.4543203703703704 0.66501875 0.44907685185185187 0.6622979166666667 0.4434296296296296 0.6545890624999999 0.4434296296296296 0.6441588541666667 0.44948055555555555 0.6348630208333332 0.45593425925925923 0.6244328125 0.46359814814814815 0.6164973958333333 0.47529537037037034 0.6062942708333333 0.4789259259259259 0.5983583333333333 0.4761018518518519 0.5901958333333333 0.48013611111111115 0.5791989583333332 0.49297592592592593 0.5824864583333333 0.5003037037037037 0.58996875 0.5031268518518518 0.6065208333333333 0.5035305555555556 0.6205786458333333 0.49990000000000007 0.6285140625000001 0.49021944444444443
0 0.3730630208333333 0.8454962962962963 0.37942135416666667 0.8398407407407408 0.3906708333333333 0.8389703703703704 0.40705572916666666 0.8385351851851852 0.41928333333333334 0.835925 0.4268640625 0.8411453703703704 0.4344453125 0.840275 0.43713541666666667 0.8350546296296296 0.43028802083333334 0.8267888888888889 0.4227067708333333 0.8237435185185186 0.41292500000000004 0.825049074074074 0.3994744791666667 0.8224379629629629 0.38480156249999997 0.8211333333333333 0.3718401041666667 0.813737037037037 0.3581453125 0.8054712962962963 0.3488526041666667 0.8114750000000001 0.3422494791666667 0.8198277777777777 0.33980416666666663 0.8307046296296295 0.3456734375 0.8433203703703703 0.358634375 0.8494111111111111 0.3730630208333333 0.8454962962962963
0 0.331978125 0.8494111111111111 0.347140625 0.8581129629629629 0.36230260416666665 0.862462962962963 0.37648645833333333 0.8620277777777778 0.39042604166666667 0.8594175925925926 0.39238229166666666 0.8515870370370371 0.37893229166666664 0.8441907407407407 0.3676828125 0.8468009259259259 0.3598572916666667 0.8468009259259259 0.34934166666666666 0.8433203703703703 0.3405375 0.8333148148148148 0.3297776041666667 0.8211333333333333 0.3231744791666667 0.815387962962963 0.312903125 0.8041657407407408 0.3009203125 0.8054712962962963 0.2952958333333333 0.8154777777777777 0.30409947916666663 0.8328796296296296 0.31803906249999997 0.8450611111111112 0.331978125 0.8494111111111111
