0 0.8026041666666667 0.4203703703703704 0.8041666666666667 0.41574074074074074 0.8125 0.3296296296296296 0.8234375 0.2814814814814815 0.825 0.25833333333333336 0.8229166666666666 0.24814814814814815 0.8171875 0.24259259259259258 0.8104166666666667 0.24259259259259258 0.8041666666666667 0.25925925925925924 0.7989583333333333 0.2824074074074074 0.8010416666666667 0.2972222222222222 0.7958333333333333 0.3675925925925926 0.7973958333333333 0.39444444444444443 0.7963541666666667 0.4166666666666667 0.7989583333333333 0.4222222222222222 0.8026041666666667 0.4203703703703704
0 0.8125 0.6342592592592593 0.81875 0.5953703703703703 0.8213541666666667 0.5666666666666667 0.821875 0.5296296296296297 0.821875 0.5194444444444445 0.81875 0.5148148148148148 0.8130208333333333 0.525 0.8135416666666667 0.5333333333333333 0.809375 0.5537037037037037 0.8036458333333333 0.6074074074074074 0.790625 0.65 0.790625 0.6814814814814815 0.7942708333333334 0.6861111111111111 0.8015625 0.6851851851851852 0.80625 0.6768518518518518 0.8109375 0.6611111111111111 0.8125 0.6342592592592593
0 0.7401041666666667 0.3333333333333333 0.7411458333333333 0.35648148148148145 0.7473958333333334 0.3768518518518518 0.7515625 0.3814814814814815 0.7598958333333333 0.3768518518518518 0.7625 0.3648148148148148 0.7609375 0.34074074074074073 0.74375 0.2972222222222222 0.7364583333333333 0.2833333333333333 0.7239583333333334 0.2675925925925926 0.7057291666666666 0.25925925925925924 0.6989583333333333 0.25925925925925924 0.6973958333333333 0.2638888888888889 0.6994791666666667 0.2675925925925926 0.7140625 0.2722222222222222 0.725 0.28055555555555556 0.7359375 0.3074074074074074 0.7401041666666667 0.3333333333333333
0 0.6890625 0.8675925925925926 0.6979166666666666 0.8648148148148148 0.7015625 0.8574074074074074 0.7026041666666667 0.8490740740740741 0.6973958333333333 0.8268518518518518 0.690625 0.8111111111111111 0.6692708333333334 0.7898148148148149 0.6442708333333333 0.7407407407407407 0.6317708333333333 0.7231481481481481 0.6234375 0.7046296296296296 0.6171875 0.7037037037037037 0.6140625 0.7083333333333334 0.6145833333333334 0.7194444444444444 0.6239583333333333 0.7361111111111112 0.6338541666666667 0.7666666666666667 0.6604166666666667 0.8111111111111111 0.6791666666666667 0.8592592592592593 0.6890625 0.8675925925925926
0 0.5 0.8416666666666667 0.4786458333333333 0.8305555555555556 0.4666666666666667 0.8314814814814815 0.4588541666666667 0.8277777777777777 0.4505208333333333 0.8296296296296296 0.44427083333333334 0.8231481481481482 0.4427083333333333 0.8157407407407408 0.4401041666666667 0.8138888888888889 0.41875 0.8092592592592592 0.415625 0.8157407407407408 0.41510416666666666 0.8296296296296296 0.41875 0.8388888888888889 0.4348958333333333 0.8564814814814815 0.4984375 0.8537037037037037 0.503125 0.8490740740740741 0.5 0.8416666666666667
0 0.24010416666666667 0.6916666666666667 0.24114583333333334 0.6814814814814815 0.2390625 0.6638888888888889 0.23645833333333333 0.5518518518518518 0.2328125 0.537962962962963 0.22708333333333333 0.5296296296296297 0.21927083333333333 0.5324074074074074 0.21614583333333334 0.5407407407407407 0.21666666666666667 0.5722222222222222 0.22135416666666666 0.5740740740740741 0.22447916666666667 0.5916666666666667 0.234375 0.6861111111111111 0.23541666666666666 0.6898148148148148 0.24010416666666667 0.6916666666666667
0 0.24010416666666667 0.45 0.2390625 0.43333333333333335 0.24322916666666666 0.3537037037037037 0.24166666666666667 0.3416666666666667 0.24270833333333333 0.3138888888888889 0.24010416666666667 0.30925925925925923 0.23541666666666666 0.3212962962962963 0.2265625 0.412962962962963 0.2203125 0.44074074074074077 0.21666666666666667 0.44537037037037036 0.215625 0.4666666666666667 0.2171875 0.4759259259259259 0.2234375 0.48333333333333334 0.22864583333333333 0.48333333333333334 0.23697916666666666 0.4666666666666667 0.24010416666666667 0.45
0 0.3072916666666667 0.3509259259259259 0.32083333333333336 0.31851851851851853 0.3296875 0.30648148148148147 0.334375 0.2833333333333333 0.3359375 0.2638888888888889 0.334375 0.25925925925925924 0.3307291666666667 0.25555555555555554 0.32135416666666666 0.25462962962962965 0.31302083333333336 0.2740740740740741 0.30885416666666665 0.29074074074074074 0.30572916666666666 0.3175925925925926 0.2911458333333333 0.3648148148148148 0.2875 0.38425925925925924 0.2869791666666667 0.4046296296296296 0.284375 0.41944444444444445 0.2864583333333333 0.42777777777777776 0.290625 0.42592592592592593 0.29375 0.41944444444444445 0.3072916666666667 0.3509259259259259
0 0.4505208333333333 0.2759259259259259 0.4359375 0.2518518518518518 0.4354166666666667 0.24444444444444444 0.4270833333333333 0.25 0.4005208333333333 0.22592592592592592 0.38697916666666665 0.22037037037037038 0.3859375 0.21666666666666667 0.371875 0.20833333333333334 0.3640625 0.20925925925925926 0.3645833333333333 0.2175925925925926 0.41354166666666664 0.26296296296296295 0.43072916666666666 0.29074074074074074 0.44427083333333334 0.29444444444444445 0.4484375 0.29259259259259257 0.4505208333333333 0.2759259259259259
0 0.334375 0.08055555555555556 0.3390625 0.027777777777777776 0.3416666666666667 0.017592592592592594 0.3421875 0.006481481481481481 0.340625 0.003703703703703704 0.33697916666666666 0.003703703703703704 0.3338541666666667 0.009259259259259259 0.31979166666666664 0.09166666666666666 0.3098958333333333 0.1259259259259259 0.3098958333333333 0.1537037037037037 0.3140625 0.16111111111111112 0.31979166666666664 0.16111111111111112 0.32760416666666664 0.14166666666666666 0.33125 0.09166666666666666 0.334375 0.08055555555555556
0 0.5260416666666666 0.1925925925925926 0.5260416666666666 0.20092592592592592 0.5286458333333334 0.20277777777777778 0.5338541666666666 0.2 0.5390625 0.18055555555555555 0.5442708333333334 0.17314814814814813 0.5541666666666667 0.13796296296296295 0.5682291666666667 0.05648148148148148 0.5682291666666667 0.03148148148148148 0.5619791666666667 0.016666666666666666 0.5526041666666667 0.017592592592592594 0.553125 0.020370370370370372 0.5479166666666667 0.026851851851851852 0.5453125 0.041666666666666664 0.5479166666666667 0.0712962962962963 0.546875 0.10185185185185185 0.5427083333333333 0.12777777777777777 0.5369791666666667 0.14537037037037037 0.534375 0.16574074074074074 0.5260416666666666 0.1925925925925926
0 0.6567708333333333 0.04351851851851852 0.6552083333333333 0.03518518518518519 0.6442708333333333 0.03333333333333333 0.6302083333333334 0.025 0.61875 0.025 0.6109375 0.020370370370370372 0.6067708333333334 0.022222222222222223 0.5833333333333334 0.004629629629629629 0.5755208333333334 0.004629629629629629 0.5692708333333333 0.010185185185185186 0.5682291666666667 0.017592592592592594 0.5697916666666667 0.027777777777777776 0.5776041666666667 0.03981481481481482 0.5838541666666667 0.044444444444444446 0.646875 0.04722222222222222 0.6567708333333333 0.04351851851851852
0 0.8302083333333333 0.17777777777777778 0.8296875 0.17314814814814813 0.821875 0.16296296296296298 0.8026041666666667 0.11944444444444445 0.775 0.07314814814814814 0.7604166666666666 0.0712962962962963 0.75625 0.07685185185185185 0.7541666666666667 0.08796296296296297 0.7640625 0.10648148148148148 0.7854166666666667 0.12685185185185185 0.8166666666666667 0.17314814814814813 0.825 0.18055555555555555 0.8302083333333333 0.17777777777777778
0 0.6214557291666666 0.46254074074074075 0.634278125 0.4799101851851852 0.6446578125 0.47556851851851856 0.6483213541666667 0.4527703703703704 0.6348885416666668 0.4234601851851852 0.6220666666666667 0.40826203703703706 0.6086338541666667 0.3887212962962963 0.5970328125000001 0.36483796296296295 0.5842104166666666 0.33769907407407407 0.5762729166666667 0.3192435185185185 0.5707776041666667 0.3062166666666667 0.566453125 0.32106851851851853 0.5787151041666667 0.3463833333333333 0.5854317708333333 0.37026666666666663 0.5939796875 0.3952351851851852 0.6055807291666666 0.4158611111111111 0.6135182291666667 0.4397435185185185 0.6214557291666666 0.46254074074074075
0 0.6446578125 0.3822074074074074 0.658090625 0.3876361111111111 0.6709130208333334 0.3930638888888889 0.6837354166666666 0.3963203703703704 0.6977786458333333 0.40066296296296294 0.6996104166666667 0.3887212962962963 0.6806822916666667 0.38112222222222225 0.6672494791666667 0.37569444444444444 0.6385520833333334 0.36483796296296295 0.6318359375 0.358325 0.619746875 0.3630685185185185 0.6086338541666667 0.36592407407407407 0.6043593749999999 0.3854648148148148 0.61535 0.3952351851851852 0.6208453125 0.3995768518518519 0.6361098958333333 0.38980648148148145 0.6446578125 0.3822074074074074
0 0.634278125 0.5797842592592592 0.6428260416666667 0.5938972222222222 0.6513744791666666 0.5906398148148148 0.6519848958333333 0.5624148148148148 0.6458791666666667 0.5396175925925927 0.6416052083333333 0.5200768518518518 0.6385520833333334 0.4972796296296296 0.6330567708333333 0.4820814814814815 0.6269510416666667 0.4701398148148148 0.6120552083333333 0.45488333333333336 0.6251192708333334 0.478825 0.6318359375 0.5005361111111111 0.6354994791666667 0.5309333333333334 0.6348885416666668 0.549387962962963 0.6348885416666668 0.5645861111111111 0.634278125 0.5797842592592592
0 0.6471005208333334 0.5591583333333333 0.6544270833333333 0.5732703703703703 0.666028125 0.5743564814814814 0.6745765625 0.5624148148148148 0.6721343750000001 0.5298472222222222 0.6672494791666667 0.5103064814814815 0.6617541666666666 0.4831675925925926 0.6574802083333334 0.45494166666666663 0.6525953125 0.43648703703703706 0.6458791666666667 0.41803240740740744 0.6361098958333333 0.40174814814814813 0.6275614583333333 0.39414907407407407 0.6285375 0.401162037037037 0.6434369791666666 0.4375722222222222 0.650153125 0.46036944444444444 0.6507640625000001 0.48968055555555556 0.6483213541666667 0.5146490740740741 0.64526875 0.5341898148148148 0.6471005208333334 0.5591583333333333
0 0.6873989583333333 0.5591583333333333 0.6819036458333334 0.5407027777777778 0.6776296875 0.5124777777777778 0.6727447916666667 0.4918518518518519 0.6654177083333334 0.47448240740740744 0.6629755208333333 0.45494166666666663 0.6525953125 0.43323055555555556 0.6556484375 0.4516851851851852 0.6623651041666666 0.47665370370370364 0.6654177083333334 0.5037935185185185 0.66908125 0.5309333333333334 0.6709130208333334 0.5439601851851852 0.6715234375 0.5678425925925926 0.6713927083333334 0.569162962962963 0.6733552083333334 0.5928111111111111 0.6794614583333334 0.6004101851851852 0.6867880208333333 0.6004101851851852 0.69289375 0.5971537037037038 0.6922833333333334 0.5797842592592592 0.6873989583333333 0.5591583333333333
0 0.680071875 0.14176574074074075 0.6831244791666666 0.1613064814814815 0.688009375 0.18410370370370369 0.6910624999999999 0.20147314814814815 0.6965572916666667 0.19930185185185187 0.6910624999999999 0.17107592592592594 0.6861776041666666 0.15045 0.6843458333333333 0.11245462962962963 0.6843458333333333 0.08640092592592592 0.6886197916666668 0.0625175925925926 0.6898411458333332 0.04297685185185185 0.6873989583333333 0.023437037037037037 0.6768869791666667 0.024137037037037037 0.6715234375 0.03537777777777778 0.6727447916666667 0.05708981481481481 0.6764083333333333 0.07771574074074075 0.6794614583333334 0.10051296296296297 0.680071875 0.12331018518518519 0.680071875 0.14176574074074075
0 0.6672494791666667 0.19387407407407406 0.6757979166666667 0.19604444444444447 0.6843458333333333 0.17650462962962962 0.6794614583333334 0.14610833333333334 0.6776296875 0.12005370370370369 0.6776296875 0.08965740740740741 0.6727447916666667 0.0636037037037037 0.6703026041666666 0.045148148148148146 0.6664479166666666 0.028044444444444445 0.6672494791666667 0.056004629629629626 0.666028125 0.07880185185185185 0.6672494791666667 0.11136944444444444 0.6629755208333333 0.14067962962962963 0.664196875 0.18518888888888888 0.6672494791666667 0.19387407407407406
0 0.7051057291666667 0.0342925925925926 0.7167067708333333 0.04080648148148148 0.7289182291666666 0.04623425925925926 0.7392984375 0.04623425925925926 0.7478463541666667 0.03972037037037037 0.7502885416666667 0.029949999999999997 0.7502885416666667 0.01800925925925926 0.7429619791666667 0.014751851851851853 0.73075 0.015837962962962963 0.7228125 0.02126574074074074 0.7136536458333332 0.02126574074074074 0.703884375 0.02126574074074074 0.6941151041666667 0.02017962962962963 0.6861776041666666 0.009324074074074075 0.6788505208333333 0.009324074074074075 0.66908125 0.010410185185185186 0.65820625 0.012416666666666666 0.6672494791666667 0.015837962962962963 0.6757979166666667 0.015837962962962963 0.6855671875 0.019094444444444445 0.6971682291666668 0.029949999999999997 0.7051057291666667 0.0342925925925926
0 0.7631109375 0.07880185185185185 0.7747119791666666 0.065775 0.7747119791666666 0.05166203703703704 0.7625005208333333 0.04189166666666667 0.7496781250000001 0.03972037037037037 0.7386874999999999 0.04080648148148148 0.7246442708333334 0.04297685185185185 0.7051057291666667 0.037549074074074075 0.6935046875 0.027778703703703705 0.6831244791666666 0.023437037037037037 0.6873989583333333 0.037549074074074075 0.7026635416666667 0.05166203703703704 0.7148749999999999 0.0614324074074074 0.7276973958333334 0.07228796296296296 0.7374666666666666 0.07663055555555555 0.7515098958333333 0.08205833333333334 0.7631109375 0.07880185185185185
0 0.477546875 0.08101203703703704 0.49142864583333334 0.07396018518518518 0.5013442708333333 0.06690833333333333 0.5108630208333333 0.0647925925925926 0.5279177083333333 0.05915185185185185 0.5421963541666667 0.051394444444444444 0.5461625 0.038701851851851855 0.5501286458333333 0.022482407407407406 0.5445760416666666 0.017546296296296296 0.5378333333333334 0.01895648148148148 0.5295041666666667 0.022482407407407406 0.5231583333333334 0.029534259259259257 0.5172088541666667 0.04222777777777778 0.5156223958333334 0.045753703703703706 0.5045171875 0.05280462962962963 0.4949984375 0.06338240740740742 0.4799265625 0.07184444444444445 0.477546875 0.08101203703703704
0 0.5124494791666667 0.04504814814814815 0.5207786458333333 0.03658611111111111 0.5247447916666667 0.02600833333333333 0.5275213541666667 0.01895648148148148 0.5283145833333334 0.0112 0.5235552083333334 0.0034425925925925926 0.5112598958333333 0.004852777777777777 0.5053104166666667 0.012610185185185184 0.4989645833333333 0.02600833333333333 0.49142864583333334 0.0379962962962963 0.477546875 0.05351018518518518 0.47080416666666663 0.06761388888888889 0.45811250000000003 0.09017962962962964 0.45017968750000004 0.10569351851851852 0.45039947916666667 0.10831296296296296 0.4668380208333333 0.09723148148148149 0.47556354166666664 0.0866537037037037 0.4795296875 0.07537037037037038 0.49142864583333334 0.06267777777777778 0.5037239583333333 0.051394444444444444 0.5124494791666667 0.04504814814814815
0 0.45493958333333334 0.0521 0.472390625 0.0521 0.48587604166666665 0.04716388888888889 0.49698125 0.03376574074074074 0.49856770833333336 0.022482407407407406 0.49539479166666667 0.012610185185185184 0.48825572916666665 0.0076740740740740745 0.47437395833333335 0.01684074074074074 0.46882135416666665 0.025302777777777778 0.46406145833333334 0.033060185185185186 0.45374947916666664 0.03729074074074074 0.43788437500000005 0.041522222222222224 0.423209375 0.045753703703703706 0.4113109375 0.04786851851851852 0.40436041666666667 0.059458333333333335 0.4017916666666667 0.06197222222222223 0.4025854166666667 0.06902407407407408 0.4192432291666667 0.06408796296296297 0.4351083333333333 0.05915185185185185 0.45493958333333334 0.0521
0 0.2361125 0.20978148148148149 0.2428734375 0.18507129629629632 0.24888333333333332 0.15435185185185185 0.25376614583333335 0.13164537037037036 0.260903125 0.10960740740740742 0.26653697916666663 0.09424722222222223 0.26278125 0.08423055555555554 0.2575223958333333 0.08623333333333334 0.25564427083333335 0.11161111111111112 0.24700520833333334 0.1303101851851852 0.23723906250000001 0.15368425925925927 0.23160520833333334 0.17171481481481482 0.22559531249999998 0.1884111111111111 0.2162046875 0.2010990740740741 0.2083171875 0.21913055555555555 0.20719010416666667 0.23582592592592594 0.21282447916666666 0.2411685185185185 0.22033645833333332 0.23649444444444442 0.2312296875 0.22714444444444445 0.2361125 0.20978148148148149
0 0.2237171875 0.30127314814814815 0.23498541666666667 0.28390925925925925 0.237990625 0.263875 0.24024427083333333 0.23649444444444442 0.24437604166666665 0.21178425925925926 0.2526395833333333 0.19175 0.2586494791666667 0.17906111111111112 0.2575223958333333 0.16370092592592592 0.26278125 0.14900925925925926 0.26278125 0.14032777777777777 0.2575223958333333 0.1376564814814815 0.25188802083333334 0.14366666666666666 0.24738072916666667 0.16370092592592592 0.2409953125 0.1924175925925926 0.23385885416666669 0.21846296296296297 0.22915677083333333 0.23176296296296298 0.22108802083333332 0.24918240740740744 0.2162046875 0.2632074074074074 0.21244895833333333 0.2792351851851852 0.21395104166666667 0.2925916666666667 0.21920989583333333 0.29993703703703706 0.2237171875 0.30127314814814815
