0 0.33125 0.524074074074074 0.33125 0.5564814814814815 0.3348526041666667 0.5731962962962963 0.3283421875 0.6295611111111111 0.3387588541666667 0.5878666666666666 0.346875 0.5861111111111111 0.3515625 0.5833333333333334 0.3739151041666667 0.575512962962963 0.3548177083333333 0.575512962962963 0.3572916666666667 0.5351851851851852 0.3572916666666667 0.525 0.3536458333333333 0.5175925925925926 0.3541666666666667 0.487962962962963 0.35989583333333336 0.46296296296296297 0.37604166666666666 0.41944444444444445 0.3770833333333333 0.40555555555555556 0.3848958333333333 0.3814814814814815 0.38385416666666666 0.3712962962962963 0.3807291666666667 0.36944444444444446 0.3770833333333333 0.37222222222222223 0.3572916666666667 0.41388888888888886 0.34375 0.46296296296296297 0.3359375 0.5120370370370371
0 0.61875 0.20462962962962963 0.6177083333333333 0.23148148148148148 0.6213541666666667 0.26944444444444443 0.6203125 0.3333333333333333 0.6177083333333333 0.36666666666666664 0.6197916666666666 0.3902777777777778 0.6182291666666667 0.4074074074074074 0.6192708333333333 0.4148148148148148 0.6234375 0.4185185185185185 0.6291666666666667 0.41203703703703703 0.63125 0.38981481481481484 0.6369791666666667 0.3611111111111111 0.6385416666666667 0.3296296296296296 0.6375 0.29074074074074074 0.6421875 0.20092592592592592 0.6375 0.18518518518518517 0.6270833333333333 0.18055555555555555 0.6072046875 0.15312037037037038 0.6239875 0.18555
0 0.6994791666666667 0.26666666666666666 0.66695625 0.2750722222222222 0.7005208333333334 0.2735277777777778 0.7020833333333333 0.29074074074074074 0.709375 0.3175925925925926 0.7307291666666667 0.36203703703703705 0.7427083333333333 0.4111111111111111 0.7510416666666667 0.43333333333333335 0.7760416666666666 0.46574074074074073 0.7817708333333333 0.4703703703703704 0.7875 0.4685185185185185 0.7875 0.4546296296296296 0.7755208333333333 0.43703703703703706 0.7463541666666667 0.34814814814814815 0.7359375 0.30648148148148147 0.734375 0.28888888888888886 0.7152776041666667 0.25242314814814815 0.7129630208333333 0.2318324074074074 0.7103588541666667 0.2539675925925926
0 0.6776041666666667 0.14907407407407408 0.6786458333333333 0.16574074074074074 0.6927083333333334 0.18796296296296297 0.696875 0.20462962962962963 0.7203125 0.23981481481481481 0.753125 0.26666666666666666 0.7869791666666667 0.3101851851851852 0.8088541666666667 0.32222222222222224 0.81741875 0.3262425925925926 0.8156828125000001 0.3926453703703704 0.8239583333333333 0.31574074074074077 0.850115625 0.2603537037037037 0.8263890625 0.29690092592592593 0.8072916666666666 0.262037037037037 0.7984375 0.2537037037037037 0.7864583333333334 0.2518518518518518 0.7661458333333333 0.23796296296296296 0.7317708333333334 0.20092592592592592 0.7109375 0.17314814814814813 0.7005208333333334 0.1648148148148148 0.6869791666666667 0.1425925925925926 0.68125 0.14166666666666666
0 0.60625 0.11851851851851852 0.6067708333333334 0.12962962962962962 0.6130208333333333 0.13148148148148148 0.6229166666666667 0.125 0.6375 0.12685185185185185 0.6729166666666667 0.11296296296296296 0.7119791666666667 0.11296296296296296 0.728125 0.10277777777777777 0.7327833333333333 0.09907222222222223 0.7518807291666667 0.12892777777777778 0.7338541666666667 0.0824074074074074 0.7400171875 0.04656759259259259 0.7301791666666666 0.07076018518518519 0.7208333333333333 0.06851851851851852 0.7052083333333333 0.0712962962962963 0.684375 0.08333333333333333 0.6348958333333333 0.09537037037037037 0.6119791666666666 0.1111111111111111
0 0.5473958333333333 0.8212962962962963 0.5479598958333334 0.8429194444444444 0.5288630208333334 0.8568175925925926 0.5536026041666666 0.8514129629629629 0.5705296875 0.8776648148148148 0.5618489583333334 0.8529564814814815 0.5703125 0.8175925925925925 0.5682291666666667 0.8074074074074075 0.56875 0.774074074074074 0.5729166666666666 0.7268518518518519 0.5755208333333334 0.7157407407407408 0.5739583333333333 0.6953703703703704 0.5760416666666667 0.6722222222222223 0.5734375 0.6694444444444444 0.5697916666666667 0.6731481481481482 0.5651041666666666 0.6953703703703704 0.5604166666666667 0.7046296296296296 0.5557291666666667 0.7435185185185185 0.5546875 0.7842592592592592
0 0.71875 0.6601851851851852 0.7182291666666667 0.6768518518518518 0.7276041666666667 0.7203703703703703 0.7364583333333333 0.7462962962962963 0.7416666666666667 0.7777777777777778 0.7416666666666667 0.7944444444444444 0.7390625 0.8101851851851852 0.7401041666666667 0.8175925925925925 0.7338541666666667 0.8407407407407408 0.7328125 0.8731481481481481 0.734375 0.8972222222222223 0.7380208333333333 0.9083333333333333 0.7635416666666667 0.9120370370370371 0.7557291666666667 0.9018518518518519 0.7604166666666666 0.8740740740740741 0.7609375 0.8472222222222222 0.7583333333333333 0.8361111111111111 0.7567708333333333 0.7898148148148149 0.7520833333333333 0.7435185185185185 0.74375 0.7092592592592593 0.734375 0.687962962962963 0.728125 0.662962962962963 0.7244791666666667 0.6574074074074074
0 0.45 0.8083333333333333 0.446875 0.8574074074074074 0.44947916666666665 0.8722222222222222 0.451171875 0.9062333333333333 0.45464427083333336 0.9093222222222223 0.4625 0.8611111111111112 0.47291666666666665 0.7824074074074074 0.48125 0.7490740740740741 0.4901041666666667 0.725 0.49166666666666664 0.7101851851851851 0.490625 0.6805555555555556 0.5184463541666667 0.642937962962963 0.48541666666666666 0.6685185185185185 0.4765625 0.662962962962963 0.4703125 0.6462962962962963 0.47417552083333336 0.6761398148148148 0.46245677083333336 0.7487194444444444 0.45364583333333336 0.7898148148148149
0 0.35833333333333334 0.7435185185185185 0.3578125 0.7481481481481481 0.3729166666666667 0.7842592592592592 0.4171875 0.8731481481481481 0.4354166666666667 0.8935185185185185 0.4432291666666667 0.8935185185185185 0.4484375 0.8888888888888888 0.4510416666666667 0.8796296296296297 0.4421875 0.8611111111111112 0.44375 0.8574074074074074 0.4427083333333333 0.8537037037037037 0.4354166666666667 0.8453703703703703 0.434375 0.8379629629629629 0.4270833333333333 0.8324074074074074 0.41041666666666665 0.8083333333333333 0.3921875 0.7712962962962963 0.3796875 0.7518518518518519 0.3651041666666667 0.7416666666666667
0 0.24895833333333334 0.7342592592592593 0.2484375 0.7537037037037037 0.25052083333333336 0.7657407407407407 0.27760416666666665 0.7712962962962963 0.29375 0.7611111111111111 0.359375 0.7398148148148148 0.3703125 0.7333333333333333 0.3729166666666667 0.7268518518518519 0.3671875 0.7185185185185186 0.33645833333333336 0.7138888888888889 0.31145833333333334 0.7222222222222222 0.30104166666666665 0.7212962962962963 0.2911458333333333 0.7287037037037037 0.278125 0.7240740740740741
0 0.38229166666666664 0.3037037037037037 0.3478734375 0.29291388888888886 0.38519947916666664 0.31376203703703703 0.3875 0.3296296296296296 0.3963541666666667 0.3490740740740741 0.4421875 0.4111111111111111 0.4666666666666667 0.45092592592592595 0.4666666666666667 0.45555555555555555 0.4869791666666667 0.4777777777777778 0.49895833333333334 0.4824074074074074 0.5109375 0.49444444444444446 0.5192708333333333 0.4935185185185185 0.5208333333333334 0.4861111111111111 0.5171875 0.475 0.5057291666666667 0.4601851851851852 0.49114583333333334 0.43148148148148147 0.46979166666666666 0.4111111111111111 0.4661458333333333 0.40370370370370373 0.4661458333333333 0.38981481481481484 0.45677083333333335 0.38333333333333336 0.44166666666666665 0.3611111111111111 0.43072916666666666 0.3333333333333333 0.43020833333333336 0.3212962962962963 0.41510416666666666 0.30092592592592593 0.3995223958333333 0.28750925925925924 0.3938802083333333 0.23963703703703704 0.3885416666666667 0.29074074074074074
0 0.4510416666666667 0.3685185185185185 0.4505208333333333 0.3768518518518518 0.453125 0.3888888888888889 0.4588541666666667 0.39537037037037037 0.465625 0.39351851851851855 0.4734375 0.37962962962962965 0.4864583333333333 0.32685185185185184 0.4947916666666667 0.31203703703703706 0.49635416666666665 0.29907407407407405 0.5125 0.2611111111111111 0.515625 0.24351851851851852 0.5130208333333334 0.22962962962962963 0.5088541666666667 0.23148148148148148 0.5083333333333333 0.24074074074074073 0.5010416666666667 0.24351851851851852 0.4973958333333333 0.25 0.478125 0.29444444444444445 0.4713541666666667 0.32222222222222224 0.4578125 0.3453703703703704
0 0.48046875 0.2101148148148148 0.453125 0.17150833333333335 0.48003489583333336 0.22324074074074074 0.4817708333333333 0.2371388888888889 0.4739583333333333 0.2780620370370371 0.48394114583333336 0.2479490740740741 0.496875 0.24537037037037038 0.5067708333333333 0.23981481481481481 0.5078125 0.2324074074074074 0.5125 0.22962962962962963 0.5135416666666667 0.23333333333333334 0.5177083333333333 0.23333333333333334 0.5208333333333334 0.23796296296296296 0.5286458333333334 0.2324074074074074 0.6098958333333333 0.20277777777777778 0.615625 0.1925925925925926 0.6088541666666667 0.18518518518518517 0.578125 0.18518518518518517 0.5359375 0.20277777777777778 0.4979166666666667 0.20462962962962963 0.48541666666666666 0.21296296296296297
0 0.4895833333333333 0.31851851851851853 0.48854166666666665 0.325 0.4942708333333333 0.337037037037037 0.5026041666666666 0.3490740740740741 0.5307291666666667 0.37777777777777777 0.5458333333333333 0.4046296296296296 0.5554109374999999 0.41223703703703707 0.5588833333333334 0.44260740740740745 0.560040625 0.41172222222222227 0.5635416666666667 0.4027777777777778 0.5905671874999999 0.40529074074074073 0.5662614583333333 0.3980842592592592 0.5609375 0.38333333333333336 0.5520833333333334 0.3685185185185185 0.5270833333333333 0.34814814814814815 0.4979166666666667 0.31203703703703706 0.49375 0.3111111111111111
0 0.2664932291666667 0.7150203703703704 0.25896979166666667 0.6979222222222222 0.25549791666666666 0.6763027777777778 0.2537614583333333 0.6526240740740741 0.25028958333333334 0.6093851851851851 0.24623854166666667 0.5723231481481482 0.24103020833333336 0.552762962962963 0.2300348958333333 0.5157 0.22887708333333334 0.4858444444444444 0.22945625 0.46319537037037034 0.24739583333333334 0.46628425925925926 0.2560765625 0.49819907407407404 0.2578125 0.5599694444444445 0.2630208333333333 0.5960018518518518 0.26765052083333335 0.6474768518518518 0.2688078125 0.707187962962963
0 0.24479166666666666 0.4588481481481481 0.24334479166666664 0.4333398148148148 0.23697916666666666 0.41789814814814813 0.23582187500000001 0.38598333333333334 0.23799166666666668 0.3712777777777778 0.22120937499999999 0.3527472222222222 0.2543401041666667 0.36848148148148147 0.2796583333333333 0.3439962962962963 0.26142916666666666 0.3759111111111111 0.26765052083333335 0.39421944444444446 0.264178125 0.4333398148148148 0.2688078125 0.47349074074074077 0.26765052083333335 0.5064351851851853 0.2664932291666667 0.5424675925925926 0.26359947916666665 0.5671759259259259 0.25839114583333334 0.541437962962963 0.25839114583333334 0.5033462962962963 0.2531828125 0.47863796296296296
0 0.2404515625 0.36625555555555556 0.23697916666666666 0.3427444444444444 0.23408541666666668 0.3098 0.240234375 0.2586675925925926 0.2468171875 0.2109675925925926 0.2624421875 0.16052222222222223 0.2706161458333333 0.14764166666666667 0.2662760416666667 0.11830092592592592 0.2419703125 0.11289444444444445 0.2693140625 0.11135185185185185 0.2784286458333333 0.15057037037037038 0.2845052083333333 0.15057037037037038 0.3166234375 0.10655925925925926 0.27633125000000003 0.19140740740740741 0.2688078125 0.21817407407407405 0.25665520833333333 0.2645018518518518 0.25665520833333333 0.31597685185185187 0.2526041666666667 0.34789166666666665
