0 0.6859375 0.3527777777777778 0.6859375 0.3675925925925926 0.6890625 0.37777777777777777 0.6958333333333333 0.3824074074074074 0.7057291666666666 0.3814814814814815 0.7192708333333333 0.37407407407407406 0.7276041666666667 0.362962962962963 0.7442708333333333 0.35185185185185186 0.765625 0.3453703703703704 0.8140625 0.34074074074074073 0.8177083333333334 0.3388888888888889 0.8203125 0.3314814814814815 0.8161458333333333 0.32314814814814813 0.7911458333333333 0.3138888888888889 0.7630208333333334 0.3148148148148148 0.7255208333333333 0.3296296296296296 0.7161458333333334 0.325 0.6927083333333334 0.3425925925925926
0 0.6328125 0.19444444444444445 0.6322916666666667 0.20277777777777778 0.6390625 0.20833333333333334 0.6765625 0.20555555555555555 0.709375 0.19444444444444445 0.7442708333333333 0.17407407407407408 0.753125 0.18888888888888888 0.7890625 0.1425925925925926 0.7833333333333333 0.10925925925925926 0.7848958333333333 0.09814814814814815 0.7833333333333333 0.08333333333333333 0.778125 0.08703703703703704 0.7776041666666667 0.10833333333333334 0.7473958333333334 0.12407407407407407 0.7395833333333334 0.12407407407407407 0.7385416666666667 0.1398148148148148 0.7104166666666667 0.1685185185185185 0.6973958333333333 0.17592592592592593 0.6697916666666667 0.18055555555555555 0.6536458333333334 0.18981481481481483
0 0.7755208333333333 0.075 0.775 0.08148148148148149 0.7796875 0.1 0.7791666666666667 0.10833333333333334 0.7828125 0.11018518518518519 0.7833333333333333 0.10231481481481482 0.7901041666666667 0.1 0.7958333333333333 0.1111111111111111 0.7916666666666666 0.14351851851851852 0.7942708333333334 0.1574074074074074 0.79375 0.1685185185185185 0.8010416666666667 0.17777777777777778 0.8109375 0.21481481481481482 0.8161458333333333 0.25462962962962965 0.8182291666666667 0.2953703703703704 0.8213541666666667 0.31203703703703706 0.8255208333333334 0.32037037037037036 0.8286458333333333 0.34629629629629627 0.8317708333333333 0.3537037037037037 0.8375 0.35555555555555557 0.840625 0.34814814814814815 0.8390625 0.2824074074074074 0.8260416666666667 0.19074074074074074 0.8239583333333333 0.1388888888888889 0.8197916666666667 0.11296296296296296 0.8302083333333333 0.09907407407407408 0.8010416666666667 0.09907407407407408 0.7864583333333334 0.0824074074074074
0 0.6645833333333333 0.3212962962962963 0.6640625 0.34629629629629627 0.6671875 0.37777777777777777 0.6770833333333334 0.4083333333333333 0.6973958333333333 0.4388888888888889 0.7125 0.4444444444444444 0.7192708333333333 0.4351851851851852 0.7192708333333333 0.42314814814814816 0.715625 0.41574074074074074 0.7005208333333334 0.3972222222222222 0.6932291666666667 0.3962962962962963 0.6901041666666666 0.39166666666666666 0.6895833333333333 0.38055555555555554 0.6848958333333334 0.36574074074074076 0.6848958333333334 0.3527777777777778 0.6791666666666667 0.33240740740740743 0.6755208333333333 0.3037037037037037 0.6760416666666667 0.28888888888888886 0.6739583333333333 0.2824074074074074 0.6697916666666667 0.28703703703703703
0 0.6692708333333334 0.5666666666666667 0.6697916666666667 0.5842592592592593 0.6776041666666667 0.5907407407407408 0.6890625 0.5722222222222222 0.6973958333333333 0.5342592592592592 0.7203125 0.4759259259259259 0.725 0.4388888888888889 0.725 0.42314814814814816 0.7203125 0.42407407407407405 0.7166666666666667 0.43148148148148147 0.7166666666666667 0.43703703703703706 0.7130208333333333 0.44351851851851853 0.6963541666666667 0.5018518518518519 0.675 0.5453703703703704
0 0.4607088541666667 0.08243425925925926 0.4604 0.10083055555555556 0.46269479166666666 0.12368703703703703 0.464071875 0.1473583333333333 0.46958072916666665 0.16368425925925925 0.4704984375 0.20449814814814815 0.4686625 0.2298027777777778 0.47279375 0.27469814814814814 0.47738437499999997 0.28612592592592595 0.4796796875 0.3089824074074074 0.489778125 0.3204101851851852 0.4920734375 0.3016361111111111 0.485646875 0.2812287037037037 0.49115520833333337 0.25837314814814816 0.48610624999999996 0.2298027777777778 0.4847286458333333 0.17674444444444443 0.4847286458333333 0.13511481481481483 0.4952869791666667 0.13266574074074075 0.49253281250000003 0.11960555555555556 0.4824338541666667 0.08042407407407408 0.49574583333333333 0.06246574074074074 0.50263125 0.06001666666666666 0.4865651041666667 0.06491481481481481 0.47646614583333335 0.07389351851851853 0.4659083333333333 0.07144444444444444 0.46177708333333334 0.0763425925925926 0.43056197916666666 0.09348425925925925
0 0.38958333333333334 0.8231481481481482 0.38958333333333334 0.8481481481481481 0.3958333333333333 0.8555555555555555 0.40520833333333334 0.8518518518518519 0.42239583333333336 0.8296296296296296 0.42291666666666666 0.8203703703703704 0.43072916666666666 0.8 0.4510416666666667 0.7601851851851852 0.4666666666666667 0.7361111111111112 0.47239583333333335 0.7175925925925926 0.48020833333333335 0.7074074074074074 0.48072916666666665 0.6953703703703704 0.4734375 0.6925925925925925 0.4515625 0.7166666666666667 0.4354166666666667 0.7435185185185185 0.4270833333333333 0.7638888888888888 0.40260416666666665 0.7972222222222223 0.3953125 0.8157407407407408
0 0.5916666666666667 0.8351851851851851 0.5901041666666667 0.8379629629629629 0.5947916666666667 0.8574074074074074 0.6104166666666667 0.8833333333333333 0.6109375 0.925 0.6088541666666667 0.9388888888888889 0.6109375 0.9481481481481482 0.6238265625 0.959388888888889 0.615434375 0.9427435185185186 0.6167255208333333 0.9283944444444445 0.6202760416666667 0.9215064814814815 0.6260859375 0.9272462962962963 0.6502942708333334 0.9266722222222222 0.6654651041666667 0.931837962962963 0.6661104166666667 0.9203583333333333 0.6841859375 0.9100268518518518 0.7213541666666666 0.9018518518518519 0.7447916666666666 0.8962962962962963 0.7567708333333333 0.887962962962963 0.7640625 0.8768518518518519 0.7776041666666667 0.8685185185185185 0.7817708333333333 0.8601851851851852 0.7802083333333333 0.8527777777777777 0.7703125 0.85 0.759375 0.8564814814814815 0.7479166666666667 0.8546296296296296 0.7286458333333333 0.8629629629629629 0.6911458333333333 0.8703703703703703 0.6739583333333333 0.8703703703703703 0.6572916666666667 0.8629629629629629 0.63125 0.8712962962962963 0.6192708333333333 0.8805555555555555 0.6145833333333334 0.8805555555555555 0.6005208333333333 0.8592592592592593
0 0.22708333333333333 0.20277777777777778 0.22760416666666666 0.21296296296296297 0.23177083333333334 0.22314814814814815 0.2526041666666667 0.2462962962962963 0.2630208333333333 0.27870370370370373 0.26875 0.28703703703703703 0.26979166666666665 0.2833333333333333 0.26145833333333335 0.25555555555555554 0.2630208333333333 0.2361111111111111 0.2828125 0.1935185185185185 0.28541666666666665 0.175 0.30052083333333335 0.14166666666666666 0.3015625 0.125 0.3177083333333333 0.1037037037037037 0.3229166666666667 0.10648148148148148 0.3333333333333333 0.0712962962962963 0.33958333333333335 0.062037037037037036 0.3416666666666667 0.05185185185185185 0.3333333333333333 0.05092592592592592 0.321875 0.06111111111111111 0.31354166666666666 0.06388888888888888 0.303125 0.07685185185185185 0.28125 0.11944444444444445 0.2682291666666667 0.1527777777777778 0.25104166666666666 0.1824074074074074 0.24270833333333333 0.21481481481481482 0.23697916666666666 0.21851851851851853 0.228125 0.20092592592592592
0 0.30416666666666664 0.11851851851851852 0.3015625 0.1259259259259259 0.3026041666666667 0.1398148148148148 0.30625 0.14537037037037037 0.31666666666666665 0.14537037037037037 0.3302083333333333 0.13703703703703704 0.33697916666666666 0.1259259259259259 0.3458333333333333 0.12037037037037036 0.3651041666666667 0.11944444444444445 0.390625 0.12407407407407407 0.39947916666666666 0.11944444444444445 0.4119791666666667 0.12037037037037036 0.41458333333333336 0.1111111111111111 0.4119791666666667 0.10648148148148148 0.396875 0.10185185185185185 0.3890625 0.09537037037037037 0.36666666666666664 0.09444444444444444 0.31614583333333335 0.10277777777777777
0 0.2733067708333333 0.5457592592592592 0.2787697916666667 0.5790657407407407 0.282671875 0.5804527777777778 0.2939880208333333 0.5700444444444445 0.3076453125 0.5707388888888889 0.32754583333333337 0.5804527777777778 0.3451052083333333 0.5755962962962963 0.36500625000000003 0.5617185185185185 0.37905364583333334 0.5561675925925925 0.3864677083333333 0.5721268518518519 0.3806145833333333 0.5873916666666668 0.364615625 0.5978 0.34432500000000005 0.6026574074074074 0.3216927083333333 0.6082083333333334 0.30881614583333333 0.6165351851851851 0.31701041666666663 0.6262490740740742 0.30413333333333337 0.6179231481481481 0.2896958333333333 0.6193101851851852 0.2811109375 0.6158407407407407 0.27408750000000004 0.6311064814814815 0.270965625 0.6519231481481481 0.2662833333333333 0.6623314814814815 0.2666734375 0.6429027777777778 0.27369739583333336 0.6186166666666667 0.27681875 0.6047388888888889 0.27759947916666666 0.5866981481481481 0.2717463541666667 0.5686574074074073 0.26823437499999997 0.5492287037037037 0.27135572916666667 0.5436777777777778
0 0.30238020833333334 0.38906203703703707 0.3174005208333333 0.38650092592592594 0.32793645833333335 0.39413333333333334 0.33886197916666666 0.38580740740740743 0.34549583333333334 0.3955212962962963 0.3533 0.42188888888888887 0.352909375 0.4656037037037037 0.34861718750000004 0.4961342592592593 0.3423739583333333 0.5315222222222222 0.3314479166666667 0.5662166666666667 0.32754583333333337 0.580787962962963 0.3107671875 0.5703796296296296 0.3232536458333334 0.5349916666666668 0.33183854166666665 0.5079305555555556 0.3341796875 0.4898898148148148 0.3310578125 0.45727685185185185 0.3232536458333334 0.4579712962962963 0.326765625 0.44339907407407403 0.32481458333333335 0.4128685185185185 0.32793645833333335 0.4003787037037037 0.3185713541666667 0.39690925925925924 0.2994510416666667 0.3955212962962963
0 0.35418125 0.4567425925925926 0.3599333333333333 0.45519537037037033 0.36617656249999997 0.4676851851851852 0.37476145833333335 0.4815629629629629 0.3841265625 0.5030731481481481 0.3868578125 0.5197259259259259 0.39388177083333337 0.541237037037037 0.40285625 0.5703796296296296 0.41066041666666664 0.5953592592592594 0.41651354166666665 0.6196453703703704 0.4188546875 0.6373518518518518 0.4192453125 0.6567805555555556 0.41573333333333334 0.658862037037037 0.40675833333333333 0.6380453703703705 0.4040270833333333 0.6227796296296296 0.39193072916666666 0.5978 0.38256562499999996 0.5638 0.37593177083333335 0.5367388888888889 0.36539635416666666 0.5186972222222223 0.3548604166666667 0.5027379629629629 0.3505682291666667 0.4853916666666666 0.352909375 0.46179907407407406
0 0.34549583333333334 0.38580740740740743 0.3536901041666667 0.37748055555555554 0.35837239583333336 0.35458240740740743 0.36734739583333337 0.33515370370370373 0.3806145833333333 0.3254388888888889 0.36617656249999997 0.3490314814814815 0.36227447916666666 0.37470462962962964 0.36617656249999997 0.38719444444444445 0.3739807291666667 0.4038481481481482 0.37983385416666665 0.4454805555555556 0.3903697916666667 0.48850185185185185 0.39856406250000004 0.5211138888888889 0.4102703125 0.5627472222222223 0.4188546875 0.6043796296296297 0.41183125 0.5967472222222222 0.39895416666666667 0.5599712962962963 0.38841875 0.5238898148148149 0.3806145833333333 0.49891018518518515 0.3696885416666667 0.4774 0.3607135416666667 0.45380740740740744 0.3540802083333333 0.43784814814814815 0.35095833333333337 0.4156444444444445 0.3462760416666667 0.39413333333333334
0 0.41284739583333335 0.6032000000000001 0.4192453125 0.6297185185185186 0.4211963541666667 0.6526166666666667 0.42900052083333334 0.6651064814814815 0.4250984375 0.7102092592592593 0.4364140625 0.6699638888888889 0.44343802083333334 0.6609435185185185 0.46450937499999995 0.66025 0.47231354166666667 0.6442898148148147 0.45358333333333334 0.6546981481481481 0.44655989583333333 0.6435962962962962 0.4418770833333333 0.6213925925925926 0.4235375 0.5846166666666667 0.40949010416666665 0.5485342592592592 0.39934427083333335 0.5103712962962963 0.4130015625 0.5811472222222223
0 0.36791145833333333 0.3829592592592593 0.37632187500000003 0.3920518518518519 0.3876380208333333 0.38719444444444445 0.38724791666666664 0.3691537037037037 0.3946619791666667 0.35111296296296296 0.40558802083333334 0.34556203703703703 0.3958328125 0.36290925925925926 0.3927109375 0.3830314814814815 0.39388177083333337 0.39690925925925924 0.40363697916666663 0.41495000000000004 0.40519739583333336 0.45241944444444443 0.41183125 0.515562962962963 0.4149526041666666 0.5481759259259259 0.41690364583333334 0.5710740740740741 0.4040270833333333 0.5266648148148149 0.39349114583333333 0.48850185185185185 0.38334583333333333 0.45311388888888887 0.3771026041666667 0.4211953703703704
0 0.41784010416666667 0.32470925925925925 0.4133921875 0.33168425925925926 0.4110505208333333 0.35250092592592597 0.40324635416666665 0.37470462962962964 0.4009052083333334 0.4052361111111111 0.40949010416666665 0.4683787037037037 0.41612343749999997 0.5259712962962962 0.41690364583333334 0.5558083333333333 0.42158645833333336 0.5849509259259259 0.43407291666666664 0.6140944444444444 0.44382812499999996 0.6224212962962963 0.4481203125 0.6134009259259259 0.4578755208333333 0.6016046296296296 0.4777765625 0.5981351851851852 0.4816786458333333 0.5821759259259259 0.46607031250000003 0.5946657407407407 0.4598265625 0.5946657407407407 0.45943645833333335 0.5717675925925926 0.452803125 0.5447064814814815 0.4539734375 0.5148694444444444 0.44382812499999996 0.5218083333333333 0.42939062499999997 0.4878074074074074 0.42275677083333335 0.44617500000000004 0.42587864583333335 0.410787037037037 0.42860989583333337 0.383725 0.42626875000000003 0.36290925925925926 0.42900052083333334 0.34070462962962966 0.4274395833333333 0.3247453703703704 0.42275677083333335 0.31919444444444445
