0 0.8192708333333333 0.5064814814814815 0.8364583333333333 0.5092592592592593 0.8463541666666666 0.5018518518518519 0.8442708333333333 0.42777777777777776 0.85 0.375 0.85 0.34444444444444444 0.846875 0.3314814814814815 0.8453125 0.30277777777777776 0.8411458333333334 0.30092592592592593 0.8369791666666667 0.3111111111111111 0.8302083333333333 0.3648148148148148 0.8286458333333333 0.41203703703703703 0.8154135416666667 0.45844999999999997 0.8154135416666667 0.5029601851851851 0.8005208333333333 0.5157407407407407 0.8192708333333333 0.5064814814814815
0 0.6838541666666667 0.1111111111111111 0.70625 0.11388888888888889 0.7260416666666667 0.1037037037037037 0.73125 0.09537037037037037 0.7421875 0.10833333333333334 0.74375 0.11851851851851852 0.7447916666666666 0.11018518518518519 0.7348958333333333 0.09166666666666666 0.7338541666666667 0.07592592592592592 0.7369791666666666 0.053703703703703705 0.74375 0.053703703703703705 0.74375 0.04814814814814815 0.7401041666666667 0.04351851851851852 0.7354166666666667 0.044444444444444446 0.726559375 0.06362314814814814 0.7004671874999999 0.06048888888888889 0.6965885416666667 0.07177314814814816 0.6729166666666667 0.08333333333333333 0.6375 0.09166666666666666 0.6109375 0.11018518518518519 0.6057291666666667 0.11851851851851852 0.6052083333333333 0.125 0.609375 0.13148148148148148 0.6208333333333333 0.1259259259259259 0.6421875 0.1259259259259259 0.6484375 0.12129629629629629 0.6838541666666667 0.1111111111111111
0 0.37604166666666666 0.33240740740740743 0.38125 0.33055555555555555 0.38385416666666666 0.325 0.3890625 0.32407407407407407 0.3927083333333333 0.33055555555555555 0.415625 0.3435185185185185 0.41822916666666665 0.3398148148148148 0.4265625 0.3388888888888889 0.4390625 0.3416666666666667 0.48125 0.37407407407407406 0.4947916666666667 0.37777777777777777 0.5057291666666667 0.387037037037037 0.5114583333333333 0.38796296296296295 0.5140625 0.38425925925925924 0.509375 0.3712962962962963 0.4859375 0.34074074074074073 0.4703125 0.3287037037037037 0.4296875 0.30648148148148147 0.42552083333333335 0.30185185185185187 0.4239583333333333 0.2935185185185185 0.3919270833333333 0.287962962962963 0.36770833333333336 0.262037037037037 0.38333333333333336 0.2935185185185185 0.3848958333333333 0.3074074074074074 0.3802083333333333 0.3194444444444444 0.37083333333333335 0.3296296296296296 0.3645833333333333 0.3453703703703704 0.37604166666666666 0.33240740740740743
0 0.6848958333333334 0.8037037037037037 0.6833333333333333 0.7861111111111111 0.6739583333333333 0.7768518518518519 0.6692708333333334 0.7833333333333333 0.6619791666666667 0.8092592592592592 0.6609375 0.8314814814814815 0.65625 0.8490740740740741 0.6395833333333333 0.8796296296296297 0.63125 0.8888888888888888 0.6265625 0.9138888888888889 0.6234375 0.9157407407407407 0.6223958333333334 0.9305555555555556 0.6302083333333334 0.9314814814814815 0.6541666666666667 0.8870370370370371 0.6692708333333334 0.8435185185185186 0.6822916666666666 0.8194444444444444 0.6848958333333334 0.8037037037037037
0 0.671875 0.6194444444444445 0.7390625 0.5990740740740741 0.7510416666666667 0.5907407407407408 0.7708333333333334 0.587037037037037 0.7760416666666666 0.575 0.775 0.5685185185185185 0.76875 0.562037037037037 0.7354166666666667 0.5601851851851852 0.665625 0.5805555555555556 0.6432291666666666 0.5768518518518518 0.6317708333333333 0.5796296296296296 0.6177083333333333 0.5861111111111111 0.6074552083333333 0.6024814814814814 0.6063942708333333 0.6087703703703704 0.6067479166666666 0.617575 0.6145833333333334 0.6268518518518519 0.6192708333333333 0.6361111111111111 0.6359375 0.6388888888888888 0.671875 0.6194444444444445
0 0.5484375 0.38796296296296295 0.5390625 0.4305555555555556 0.5348958333333333 0.46111111111111114 0.5067708333333333 0.4861111111111111 0.5078125 0.4888888888888889 0.5359375 0.4740740740740741 0.553125 0.4824074074074074 0.5630208333333333 0.4703703703703704 0.5755208333333334 0.4388888888888889 0.5864583333333333 0.38981481481481484 0.5963541666666666 0.36203703703703705 0.5994791666666667 0.3333333333333333 0.6109375 0.29444444444444445 0.6151041666666667 0.2675925925925926 0.6166666666666667 0.2518518518518518 0.615625 0.22870370370370371 0.61875 0.21574074074074073 0.6192708333333333 0.19814814814814816 0.6151041666666667 0.18981481481481483 0.6067708333333334 0.2037037037037037 0.6010416666666667 0.22685185185185186 0.5932291666666667 0.24444444444444444 0.5848958333333333 0.30092592592592593 0.5713541666666667 0.34814814814814815 0.5598958333333334 0.3768518518518518 0.5484375 0.38796296296296295
0 0.7666666666666667 0.8833333333333333 0.7697916666666667 0.8972222222222223 0.7552083333333334 0.9101851851851852 0.765625 0.9074074074074074 0.7864583333333334 0.8935185185185185 0.7911458333333333 0.8861111111111111 0.80625 0.8796296296296297 0.8041666666666667 0.875 0.7958333333333333 0.8768518518518519 0.7911458333333333 0.8722222222222222 0.7859375 0.8527777777777777 0.771875 0.825 0.7296875 0.7675925925925926 0.7203125 0.7592592592592593 0.6932291666666667 0.7462962962962963 0.6807291666666667 0.7472222222222222 0.678125 0.7518518518518519 0.6770833333333334 0.7592592592592593 0.6796875 0.762962962962963 0.7208333333333333 0.7962962962962963 0.7421875 0.8240740740740741 0.7515625 0.8564814814814815 0.7666666666666667 0.8833333333333333
0 0.2513015625 0.5765037037037037 0.24886979166666665 0.6154166666666666 0.2517067708333333 0.6485648148148149 0.25738125 0.6644185185185185 0.26791927083333333 0.6730657407407407 0.26913489583333333 0.6557712962962963 0.2727828125 0.6500064814814814 0.26670312500000004 0.6010046296296296 0.26183958333333335 0.5649740740740741 0.2634609375 0.5152527777777778 0.2634609375 0.5015611111111111 0.2723776041666667 0.5044435185185185 0.2606234375 0.45904537037037035 0.25738125 0.44535370370370375 0.2703510416666666 0.42733796296296295 0.28777916666666664 0.4071611111111111 0.27683593749999996 0.4107638888888889 0.25981302083333335 0.4287796296296296 0.25454427083333336 0.43598518518518514 0.24238489583333334 0.43742685185185187 0.23022604166666666 0.41725 0.22819947916666666 0.38770462962962965 0.2233359375 0.38482222222222223 0.22611666666666666 0.4218972222222222 0.2359 0.44175 0.23265781249999998 0.4698537037037037 0.2359 0.4965166666666667 0.23711614583333332 0.5231787037037037 0.24238489583333334 0.5195759259259259 0.2513015625 0.5765037037037037
0 0.30399114583333336 0.8231861111111112 0.3112864583333333 0.8303916666666666 0.33236197916666665 0.8426425925925926 0.32222968750000003 0.8246268518518518 0.3165552083333333 0.8130972222222222 0.320203125 0.802287962962963 0.30277499999999996 0.765537037037037 0.2906161458333333 0.7504046296296296 0.2816994791666667 0.7273453703703704 0.2792677083333333 0.7107712962962963 0.2727828125 0.687711111111111 0.26589270833333334 0.6603287037037037 0.2513015625 0.6574462962962964 0.2472484375 0.6639314814814815 0.23914270833333334 0.6646518518518518 0.2298208333333333 0.6848287037037037 0.23427916666666665 0.7100500000000001 0.23427916666666665 0.6805055555555556 0.24076354166666666 0.6689759259259259 0.23778697916666666 0.6754074074074075 0.24562760416666668 0.6740194444444445 0.249275 0.7064472222222222 0.25697604166666665 0.7323888888888889 0.2699458333333334 0.7590518518518518 0.29264270833333333 0.8015675925925926 0.30399114583333336 0.8231861111111112
0 0.2922369791666667 0.8593333333333334 0.3052067708333333 0.8665388888888889 0.32344531249999997 0.8831129629629629 0.34208958333333334 0.8960842592592593 0.355059375 0.8939222222222223 0.35749114583333336 0.9083342592592593 0.3485744791666667 0.9299527777777779 0.36275989583333335 0.9119370370370371 0.360328125 0.885275 0.36113854166666665 0.8723037037037037 0.3769453125 0.8571712962962963 0.3964 0.8442 0.3623546875 0.860774074074074 0.3408734375 0.8384351851851852 0.312096875 0.8283472222222222 0.2861578125 0.8081694444444444 0.26265 0.7822277777777779 0.253328125 0.7851101851851852 0.25292291666666666 0.7930370370370371 0.2419796875 0.7865518518518518 0.2345046875 0.7862777777777777 0.23022604166666666 0.7951990740740741 0.23630520833333335 0.8067287037037038 0.24400625 0.8052870370370371 0.2472484375 0.8189787037037036 0.2646765625 0.8312296296296295 0.2922369791666667 0.8593333333333334
0 0.6030239583333333 0.5366333333333333 0.6153854166666667 0.557237962962963 0.6223390625 0.5592981481481482 0.6292921875 0.5414407407407407 0.6601963541666667 0.5331990740740741 0.6381770833333333 0.5345722222222222 0.6292921875 0.531825 0.62890625 0.5222101851851851 0.617703125 0.5009185185185184 0.6088182291666667 0.47962685185185183 0.6068869791666667 0.48718148148148144 0.5980020833333334 0.4645166666666667 0.5937526041666668 0.42605462962962964 0.5964567708333333 0.3841583333333333 0.5961442708333333 0.36380370370370374 0.5821635416666666 0.40613611111111114 0.5786869791666667 0.43154907407407406 0.5829359375000001 0.4679509259259259 0.5949114583333334 0.507786111111111 0.6030239583333333 0.5366333333333333
0 0.5307854166666667 0.7319138888888889 0.5350348958333334 0.7696888888888889 0.5435333333333333 0.7648814814814815 0.5485552083333334 0.7298537037037036 0.5477828124999999 0.6666657407407408 0.5582130208333334 0.6179009259259259 0.5674843749999999 0.5876805555555557 0.5659390625 0.5519657407407408 0.5682567708333334 0.5347953703703703 0.5547359375 0.5444111111111112 0.5381250000000001 0.5107564814814815 0.5497140625 0.5444111111111112 0.5427609375000001 0.5711972222222222 0.5423744791666666 0.6089722222222222 0.5408291666666667 0.6556768518518519 0.5296265625000001 0.6907046296296296 0.5307854166666667 0.7319138888888889
0 0.5466239583333333 0.7098240740740741 0.5616895833333333 0.6727361111111111 0.5717333333333333 0.6253444444444444 0.5798458333333334 0.5779537037037038 0.589503125 0.5477333333333334 0.5914348958333334 0.5140796296296296 0.5871854166666667 0.47286944444444445 0.5810046875 0.4646277777777778 0.5740510416666668 0.47080925925925926 0.5647802083333333 0.466687962962963 0.5663250000000001 0.48042500000000005 0.56439375 0.5030898148148149 0.5659390625 0.5360574074074074 0.5678703125 0.5786407407407408 0.5528046875 0.6356472222222223 0.5470104166666666 0.684412037037037 0.5466239583333333 0.7098240740740741
0 0.6180895833333333 0.5566620370370371 0.6095911458333333 0.5374314814814816 0.5910484375 0.5456731481481482 0.5840953125 0.5635305555555556 0.5736651041666666 0.6047398148148149 0.5624619791666666 0.6672407407407407 0.5508729166666666 0.7029555555555556 0.5497140625 0.7111981481481482 0.5492171875 0.7296398148148148 0.5609171875 0.7057037037037037 0.5701880208333333 0.6651805555555556 0.5806182291666667 0.6370203703703703 0.6003197916666667 0.6074870370370371 0.6130677083333332 0.5868824074074074 0.6180895833333333 0.5566620370370371
0 0.6686947916666667 0.7649925925925926 0.6710130208333334 0.7855972222222223 0.6737166666666667 0.7649925925925926 0.6802838541666667 0.7485092592592593 0.6953499999999999 0.744387962962963 0.6814427083333333 0.7402675925925927 0.672171875 0.7127944444444444 0.6667635416666666 0.7079861111111111 0.6648317708333333 0.6873814814814815 0.6601963541666667 0.6997444444444445 0.64088125 0.6757055555555554 0.6219526041666666 0.6454851851851852 0.6057281250000001 0.6097703703703704 0.6057281250000001 0.5987814814814815 0.5951015625 0.6171703703703704 0.6003197916666667 0.6447981481481481 0.6130677083333332 0.6695240740740741 0.6366317708333333 0.7100472222222223 0.6447442708333334 0.7347722222222222 0.6582651041666666 0.7540037037037036 0.6686947916666667 0.7649925925925926
0 0.5036578125 0.914487962962963 0.5154213541666667 0.9184092592592592 0.5143182291666667 0.9086064814814815 0.5492406249999999 0.8942277777777777 0.5804864583333333 0.8818092592592593 0.5973963541666667 0.864162962962963 0.603278125 0.8478231481481482 0.5904119791666667 0.8523981481481482 0.5764432291666667 0.853051851851852 0.5492406249999999 0.8661231481481482 0.5271843749999999 0.8720055555555555 0.5139505208333334 0.8713518518518518 0.5073338541666667 0.859587962962963 0.48821875 0.8661231481481482 0.4764552083333333 0.8772342592592592 0.45217500000000005 0.8701472222222222 0.4705739583333333 0.8844240740740741 0.47020625000000005 0.896187962962963 0.4738822916666667 0.9059916666666666 0.45914308125 0.9302795981481481 0.46947083333333334 0.9255990740740742 0.47608802083333335 0.9105666666666667 0.49042447916666665 0.916449074074074 0.5036578125 0.914487962962963
0 0.6003369791666666 0.914487962962963 0.6146734375 0.9171027777777778 0.6212901041666666 0.9138342592592593 0.6231281249999999 0.9197166666666666 0.6231281249999999 0.9086064814814815 0.6238635416666667 0.8948805555555556 0.6308479166666667 0.8870379629629629 0.6223932291666666 0.8857305555555556 0.6084244791666666 0.8746203703703704 0.6010723958333333 0.8680842592592592 0.5996020833333334 0.8765805555555556 0.5819567708333333 0.877887962962963 0.5576953125 0.8896518518518518 0.5232927083333333 0.9083703703703704 0.5389479166666666 0.9118740740740741 0.5606359375000001 0.9072990740740741 0.581221875 0.9007629629629629 0.5929848958333334 0.9040305555555556 0.5933526041666667 0.9184092592592592 0.6003369791666666 0.914487962962963
