0 0.5520833333333334 0.6712962962962963 0.5510416666666667 0.6842592592592592 0.5385416666666667 0.7055555555555556 0.5354166666666667 0.7166666666666667 0.5071026041666666 0.7210351851851852 0.53000625 0.7218490740740741 0.511225 0.7454675925925927 0.5142026041666666 0.7735666666666666 0.5208447916666666 0.7426175925925926 0.5364583333333334 0.7240740740740741 0.5426036458333333 0.735287037037037 0.5325260416666667 0.7743805555555555 0.5350453125 0.8089944444444445 0.5430619791666668 0.7487259259259259 0.5439781250000001 0.7943342592592593 0.553125 0.7342592592592593 0.5697916666666667 0.7166666666666667 0.5828901041666666 0.7133833333333333 0.5755208333333334 0.6981481481481482 0.6026041666666667 0.6518518518518519 0.6229166666666667 0.6259259259259259 0.6307291666666667 0.6129629629629629 0.6333333333333333 0.6037037037037037 0.6463541666666667 0.5898148148148148 0.6479166666666667 0.5768518518518518 0.6427083333333333 0.5731481481481482 0.6072916666666667 0.600925925925926 0.5828125 0.6398148148148148 0.5760416666666667 0.6453703703703704 0.5729166666666666 0.6546296296296297 0.559375 0.6712962962962963
0 0.6567708333333333 0.6620370370370371 0.6557291666666667 0.6666666666666666 0.6578125 0.6703703703703704 0.6734375 0.6814814814814815 0.6963541666666667 0.6916666666666667 0.709375 0.6925925925925925 0.7203125 0.687962962962963 0.7463541666666667 0.6685185185185185 0.7609375 0.6425925925925926 0.7630208333333334 0.6342592592592593 0.7552083333333334 0.6074074074074074 0.7479166666666667 0.6194444444444445 0.7244791666666667 0.6416666666666667 0.7203125 0.6555555555555556 0.7098958333333333 0.6648148148148149 0.696875 0.6685185185185185 0.6755208333333333 0.6620370370370371
0 0.4421875 0.5138888888888888 0.44166666666666665 0.5203703703703704 0.46458333333333335 0.5583333333333333 0.4739583333333333 0.5787037037037037 0.48385416666666664 0.6111111111111112 0.48385416666666664 0.6259259259259259 0.503125 0.6611111111111111 0.5005208333333333 0.6898148148148148 0.5015625 0.7055555555555556 0.5026041666666666 0.700925925925926 0.5010416666666667 0.6990740740740741 0.503125 0.6962962962962963 0.50625 0.6787037037037037 0.50625 0.6731481481481482 0.5060583333333333 0.6742222222222222 0.5062244791666667 0.6692 0.50625 0.6675925925925926 0.5078125 0.6601851851851852 0.5161458333333333 0.65 0.5179203125 0.6499972222222222 0.5194354166666667 0.6501768518518519 0.5203125 0.65 0.5220614583333333 0.6498175925925926 0.5228692708333333 0.6507157407407408 0.5234375 0.649074074074074 0.5260416666666666 0.649074074074074 0.5265625 0.6453703703703704 0.515625 0.6398148148148148 0.50625 0.6046296296296296 0.49895833333333334 0.5953703703703703 0.48125 0.5472222222222223 0.46979166666666666 0.5259259259259259 0.4546875 0.5083333333333333 0.44583333333333336 0.5074074074074074
0 0.4666666666666667 0.4185185185185185 0.45 0.4546296296296296 0.43020833333333336 0.487962962962963 0.4161458333333333 0.5027777777777778 0.40677083333333336 0.5064814814814815 0.39479166666666665 0.524074074074074 0.384375 0.5481481481481482 0.36686145833333333 0.5406222222222222 0.37211093749999996 0.5493731481481481 0.3799854166666667 0.5557898148148148 0.38293854166666663 0.5569564814814815 0.3890625 0.5694444444444444 0.3940942708333333 0.633375925925926 0.3963541666666667 0.5740740740740741 0.4088541666666667 0.5638888888888889 0.4234375 0.5453703703703704 0.434375 0.5222222222222223 0.4427083333333333 0.5185185185185185 0.446875 0.5027777777777778 0.46875 0.46944444444444444 0.4817708333333333 0.4398148148148148 0.4822916666666667 0.41944444444444445 0.4713541666666667 0.4148148148148148
0 0.4109375 0.8324074074074074 0.4119791666666667 0.8481481481481481 0.4166666666666667 0.8629629629629629 0.4239583333333333 0.8675925925925926 0.428125 0.862037037037037 0.4390625 0.8379629629629629 0.440625 0.8212962962962963 0.4479166666666667 0.8018518518518518 0.46979166666666666 0.7666666666666667 0.475 0.7518518518518519 0.47760416666666666 0.7398148148148148 0.47708333333333336 0.7240740740740741 0.47552083333333334 0.7203703703703703 0.46979166666666666 0.7194444444444444 0.4661458333333333 0.7472222222222222 0.459375 0.7638888888888888 0.4270833333333333 0.799074074074074 0.42083333333333334 0.8101851851851852 0.41510416666666666 0.8277777777777777
0 0.8032989583333333 0.6579166666666666 0.7970072916666666 0.6791592592592592 0.7922885416666666 0.6951759259259259 0.782421875 0.6982268518518518 0.7927177083333333 0.7104305555555556 0.7888567708333334 0.7394138888888889 0.7879984375000001 0.779837962962963 0.7957203125 0.8278888888888889 0.8133088541666668 0.8797537037037038 0.8223177083333333 0.8797537037037038 0.815025 0.8484824074074074 0.8051583333333333 0.8095833333333333 0.8004390625000001 0.7882277777777777 0.8055869791666667 0.7645833333333333 0.8098770833333333 0.7348370370370371 0.81974375 0.7104305555555556 0.8223177083333333 0.6791592592592592 0.8214598958333333 0.6700064814814815 0.8317552083333334 0.6494129629629629 0.827465625 0.6044129629629629 0.8218885416666667 0.6417861111111112 0.816740625 0.6585657407407407 0.8111640625 0.6524638888888888 0.8055869791666667 0.6303453703703704 0.7914307291666667 0.644837037037037 0.7871406249999999 0.6661925925925927 0.8047291666666666 0.6532268518518519
0 0.25643697916666663 0.673462962962963 0.26518437499999997 0.6576805555555555 0.2658567708333333 0.6457305555555556 0.2729140625 0.6457305555555556 0.28400416666666667 0.6254148148148148 0.2940859375 0.5985268518518518 0.3048401041666667 0.5823944444444444 0.31391406250000004 0.5728342592592592 0.31996302083333333 0.5716388888888889 0.32903697916666663 0.5626768518518519 0.3350859375 0.5674564814814814 0.32802864583333335 0.5811990740740741 0.32164322916666666 0.5847842592592593 0.3236598958333333 0.5955398148148148 0.31357760416666663 0.6092824074074074 0.3048401041666667 0.6230249999999999 0.2924057291666667 0.6457305555555556 0.28803697916666665 0.6654481481481481 0.2850125 0.6762027777777777 0.2907255208333333 0.6762027777777777 0.2887088541666667 0.6833731481481482 0.27997135416666663 0.6881527777777778 0.2712338541666667 0.7012981481481482 0.2645125 0.7042861111111112 0.25711875 0.6935305555555555
0 0.26067083333333335 0.6610981481481482 0.2551026041666667 0.6415472222222222 0.2503973958333333 0.6343777777777778 0.25375833333333336 0.61705 0.26350416666666665 0.6051000000000001 0.2574546875 0.6039046296296297 0.24905312500000001 0.6146601851851852 0.24367604166666668 0.6313898148148148 0.23661875 0.6349750000000001 0.2282171875 0.6278046296296296 0.23124166666666665 0.6218296296296296 0.22552864583333332 0.6242194444444444 0.2245203125 0.6337796296296296 0.23426614583333333 0.64095 0.23426614583333333 0.6546925925925926 0.23796302083333334 0.6708259259259259 0.24636458333333333 0.6863611111111111 0.2524140625 0.7054805555555556 0.2574546875 0.7293814814814814 0.2611515625 0.7538787037037037 0.2682088541666667 0.7718046296296296 0.273921875 0.7795722222222222 0.2759385416666667 0.7807666666666666 0.27929895833333335 0.7921194444444445 0.2850125 0.7974972222222222 0.2883729166666667 0.7897296296296297 0.2819875 0.7724018518518518 0.27997135416666663 0.7574638888888889 0.2725776041666667 0.7377462962962963 0.2682088541666667 0.7168333333333333 0.26652864583333336 0.6995055555555556 0.2567828125 0.6905435185185186 0.2557744791666667 0.676800925925926
0 0.42753020833333333 0.07981944444444444 0.42753020833333333 0.08815277777777777 0.4380515625 0.10193333333333333 0.4515421875 0.09172685185185185 0.46876510416666667 0.09019537037037037 0.4730708333333334 0.10703703703703703 0.47163541666666664 0.12336851851851852 0.4512552083333333 0.1279611111111111 0.43259739583333334 0.11111944444444445 0.42714375 0.11979537037037036 0.4455145833333333 0.13561666666666666 0.46607187499999997 0.14000462962962965 0.4775302083333333 0.1242638888888889 0.48013437499999995 0.1140787037037037 0.48013437499999995 0.0890787037037037 0.4759677083333333 0.0751898148148148 0.467634375 0.06407870370370371 0.4540927083333333 0.058523148148148144 0.44107187499999995 0.06222685185185185 0.43273854166666664 0.0677824074074074
0 0.43333333333333335 0.37592592592592594 0.4328125 0.3814814814814815 0.4354166666666667 0.3888888888888889 0.4557291666666667 0.4009259259259259 0.4661458333333333 0.41203703703703703 0.5197916666666667 0.42962962962962964 0.5322916666666667 0.44074074074074077 0.5275989583333334 0.46570092592592593 0.5427083333333333 0.4583333333333333 0.5580927083333334 0.46780925925925926 0.566071875 0.4733833333333334 0.5589473958333334 0.4997314814814815 0.567496875 0.477437037037037 0.5706317708333334 0.49162407407407405 0.5709166666666667 0.5073314814814814 0.5632223958333333 0.5103712962962963 0.5552427083333333 0.5113851851851853 0.5572374999999999 0.5215185185185185 0.5700619791666667 0.5154388888888889 0.5763317708333333 0.5047981481481482 0.5709166666666667 0.47135648148148146 0.5765625 0.44722222222222224 0.5630208333333333 0.41944444444444445 0.5555276041666667 0.4114851851851852 0.5535328125 0.38817685185185186 0.549828125 0.39324444444444445 0.5489729166666667 0.40886944444444445 0.5364583333333334 0.4083333333333333 0.49895833333333334 0.3990740740740741 0.49270833333333336 0.3962962962962963 0.48854166666666665 0.3888888888888889 0.478125 0.38981481481481484 0.4432291666666667 0.37222222222222223
0 0.6807291666666667 0.05648148148148148 0.68125 0.06481481481481481 0.6921875 0.08518518518518518 0.7046875 0.09907407407407408 0.7453125 0.11666666666666667 0.75 0.12685185185185185 0.7713541666666667 0.1425925925925926 0.7818260416666667 0.14738518518518517 0.7909484375000001 0.20481018518518518 0.7857713541666667 0.1456324074074074 0.7885416666666667 0.13055555555555556 0.7885416666666667 0.1259259259259259 0.7822916666666667 0.11944444444444445 0.78125 0.10833333333333334 0.7671875 0.09259259259259259 0.7307291666666667 0.08611111111111111 0.7041666666666667 0.06759259259259259 0.6911458333333333 0.06296296296296296 0.6848958333333334 0.05555555555555555
0 0.5755208333333334 0.3592592592592593 0.575 0.38796296296296295 0.5796875 0.4203703703703704 0.6 0.41944444444444445 0.6104166666666667 0.425 0.6192708333333333 0.42314814814814816 0.5989583333333334 0.41203703703703703 0.596875 0.40185185185185185 0.6 0.3675925925925926 0.603125 0.3574074074074074 0.6005208333333333 0.3527777777777778 0.5979166666666667 0.3333333333333333 0.6036458333333333 0.2833333333333333 0.6010416666666667 0.2111111111111111 0.5994791666666667 0.20925925925925926 0.5953125 0.21574074074074073 0.590625 0.2351851851851852 0.5869791666666667 0.3037037037037037 0.5822916666666667 0.337037037037037
0 0.5916666666666667 0.125 0.5918958333333334 0.1598064814814815 0.5857171875 0.17797407407407406 0.5942723958333332 0.1703685185185185 0.5973958333333333 0.18055555555555555 0.5979166666666667 0.21574074074074073 0.603125 0.24722222222222223 0.6067708333333334 0.2518518518518518 0.6067708333333334 0.2675925925925926 0.621875 0.3351851851851852 0.6265625 0.3416666666666667 0.6302083333333334 0.34074074074074073 0.63125 0.3277777777777778 0.628125 0.3101851851851852 0.6286458333333333 0.2861111111111111 0.6161458333333333 0.1925925925925926 0.614709375 0.1729037037037037 0.6235020833333333 0.1703685185185185 0.6151041666666667 0.1425925925925926 0.609375 0.11851851851851852 0.6046875 0.1111111111111111 0.5942708333333333 0.11388888888888889
0 0.5135416666666667 0.1648148148148148 0.5135416666666667 0.1814814814814815 0.51875 0.18425925925925926 0.5260416666666666 0.17685185185185184 0.5322916666666667 0.16296296296296298 0.5411458333333333 0.1574074074074074 0.5640625 0.12685185185185185 0.5786458333333333 0.11574074074074074 0.5854166666666667 0.11574074074074074 0.5916666666666667 0.12037037037037036 0.5989583333333334 0.11203703703703703 0.6057291666666667 0.11203703703703703 0.6109375 0.1175925925925926 0.6385416666666667 0.11018518518518519 0.6547432291666666 0.10353425925925926 0.6624927083333334 0.12282407407407409 0.6752020833333333 0.12227222222222223 0.6528833333333334 0.09196018518518517 0.6510416666666666 0.06759259259259259 0.653125 0.053703703703703705 0.6505208333333333 0.04814814814814815 0.6447916666666667 0.04722222222222222 0.6229166666666667 0.049074074074074076 0.5989583333333334 0.07685185185185185 0.5479166666666667 0.10462962962962963 0.5322916666666667 0.12407407407407407
0 0.6630208333333333 0.17685185185185184 0.6553630208333333 0.1857425925925926 0.6302546875 0.19235555555555556 0.6411041666666667 0.19290740740740742 0.6584630208333333 0.19566296296296296 0.6692708333333334 0.22777777777777777 0.7046875 0.2722222222222222 0.7303791666666667 0.3230638888888889 0.7557973958333334 0.3252685185185185 0.742778125 0.30652962962962965 0.7166666666666667 0.25833333333333336 0.7013890625 0.22469166666666668 0.6953125 0.20092592592592592 0.6765625 0.17777777777777778 0.6696223958333333 0.15928796296296296 0.678921875 0.14991851851851853 0.6696223958333333 0.1510212962962963 0.6683822916666667 0.1355888888888889 0.6783020833333333 0.1300777777777778 0.6671427083333333 0.12070833333333335
0 0.7795395833333333 0.4678305555555556 0.7924182291666667 0.4503888888888889 0.8070729166666666 0.44036759259259256 0.8129911458333333 0.4418703703703704 0.8197546875 0.4123074074074074 0.8175 0.43986666666666663 0.8208817708333334 0.44988796296296296 0.8237 0.46141203703703704 0.8155270833333332 0.4799509259259259 0.8048182291666667 0.49197685185185186 0.7977723958333333 0.5185333333333333 0.7918541666666666 0.49798981481481475 0.7769177083333333 0.5050046296296296 0.757190625 0.5130212962962963 0.7442265625 0.5280537037037037 0.7309812499999999 0.552687037037037 0.7292901041666667 0.5722287037037036 0.7236536458333334 0.5742324074074074 0.7219630208333334 0.5461731481481481 0.7273171875000001 0.5256296296296296 0.7377447916666667 0.5030814814814815 0.7461994791666666 0.4965675925925926 0.7597265624999999 0.4855444444444445 0.7701541666666666 0.47802870370370365
0 0.756209375 0.45205185185185187 0.7614177083333333 0.44629907407407404 0.7724088541666667 0.4452962962962963 0.7771994791666667 0.4332712962962963 0.7887541666666666 0.42375092592592595 0.8003088541666667 0.41172592592592594 0.8098911458333333 0.3961925925925926 0.8183453125 0.3656277777777778 0.8211635416666667 0.3405740740740741 0.8211635416666667 0.32153425925925927 0.8310276041666668 0.2984851851851852 0.8369458333333333 0.2884638888888889 0.8431458333333333 0.28996666666666665 0.8493458333333332 0.2974833333333333 0.859209375 0.2914703703703704 0.8656916666666666 0.3105101851851852 0.8583640625 0.3004888888888889 0.8501911458333333 0.3080055555555556 0.8521640625 0.3300518518518519 0.8459640625 0.35861296296296297 0.8392005208333334 0.37364444444444445 0.8253911458333333 0.394187962962963 0.8104546875 0.4277592592592593 0.803690625 0.4417888888888889 0.788190625 0.452812962962963 0.7825541666666667 0.4638361111111111 0.7752270833333333 0.46283425925925925 0.7639541666666666 0.4693481481481482 0.7554994791666666 0.46884629629629626 0.7529630208333333 0.4578231481481482
0 0.8448989583333333 0.36549629629629626 0.8503140625000001 0.37106944444444445 0.8565838541666667 0.35890833333333333 0.8628541666666667 0.3543481481481482 0.8659890625000001 0.3685361111111111 0.8628541666666667 0.36194907407407406 0.8562989583333334 0.3670157407407407 0.8531640625 0.38069722222222224 0.8520239583333333 0.39336481481481483 0.8508838541666666 0.4111824074074074 0.846609375 0.42334351851851854 0.8500291666666667 0.4360111111111111 0.8414791666666667 0.43702407407407406 0.8334994791666667 0.4583064814814815 0.8326442708333333 0.48414907407407404 0.8306494791666666 0.5074574074074074 0.8326442708333333 0.5278898148148148 0.8255192708333333 0.5527194444444444 0.8198192708333334 0.5674138888888889 0.8121244791666666 0.5846416666666667 0.801009375 0.5922425925925926 0.7984447916666666 0.5800814814814815 0.8101296875 0.5603194444444445 0.8072796875 0.5527194444444444 0.8112692708333333 0.5267944444444445 0.8158291666666667 0.5039925925925927 0.819534375 0.4822037037037037 0.819534375 0.4664962962962963 0.819534375 0.438462037037037 0.8198192708333334 0.4212342592592592 0.819534375 0.4095796296296296 0.8240942708333333 0.39336481481481483 0.8332140625 0.37461666666666665 0.8383442708333334 0.36650925925925926
0 0.7290640625000001 0.32120462962962965 0.7149989583333334 0.3231796296296296 0.7088588541666667 0.3283777777777778 0.7027187500000001 0.3107027777777778 0.6983328125 0.29822592592592595 0.7000869791666666 0.28159074074074075 0.7056427083333333 0.28315 0.6945317708333333 0.2841898148148148 0.693946875 0.300825 0.7006718749999999 0.31850092592592594 0.7056427083333333 0.33513611111111113 0.7047656250000001 0.3512518518518518 0.6962859375 0.37880462962962963 0.6883911458333334 0.4214333333333334 0.6968708333333333 0.39596018518518517 0.7027187500000001 0.36996666666666667 0.7079817708333334 0.35593055555555553 0.7188005208333333 0.3647685185185185 0.7342973958333334 0.3756851851851852 0.7418994791666667 0.3793240740740741 0.7372208333333333 0.36424814814814815 0.7562265625 0.3663277777777778 0.7761093750000001 0.3647685185185185 0.8015479166666667 0.35385092592592593 0.8155828125000001 0.3392953703703704 0.8199687499999999 0.3340962962962963 0.8196760416666666 0.32161944444444446 0.8261088541666666 0.3070638888888889 0.8164598958333333 0.31226203703703703 0.8073958333333333 0.3127824074074074 0.7901442708333334 0.32993796296296296 0.7679223958333333 0.3304574074074074 0.7442385416666667 0.3309768518518518 0.7275718750000001 0.32421944444444445
0 0.7159088541666667 0.18228425925925926 0.7138296875000001 0.19832777777777777 0.7144145833333333 0.22224166666666664 0.7147067708333333 0.23107962962962963 0.7088588541666667 0.23991759259259257 0.7106130208333333 0.24563611111111108 0.7164609375000001 0.24043703703703706 0.7202625 0.2539537037037037 0.7304958333333332 0.28878425925925927 0.7483322916666667 0.31997592592592594 0.7585656249999999 0.33245277777777776 0.7717234375 0.3319324074074074 0.762659375 0.32153518518518515 0.7495015625 0.30334074074074074 0.7413145833333333 0.28306574074074076 0.7378057291666666 0.2575925925925926 0.7398526041666666 0.23731759259259258 0.7454083333333333 0.23991759259259257 0.7413145833333333 0.22276203703703704 0.738390625 0.2009277777777778 0.7369286458333334 0.18533148148148146 0.7331276041666667 0.18117314814814814 0.7410223958333333 0.16765648148148146 0.7465776041666667 0.16557685185185186 0.7524255208333333 0.18065277777777777 0.7477473958333333 0.2050861111111111 0.7544723958333334 0.1816925925925926 0.7530104166666667 0.1634972222222222 0.7471625 0.1551796296296296 0.7337125 0.17285462962962964 0.7275718750000001 0.1790935185185185 0.7214317708333333 0.1770138888888889 0.7103208333333334 0.1531 0.7006718749999999 0.14686203703703704 0.6980401041666667 0.1551796296296296 0.7012567708333334 0.17597407407407406 0.7053499999999999 0.18429166666666666 0.7071046875 0.16973611111111112
0 0.7673015625 0.09835740740740741 0.7661114583333333 0.08233333333333334 0.7726421875 0.07293333333333334 0.7810390625 0.07514537037037036 0.7863255208333333 0.08841574074074074 0.7944109375 0.09505 0.802496875 0.11274351851851852 0.8112041666666666 0.13320092592592592 0.8199119791666667 0.16250555555555554 0.8279973958333334 0.1884925925925926 0.8379489583333334 0.21890277777777778 0.8475890625000001 0.21060925925925925 0.8444796875 0.2332787037037037 0.8503880208333333 0.2537361111111111 0.8516322916666667 0.2758527777777778 0.8594067708333333 0.2775120370370371 0.8646932291666667 0.2808296296296296 0.8640713541666667 0.2957574074074074 0.8594067708333333 0.2858055555555556 0.8494552083333333 0.2841462962962963 0.8426135416666667 0.29354629629629625 0.8329729166666666 0.2907814814814815 0.8248875000000001 0.27695925925925924 0.8059177083333334 0.26258333333333334 0.8230213541666667 0.2664537037037037 0.8192895833333333 0.2542898148148148 0.8084052083333333 0.242125 0.8186677083333334 0.24378425925925923 0.8152468749999999 0.21613796296296298 0.8105822916666666 0.19402222222222223 0.8071614583333333 0.17853981481481482 0.7972098958333333 0.15863518518518518 0.7866364583333334 0.1365185185185185 0.7801057291666668 0.11163796296296297
