0 0.32864583333333336 0.39537037037037037 0.3375 0.4009259259259259 0.34427083333333336 0.3972222222222222 0.3489583333333333 0.36944444444444446 0.34739583333333335 0.3351851851851852 0.35 0.21296296296296297 0.3416666666666667 0.16018518518518518 0.33645833333333336 0.15648148148148147 0.3328125 0.1638888888888889 0.3338541666666667 0.19444444444444445 0.33229166666666665 0.20092592592592592 0.3302083333333333 0.31666666666666665 0.325 0.34629629629629627 0.32447916666666665 0.36666666666666664 0.32864583333333336 0.39537037037037037
0 0.4817708333333333 0.6675925925925926 0.4817708333333333 0.675 0.484375 0.6787037037037037 0.48854166666666665 0.6768518518518518 0.4942708333333333 0.6601851851851852 0.5026041666666666 0.6453703703703704 0.5072916666666667 0.6268518518518519 0.515625 0.5611111111111111 0.525 0.5166666666666667 0.5260416666666666 0.4925925925925926 0.5234375 0.4703703703703704 0.5416666666666666 0.4425925925925926 0.5369791666666667 0.44351851851851853 0.51875 0.4638888888888889 0.5088541666666667 0.46111111111111114 0.5015625 0.44907407407407407 0.5 0.45 0.5054510416666667 0.47356111111111115 0.5038994791666667 0.5005731481481481 0.4979166666666667 0.5740740740740741 0.4901041666666667 0.6083333333333333 0.4864583333333333 0.6481481481481481 0.4817708333333333 0.6675925925925926
0 0.6536458333333334 0.9148148148148149 0.6671875 0.9148148148148149 0.6828125 0.9046296296296297 0.6838541666666667 0.8888888888888888 0.6770833333333334 0.8740740740740741 0.6520833333333333 0.8675925925925926 0.6364583333333333 0.8787037037037037 0.5890625 0.8907407407407407 0.5713541666666667 0.9064814814814814 0.5692708333333333 0.912962962962963 0.5723958333333333 0.9166666666666666 0.5859375 0.9157407407407407 0.5942708333333333 0.9194444444444444 0.6447916666666667 0.9101851851851852 0.6536458333333334 0.9148148148148149
0 0.45260416666666664 0.8907407407407407 0.45677083333333335 0.8638888888888889 0.4515625 0.8675925925925926 0.42916666666666664 0.8583333333333333 0.4166666666666667 0.862037037037037 0.40208333333333335 0.8601851851851852 0.39010416666666664 0.8555555555555555 0.3828125 0.8472222222222222 0.3802083333333333 0.8351851851851851 0.3828125 0.8037037037037037 0.3807291666666667 0.7981481481481482 0.3729166666666667 0.825925925925926 0.3723958333333333 0.8425925925925926 0.375 0.8527777777777777 0.3927083333333333 0.8796296296296297 0.43020833333333336 0.9 0.44427083333333334 0.899074074074074 0.45260416666666664 0.8907407407407407
0 0.3 0.8064814814814815 0.29375 0.7870370370370371 0.2921875 0.7592592592592593 0.2828125 0.7333333333333333 0.28489583333333335 0.7203703703703703 0.29322916666666665 0.7092592592592593 0.2994791666666667 0.7092592592592593 0.3098958333333333 0.7157407407407408 0.321875 0.7296296296296296 0.3234375 0.7203703703703703 0.3182291666666667 0.7083333333333334 0.30364583333333334 0.6962962962962963 0.29010416666666666 0.6944444444444444 0.2760416666666667 0.7064814814814815 0.2713541666666667 0.7148148148148148 0.26614583333333336 0.7342592592592593 0.265625 0.7574074074074074 0.2682291666666667 0.7824074074074074 0.2859375 0.8194444444444444 0.290625 0.8222222222222222 0.29791666666666666 0.8138888888888889 0.3 0.8064814814814815
0 0.4713541666666667 0.5277777777777778 0.49375 0.46111111111111114 0.4942708333333333 0.42777777777777776 0.4786458333333333 0.41203703703703703 0.478125 0.425 0.46875 0.4537037037037037 0.4546875 0.5305555555555556 0.4427083333333333 0.5805555555555556 0.4421875 0.6287037037037037 0.4473958333333333 0.6398148148148148 0.4515625 0.6333333333333333 0.45677083333333335 0.5962962962962963 0.4609375 0.5861111111111111 0.4713541666666667 0.5277777777777778
0 0.3651041666666667 0.14907407407407408 0.36770833333333336 0.12129629629629629 0.38958333333333334 0.12129629629629629 0.3963541666666667 0.13055555555555556 0.3953125 0.12407407407407407 0.39739583333333334 0.11574074074074074 0.4119791666666667 0.10555555555555556 0.4276041666666667 0.09907407407407408 0.4588541666666667 0.09814814814814815 0.47708333333333336 0.09166666666666666 0.490625 0.09166666666666666 0.496875 0.08333333333333333 0.4947916666666667 0.07592592592592592 0.490625 0.07314814814814814 0.4557291666666667 0.06296296296296296 0.4161458333333333 0.075 0.38385416666666666 0.07592592592592592 0.3640625 0.08981481481481482 0.359375 0.08703703703703704 0.3541666666666667 0.06388888888888888 0.3489583333333333 0.05462962962962963 0.3494791666666667 0.06574074074074074 0.35885416666666664 0.09166666666666666 0.3625 0.13148148148148148 0.35989583333333336 0.15 0.3609375 0.15462962962962962 0.3651041666666667 0.14907407407407408
0 0.7395833333333334 0.4777777777777778 0.7385416666666667 0.48148148148148145 0.740625 0.4861111111111111 0.7703125 0.5120370370370371 0.7708333333333334 0.5212962962962963 0.75625 0.5611111111111111 0.7645833333333333 0.5601851851851852 0.7645833333333333 0.5481481481481482 0.7703125 0.5407407407407407 0.7708333333333334 0.5342592592592592 0.7786458333333334 0.5296296296296297 0.7802083333333333 0.5111111111111111 0.7880208333333333 0.49722222222222223 0.8072916666666666 0.4898148148148148 0.7854166666666667 0.48333333333333334 0.7755208333333333 0.46296296296296297 0.7604166666666666 0.44074074074074077 0.7442708333333333 0.43333333333333335 0.7145833333333333 0.40370370370370373 0.696875 0.39166666666666666 0.6802083333333333 0.38796296296296295 0.6494791666666667 0.39166666666666666 0.64375 0.3962962962962963 0.64375 0.40370370370370373 0.65 0.4101851851851852 0.6911458333333333 0.41944444444444445 0.7125 0.43333333333333335 0.7317708333333334 0.4601851851851852 0.7395833333333334 0.4777777777777778
0 0.23958333333333334 0.5333333333333333 0.24010416666666667 0.5972222222222222 0.24270833333333333 0.637962962962963 0.24791666666666667 0.6416666666666667 0.253125 0.6333333333333333 0.2609375 0.5805555555555556 0.26614583333333336 0.5611111111111111 0.2604166666666667 0.5194444444444445 0.26197916666666665 0.4935185185185185 0.2682291666666667 0.4740740740740741 0.2682291666666667 0.4361111111111111 0.28020833333333334 0.41944444444444445 0.2630208333333333 0.4185185185185185 0.24479166666666666 0.4009259259259259 0.2421875 0.40370370370370373 0.24583333333333332 0.4046296296296296 0.24947916666666667 0.41944444444444445 0.24270833333333333 0.4444444444444444 0.23958333333333334 0.47685185185185186 0.24270833333333333 0.4935185185185185 0.23958333333333334 0.5333333333333333
0 0.8395833333333333 0.5074074074074074 0.8453125 0.5046296296296297 0.8453125 0.47129629629629627 0.8380208333333333 0.47314814814814815 0.8119791666666667 0.4935185185185185 0.8005208333333333 0.5166666666666667 0.759375 0.5564814814814815 0.7536458333333333 0.5666666666666667 0.740625 0.5787037037037037 0.7411458333333333 0.5842592592592593 0.7635416666666667 0.5796296296296296 0.7833333333333333 0.5638888888888889 0.8020833333333334 0.5425925925925926 0.8307291666666666 0.5212962962962963 0.8395833333333333 0.5074074074074074
0 0.7885416666666667 0.687962962962963 0.8390625 0.5925925925925926 0.8463541666666666 0.5583333333333333 0.85 0.5518518518518518 0.8416666666666667 0.5324074074074074 0.8296875 0.5287037037037037 0.8182291666666667 0.5527777777777778 0.8104166666666667 0.5722222222222222 0.8114583333333333 0.5768518518518518 0.8005208333333333 0.6222222222222222 0.7713541666666667 0.675 0.7630208333333334 0.7046296296296296 0.7541666666666667 0.7240740740740741 0.7536458333333333 0.7324074074074074 0.7557291666666667 0.7351851851851852 0.7635416666666667 0.7324074074074074 0.7802083333333333 0.7046296296296296 0.7828125 0.6925925925925925 0.7885416666666667 0.687962962962963
0 0.3064046875 0.5901638888888888 0.32132916666666667 0.5791833333333334 0.34017291666666666 0.5722194444444444 0.36414270833333334 0.5633805555555556 0.3789166666666667 0.5534703703703704 0.3823838541666667 0.5465074074074073 0.3997203125 0.5323120370370371 0.402584375 0.5229370370370371 0.39353958333333333 0.5186518518518518 0.3784640625 0.5240083333333333 0.37062500000000004 0.5339185185185185 0.3439416666666667 0.5408824074074075 0.3290171875 0.5502564814814815 0.31846458333333333 0.5558814814814814 0.3020328125 0.5572203703703704 0.29374114583333333 0.5564166666666667 0.28650520833333337 0.5529351851851851 0.2777614583333333 0.5588564814814815 0.26962083333333337 0.5682018518518519 0.26781197916666666 0.5791833333333334 0.27007291666666666 0.5952527777777779 0.28183177083333333 0.5987351851851852 0.293590625 0.598199074074074 0.3064046875 0.5901638888888888
0 0.3508765625 0.5403462962962963 0.37454479166666665 0.5312407407407408 0.3858510416666666 0.5213305555555556 0.3853989583333333 0.5124916666666667 0.37831354166666664 0.5111527777777778 0.35705729166666667 0.5199907407407408 0.3443942708333333 0.5261518518518519 0.33233385416666666 0.5309722222222223 0.3237411458333333 0.529375925925926 0.31168072916666667 0.5293657407407407 0.3047463541666667 0.5336509259259259 0.3038416666666667 0.5462388888888888 0.3122838541666667 0.5545416666666666 0.3252484375 0.5540064814814815 0.3508765625 0.5403462962962963
0 0.2953994791666667 0.4756351851851852 0.29238437500000003 0.5033398148148148 0.28861562500000004 0.5220888888888889 0.28258541666666664 0.5483361111111111 0.2812286458333333 0.5619962962962963 0.28710833333333335 0.5729777777777778 0.29630416666666665 0.5650240740740741 0.30263541666666666 0.5577925925925926 0.30354010416666666 0.5449370370370371 0.3079119791666667 0.5197601851851852 0.3130375 0.4838703703703704 0.31092708333333335 0.4594972222222222 0.3088166666666667 0.44289166666666663 0.30911822916666665 0.4278925925925926 0.31062552083333334 0.4138425925925926 0.3122838541666667 0.39991481481481483 0.31153020833333334 0.3867907407407407 0.3080625 0.36991666666666667 0.3029369791666667 0.34848981481481484 0.30127864583333336 0.34072314814814814 0.3051984375 0.32572407407407405 0.3053489583333333 0.3166175925925926 0.302334375 0.3278666666666667 0.29826406250000004 0.33750925925925923 0.29132916666666664 0.33750925925925923 0.28107812499999996 0.34447314814814817 0.2800229166666667 0.3535787037037037 0.2819828125 0.364025 0.2826609375 0.3796287037037037 0.28469635416666667 0.40064074074074074 0.2889171875 0.4164435185185185 0.2920828125 0.4319777777777778 0.29524895833333337 0.45340462962962963 0.2953994791666667 0.4756351851851852
0 0.43232031249999997 0.5005657407407408 0.4235770833333333 0.49440555555555554 0.4155869791666667 0.48797777777777773 0.41302395833333333 0.48288888888888887 0.4157375 0.4743175925925926 0.4184510416666667 0.4573925925925926 0.4178484375 0.446412037037037 0.4178484375 0.4201638888888889 0.4183005208333333 0.4078435185185185 0.41920520833333336 0.38588055555555556 0.41151666666666664 0.35507962962962963 0.40141614583333335 0.34356296296296296 0.3864916666666666 0.3365990740740741 0.3795572916666667 0.33954537037037036 0.3711151041666667 0.35507962962962963 0.3635776041666666 0.3719537037037037 0.36161770833333334 0.383737962962963 0.3665921875 0.3834703703703704 0.37051197916666667 0.3652574074074074 0.3786526041666667 0.35186574074074073 0.3852859375 0.3513296296296296 0.3977984375 0.3561509259259259 0.40292395833333333 0.36418611111111115 0.40624010416666667 0.38186296296296296 0.405034375 0.40677222222222226 0.3988536458333333 0.43301944444444446 0.3952354166666667 0.4619462962962963 0.39809947916666666 0.4766768518518519 0.39960729166666664 0.48203425925925925 0.392521875 0.4954259259259259 0.3860395833333333 0.5085500000000001 0.3914666666666667 0.5018537037037036 0.39689375 0.49140833333333334 0.4002104166666667 0.4847120370370371 0.40232083333333335 0.4854898148148148 0.4063911458333333 0.4869064814814815 0.41106458333333334 0.4858351851851852 0.4195067708333333 0.4933342592592593 0.4318682291666667 0.5035120370370371 0.44031041666666665 0.5024407407407407 0.43232031249999997 0.5005657407407408
0 0.3519692708333333 0.5249944444444444 0.3569442708333333 0.514012962962963 0.36402968750000003 0.4971398148148148 0.3723208333333333 0.47758703703703703 0.3726223958333333 0.4601777777777778 0.38000937500000004 0.4446435185185185 0.39026041666666667 0.4159851851851852 0.3955369791666667 0.3905851851851852 0.3976473958333333 0.37585370370370375 0.39659218749999997 0.36273055555555556 0.400059375 0.34575648148148147 0.3993057291666667 0.3312935185185185 0.3947833333333334 0.3288824074074074 0.3890546875 0.3318287037037037 0.3883010416666667 0.35030925925925926 0.38709479166666666 0.35995185185185186 0.383175 0.37012962962962964 0.3818182291666667 0.37816481481481484 0.37835104166666667 0.39396666666666663 0.37503437500000003 0.41003703703703703 0.3681 0.4333388888888889 0.36523541666666665 0.4398222222222222 0.35935625000000004 0.45535740740740743 0.35016041666666664 0.47008796296296296 0.34021093750000003 0.4958000000000001 0.3396078125 0.5118703703703704 0.3450348958333333 0.5236555555555555 0.3519692708333333 0.5249944444444444
0 0.46423333333333333 0.3936398148148148 0.4550119791666667 0.3857888888888889 0.46865208333333336 0.40148981481481477 0.47537604166666664 0.4045611111111111 0.4790260416666667 0.42060277777777777 0.4867104166666667 0.4171898148148148 0.4984291666666667 0.4062675925925926 0.5026552083333333 0.39295648148148143 0.51206875 0.3827175925925926 0.5235953125 0.3663342592592593 0.5420380208333333 0.34073611111111113 0.5491458333333333 0.3246935185185185 0.5524119791666667 0.30933518518518516 0.5579828125 0.293975925925926 0.5620171875000001 0.2769101851851852 0.5600963541666667 0.26837685185185184 0.5549093749999999 0.27008333333333334 0.5479932291666666 0.2872175925925926 0.5358906250000001 0.3083787037037037 0.5287822916666667 0.3244203703703704 0.5187927083333334 0.34216944444444447 0.5052489583333333 0.3599712962962963 0.49554739583333335 0.3646277777777778 0.4822916666666667 0.3748666666666667 0.4767203125 0.39125 0.47249427083333334 0.3997833333333333 0.46423333333333333 0.3936398148148148
0 0.5647546875 0.2401703703703704 0.5624494791666667 0.2548472222222222 0.56168125 0.26235555555555556 0.5587994791666666 0.2708888888888889 0.5545729166666666 0.2869305555555555 0.5563020833333333 0.3033138888888889 0.5609125 0.30263055555555557 0.56533125 0.2927324074074074 0.5678286458333334 0.2804453703703703 0.5687890625 0.2708888888888889 0.57263125 0.27020648148148146 0.5807 0.255187962962963 0.5878078124999999 0.23641574074074076 0.6035609375 0.20330833333333334 0.6123979166666668 0.18863240740740742 0.627575 0.16672499999999998 0.6337223958333333 0.15921574074074074 0.6419828125 0.1571675925925926 0.6500515625 0.1428324074074074 0.6577359375 0.12576666666666667 0.6625385416666667 0.11791666666666666 0.6711838541666667 0.11518611111111111 0.6832864583333333 0.117575 0.6709916666666668 0.11074907407407407 0.6606177083333333 0.11109074074074074 0.6569677083333333 0.09846203703703704 0.6500515625 0.0899287037037037 0.6425593749999999 0.09743796296296296 0.6314171875 0.11006666666666666 0.622771875 0.12508425925925926 0.6173927083333334 0.1413925925925926 0.6089401041666667 0.15791388888888888 0.6002953125 0.17429722222222224 0.5872317708333333 0.19511666666666666 0.57705 0.21218240740740743 0.5647546875 0.2401703703703704
0 0.6382848958333334 0.09418518518518518 0.6509640625 0.09964629629629629 0.6617223958333334 0.09964629629629629 0.6999520833333333 0.10340092592592592 0.709365625 0.10613148148148148 0.7220447916666667 0.12319722222222222 0.7341479166666667 0.1351425925925926 0.7464427083333334 0.14504074074074075 0.7585458333333333 0.14913703703703704 0.7687276041666667 0.15766944444444445 0.77929375 0.1580111111111111 0.7890911458333334 0.15323240740740743 0.7923567708333333 0.1344601851851852 0.786209375 0.11978333333333335 0.7787171875 0.1027175925925926 0.7673828125 0.09008981481481482 0.7545114583333333 0.0805324074074074 0.7429848958333333 0.07950833333333333 0.7222369791666666 0.07131759259259259 0.7080208333333334 0.06722129629629629 0.69438125 0.06415 0.6770911458333334 0.057664814814814815 0.6586484375 0.05493425925925926 0.6409744791666667 0.056982407407407405 0.6352109375 0.06039537037037038 0.6200343749999999 0.05117962962962963 0.6075473958333333 0.053875925925925924 0.6096604166666667 0.07063425925925926 0.6263739583333333 0.08599351851851852 0.6330979166666667 0.08496944444444444 0.6329057291666668 0.08940648148148148 0.6382848958333334 0.09418518518518518
0 0.7742026041666666 0.10222777777777778 0.7822713541666667 0.11553888888888889 0.7945661458333333 0.1358009259259259 0.7974479166666666 0.15150185185185186 0.8007135416666666 0.1699324074074074 0.8072453125 0.18597407407407407 0.8170432291666666 0.2088425925925926 0.8306828125 0.20952500000000002 0.8387515625 0.19553055555555557 0.8354854166666666 0.17607592592592594 0.8281854166666667 0.15627962962962963 0.8181958333333333 0.14433425925925927 0.8087822916666667 0.12283148148148147 0.7926453124999999 0.09316111111111111 0.7797739583333333 0.07882592592592592 0.7717052083333333 0.06551481481481482 0.7582572916666667 0.05595833333333333 0.7563364583333333 0.06039537037037038 0.7490364583333334 0.055275000000000005 0.7375098958333334 0.05254444444444444 0.7295369791666667 0.05643796296296297 0.7330911458333333 0.06673148148148147 0.7401989583333334 0.07389907407407408 0.7494203125 0.07628796296296297 0.76498125 0.08755185185185185 0.7742026041666666 0.10222777777777778
0 0.8299145833333333 0.35611666666666664 0.8327963541666666 0.3721583333333333 0.8337567708333334 0.40014629629629633 0.8387515625 0.41004444444444443 0.839328125 0.3922962962962963 0.839328125 0.3680629629629629 0.8395197916666667 0.34451203703703703 0.83894375 0.3189138888888889 0.8402885416666667 0.29195 0.845859375 0.2721537037037037 0.8479729166666666 0.24962685185185182 0.8468203125 0.23836388888888888 0.8470125 0.22880648148148147 0.8489333333333333 0.22675925925925927 0.8548885416666666 0.2277824074074074 0.8602677083333333 0.23836388888888888 0.8604598958333334 0.23597407407407409 0.8570020833333333 0.22539351851851852 0.8514307291666667 0.21993240740740738 0.842978125 0.21822592592592593 0.8356776041666667 0.2134472222222222 0.8316432291666668 0.22061481481481482 0.8262645833333334 0.23051296296296298 0.8251119791666667 0.25110925925925925 0.8251119791666667 0.26532685185185184 0.8278010416666667 0.28341666666666665 0.8279932291666667 0.3066259259259259 0.8285697916666667 0.3209611111111111 0.8299145833333333 0.35611666666666664
0 0.7586130208333334 0.1680861111111111 0.7709078125000001 0.18856481481481482 0.7853161458333333 0.20972592592592593 0.7914635416666667 0.22645 0.79011875 0.24283333333333332 0.7953057291666668 0.2735518518518518 0.8008770833333333 0.29471296296296295 0.8093296875 0.3213361111111111 0.8126723958333333 0.37752685185185186 0.8124807291666667 0.39493333333333336 0.8199729166666666 0.423262962962963 0.8240072916666666 0.439987037037037 0.8301546875 0.44681296296296297 0.8412968749999999 0.45432222222222224 0.8455234375 0.44305833333333333 0.8441786458333334 0.4328194444444444 0.8389916666666667 0.41472962962962967 0.8357260416666666 0.39971203703703706 0.833996875 0.37172407407407404 0.8299625 0.3471490740740741 0.8280416666666667 0.30585092592592594 0.8282333333333334 0.28025185185185186 0.8272729166666667 0.26007592592592593 0.8224703125 0.23789074074074076 0.8192041666666667 0.22662685185185186 0.81094375 0.21502222222222223 0.8092145833333333 0.20683055555555557 0.814209375 0.1986388888888889 0.8178593749999999 0.1901064814814815 0.814978125 0.18908240740740742 0.8084463541666668 0.19932222222222223 0.8042197916666667 0.20546574074074073 0.79845625 0.20785462962962964 0.7914927083333333 0.21268703703703704 0.786853125 0.20528888888888888 0.7807057291666666 0.1981212962962963 0.7760947916666667 0.1933425925925926 0.7703317708333334 0.1813972222222222 0.7586130208333334 0.1680861111111111
0 0.7839041666666666 0.40700277777777777 0.7952385416666666 0.4353314814814815 0.8033072916666666 0.4612712962962963 0.8207890624999999 0.4759481481481482 0.8332765625 0.4735592592592593 0.8423057291666667 0.46809814814814815 0.8465317708333333 0.45615185185185186 0.8375026041666668 0.4421583333333333 0.8269369791666666 0.425775 0.8161786458333334 0.4131462962962963 0.8069572916666666 0.40085925925925925 0.7990807291666666 0.39300833333333335 0.7769880208333333 0.3585361111111111 0.7520140625 0.32201574074074074 0.74336875 0.3175787037037037 0.7399109374999999 0.3196259259259259 0.7322265625 0.3080212962962963 0.7249265625 0.3025601851851852 0.7199317708333334 0.3090453703703704 0.7326109375000001 0.32884166666666664 0.7368375 0.33839814814814817 0.7377979166666666 0.3493203703703704 0.7525901041666666 0.36365555555555557 0.762771875 0.37628425925925924 0.7839041666666666 0.40700277777777777
0 0.7925973958333333 0.7054175925925926 0.7806864583333333 0.7129268518518519 0.7710807291666666 0.7327222222222223 0.7683911458333333 0.7566148148148149 0.7787651041666667 0.7712907407407408 0.79375 0.7637824074074074 0.8016265625 0.742962037037037 0.8150739583333333 0.7180462962962963 0.8248713541666667 0.6907407407407408 0.8415848958333334 0.6392027777777778 0.8481166666666666 0.5996101851851852 0.8458114583333334 0.5822027777777777 0.8396640625 0.581862037037037 0.8302505208333333 0.5948314814814815 0.8260244791666668 0.6040472222222222 0.8229505208333333 0.617825 0.8216057291666666 0.6296462962962963 0.8189161458333333 0.6453462962962964 0.8144979166666667 0.6589990740740741 0.8095026041666666 0.6764055555555556 0.7925973958333333 0.7054175925925926
0 0.7411598958333333 0.8991212962962963 0.7559520833333334 0.9090194444444444 0.7751630208333334 0.8974148148148148 0.7790052083333333 0.8858101851851852 0.7767 0.8646490740740741 0.7672864583333333 0.8503138888888889 0.7569125 0.8438287037037038 0.7444255208333334 0.8417805555555556 0.7304015625000001 0.8410981481481481 0.7104223958333333 0.8363194444444445 0.6902505208333333 0.8400740740740741 0.6739213541666668 0.8462175925925925 0.6810291666666667 0.8496305555555556 0.6902505208333333 0.8550916666666667 0.7134958333333333 0.8694268518518519 0.7284807291666666 0.884786111111111 0.7411598958333333 0.8991212962962963
0 0.7715130208333334 0.863625 0.7778526041666667 0.8605527777777778 0.7907239583333333 0.8486074074074074 0.7997531250000001 0.828811111111111 0.8049401041666666 0.8039601851851852 0.8057088541666667 0.7902425925925926 0.8130088541666667 0.7578175925925926 0.8197328125 0.741775925925926 0.8297223958333333 0.7008583333333334 0.8374067708333333 0.6834518518518519 0.8431703125 0.6663861111111111 0.8412489583333334 0.6568287037037037 0.8337567708333334 0.6612666666666667 0.8270328125 0.6756018518518518 0.8233828125 0.6950564814814815 0.8151218750000001 0.7128046296296295 0.8101270833333333 0.7274814814814814 0.7955265625 0.7544453703703704 0.7929333333333334 0.7693787037037036 0.7870739583333334 0.7875120370370371 0.7776604166666666 0.8069666666666667 0.7715130208333334 0.8267629629629629 0.7680552083333333 0.8383675925925926 0.7680552083333333 0.8489481481481482 0.7715130208333334 0.863625
0 0.8253036458333334 0.7295537037037038 0.8162744791666667 0.7353564814814815 0.8087822916666667 0.7558351851851852 0.8059005208333333 0.7766546296296296 0.8043640624999999 0.7984990740740741 0.7991770833333334 0.82205 0.7945661458333333 0.8370675925925926 0.7888031249999999 0.8524268518518519 0.7768921875 0.8804148148148148 0.7688234375 0.9022583333333333 0.7659416666666666 0.9155694444444445 0.7567208333333333 0.9278574074074074 0.7509572916666667 0.9374138888888889 0.7530703125 0.9447851851851853 0.7615234375 0.9444444444444444 0.7732421875 0.9301092592592592 0.7813104166666667 0.9266953703703704 0.7937979166666668 0.8976842592592593 0.8053244791666666 0.8553611111111111 0.81185625 0.8297629629629629 0.8143057291666668 0.8189000000000001 0.8206932291666666 0.8070314814814815 0.8283776041666666 0.7926972222222223 0.834140625 0.7688046296296296 0.8372145833333333 0.7520805555555555 0.8349093750000001 0.7391101851851852 0.8253036458333334 0.7295537037037038
