0 0.3259697916666667 0.8430342592592592 0.30953177083333333 0.818787962962963 0.29402395833333334 0.8072166666666667 0.2772760416666667 0.8039101851851852 0.2692119791666666 0.7791138888888889 0.25959739583333336 0.725112037037037 0.26300885416666664 0.765337962962963 0.2692119791666666 0.8061148148148148 0.26331927083333334 0.8231962962962963 0.25680572916666666 0.8281555555555555 0.24595052083333335 0.8518509259259259 0.24843177083333332 0.8766472222222222 0.25959739583333336 0.8843611111111112 0.26238854166666664 0.8623203703703705 0.26642083333333333 0.8320129629629629 0.2813078125 0.8512990740740741 0.2965052083333333 0.8628712962962962 0.31356354166666667 0.8683814814814814 0.35543437499999997 0.8898722222222223 0.3771447916666667 0.8832592592592592 0.37869583333333334 0.871137037037037 0.38862031249999995 0.8606666666666667 0.4019567708333333 0.8617694444444445 0.404128125 0.8529527777777778 0.39854531249999997 0.8441361111111111 0.3814869791666667 0.8540546296296296 0.37528385416666665 0.8479935185185185 0.3563645833333334 0.8518509259259259 0.3259697916666667 0.8430342592592592
0 0.36690989583333333 0.9306481481481482 0.37528385416666665 0.9323018518518518 0.38769010416666666 0.9075046296296296 0.38862031249999995 0.9036481481481482 0.4069192708333333 0.9069537037037037 0.4270791666666666 0.8986879629629629 0.44506822916666666 0.891525 0.4658484375 0.8948314814814815 0.49252135416666665 0.8821574074074074 0.49531302083333334 0.8760962962962963 0.506478125 0.8749935185185186 0.5154723958333334 0.8678305555555555 0.513921875 0.858462962962963 0.503996875 0.8568101851851851 0.49345208333333335 0.8595648148148148 0.4866286458333333 0.8496462962962964 0.45933541666666666 0.858462962962963 0.43204166666666666 0.8568101851851851 0.4260713541666667 0.8589148148148149 0.40785 0.8612185185185185 0.38862031249999995 0.8672796296296297 0.38117708333333333 0.8794018518518518 0.38303750000000003 0.8992398148148147 0.37807552083333335 0.9146685185185185 0.36690989583333333 0.9306481481481482
0 0.41824531249999997 0.6659407407407407 0.42235468750000005 0.6211638888888888 0.4124921875 0.668375 0.4061916666666667 0.6751888888888888 0.3897552083333334 0.660100925925926 0.4067395833333334 0.6854092592592592 0.4124921875 0.714612037037037 0.425915625 0.7243462962962963 0.43276458333333334 0.7355398148148149 0.44947499999999996 0.7657157407407407 0.46043281249999995 0.7885907407407408 0.48837499999999995 0.813412962962963 0.4985109375 0.8241203703703703 0.5108385416666666 0.8231472222222223 0.5089208333333334 0.8114666666666667 0.49578183541666665 0.7982365296296297 0.49604583333333335 0.7958916666666667 0.49549791666666665 0.7881046296296297 0.4757734375 0.7662027777777778 0.4527625 0.737 0.43988697916666664 0.7107175925925926 0.4212588541666667 0.6751888888888888 0.41824531249999997 0.6659407407407407
0 0.3940203125 0.6731064814814816 0.37867135416666664 0.6565796296296297 0.38448541666666664 0.6367462962962963 0.3914625 0.6144342592592593 0.3756479166666667 0.6408787037037037 0.36471770833333333 0.661950925925926 0.36936874999999997 0.6937666666666666 0.38495052083333337 0.7094675925925926 0.40332291666666664 0.7350851851851853 0.43123072916666666 0.7652472222222222 0.4517541666666667 0.777899074074074 0.44262604166666664 0.7536777777777778 0.42820729166666666 0.7334324074074073 0.4126255208333333 0.7140120370370371 0.40355572916666665 0.6912870370370371 0.3940203125 0.6731064814814816
0 0.4109979166666667 0.5728212962962963 0.3912296875 0.5600129629629629 0.376578125 0.5422453703703703 0.36239166666666667 0.52985 0.3614614583333333 0.5215861111111111 0.3679734375 0.4955555555555556 0.36611302083333336 0.4885314814814815 0.3565776041666667 0.5300240740740741 0.3509963541666667 0.5432462962962963 0.34587968750000003 0.5477907407407407 0.330065625 0.5701027777777777 0.35146145833333337 0.5527490740740741 0.35401979166666664 0.5647314814814814 0.3772760416666667 0.5874564814814814 0.3912296875 0.5965472222222222 0.4214630208333333 0.621337962962963 0.4414635416666667 0.6386916666666667 0.45669635416666665 0.6481796296296296 0.4630916666666666 0.6488481481481482 0.46774322916666666 0.6414101851851851 0.458440625 0.6261222222222222 0.4491380208333334 0.6112481481481482 0.4109979166666667 0.5728212962962963
0 0.2688302083333333 0.28265370370370374 0.27872083333333336 0.28723796296296294 0.27764583333333337 0.277687962962963 0.2615192708333333 0.277687962962963 0.25528385416666666 0.2902944444444444 0.24646770833333334 0.30942499999999995 0.2355015625 0.31821203703703704 0.22711614583333334 0.33463888888888893 0.22346041666666666 0.34915555555555555 0.2256109375 0.36558240740740744 0.23356666666666664 0.36558240740740744 0.22711614583333334 0.35564999999999997 0.22991145833333335 0.34075092592592593 0.2344265625 0.33540277777777777 0.2378671875 0.38200925925925927 0.2477578125 0.41180648148148147 0.24969322916666667 0.4316712962962963 0.25205833333333333 0.482862037037037 0.25979895833333333 0.5218277777777778 0.26237916666666666 0.5382546296296297 0.2686151041666667 0.5627037037037037 0.27807604166666666 0.5600296296296297 0.28194635416666664 0.5516259259259259 0.273990625 0.5290861111111111 0.27463541666666663 0.5164796296296297 0.26839999999999997 0.4817157407407408 0.26646458333333334 0.4167722222222222 0.2668947916666667 0.36897592592592593 0.26495989583333335 0.3384287037037037 0.2524885416666667 0.3166537037037037 0.25721875 0.3040472222222222 0.260659375 0.28685648148148146 0.2688302083333333 0.28265370370370374
0 0.35225833333333334 0.6465712962962963 0.33376666666666666 0.6095157407407408 0.32215520833333333 0.5697851851851853 0.3068885416666667 0.5445722222222222 0.3064588541666666 0.5361675925925926 0.312909375 0.5036962962962963 0.31893020833333335 0.4696962962962963 0.3055984375 0.4987333333333333 0.29807291666666663 0.5400194444444445 0.2892572916666667 0.5510981481481482 0.2772161458333333 0.5560638888888889 0.288396875 0.5598842592592592 0.28861197916666664 0.5881537037037037 0.3004380208333333 0.6156592592592592 0.30968385416666666 0.6294120370370371 0.33269114583333337 0.6702879629629629 0.3526880208333333 0.7157481481481481 0.3853713541666667 0.7417259259259259 0.4053145833333333 0.7402462962962963 0.3961223958333333 0.7284425925925926 0.3724703125 0.6986444444444444 0.365159375 0.679162037037037 0.3591390625 0.6637620370370371 0.35225833333333334 0.6465712962962963
0 0.3016979166666667 0.6386601851851852 0.2908203125 0.6150824074074074 0.2845109375 0.5814546296296297 0.28364062500000004 0.608125 0.29669427083333333 0.6452314814814815 0.29299583333333334 0.6591462962962963 0.29778177083333335 0.6719018518518518 0.3149692708333333 0.6823379629629629 0.3308510416666667 0.6920009259259259 0.34754843750000003 0.7175537037037036 0.34999583333333334 0.7136462962962964 0.3386828125 0.6865898148148148 0.3197552083333333 0.6479370370370371 0.31257604166666664 0.6394333333333333 0.3016979166666667 0.6386601851851852
0 0.29234322916666666 0.657987037037037 0.2886447916666667 0.6460046296296296 0.2792895833333333 0.6320898148148149 0.26536614583333334 0.618175 0.27124010416666666 0.6027138888888889 0.28081249999999996 0.5791351851851851 0.2723276041666667 0.5841601851851852 0.2592744791666667 0.6150824074074074 0.25187760416666666 0.6301564814814814 0.24513333333333334 0.642525925925926 0.2388239583333333 0.6684231481481482 0.2388239583333333 0.6908416666666667 0.24426302083333334 0.6649444444444444 0.25361770833333336 0.6409796296296296 0.25796875 0.6564407407407408 0.2699348958333333 0.6796324074074075 0.29974010416666663 0.7005046296296296 0.32562916666666664 0.7097814814814815 0.3431973958333333 0.718037037037037 0.3425989583333333 0.712487037037037 0.33476666666666666 0.697412037037037 0.3177973958333334 0.6862027777777778 0.2964765625 0.6715148148148148 0.29234322916666666 0.657987037037037
0 0.3381692708333333 0.487350925925926 0.3285328125 0.5066111111111111 0.32130572916666666 0.513387962962963 0.31448020833333334 0.5297953703703704 0.31066614583333335 0.5462018518518519 0.3132755208333334 0.5597555555555555 0.3199005208333333 0.5658185185185185 0.3257223958333333 0.5629657407407408 0.33274895833333334 0.5551185185185186 0.3379682291666667 0.5362148148148148 0.3441916666666666 0.5165981481481482 0.3596494791666667 0.4862814814814814 0.37892187499999996 0.4748675925925926 0.3823348958333333 0.45953055555555555 0.3937276041666667 0.4484388888888889 0.39136875 0.4374175925925926 0.38153177083333334 0.44419444444444445 0.3741041666666666 0.4477611111111111 0.35663854166666664 0.46060092592592594 0.3381692708333333 0.487350925925926
0 0.7992994791666667 0.3668175925925926 0.8109432291666666 0.357187037037037 0.7928755208333332 0.3582574074074074 0.77440625 0.3589703703703704 0.7734026041666666 0.3525509259259259 0.7673796875 0.3439907407407407 0.7687854166666667 0.33614351851851854 0.7653723958333334 0.3158138888888889 0.7557359375 0.31082037037037036 0.7487098958333332 0.3122472222222222 0.7390734375 0.3104638888888889 0.7461 0.3211638888888889 0.7573421875 0.3247305555555556 0.7593494791666667 0.3404240740740741 0.7509182291666666 0.3389972222222222 0.7416833333333333 0.3514805555555555 0.7330510416666667 0.36824444444444443 0.7236156250000001 0.38857407407407407 0.7083583333333333 0.4121148148148148 0.6920973958333333 0.42887777777777775 0.6798515625 0.43708148148148146 0.6694119791666666 0.44350185185185187 0.6607796874999999 0.44599814814814814 0.6561625000000001 0.45562870370370373 0.6513442708333332 0.4584814814814815 0.6435151041666667 0.45741203703703703 0.635284375 0.4613351851851852 0.633678125 0.47274907407407407 0.6354848958333333 0.4830916666666667 0.6403031250000001 0.4880851851851851 0.6565640625 0.48130833333333334 0.6605791666666666 0.48915555555555557 0.6758364583333333 0.4830916666666667 0.6922979166666666 0.47239166666666665 0.7226119791666666 0.43636851851851854 0.74108125 0.41175833333333334 0.7485088541666667 0.40854814814814816 0.7643687499999999 0.3889314814814815 0.7715958333333333 0.3675305555555555 0.7898640625 0.3746638888888889 0.7995005208333333 0.39535000000000003 0.8005041666666667 0.3953509259259259 0.8013072916666667 0.38251111111111114 0.7940802083333334 0.3689574074074074 0.778621875 0.3657472222222222 0.7992994791666667 0.3668175925925926
0 0.7198973958333333 0.20022222222222222 0.7081953124999999 0.20445000000000002 0.7046255208333334 0.1981074074074074 0.6974854166666666 0.19317499999999999 0.6972875 0.18401296296296296 0.6966921875 0.1670990740740741 0.6927255208333333 0.15688055555555558 0.6935187500000001 0.1854222222222222 0.6907421874999999 0.16568981481481482 0.6853874999999999 0.15864259259259259 0.6838005208333333 0.16604259259259257 0.6923291666666667 0.1963462962962963 0.6812223958333333 0.21354537037037036 0.6722973958333333 0.2449064814814815 0.6711072916666667 0.2866944444444444 0.6578192708333332 0.34413055555555555 0.6481010416666667 0.38500555555555555 0.6502822916666666 0.3991 0.6435390625 0.42059444444444444 0.6437375000000001 0.43750833333333333 0.650084375 0.4449083333333333 0.6574223958333333 0.4357462962962963 0.6627776041666666 0.40858148148148143 0.6689255208333333 0.398362962962963 0.6784458333333333 0.3624212962962963 0.6841973958333334 0.32965092592592593 0.6929239583333333 0.2866620370370371 0.7042286458333333 0.2538916666666666 0.709534375 0.2147277777777778 0.7101786458333332 0.21361203703703704 0.7099807291666667 0.21008796296296298 0.7141453125 0.20797407407407406 0.7222770833333333 0.2026888888888889 0.7198973958333333 0.20022222222222222
0 0.6333703125 0.4944703703703704 0.6270135416666667 0.4751518518518518 0.6245041666666666 0.45761759259259255 0.6228312500000001 0.4400824074074074 0.6178130208333333 0.42046666666666666 0.6097833333333333 0.4112537037037037 0.6047651041666666 0.41541481481481485 0.6020885416666667 0.40798425925925924 0.5938916666666666 0.4056064814814815 0.6009177083333334 0.4198722222222222 0.6012520833333334 0.424925 0.6044307291666667 0.4608925925925926 0.6087796875 0.4772388888888889 0.6201552083333334 0.5069740740740741 0.6335375 0.5536351851851852 0.6430723958333334 0.5676037037037036 0.652775 0.5848416666666667 0.6567895833333334 0.5806805555555555 0.6569567708333334 0.5699814814814815 0.6507255208333333 0.5543342592592593 0.6507677083333333 0.552425 0.6504328125 0.5545055555555556 0.6480911458333334 0.5446972222222223 0.6440760416666667 0.5247851851851852 0.6333703125 0.4944703703703704
0 0.5783765625 0.3924212962962963 0.5680046875 0.3965824074074074 0.5564625 0.40252685185185183 0.5470947916666666 0.40936203703703705 0.5370578125000001 0.41619814814814815 0.5235078125 0.42125 0.5139729166666667 0.4260055555555556 0.49423385416666665 0.44146018518518515 0.4892151041666667 0.45186203703703703 0.48402968749999997 0.45483425925925924 0.4746619791666667 0.45899537037037036 0.47081406249999996 0.4688027777777778 0.47148333333333337 0.4774212962962963 0.4771708333333333 0.4780157407407407 0.484196875 0.4759351851851852 0.4912223958333334 0.471775 0.4952375 0.4744499999999999 0.5071145833333334 0.4696944444444444 0.52300625 0.4527537037037037 0.5427453124999999 0.4405685185185185 0.5546223958333333 0.4307611111111111 0.5611463541666667 0.4343268518518518 0.5695104166666667 0.43254444444444445 0.5832276041666666 0.42660000000000003 0.5912572916666666 0.4147120370370371 0.5932645833333333 0.4105509259259259 0.5939333333333334 0.40371574074074074 0.5919260416666667 0.3965824074074074 0.5875770833333332 0.3927185185185185 0.5783765625 0.3924212962962963
0 0.588975 0.3723898148148148 0.568990625 0.37004444444444445 0.5441046875000001 0.3757388888888889 0.5265708333333333 0.38243796296296295 0.5173328125 0.3901425925925926 0.5146932291666667 0.4018657407407407 0.5173328125 0.40990462962962965 0.5220463541666667 0.41459444444444443 0.52845625 0.4179435185185185 0.5359973958333334 0.41459444444444443 0.5480635416666666 0.40655555555555556 0.5591869791666666 0.39818148148148147 0.5759666666666666 0.38980740740740744 0.5857703125 0.3914824074074074 0.5961395833333333 0.3961712962962963 0.6080171875 0.4018657407407407 0.6170666666666667 0.40521574074074074 0.6272473958333333 0.4092351851851852 0.6355427083333333 0.41459444444444443 0.6376166666666666 0.4129194444444444 0.636296875 0.4011962962962963 0.6230994791666667 0.3847833333333333 0.6104677083333333 0.3723898148148148 0.588975 0.3723898148148148
0 0.5797843749999999 0.3405666666666667 0.5773333333333334 0.3291777777777778 0.5622505208333333 0.33353240740740736 0.533028125 0.3382222222222222 0.5156833333333333 0.35463425925925923 0.5007890625 0.3499453703703703 0.47118958333333333 0.35262499999999997 0.450828125 0.3589888888888889 0.43254062499999996 0.37607222222222225 0.42745 0.372387037037037 0.4144411458333333 0.36133425925925927 0.40124427083333336 0.34257592592592595 0.41330989583333333 0.36937314814814814 0.4270729166666667 0.38746018518518516 0.4261302083333333 0.40085925925925925 0.42933541666666664 0.4129175925925926 0.4234911458333333 0.4249759259259259 0.41312187499999997 0.45110277777777774 0.41048229166666667 0.4678509259259259 0.4242447916666666 0.43669907407407405 0.4323520833333333 0.4192814814814815 0.4359338541666667 0.41995185185185185 0.4562953125 0.42665092592592596 0.47420625 0.41794166666666666 0.4858953125 0.410237962962963 0.5031927083333333 0.39583703703703704 0.510734375 0.39282222222222224 0.5182755208333334 0.38545277777777776 0.5422192708333333 0.3760740740740741 0.5635234375 0.36837037037037035 0.5780401041666666 0.3713842592592593 0.5987786458333333 0.37205462962962965 0.6072630208333333 0.3670305555555555 0.6074984375 0.3653537037037037 0.6090067708333333 0.355975 0.6027854166666666 0.3432462962962963 0.5912848958333333 0.339562037037037 0.5797843749999999 0.3405666666666667
0 0.40123854166666667 0.24679444444444446 0.39519062499999996 0.24481574074074075 0.38611822916666666 0.23972592592592593 0.3708390625 0.23859444444444447 0.35094427083333335 0.23718055555555553 0.33041302083333335 0.23180833333333334 0.3173619791666667 0.2221935185185185 0.3087671875 0.21314537037037037 0.3003317708333333 0.2072074074074074 0.29428385416666664 0.20946944444444446 0.2904640625 0.2072074074074074 0.287121875 0.20607592592592594 0.27948229166666666 0.20748981481481482 0.2796411458333333 0.20381388888888888 0.2818697916666667 0.1975925925925926 0.2882359375 0.2004203703703704 0.293965625 0.2072074074074074 0.2904640625 0.19702685185185184 0.28505260416666667 0.18486851851851852 0.27852708333333337 0.1797777777777778 0.273275 0.18458518518518519 0.2747072916666667 0.20296574074074075 0.2743890625 0.21229722222222222 0.2729567708333333 0.22643518518518518 0.2727973958333333 0.23180833333333334 0.26786354166666665 0.24509814814814818 0.2669088541666667 0.2558435185185185 0.2726385416666667 0.26178148148148145 0.27980052083333334 0.26319537037037033 0.28807656249999997 0.2518842592592593 0.2828244791666667 0.2527333333333333 0.27566250000000003 0.24849166666666664 0.2761401041666666 0.23972592592592593 0.2834609375 0.2456638888888889 0.29094166666666665 0.25160185185185185 0.30415156250000003 0.2583888888888889 0.3157703125 0.2544296296296296 0.330571875 0.25923703703703704 0.34712447916666667 0.26319537037037033 0.3671786458333333 0.273375 0.39184791666666663 0.275637037037037 0.3958270833333334 0.2654574074074074 0.402034375 0.2665888888888889 0.41301614583333335 0.26993240740740737 0.41635833333333333 0.2663055555555556 0.42065572916666666 0.25725740740740743 0.41683593750000003 0.24736018518518518 0.411265625 0.24368425925925924 0.40123854166666667 0.24679444444444446
0 0.4357302083333333 0.114425 0.4256489583333333 0.09492222222222223 0.40772708333333335 0.08218611111111111 0.4092953125 0.07541944444444444 0.41691197916666667 0.07104166666666666 0.42430520833333335 0.07104166666666666 0.43236979166666667 0.06706111111111111 0.4213927083333333 0.062285185185185186 0.40705520833333336 0.07183796296296295 0.4099671875 0.06586759259259259 0.41556822916666664 0.05790648148148148 0.43326614583333334 0.049946296296296294 0.42273697916666664 0.04875277777777778 0.41265572916666665 0.05193703703703704 0.40257447916666667 0.06905185185185185 0.40347083333333333 0.07979814814814815 0.39854218750000003 0.08457407407407408 0.3949578125 0.09810648148148148 0.39047708333333336 0.09691296296296296 0.380171875 0.09969907407407406 0.36516197916666665 0.10328055555555556 0.3591135416666667 0.10566944444444445 0.35664947916666667 0.1124351851851852 0.3669541666666667 0.11323148148148149 0.3815161458333333 0.11084351851851852 0.3950135416666667 0.10786666666666667 0.404646875 0.13095092592592592 0.4201046875 0.15443425925925924 0.4317536458333333 0.1655787037037037 0.4451953125 0.18786759259259259 0.4588609375 0.206575 0.4731984375 0.2264759259259259 0.48888072916666664 0.23722222222222222 0.492240625 0.23443611111111112 0.4942572916666667 0.23602777777777778 0.5041140625 0.24478425925925928 0.5128510416666666 0.2467740740740741 0.5177796874999999 0.24120185185185183 0.5171078125 0.23284351851851853 0.5112828125 0.22567962962962965 0.5006979166666666 0.2176537037037037 0.49957760416666663 0.21034814814814815 0.48882447916666666 0.19800925925925925 0.4679901041666667 0.1785064814814815 0.4415552083333333 0.13432592592592593 0.4357302083333333 0.114425
0 0.6059901041666667 0.07541944444444444 0.5981489583333333 0.07183796296296295 0.5880677083333333 0.07024537037037036 0.5773145833333333 0.064275 0.5634250000000001 0.06188703703703703 0.5459510416666667 0.06984722222222223 0.5293729166666666 0.07342962962962964 0.5118989583333333 0.07780740740740741 0.5031619791666667 0.07621574074074074 0.49711354166666666 0.07104166666666666 0.4841197916666667 0.0750212962962963 0.46933437499999997 0.08059351851851851 0.46328541666666667 0.09213611111111111 0.46238958333333335 0.08696203703703703 0.4614932291666667 0.07741018518518518 0.4608213541666667 0.07183796296296295 0.46328541666666667 0.06188703703703703 0.46754218750000004 0.056712962962962965 0.4782953125 0.05591666666666667 0.473590625 0.05233425925925926 0.466421875 0.04835462962962963 0.4614932291666667 0.05233425925925926 0.45678854166666666 0.06387685185185185 0.45611666666666667 0.08497222222222221 0.459253125 0.09969907407407406 0.459253125 0.10606666666666667 0.4628375 0.1168138888888889 0.46037343750000004 0.12397777777777777 0.4588052083333333 0.15024722222222223 0.46261354166666663 0.16576944444444444 0.4639578125 0.14149074074074075 0.46575 0.12158981481481482 0.47695104166666663 0.12477407407407408 0.4928567708333333 0.12079351851851851 0.5042822916666666 0.11402777777777778 0.5183958333333334 0.11323148148148149 0.539678125 0.11004722222222223 0.5616328125 0.10885277777777778 0.5858276041666667 0.09568425925925926 0.5876197916666667 0.0937287037037037 0.5934447916666666 0.0937287037037037 0.6037494791666667 0.09532037037037037 0.6077822916666666 0.08775833333333333 0.6059901041666667 0.07541944444444444
0 0.7842458333333333 0.10094722222222222 0.7616260416666666 0.11253333333333333 0.7402291666666667 0.12665277777777778 0.7186286458333334 0.12629074074074076 0.705790625 0.12194629629629629 0.6978432291666666 0.11434351851851852 0.6858203125000001 0.10601574074074074 0.6735932291666666 0.10022314814814814 0.6621817708333333 0.10348148148148148 0.665034375 0.09117222222222221 0.6709442708333333 0.0774138888888889 0.6682953125 0.06474259259259259 0.6634041666666667 0.049175 0.6497510416666666 0.05062314814814815 0.6519927083333333 0.06003611111111111 0.6609588541666667 0.06800092592592592 0.6632005208333334 0.07632777777777777 0.6579020833333333 0.09443055555555556 0.6554567708333334 0.1056537037037037 0.6521963541666668 0.12592870370370368 0.6440453125 0.12991111111111112 0.6267239583333333 0.13389351851851852 0.612459375 0.1480138888888889 0.6106255208333333 0.15706481481481482 0.6252973958333333 0.14982407407407408 0.6430265625 0.14403055555555555 0.6536229166666666 0.13425555555555557 0.656271875 0.13751388888888888 0.6699255208333333 0.1519962962962963 0.6821520833333333 0.15634074074074075 0.6911182291666667 0.15525462962962963 0.6966203125 0.16068518518518518 0.7086432291666667 0.1617712962962963 0.7304479166666666 0.1577888888888889 0.7502145833333334 0.15163425925925925 0.7638677083333333 0.14077222222222222 0.7705927083333334 0.1404101851851852 0.7793552083333334 0.1346175925925926 0.7822078124999999 0.12629074074074076 0.7917854166666667 0.12411851851851852 0.8044197916666668 0.1164712962962963 0.8064578124999999 0.11289537037037038 0.8091067708333333 0.10855 0.8054385416666666 0.09949907407407407 0.7964723958333334 0.09841296296296297 0.7842458333333333 0.10094722222222222
0 0.7581109375 0.1502277777777778 0.7528125 0.16724444444444445 0.7493484375 0.19077685185185184 0.7434390625 0.22770555555555555 0.7352875 0.26572129629629626 0.7285630208333332 0.3044601851851852 0.7326385416666666 0.3015638888888889 0.7358989583333333 0.2910638888888889 0.7509786458333333 0.2508768518518519 0.7591296875 0.21865462962962962 0.772171875 0.19258703703703703 0.7746171875000001 0.16854814814814817 0.7762473958333334 0.1574685185185185 0.7738020833333333 0.15095185185185184 0.7695223958333333 0.142625 0.7642244791666666 0.14153888888888888 0.7581109375 0.1502277777777778
0 0.7279515624999999 0.1592787037037037 0.7214307291666666 0.1610888888888889 0.7259135416666667 0.1650722222222222 0.7287666666666667 0.16760648148148147 0.7297854166666667 0.17122685185185185 0.721634375 0.19620833333333335 0.7202078125 0.21901666666666667 0.7177625 0.25196296296296294 0.7092036458333334 0.2870814814814815 0.7026828125000001 0.32183796296296296 0.7028864583333333 0.35188796296296293 0.704109375 0.36709444444444445 0.7039057291666667 0.3841101851851852 0.7083885416666666 0.3888166666666667 0.7128718749999999 0.38592037037037036 0.7161322916666666 0.37324907407407404 0.7151135416666666 0.3580425925925926 0.7191890625 0.3377685185185185 0.7273401041666666 0.31097685185185187 0.7285630208333332 0.29287407407407406 0.7340651041666667 0.2592037037037037 0.7438463541666667 0.2182925925925926 0.7491447916666666 0.18679444444444446 0.7471067708333333 0.17629537037037038 0.7453239583333333 0.17171851851851852 0.7566843750000001 0.15565833333333332 0.7513864583333334 0.15674444444444444 0.7442541666666667 0.16326203703703704 0.7422161458333334 0.16434814814814816 0.7336572916666667 0.16434814814814816 0.7279515624999999 0.1592787037037037
0 0.8517473958333334 0.31419074074074077 0.8423739583333333 0.2685731481481482 0.8372791666666667 0.21843703703703704 0.8244411458333333 0.17100833333333332 0.8099729166666666 0.1500101851851852 0.7995802083333333 0.13045925925925925 0.7920401041666667 0.12140833333333334 0.7853156250000001 0.12792499999999998 0.7838890625 0.13806203703703704 0.79020625 0.15507870370370372 0.795096875 0.16343981481481482 0.7963197916666667 0.1815425925925926 0.801821875 0.19864907407407406 0.8145067708333333 0.2333361111111111 0.8196015625 0.26513055555555554 0.8193973958333333 0.31139814814814815 0.8202125 0.33820555555555554 0.8177671875 0.3573935185185185 0.8189901041666666 0.3889037037037037 0.8269375 0.4124361111111111 0.8255109375 0.4185916666666667 0.81715625 0.43524537037037037 0.8020765625 0.4533481481481481 0.7878119791666667 0.4696398148148148 0.7839401041666666 0.4826740740740741 0.80065 0.4696398148148148 0.8198052083333334 0.4432101851851852 0.8306057291666666 0.42040185185185186 0.8363114583333334 0.4247462962962963 0.8422208333333334 0.42438425925925927 0.8471114583333333 0.4178675925925926 0.8511875 0.42728055555555555 0.8568932291666667 0.43850370370370373 0.8664708333333333 0.43886574074074075 0.8719729166666668 0.4229361111111111 0.8721765625 0.40664351851851854 0.8683046875 0.401575 0.8664708333333333 0.4041092592592592 0.8681010416666666 0.40881574074074073 0.8699348958333334 0.41424629629629633 0.8678973958333334 0.4229361111111111 0.8619875 0.43126296296296296 0.8577083333333333 0.42655648148148145 0.851034375 0.41263055555555556 0.8517473958333334 0.41158148148148144 0.8556192708333333 0.3956518518518518 0.8580645833333332 0.3742907407407407 0.8562307291666666 0.336637962962963 0.8517473958333334 0.31419074074074077
0 0.723515625 0.5707462962962963 0.7221515625 0.5794694444444445 0.7117864583333334 0.5906157407407407 0.7071494791666667 0.601762037037037 0.712059375 0.6061231481481482 0.7202421875 0.6012768518518519 0.7267890625 0.5930388888888889 0.7314260416666667 0.5959462962962963 0.74451875 0.5901305555555556 0.7589755208333333 0.580438888888889 0.7816151041666667 0.5605694444444445 0.8031635416666667 0.5537842592592592 0.815165625 0.5411851851851852 0.8236213541666667 0.5251925925925925 0.8247125000000001 0.5140462962962963 0.8192567708333333 0.5062925925925926 0.814346875 0.5038694444444444 0.8056869791666668 0.5050444444444444 0.7941625 0.5092 0.7805239583333333 0.5208305555555555 0.7698859375 0.5353694444444445 0.7535197916666667 0.5416694444444445 0.7325166666666667 0.5600842592592592 0.723515625 0.5707462962962963
0 0.8244395833333333 0.475762037037037 0.8252578125 0.5048388888888888 0.825803125 0.5193768518518519 0.8192567708333333 0.5334305555555555 0.8129833333333334 0.5533 0.80561875 0.5838305555555556 0.7996177083333333 0.6114537037037037 0.7982536458333332 0.6395611111111111 0.8069822916666667 0.6434388888888889 0.8118921875 0.6235694444444445 0.81625625 0.614362037037037 0.8211661458333332 0.5862537037037037 0.8290765625 0.5596000000000001 0.837259375 0.5271305555555555 0.8442151041666667 0.49898240740740735 0.8500796875 0.475762037037037 0.8511708333333333 0.4510462962962963 0.8369869791666668 0.4413537037037037 0.8282583333333334 0.4525 0.8244395833333333 0.475762037037037
0 0.8447442708333334 0.5539287037037037 0.8408109375 0.5561351851851851 0.8343932291666667 0.5553990740740741 0.8304598958333334 0.5583416666666666 0.8240421875 0.5723185185185186 0.8199020833333334 0.5976972222222222 0.8178317708333334 0.6138805555555555 0.8184526041666668 0.6319027777777778 0.8192807291666667 0.6510287037037037 0.8157614583333334 0.6819416666666667 0.8054104166666666 0.732337037037037 0.8072739583333333 0.744475 0.8083088541666666 0.7481527777777778 0.8045822916666666 0.7599231481481481 0.8033401041666667 0.7775768518518519 0.8062385416666668 0.7834620370370371 0.811828125 0.7805194444444444 0.8184526041666668 0.7636009259259259 0.8201088541666667 0.7529342592592593 0.8223859375 0.7477851851851851 0.8271473958333334 0.7330731481481482 0.8327369791666667 0.7106370370370371 0.8346005208333334 0.6852583333333333 0.83625625 0.6665009259259259 0.8377057291666666 0.6436962962962963 0.8430880208333333 0.6227314814814814 0.8470213541666667 0.6061805555555555 0.8478494791666668 0.5863194444444445 0.8474354166666667 0.573813888888889 0.8468145833333334 0.5660657407407408 0.8548885416666666 0.547675925925926 0.85965 0.5384805555555555 0.85799375 0.5329638888888889 0.8519901041666667 0.5325953703703703 0.8476427083333333 0.5417907407407407 0.8447442708333334 0.5539287037037037
0 0.6509036458333333 0.7228768518518518 0.6455322916666667 0.7371907407407408 0.6394286458333334 0.7463 0.6335692708333334 0.7779657407407408 0.6184317708333332 0.816137037037037 0.6074447916666668 0.8313194444444445 0.5998765625 0.8621166666666666 0.597190625 0.893349074074074 0.5908427083333333 0.8976861111111111 0.5788796875000001 0.898987962962963 0.5681369791666667 0.9085305555555555 0.5830302083333333 0.9093981481481481 0.5979229166666666 0.9037592592592593 0.6052473958333333 0.9115666666666666 0.6079333333333333 0.9146037037037037 0.6167229166666667 0.926749074074074 0.6333249999999999 0.9345564814814815 0.6433348958333334 0.923712962962963 0.6384520833333334 0.9215435185185186 0.6223380208333332 0.9189407407407407 0.61428125 0.9059277777777778 0.6245354166666667 0.885974074074074 0.6323484374999999 0.8360907407407407 0.642846875 0.8078953703703704 0.6594489583333334 0.7714592592592593 0.66384375 0.7493361111111111 0.6667734375 0.7207074074074075 0.6670177083333333 0.7111648148148149 0.662134375 0.7024888888888888 0.656275 0.7089953703703704 0.6509036458333333 0.7228768518518518
