0 0.5713541666666667 0.40185185185185185 0.5713541666666667 0.4222222222222222 0.5744791666666667 0.45 0.5708333333333333 0.5453703703703704 0.5734375 0.5703703703703704 0.5729166666666666 0.587037037037037 0.575 0.5925925925925926 0.5786458333333333 0.5935185185185186 0.5828125 0.587037037037037 0.5885416666666666 0.5444444444444444 0.5921875 0.46111111111111114 0.5979166666666667 0.42685185185185187 0.5979166666666667 0.3962962962962963 0.5927083333333333 0.3685185185185185 0.5880208333333333 0.3648148148148148 0.5770833333333333 0.36666666666666664
0 0.7385416666666667 0.08888888888888889 0.7421875 0.11296296296296296 0.7479166666666667 0.12777777777777777 0.7552083333333334 0.13518518518518519 0.7609375 0.14907407407407408 0.7713541666666667 0.18888888888888888 0.7869791666666667 0.22870370370370371 0.7901041666666667 0.23425925925925925 0.7942708333333334 0.2351851851851852 0.7958333333333333 0.2324074074074074 0.7947916666666667 0.2222222222222222 0.7885416666666667 0.20185185185185187 0.7666666666666667 0.1037037037037037 0.75625 0.0824074074074074 0.7520833333333333 0.07962962962962963 0.7447916666666666 0.07962962962962963
0 0.6286458333333333 0.2518518518518518 0.628125 0.2759259259259259 0.6307291666666667 0.2962962962962963 0.6427083333333333 0.33240740740740743 0.6463541666666667 0.3398148148148148 0.6489583333333333 0.3388888888888889 0.6494791666666667 0.3333333333333333 0.64375 0.3194444444444444 0.6375 0.29074074074074074 0.6369791666666667 0.26296296296296295 0.6421875 0.24166666666666667 0.65 0.22962962962962963 0.6578125 0.22592592592592592 0.6723958333333333 0.1935185185185185 0.6734375 0.17777777777777778 0.665625 0.16296296296296298 0.6421875 0.1935185185185185
0 0.6645833333333333 0.3287037037037037 0.665625 0.34444444444444444 0.6708333333333333 0.3490740740740741 0.6848958333333334 0.35 0.7078125 0.3333333333333333 0.7286458333333333 0.3296296296296296 0.7458333333333333 0.3212962962962963 0.759375 0.3101851851851852 0.7598958333333333 0.3037037037037037 0.7552083333333334 0.3 0.7484375 0.3037037037037037 0.7270833333333333 0.3055555555555556 0.7010416666666667 0.3175925925925926 0.6796875 0.31666666666666665 0.6703125 0.3212962962962963
0 0.4270833333333333 0.7657407407407407 0.4276041666666667 0.7861111111111111 0.42291666666666666 0.8351851851851851 0.4234375 0.8546296296296296 0.4276041666666667 0.8731481481481481 0.4401041666666667 0.9055555555555556 0.44635416666666666 0.9074074074074074 0.4484375 0.9 0.4375 0.8805555555555555 0.4322916666666667 0.8435185185185186 0.4328125 0.8314814814814815 0.4401041666666667 0.7944444444444444 0.44895833333333335 0.7685185185185185 0.4473958333333333 0.7324074074074074 0.4354166666666667 0.7305555555555555 0.42916666666666664 0.7490740740740741
0 0.7380208333333333 0.8527777777777777 0.7380208333333333 0.8611111111111112 0.7442708333333333 0.8629629629629629 0.7708333333333334 0.8287037037037037 0.7984375 0.7768518518518519 0.8119791666666667 0.7592592592592593 0.8177083333333334 0.7398148148148148 0.8166666666666667 0.7333333333333333 0.8104166666666667 0.7222222222222222 0.80625 0.7212962962962963 0.7854166666666667 0.7462962962962963 0.7671875 0.8009259259259259 0.7557291666666667 0.8175925925925925
0 0.47760416666666666 0.7953703703703704 0.478125 0.8046296296296296 0.4828125 0.8092592592592592 0.5416666666666666 0.7805555555555556 0.5703125 0.7722222222222223 0.5833333333333334 0.775 0.6036458333333333 0.7592592592592593 0.6109375 0.7472222222222222 0.6109375 0.7407407407407407 0.60625 0.725925925925926 0.5947916666666667 0.7240740740740741 0.590625 0.7277777777777777 0.5875 0.725 0.5791666666666667 0.7277777777777777 0.571875 0.7203703703703703 0.571875 0.7287037037037037 0.5666666666666667 0.7398148148148148 0.5421875 0.7527777777777778 0.53125 0.7527777777777778 0.5135416666666667 0.7592592592592593 0.4979166666666667 0.7712962962962963 0.49322916666666666 0.7805555555555556 0.4822916666666667 0.7861111111111111
0 0.7932291666666667 0.45 0.7932291666666667 0.48333333333333334 0.8 0.5111111111111111 0.8026041666666667 0.5648148148148148 0.809375 0.5907407407407408 0.8119791666666667 0.6111111111111112 0.81875 0.6148148148148148 0.8182291666666667 0.5666666666666667 0.8145833333333333 0.5361111111111111 0.8140625 0.47129629629629627 0.80625 0.4444444444444444 0.8005208333333333 0.44351851851851853
0 0.7192708333333333 0.6546296296296297 0.7203125 0.6638888888888889 0.7270833333333333 0.662962962962963 0.7510416666666667 0.637962962962963 0.7859375 0.5675925925925925 0.7901041666666667 0.55 0.7901041666666667 0.5370370370370371 0.7828125 0.5287037037037037 0.7739583333333333 0.537962962962963 0.7661458333333333 0.5555555555555556 0.7552083333333334 0.6018518518518519 0.7302083333333333 0.6453703703703704
0 0.6453125 0.6046296296296296 0.6458333333333334 0.6129629629629629 0.6515625 0.6111111111111112 0.69375 0.5722222222222222 0.7213541666666666 0.5592592592592592 0.7307291666666667 0.5462962962962963 0.7338541666666667 0.537962962962963 0.7333333333333333 0.5287037037037037 0.7286458333333333 0.5185185185185185 0.7171875 0.5231481481481481 0.69375 0.5537037037037037 0.6744791666666666 0.5685185185185185
0 0.6895833333333333 0.44166666666666665 0.6875 0.4546296296296296 0.6885416666666667 0.487962962962963 0.6947916666666667 0.49444444444444446 0.7010416666666667 0.49074074074074076 0.7067708333333333 0.48148148148148145 0.7078125 0.44537037037037036 0.70625 0.42592592592592593 0.7125 0.38425925925925924 0.7166666666666667 0.3768518518518518 0.7151041666666667 0.36666666666666664 0.7203125 0.362962962962963 0.7244791666666667 0.3398148148148148 0.728125 0.337037037037037 0.7286458333333333 0.33240740740740743 0.7151041666666667 0.3425925925925926 0.7052083333333333 0.3648148148148148
0 0.6630208333333333 0.512962962962963 0.6635416666666667 0.5194444444444445 0.6692708333333334 0.5212962962962963 0.6880208333333333 0.5157407407407407 0.7192708333333333 0.49907407407407406 0.740625 0.49537037037037035 0.7552083333333334 0.48148148148148145 0.7578125 0.4703703703703704 0.7541666666666667 0.4583333333333333 0.7390625 0.4601851851851852 0.7291666666666666 0.46574074074074073 0.7151041666666667 0.48055555555555557 0.7041666666666667 0.4842592592592593 0.6973958333333333 0.49074074074074076 0.6859375 0.49166666666666664
0 0.5182291666666666 0.49444444444444446 0.5197916666666667 0.5175925925925926 0.5239583333333333 0.5314814814814814 0.5348958333333333 0.5472222222222223 0.5682291666666667 0.6268518518518519 0.5723958333333333 0.6342592592592593 0.5760416666666667 0.6351851851851852 0.578125 0.6305555555555555 0.5765625 0.6194444444444445 0.5640625 0.5768518518518518 0.5453125 0.5333333333333333 0.5364583333333334 0.49907407407407406 0.5260416666666666 0.48518518518518516 0.5208333333333334 0.48703703703703705
0 0.5875 0.7046296296296296 0.5885416666666666 0.7111111111111111 0.5984375 0.7129629629629629 0.6348958333333333 0.7027777777777777 0.6625 0.7064814814814815 0.6786458333333333 0.6907407407407408 0.6796875 0.6842592592592592 0.6765625 0.6722222222222223 0.6651041666666667 0.6694444444444444 0.6427083333333333 0.6833333333333333 0.6125 0.6888888888888889
0 0.3494791666666667 0.6425925925925926 0.34791666666666665 0.6509259259259259 0.3515625 0.6611111111111111 0.3609375 0.6611111111111111 0.4161458333333333 0.6111111111111112 0.4317708333333333 0.5907407407407408 0.43385416666666665 0.5796296296296296 0.43125 0.5768518518518518 0.4270833333333333 0.5787037037037037 0.38385416666666666 0.6148148148148148 0.35833333333333334 0.6259259259259259
0 0.42916666666666664 0.07962962962962963 0.42916666666666664 0.09259259259259259 0.43385416666666665 0.09907407407407408 0.4552083333333333 0.10092592592592593 0.46875 0.08981481481481482 0.49375 0.08333333333333333 0.5203125 0.06944444444444445 0.5239583333333333 0.05925925925925926 0.51875 0.05555555555555555 0.4473958333333333 0.06296296296296296 0.4354166666666667 0.07037037037037037
0 0.5817708333333333 0.11851851851851852 0.5807291666666666 0.1574074074074074 0.5927083333333333 0.20833333333333334 0.59375 0.22037037037037038 0.6 0.23425925925925925 0.5994791666666667 0.24351851851851852 0.6020833333333333 0.24814814814814815 0.6010416666666667 0.2518518518518518 0.60625 0.2796296296296296 0.6114583333333333 0.2833333333333333 0.6125 0.27314814814814814 0.6098958333333333 0.25555555555555554 0.6119791666666666 0.24537037037037038 0.6078125 0.23703703703703705 0.6020833333333333 0.20925925925925926 0.6 0.18796296296296297 0.6015625 0.14814814814814814 0.596875 0.11851851851851852
0 0.5072916666666667 0.21944444444444444 0.5083333333333333 0.24722222222222223 0.5182291666666666 0.2675925925925926 0.5442708333333334 0.35462962962962963 0.5489583333333333 0.3574074074074074 0.5505208333333333 0.35 0.5442708333333334 0.30648148148148147 0.5322916666666667 0.26944444444444443 0.5276041666666667 0.24814814814814815 0.5270833333333333 0.23148148148148148 0.5229166666666667 0.22407407407407406 0.521875 0.21296296296296297 0.5135416666666667 0.20462962962962963 0.5083333333333333 0.21296296296296297
0 0.22551145833333336 0.20603796296296295 0.22004791666666668 0.21787129629629629 0.2345958333333333 0.23140462962962963 0.2456796875 0.24124722222222225 0.2588416666666667 0.25601111111111113 0.27823854166666667 0.262162962962963 0.29347864583333333 0.27200555555555556 0.3107973958333333 0.27938703703703704 0.31218281249999996 0.26708425925925927 0.29140052083333334 0.2584712962962963 0.2650760416666667 0.24247777777777776 0.24706510416666666 0.21541018518518518 0.242215625 0.20187685185185184
0 0.22246406249999998 0.23448055555555555 0.21727708333333334 0.25970185185185185 0.2221260416666667 0.29169074074074075 0.22004791666666668 0.32244814814814815 0.2325171875 0.354437037037037 0.24637239583333334 0.3962675925925926 0.23043906249999999 0.33475185185185186 0.23528854166666668 0.28430833333333333 0.242215625 0.2572416666666667 0.2345958333333333 0.22894444444444442
0 0.22932083333333333 0.4186824074074074 0.220740625 0.4417888888888889 0.2221260416666667 0.4663953703703704 0.22004791666666668 0.5094564814814815 0.21727708333333334 0.5414453703703703 0.22766822916666665 0.591887962962963 0.2283609375 0.5611305555555555 0.2345958333333333 0.5463666666666667 0.22974635416666667 0.4983842592592593 0.23667395833333332 0.46270462962962966 0.24083020833333332 0.42087407407407407
0 0.2491296875 0.4362898148148148 0.23805937500000002 0.4417888888888889 0.24360104166666666 0.4590138888888889 0.2588416666666667 0.47623796296296295 0.2699255208333333 0.47131666666666666 0.29140052083333334 0.48485000000000006 0.30802604166666664 0.5020749999999999 0.33088645833333336 0.5180694444444445 0.3274229166666667 0.5033055555555556 0.3101041666666667 0.47746851851851857 0.2865510416666667 0.4614740740740741 0.2713109375 0.45163148148148147 0.2609197916666667 0.4356379629629629
0 0.32455416666666664 0.30084814814814814 0.3191098958333333 0.3126055555555555 0.3253447916666667 0.3495157407407407 0.3391994791666667 0.3716611111111111 0.3613671875 0.39257685185185187 0.37660781249999997 0.38027314814814817 0.35166875 0.38027314814814817 0.34058489583333335 0.34582407407407406 0.3385067708333333 0.3126055555555555
0 0.38321770833333335 0.42139166666666666 0.3676020833333334 0.4344074074074074 0.3717583333333333 0.4614740740740741 0.3842276041666667 0.45286203703703704 0.39392604166666667 0.43194629629629633 0.3973901041666667 0.40611018518518516 0.39115520833333334 0.3728916666666667 0.3676020833333334 0.3815037037037037 0.37314375 0.38273425925925925 0.38630624999999996 0.3790425925925926 0.392540625 0.39257685185185187
0 0.36645677083333333 0.47150555555555557 0.37937864583333336 0.49592314814814814 0.39877552083333334 0.516838888888889 0.41817187499999997 0.5291416666666666 0.4341052083333333 0.527912037037037 0.431334375 0.5045351851851853 0.4174791666666666 0.5057657407407408 0.4043171875 0.5094564814814815 0.38976979166666664 0.49961388888888886 0.3759151041666666 0.47746851851851857 0.37245104166666665 0.4639351851851852
0 0.41902500000000004 0.535162962962963 0.4091666666666667 0.5648212962962963 0.4230213541666667 0.5709731481481481 0.43756874999999995 0.5537481481481481 0.45558020833333335 0.5328333333333334 0.4756697916666666 0.5119175925925926 0.4472671875 0.5266814814814815 0.4327197916666667 0.527912037037037
0 0.45003802083333333 0.4897712962962963 0.4361833333333333 0.4983842592592593 0.43687604166666666 0.5229907407407408 0.44795989583333334 0.5303722222222222 0.4708203125 0.5217601851851852 0.48536822916666666 0.5045351851851853 0.4992229166666667 0.47623796296296295 0.5061505208333333 0.44301944444444447 0.499915625 0.42825555555555556 0.4978375 0.47254722222222223 0.48190416666666663 0.4897712962962963 0.46804947916666667 0.49469259259259263
0 0.49292604166666665 0.24260740740740744 0.48536822916666666 0.25970185185185185 0.4846755208333333 0.2904601851851852 0.4902171875 0.3286 0.499915625 0.4073407407407407 0.4978375 0.3495157407407407 0.49368072916666667 0.30276296296296296 0.5026864583333334 0.27938703703703704 0.50199375 0.25232037037037036
0 0.4700697916666667 0.27917685185185187 0.4645859375 0.29169074074074075 0.47012760416666666 0.3162962962962963 0.478440625 0.3384425925925926 0.48051875 0.36550925925925926 0.4846755208333333 0.38888518518518517 0.49368072916666667 0.41718333333333335 0.4992229166666667 0.4196435185185185 0.49229531249999997 0.3679703703703704 0.48675364583333336 0.32367870370370366 0.4846755208333333 0.29292037037037033
0 0.6883411458333334 0.6895888888888889 0.6911124999999999 0.7141953703703704 0.6848776041666667 0.7412629629629629 0.654396875 0.7547962962962963 0.6301510416666667 0.781862962962963 0.6052125 0.8077 0.5788880208333332 0.8027787037037036 0.5962067708333334 0.7892453703703703 0.6183744791666667 0.7609481481481482 0.6412348958333334 0.7474138888888889 0.6592463541666667 0.7141953703703704 0.6731010416666667 0.6920499999999999
0 0.5660651041666667 0.8006305555555556 0.5491005208333333 0.8089305555555555 0.5497932291666667 0.8286157407407407 0.5698822916666667 0.8372277777777778 0.5941286458333334 0.8298453703703703 0.6128322916666666 0.8015481481481481 0.6294583333333333 0.781862962962963 0.5906645833333334 0.8101601851851852 0.5712682291666666 0.8138518518518519
0 0.23113177083333333 0.7917055555555556 0.24706510416666666 0.7867842592592592 0.263690625 0.7941666666666667 0.2699255208333333 0.8077 0.28516562500000003 0.8286157407407407 0.3128755208333333 0.842149074074074 0.33088645833333336 0.842149074074074 0.3461270833333333 0.8507611111111111 0.34959062500000004 0.8606037037037036 0.33712135416666666 0.8642944444444445 0.32118802083333337 0.8581435185185184 0.3045625 0.8593731481481482 0.2775453125 0.8433796296296296 0.263690625 0.8384583333333333 0.2560703125 0.842149074074074 0.23598125 0.8298453703703703 0.22489739583333332 0.8150814814814815
0 0.31693541666666664 0.8656425925925926 0.3045625 0.8802888888888889 0.30733333333333335 0.9036648148148148 0.3232666666666667 0.9122768518518518 0.3391994791666667 0.8987435185185185 0.3558255208333333 0.8753675925925927 0.37937864583333336 0.8753675925925927 0.4015463541666667 0.8593731481481482 0.40570260416666665 0.8446092592592592 0.38907708333333335 0.8458398148148147 0.3696802083333333 0.8593731481481482 0.3523614583333333 0.8581435185185184 0.3391994791666667 0.8642944444444445 0.3107973958333333 0.8642944444444445
0 0.5287333333333334 0.1505064814814815 0.5234687499999999 0.1622537037037037 0.5366307291666667 0.1905509259259259 0.5546421875 0.1942425925925926 0.5830447916666667 0.22869074074074072 0.6024411458333333 0.24468518518518517 0.613525 0.250837037037037 0.5927432291666667 0.21638796296296298 0.5726536458333332 0.19793333333333332 0.5532567708333332 0.1720962962962963 0.54494375 0.15856296296296296
0 0.5234005208333333 0.16405092592592593 0.5158489583333333 0.1819388888888889 0.5206979166666666 0.22376944444444444 0.5380166666666667 0.24591574074074074 0.5511786458333333 0.2803648148148148 0.5740390625 0.3074314814814815 0.5775026041666667 0.30374074074074076 0.5906645833333334 0.3172740740740741 0.5934359375 0.3123527777777778 0.5781953125 0.2840555555555555 0.5560276041666667 0.25329722222222223 0.5442510416666667 0.22376944444444444 0.5414802083333333 0.19547222222222224 0.5366307291666667 0.17824814814814816
