0 0.32916666666666666 0.0824074074074074 0.32864583333333336 0.08796296296296297 0.3302083333333333 0.09074074074074075 0.33645833333333336 0.09351851851851851 0.3546875 0.0962962962962963 0.3953125 0.09537037037037037 0.4041666666666667 0.09907407407407408 0.4166666666666667 0.09907407407407408 0.4276041666666667 0.0962962962962963 0.42864583333333334 0.075 0.4244791666666667 0.06851851851851852 0.415625 0.06296296296296296 0.403125 0.062037037037037036 0.39427083333333335 0.06759259259259259 0.371875 0.06944444444444445 0.3463541666666667 0.0787037037037037 0.3338541666666667 0.07777777777777778
0 0.7234375 0.3611111111111111 0.7223958333333333 0.3648148148148148 0.7239583333333334 0.36666666666666664 0.7302083333333333 0.3648148148148148 0.7708333333333334 0.32222222222222224 0.8088541666666667 0.2462962962962963 0.8182291666666667 0.20462962962962963 0.7984375 0.17685185185185184 0.7973958333333333 0.1925925925925926 0.7864583333333334 0.21944444444444444 0.7765625 0.2722222222222222 0.7635416666666667 0.3138888888888889 0.7510416666666667 0.33425925925925926
0 0.75 0.6333333333333333 0.75 0.6425925925925926 0.7609375 0.6481481481481481 0.7671875 0.637962962962963 0.7729166666666667 0.6212962962962963 0.7791666666666667 0.5509259259259259 0.7786458333333334 0.48518518518518516 0.7755208333333333 0.4777777777777778 0.7708333333333334 0.48148148148148145 0.7703125 0.5046296296296297 0.7635416666666667 0.575 0.7526041666666666 0.6111111111111112
0 0.640625 0.5 0.640625 0.5055555555555555 0.6432291666666666 0.5083333333333333 0.6692708333333334 0.5231481481481481 0.6739583333333333 0.5287037037037037 0.6859375 0.5324074074074074 0.7088541666666667 0.5518518518518518 0.7197916666666667 0.5546296296296296 0.728125 0.5527777777777778 0.7328125 0.55 0.7348958333333333 0.5444444444444444 0.7348958333333333 0.5287037037037037 0.7239583333333334 0.5222222222222223 0.6921875 0.5166666666666667 0.6661458333333333 0.5 0.6484375 0.49537037037037035 0.6442708333333333 0.49537037037037035
0 0.5875 0.6175925925925926 0.5859375 0.6203703703703703 0.5869791666666667 0.6351851851851852 0.5932291666666667 0.6416666666666667 0.6026041666666667 0.6444444444444445 0.6114583333333333 0.6435185185185185 0.621875 0.6361111111111111 0.6708333333333333 0.6342592592592593 0.6932291666666667 0.6277777777777778 0.6963541666666667 0.6222222222222222 0.6932291666666667 0.6138888888888889 0.6598958333333333 0.6138888888888889 0.6520833333333333 0.6175925925925926 0.6359375 0.6175925925925926 0.6203125 0.6138888888888889 0.6078125 0.6055555555555555 0.5958333333333333 0.6101851851851852
0 0.3932291666666667 0.45 0.3927083333333333 0.45925925925925926 0.3953125 0.4666666666666667 0.40729166666666666 0.4777777777777778 0.4359375 0.4787037037037037 0.48541666666666666 0.49444444444444446 0.4901041666666667 0.4925925925925926 0.48854166666666665 0.4824074074074074 0.4713541666666667 0.4685185185185185 0.45625 0.46111111111111114 0.43125 0.45740740740740743 0.4083333333333333 0.44351851851851853 0.3953125 0.44351851851851853
0 0.31875 0.562962962962963 0.3182291666666667 0.5703703703703704 0.3203125 0.5796296296296296 0.3260416666666667 0.5824074074074074 0.3411458333333333 0.5805555555555556 0.3494791666666667 0.5740740740740741 0.3765625 0.5657407407407408 0.39166666666666666 0.5518518518518518 0.39895833333333336 0.5398148148148149 0.4046875 0.5351851851851852 0.4088541666666667 0.5203703703703704 0.4041666666666667 0.5157407407407407 0.3921875 0.5305555555555556 0.3765625 0.5444444444444444 0.3671875 0.549074074074074 0.3489583333333333 0.5527777777777778 0.33229166666666665 0.5481481481481482 0.3234375 0.5546296296296296
0 0.2734375 0.8342592592592593 0.27291666666666664 0.8453703703703703 0.2755208333333333 0.8555555555555555 0.2864583333333333 0.8666666666666667 0.31354166666666666 0.8722222222222222 0.3260416666666667 0.8842592592592593 0.3338541666666667 0.8870370370370371 0.3333333333333333 0.8916666666666667 0.334375 0.8888888888888888 0.3359375 0.8916666666666667 0.36822916666666666 0.9 0.37395833333333334 0.899074074074074 0.37604166666666666 0.8944444444444445 0.37447916666666664 0.8851851851851852 0.3640625 0.8805555555555555 0.353125 0.8685185185185185 0.31354166666666666 0.8462962962962963 0.3151041666666667 0.8416666666666667 0.31302083333333336 0.8444444444444444 0.3026041666666667 0.8277777777777777 0.2947916666666667 0.8287037037037037 0.284375 0.8222222222222222 0.27708333333333335 0.8268518518518518
0 0.7973958333333333 0.5296296296296297 0.7994791666666666 0.55 0.7984375 0.5694444444444444 0.7932291666666667 0.5981481481481481 0.7921875 0.6351851851851852 0.7901041666666667 0.6416666666666667 0.7901041666666667 0.6472222222222223 0.7932291666666667 0.649074074074074 0.7973958333333333 0.6462962962962963 0.8114583333333333 0.5546296296296296 0.8192708333333333 0.5314814814814814 0.8203125 0.5138888888888888 0.81875 0.5018518518518519 0.8140625 0.49722222222222223 0.8067708333333333 0.4962962962962963 0.8026041666666667 0.5046296296296297
0 0.5963541666666666 0.6972222222222222 0.5958333333333333 0.700925925925926 0.6104166666666667 0.7324074074074074 0.621875 0.7620370370370371 0.6223958333333334 0.7675925925925926 0.6286458333333333 0.7777777777777778 0.6348958333333333 0.8101851851851852 0.646875 0.8305555555555556 0.6515625 0.8314814814814815 0.6567708333333333 0.8268518518518518 0.6567708333333333 0.8055555555555556 0.65 0.7861111111111111 0.6317708333333333 0.7518518518518519 0.6270833333333333 0.7379629629629629 0.603125 0.6962962962962963 0.5994791666666667 0.6935185185185185
0 0.6380208333333334 0.6824074074074075 0.6364583333333333 0.6851851851851852 0.6369791666666667 0.6944444444444444 0.6479166666666667 0.7166666666666667 0.6520833333333333 0.7314814814814815 0.6723958333333333 0.7787037037037037 0.6760416666666667 0.7962962962962963 0.6822916666666666 0.812962962962963 0.6901041666666666 0.8277777777777777 0.6984375 0.825925925925926 0.7026041666666667 0.8138888888888889 0.696875 0.7861111111111111 0.6809895833333334 0.7625 0.6635416666666667 0.725925925925926 0.6578125 0.7092592592592593 0.6421875 0.6842592592592592
0 0.4628796875 0.5479166666666667 0.46398958333333334 0.5574925925925925 0.4501588541666666 0.5574925925925925 0.44034375000000003 0.5630444444444445 0.4336515625 0.5804953703703704 0.4367744791666667 0.6034990740740741 0.4394515625 0.6265027777777779 0.4407901041666667 0.6495064814814815 0.44391302083333334 0.6701305555555556 0.432759375 0.6907546296296296 0.42428229166666664 0.6756833333333334 0.42026718750000003 0.6614046296296296 0.4260671875 0.6423675925925926 0.42829791666666667 0.6288824074074074 0.43008229166666667 0.6090518518518518 0.4278515625 0.5923944444444444 0.42829791666666667 0.5765296296296297 0.43454374999999995 0.5622518518518518 0.44302083333333336 0.5527324074074075 0.4546203125 0.5503527777777778
0 0.4941932291666667 0.5878833333333333 0.4992348958333333 0.5947740740740741 0.49388125 0.6114314814814815 0.4831739583333333 0.6233296296296297 0.47380468750000004 0.6415740740740741 0.4648817708333333 0.6621981481481481 0.45863593750000003 0.679649074074074 0.45551302083333334 0.7026527777777778 0.438559375 0.7097916666666667 0.4314208333333333 0.6971 0.4363286458333333 0.679649074074074 0.44882083333333334 0.6645777777777778 0.45908177083333335 0.6471268518518519 0.46309739583333337 0.6352287037037038 0.4733588541666667 0.6161907407407408 0.4818354166666667 0.612225 0.49254270833333336 0.5955666666666667
0 0.474521875 0.8512388888888889 0.4644359375 0.8632703703703704 0.4599744791666666 0.8735824074074074 0.45908177083333335 0.8870666666666667 0.4671125 0.8942055555555555 0.47871250000000004 0.8918259259259259 0.4929890625 0.8783416666666667 0.5090505208333334 0.8735824074074074 0.5260036458333334 0.8616833333333334 0.5362651041666666 0.8593037037037037 0.5416187499999999 0.8458194444444445 0.5219885416666666 0.8505787037037037 0.5068197916666667 0.8529583333333334 0.4903119791666667 0.8529583333333334 0.48272760416666666 0.8418527777777778 0.47871250000000004 0.8513712962962963
0 0.5387546875000001 0.8469574074074074 0.5509880208333333 0.8513712962962963 0.5550036458333333 0.8608907407407407 0.57061875 0.8640629629629629 0.5813260416666667 0.8640629629629629 0.5956026041666667 0.8688222222222222 0.6089869791666668 0.8545444444444444 0.6188026041666668 0.8537509259259259 0.6304020833333334 0.8616833333333334 0.6295098958333334 0.875962037037037 0.6214791666666667 0.8918259259259259 0.6045255208333333 0.8934129629629629 0.5902489583333334 0.8910333333333333 0.5777567708333333 0.8894462962962962 0.5616958333333333 0.8815138888888888 0.5527729166666667 0.875962037037037 0.5451880208333333 0.8664425925925926 0.53805 0.8640629629629629 0.5318036458333333 0.8593037037037037
0 0.7200802083333334 0.644825 0.7292703125000001 0.6452768518518519 0.7374020833333332 0.6503796296296296 0.7527083333333333 0.6512305555555555 0.7603614583333334 0.6478287037037037 0.7684932291666667 0.6546324074074075 0.7823645833333334 0.6546324074074075 0.79193125 0.6512305555555555 0.8048458333333334 0.6469777777777778 0.8129776041666666 0.6478287037037037 0.814890625 0.6605851851851852 0.8153692708333333 0.6707907407407407 0.8043677083333333 0.6767435185185185 0.7957578125 0.6818462962962963 0.7823645833333334 0.6784444444444445 0.7694500000000001 0.6767435185185185 0.7507953125 0.6733416666666666 0.7383588541666666 0.6716407407407406 0.7240088541666666 0.663987037037037 0.7168338541666667 0.6605851851851852 0.7125291666666667 0.6554824074074075
0 0.7936807291666667 0.6830833333333334 0.7866697916666666 0.6946027777777778 0.784278125 0.7175648148148148 0.7861911458333334 0.7413768518518519 0.7828432291666666 0.763487962962963 0.7804515625 0.7787962962962963 0.7799729166666667 0.7941046296296297 0.7790161458333333 0.8111129629629629 0.7866697916666666 0.78645 0.7971927083333333 0.7651888888888889 0.8014973958333333 0.7422277777777778 0.8081942708333333 0.7218166666666667 0.8091510416666666 0.6920518518518519 0.8062807291666666 0.6809953703703704 0.79910625 0.6792944444444444
0 0.666709375 0.8506574074074075 0.6828729166666666 0.8544851851851852 0.7082239583333333 0.8451305555555555 0.724965625 0.8332240740740741 0.7359671875 0.8187666666666666 0.7460119791666667 0.8051601851851852 0.7551 0.7907027777777778 0.7665796875 0.784749074074074 0.7737546875 0.7856 0.7790161458333333 0.7975055555555556 0.7780598958333333 0.8145148148148148 0.769928125 0.8298231481481481 0.7531869791666667 0.8417287037037037 0.7393151041666666 0.8493824074074073 0.7259223958333333 0.8638407407407407 0.7087026041666667 0.8672416666666667 0.6972223958333333 0.8672416666666667 0.680003125 0.8612888888888889
0 0.7261062500000001 0.8613703703703703 0.7421854166666667 0.859587962962963 0.7570135416666666 0.8553361111111112 0.7694500000000001 0.8510833333333333 0.7857130208333333 0.8459814814814814 0.7957578125 0.8417287037037037 0.8000624999999999 0.834075 0.79910625 0.8179166666666667 0.7914526041666666 0.808562037037037 0.7833213541666667 0.808562037037037 0.7756682291666667 0.8196175925925926 0.7641880208333334 0.8383268518518519 0.7455333333333333 0.8485324074074073 0.7374020833333332 0.8527842592592592
0 0.6624052083333333 0.8506574074074075 0.6541734375 0.8493824074074073 0.6355187499999999 0.8519342592592594 0.6316921875 0.8672416666666667 0.6345619791666667 0.8808490740740741 0.6474765625 0.8885027777777778 0.6608697916666666 0.8927555555555556 0.6752197916666667 0.8859518518518519 0.6938744791666667 0.8859518518518519 0.7034411458333333 0.8859518518518519 0.7149208333333333 0.8910546296296297 0.7240088541666666 0.9021101851851852 0.7388369791666667 0.9029601851851852 0.7484036458333333 0.9029601851851852 0.754621875 0.9114648148148148 0.7637098958333334 0.9012592592592593 0.7555786458333333 0.8902037037037037 0.7364453125 0.8859518518518519 0.7283140625000001 0.8689425925925925 0.7120505208333333 0.8655416666666667 0.6986578125 0.8646907407407407 0.6843078125000001 0.8629898148148148 0.6780895833333334 0.8578870370370371 0.6709145833333333 0.8536351851851852
