0 0.7953125 0.23425925925925925 0.7947916666666667 0.2222222222222222 0.784375 0.18425925925925926 0.78125 0.16203703703703703 0.7671875 0.1037037037037037 0.753125 0.08055555555555556 0.7442708333333333 0.08055555555555556 0.7390625 0.08703703703703704 0.7385416666666667 0.09814814814814815 0.7432291666666667 0.11666666666666667 0.7484375 0.1287037037037037 0.7546875 0.13518518518518519 0.7880208333333333 0.23148148148148148 0.7953125 0.23425925925925925
0 0.6244791666666667 0.12222222222222222 0.6421875 0.1111111111111111 0.6447916666666667 0.10555555555555556 0.6442708333333333 0.09907407407407408 0.640625 0.09722222222222222 0.6255208333333333 0.10648148148148148 0.6083333333333333 0.10648148148148148 0.5963541666666666 0.0962962962962963 0.5802083333333333 0.06666666666666667 0.5697916666666667 0.05740740740740741 0.5598958333333334 0.062037037037037036 0.5557291666666667 0.07314814814814814 0.5552083333333333 0.0787037037037037 0.5588541666666667 0.08703703703703704 0.5682291666666667 0.10092592592592593 0.6036458333333333 0.12129629629629629 0.6135416666666667 0.12407407407407407 0.6244791666666667 0.12222222222222222
0 0.5760416666666667 0.31296296296296294 0.5817708333333333 0.31203703703703706 0.5828125 0.30277777777777776 0.5739583333333333 0.2861111111111111 0.5640625 0.2518518518518518 0.55 0.22407407407407406 0.5390625 0.17685185185185184 0.5328125 0.16296296296296298 0.5291666666666667 0.16018518518518518 0.5192708333333333 0.16944444444444445 0.5203125 0.18981481481481483 0.5239583333333333 0.20462962962962963 0.5328125 0.2175925925925926 0.559375 0.2814814814814815 0.571875 0.3055555555555556 0.5760416666666667 0.31296296296296294
0 0.5208333333333334 0.06759259259259259 0.5234375 0.058333333333333334 0.5182291666666666 0.05555555555555555 0.44427083333333334 0.06388888888888888 0.4348958333333333 0.0712962962962963 0.4296875 0.08148148148148149 0.43125 0.0962962962962963 0.43645833333333334 0.1 0.44635416666666666 0.1 0.46770833333333334 0.08888888888888889 0.49947916666666664 0.07962962962962963 0.5208333333333334 0.06759259259259259
0 0.6291666666666667 0.2935185185185185 0.634375 0.2611111111111111 0.6453125 0.23796296296296296 0.6578125 0.22777777777777777 0.6682291666666667 0.20833333333333334 0.6744791666666666 0.18796296296296297 0.6739583333333333 0.1787037037037037 0.6697916666666667 0.17037037037037037 0.6666666666666666 0.1675925925925926 0.6625 0.16944444444444445 0.6421875 0.19814814814814816 0.6380208333333334 0.21944444444444444 0.6286458333333333 0.24074074074074073 0.6223958333333334 0.2712962962962963 0.6223958333333334 0.30277777777777776 0.6270833333333333 0.3296296296296296 0.6317708333333333 0.3398148148148148 0.634375 0.3333333333333333 0.6296875 0.3101851851851852 0.6291666666666667 0.2935185185185185
0 0.3234375 0.09814814814814815 0.33541666666666664 0.08981481481481482 0.346875 0.08703703703703704 0.3796875 0.06944444444444445 0.3828125 0.06296296296296296 0.3807291666666667 0.05925925925925926 0.3541666666666667 0.06018518518518518 0.3223958333333333 0.07407407407407407 0.30416666666666664 0.07685185185185185 0.296875 0.0824074074074074 0.29097239583333334 0.091975 0.2890625 0.09537037037037037 0.29010416666666666 0.1111111111111111 0.29583333333333334 0.11574074074074074 0.30364583333333334 0.11481481481481481 0.31354166666666666 0.11018518518518519 0.3234375 0.09814814814814815
0 0.4203125 0.28888888888888886 0.4239583333333333 0.2777777777777778 0.4197916666666667 0.24814814814814815 0.403125 0.21388888888888888 0.38125 0.14074074074074075 0.3765625 0.13518518518518519 0.3734375 0.1388888888888889 0.3729166666666667 0.14351851851851852 0.38333333333333336 0.1925925925925926 0.39947916666666666 0.24351851851851852 0.4015625 0.2675925925925926 0.4114583333333333 0.29074074074074074 0.4203125 0.28888888888888886
0 0.359375 0.31296296296296294 0.3963541666666667 0.28055555555555556 0.3984375 0.275 0.3953125 0.27037037037037037 0.3875 0.27037037037037037 0.3651041666666667 0.28425925925925927 0.3463541666666667 0.31203703703703706 0.3234375 0.337037037037037 0.315625 0.35462962962962963 0.31666666666666665 0.3648148148148148 0.321875 0.37407407407407406 0.33125 0.3675925925925926 0.34270833333333334 0.3490740740740741 0.3458333333333333 0.33796296296296297 0.359375 0.31296296296296294
0 0.24114583333333334 0.5074074074074074 0.2375 0.49166666666666664 0.23697916666666666 0.4787037037037037 0.2421875 0.45 0.24010416666666667 0.41944444444444445 0.22864583333333333 0.4185185185185185 0.22447916666666667 0.42962962962962964 0.2234375 0.4564814814814815 0.22760416666666666 0.49537037037037035 0.23177083333333334 0.5074074074074074 0.2484375 0.5342592592592592 0.25 0.525 0.24114583333333334 0.5074074074074074
0 0.36041666666666666 0.7 0.3614583333333333 0.7083333333333334 0.3651041666666667 0.7046296296296296 0.3723958333333333 0.6805555555555556 0.3729166666666667 0.6537037037037037 0.3697916666666667 0.637962962962963 0.36302083333333335 0.6129629629629629 0.35989583333333336 0.5916666666666667 0.3494791666666667 0.5657407407407408 0.3421875 0.5555555555555556 0.33125 0.5657407407407408 0.3307291666666667 0.5805555555555556 0.33697916666666666 0.6101851851851852 0.35572916666666665 0.6425925925925926 0.36354166666666665 0.6701388888888888 0.36354166666666665 0.6861111111111111 0.36041666666666666 0.7
0 0.25052083333333336 0.7787037037037037 0.25625 0.7814814814814814 0.2578125 0.7787037037037037 0.2557291666666667 0.7666666666666667 0.240625 0.7 0.23854166666666668 0.65 0.228125 0.6259259259259259 0.22395833333333334 0.625 0.2171875 0.6305555555555555 0.21510416666666668 0.6342592592592593 0.21666666666666667 0.6574074074074074 0.2203125 0.6731481481481482 0.225 0.6824074074074075 0.23645833333333333 0.7388888888888889 0.25052083333333336 0.7787037037037037
0 0.29583333333333334 0.34629629629629627 0.29739583333333336 0.33796296296296297 0.2921875 0.32222222222222224 0.290625 0.30833333333333335 0.2713541666666667 0.24722222222222223 0.265625 0.21666666666666667 0.259375 0.19814814814814816 0.2520833333333333 0.18611111111111112 0.24635416666666668 0.18888888888888888 0.24270833333333333 0.1962962962962963 0.24322916666666666 0.21388888888888888 0.24791666666666667 0.2324074074074074 0.25625 0.24722222222222223 0.2828125 0.32592592592592595 0.2916666666666667 0.3453703703703704 0.29583333333333334 0.34629629629629627
0 0.25104166666666666 0.18611111111111112 0.25416666666666665 0.17407407407407408 0.26510416666666664 0.15833333333333333 0.2734375 0.12314814814814815 0.2671875 0.10925925925925926 0.259375 0.11481481481481481 0.24895833333333334 0.13425925925925927 0.23802083333333332 0.17777777777777778 0.21458333333333332 0.24166666666666667 0.21354166666666666 0.2490740740740741 0.21510416666666668 0.25462962962962965 0.21979166666666666 0.25462962962962965 0.24166666666666667 0.20462962962962963 0.2453125 0.19074074074074074 0.25104166666666666 0.18611111111111112
0 0.625 0.3527777777777778 0.6255208333333333 0.3490740740740741 0.6229166666666667 0.34814814814814815 0.6182291666666667 0.35462962962962963 0.6078125 0.3574074074074074 0.6041666666666666 0.35185185185185186 0.5994791666666667 0.3314814814814815 0.5932291666666667 0.32037037037037036 0.5869791666666667 0.31666666666666665 0.5822916666666667 0.3212962962962963 0.58125 0.3351851851851852 0.5854166666666667 0.3527777777777778 0.5994791666666667 0.37037037037037035 0.6083333333333333 0.37222222222222223 0.615625 0.36944444444444446 0.625 0.3527777777777778
0 0.7598958333333333 0.30462962962962964 0.7552083333333334 0.3 0.746875 0.30462962962962964 0.7270833333333333 0.3055555555555556 0.7010416666666667 0.31666666666666665 0.6807291666666667 0.31666666666666665 0.6703125 0.3212962962962963 0.6635416666666667 0.3287037037037037 0.6651041666666667 0.3453703703703704 0.6828125 0.3509259259259259 0.7072916666666667 0.33425925925925926 0.74375 0.32314814814814813 0.7567708333333333 0.3138888888888889 0.7598958333333333 0.30462962962962964
0 0.6578125 0.48518518518518516 0.675 0.43703703703703706 0.690625 0.4166666666666667 0.7010416666666667 0.4101851851851852 0.7046875 0.3962962962962963 0.7052083333333333 0.37222222222222223 0.7005208333333334 0.36203703703703705 0.696875 0.3592592592592593 0.6817708333333333 0.38055555555555554 0.6744791666666666 0.4046296296296296 0.6541666666666667 0.4462962962962963 0.6447916666666667 0.475 0.6385416666666667 0.5101851851851852 0.6390625 0.5175925925925926 0.6416666666666667 0.5212962962962963 0.6463541666666667 0.5175925925925926 0.6520833333333333 0.49537037037037035 0.6578125 0.48518518518518516
0 0.5994791666666667 0.7194444444444444 0.6166666666666667 0.700925925925926 0.6161458333333333 0.6972222222222222 0.60625 0.6972222222222222 0.5958333333333333 0.7046296296296296 0.5755208333333334 0.7398148148148148 0.5625 0.7481481481481481 0.5536458333333333 0.7592592592592593 0.5489583333333333 0.7703703703703704 0.5489583333333333 0.7787037037037037 0.5526041666666667 0.7870370370370371 0.5604166666666667 0.7870370370370371 0.56875 0.7814814814814814 0.5869791666666667 0.7490740740740741 0.5994791666666667 0.7194444444444444
0 0.7994791666666666 0.8046296296296296 0.8072916666666666 0.787962962962963 0.80625 0.7796296296296297 0.8020833333333334 0.7712962962962963 0.7973958333333333 0.7712962962962963 0.7739583333333333 0.7861111111111111 0.7744791666666667 0.7898148148148149 0.7692708333333333 0.8046296296296296 0.759375 0.8222222222222222 0.7145833333333333 0.8685185185185185 0.7140625 0.8731481481481481 0.7161458333333334 0.8768518518518519 0.7208333333333333 0.8768518518518519 0.7526041666666666 0.8537037037037037 0.7682291666666666 0.8342592592592593 0.7994791666666666 0.8046296296296296
0 0.8171875 0.4787037037037037 0.81875 0.4546296296296296 0.8223958333333333 0.4398148148148148 0.8177083333333334 0.4009259259259259 0.8098958333333334 0.375 0.7979166666666667 0.37407407407407406 0.7942708333333334 0.37962962962962965 0.7953125 0.387037037037037 0.7916666666666666 0.4074074074074074 0.7911458333333333 0.4351851851851852 0.7984375 0.45925925925925926 0.8 0.4888888888888889 0.7911458333333333 0.5185185185185185 0.7796875 0.5268518518518519 0.7510416666666667 0.5212962962962963 0.7520833333333333 0.5305555555555556 0.7713541666666667 0.5370370370370371 0.7869791666666667 0.5370370370370371 0.8 0.525 0.8098958333333334 0.5074074074074074 0.8171875 0.4787037037037037
0 0.34625625 0.5112564814814815 0.3485723958333333 0.5373342592592593 0.34625625 0.4934138888888888 0.3296578125 0.4474351851851852 0.3250255208333333 0.4213574074074074 0.3173052083333333 0.398712037037037 0.31228697916666665 0.3904768518518518 0.3053385416666667 0.39665277777777774 0.29877656249999995 0.4103777777777778 0.3084265625 0.43027870370370375 0.31923541666666666 0.4440037037037037 0.3292713541666667 0.4652777777777778 0.33621979166666666 0.4838064814814815 0.34625625 0.5112564814814815
0 0.3493442708333333 0.5153740740740741 0.3497302083333333 0.5345888888888889 0.35204635416666663 0.5503731481481482 0.35860885416666666 0.549687037037037 0.3566786458333333 0.522237037037037 0.35513489583333335 0.49066944444444444 0.34355416666666666 0.4563564814814815 0.3412380208333333 0.43096574074074073 0.338921875 0.40900555555555557 0.3366057291666667 0.3959666666666667 0.33158750000000003 0.38910370370370373 0.32734166666666664 0.39390740740740743 0.3223234375 0.4000842592592593 0.3203932291666666 0.4158675925925926 0.3242536458333333 0.43302407407407406 0.33313177083333334 0.4515527777777778 0.3427822916666667 0.48312037037037037 0.3493442708333333 0.5153740740740741
0 0.29105624999999996 0.5922342592592593 0.3018645833333334 0.5839990740740741 0.2976182291666667 0.5572351851851851 0.2841078125 0.5387064814814815 0.2694390625 0.5153740740740741 0.2590166666666667 0.5194916666666667 0.252840625 0.5387064814814815 0.25785885416666665 0.5579212962962963 0.2644208333333333 0.569587962962963 0.2648067708333333 0.5647842592592592 0.2559286458333333 0.5448833333333334 0.25978854166666665 0.5270407407407407 0.26789531250000004 0.5277268518518519 0.2732994791666667 0.5400796296296296 0.2775453125 0.5654703703703703 0.29105624999999996 0.5922342592592593
0 0.6146999999999999 0.5854768518518519 0.6302380208333334 0.6043416666666667 0.6359229166666667 0.6077101851851852 0.6146999999999999 0.5733499999999999 0.5995411458333333 0.5416842592592592 0.588171875 0.5174296296296296 0.58551875 0.499912037037037 0.5779395833333333 0.4898064814814815 0.5692229166666666 0.48508981481481483 0.5650541666666666 0.4857638888888889 0.56050625 0.49587037037037035 0.5665703125 0.5147342592592593 0.5779395833333333 0.526862037037037 0.5896875 0.5423574074074073 0.5972671875 0.5679592592592593 0.6146999999999999 0.5854768518518519
0 0.6264484375 0.6205111111111111 0.6453973958333333 0.6346592592592593 0.6560088541666667 0.6555453703703704 0.663209375 0.6636305555555556 0.6719255208333333 0.6784527777777778 0.6764734375 0.6710416666666666 0.6738203125 0.6629564814814816 0.6616932291666667 0.6434185185185186 0.6472921875 0.6184898148148149 0.6279645833333334 0.6029944444444445 0.6135630208333333 0.5888453703703703 0.6018151041666666 0.5699805555555555 0.5961302083333333 0.567286111111111 0.5870348958333333 0.5652648148148148 0.5840031250000001 0.5760444444444445 0.5840031250000001 0.5881722222222222 0.5961302083333333 0.6036675925925926 0.609015625 0.6077101851851852 0.6264484375 0.6205111111111111
0 0.3301328125 0.850824074074074 0.34414791666666666 0.8572842592592592 0.3550484375 0.8618981481481481 0.35712499999999997 0.8443648148148148 0.3353234375 0.8406731481481482 0.3259802083333333 0.8314453703703704 0.3083317708333333 0.8434416666666666 0.28601145833333336 0.8314453703703704 0.273034375 0.8111435185185185 0.27511041666666664 0.7991472222222222 0.263171875 0.8037611111111111 0.2512333333333333 0.7899194444444445 0.233584375 0.8120666666666667 0.24240885416666666 0.8360592592592592 0.2610958333333333 0.8480555555555556 0.27511041666666664 0.8517472222222222 0.3010645833333333 0.8609749999999999 0.32286562500000004 0.8628212962962962 0.3301328125 0.850824074074074
0 0.39813177083333334 0.897887037037037 0.41110885416666665 0.9034240740740741 0.4116276041666667 0.8941962962962963 0.39086458333333335 0.8831222222222223 0.37529270833333334 0.8655888888888889 0.3540104166666667 0.8674351851851853 0.34051458333333334 0.8572842592592592 0.3296135416666666 0.8545157407407407 0.31767500000000004 0.8674351851851853 0.32182760416666667 0.8923509259259259 0.34414791666666666 0.8932731481481482 0.35556770833333334 0.8822 0.3711401041666667 0.8895824074074075 0.38463593749999997 0.8932731481481482 0.39813177083333334 0.897887037037037
0 0.7756005208333333 0.3706805555555555 0.7887609375 0.340762962962963 0.8008687499999999 0.3323481481481481 0.8103442708333334 0.32393333333333335 0.8171880208333333 0.30616944444444444 0.8111145833333333 0.2893453703703704 0.7966572916666668 0.3033648148148148 0.7908666666666666 0.31925925925925924 0.7777057291666666 0.34169722222222226 0.7708625 0.35291666666666666 0.7740208333333333 0.40153425925925923 0.7756005208333333 0.3706805555555555
0 0.758228125 0.4267777777777778 0.7424354166666667 0.4417361111111111 0.7319067708333333 0.4632398148148148 0.7350656250000001 0.47632962962962966 0.739803125 0.46791481481481484 0.7571755208333334 0.44454166666666667 0.7771796875 0.4436064814814815 0.7871817708333333 0.42210277777777777 0.794025 0.3949898148148148 0.7961307291666666 0.3688111111111111 0.78795625 0.35110092592592596 0.7813911458333334 0.35478703703703707 0.7740208333333333 0.37348611111111113 0.7703359375000001 0.3959240740740741 0.769809375 0.4239722222222222 0.758228125 0.4267777777777778
0 0.6934776041666667 0.48941851851851853 0.7029536458333333 0.4866138888888889 0.7087442708333334 0.4613703703703703 0.7087442708333334 0.4239722222222222 0.7134817708333333 0.3940546296296296 0.72243125 0.3594611111111111 0.7303276041666666 0.3332833333333334 0.7366447916666666 0.32393333333333335 0.7271661458333334 0.3274277777777778 0.7103234374999999 0.36694074074074073 0.7013739583333333 0.40620833333333334 0.692425 0.43145185185185186 0.6876869791666667 0.45763055555555554 0.6808432291666667 0.48941851851851853 0.6934776041666667 0.48941851851851853
0 0.7234838541666666 0.5202712962962963 0.7119026041666667 0.49876759259259257 0.7145348958333333 0.46697962962962963 0.7250635416666668 0.4482814814814815 0.7382239583333334 0.4492157407407408 0.7455937499999999 0.4249074074074074 0.7434880208333333 0.41836296296296294 0.7329557291666667 0.4138851851851852 0.7229578125 0.4258425925925926 0.7140083333333334 0.4379962962962963 0.7082177083333333 0.45763055555555554 0.7061119791666666 0.49222314814814816 0.709796875 0.509987037037037 0.7234838541666666 0.5202712962962963
0 0.74085625 0.5720777777777778 0.7366447916666666 0.6169546296296297 0.7276953125 0.6281740740740741 0.7340125000000001 0.6347185185185185 0.7461203125 0.6038657407407407 0.7503317708333334 0.5739472222222223 0.7455937499999999 0.5402898148148149 0.74085625 0.5159814814814815 0.7424354166666667 0.4916722222222222 0.7371713541666666 0.46549444444444443 0.7229578125 0.4720388888888889 0.7236921875 0.4735814814814815 0.7187463541666667 0.48232314814814814 0.7229578125 0.5056972222222222 0.7276953125 0.523461111111111 0.7329598958333333 0.5328101851851851 0.7392770833333333 0.5533787037037037 0.74085625 0.5720777777777778
0 0.7145348958333333 0.6889453703703704 0.7203255208333333 0.6889453703703704 0.7161140625000001 0.6562222222222223 0.6992682291666666 0.6263046296296296 0.6903192708333333 0.5991907407407407 0.6803171875 0.5608583333333333 0.6718942708333333 0.5393546296296297 0.6611656250000001 0.5394537037037037 0.6703151041666667 0.5533787037037037 0.6766322916666667 0.5720777777777778 0.6861078125 0.6150851851851852 0.6940041666666666 0.659962037037037 0.7013739583333333 0.6805305555555555 0.7145348958333333 0.6889453703703704
0 0.7024270833333334 0.696425 0.7082177083333333 0.7179287037037038 0.7071645833333334 0.6936203703703704 0.6955833333333333 0.6618324074074075 0.68558125 0.6253694444444444 0.6818963541666666 0.5917111111111111 0.6745265625 0.5683379629629629 0.66348125 0.5620972222222222 0.6597864583333333 0.587037037037037 0.6645244791666667 0.6066703703703703 0.6718942708333333 0.6272388888888889 0.6797906250000001 0.6524824074074075 0.691371875 0.6749212962962963 0.7024270833333334 0.696425
0 0.691371875 0.5963861111111111 0.6966364583333333 0.6188250000000001 0.709796875 0.6393935185185184 0.7161140625000001 0.6655722222222222 0.7282218749999999 0.6814657407407407 0.7392770833333333 0.6749212962962963 0.7376973958333333 0.6562222222222223 0.7298010416666667 0.6365888888888889 0.7219046875 0.6319138888888889 0.7103234374999999 0.6234990740740741 0.6997947916666667 0.6076055555555556 0.6992682291666666 0.5842314814814815 0.7076911458333334 0.5617935185185184 0.7190609375 0.5579796296296297 0.7192723958333332 0.5477694444444444 0.7119026041666667 0.5505740740740741 0.6987421875000001 0.5627287037037036 0.6934776041666667 0.5795574074074075 0.691371875 0.5963861111111111
0 0.7919192708333332 0.6496777777777778 0.794025 0.69175 0.795078125 0.718863888888889 0.7961307291666666 0.7441074074074073 0.8061328125 0.7356925925925926 0.8024479166666667 0.6973601851851852 0.8008687499999999 0.6618324074074075 0.7992895833333333 0.6365888888888889 0.7892875 0.6141500000000001 0.7803380208333334 0.5861018518518518 0.7808645833333333 0.5664675925925926 0.7703359375000001 0.5440296296296296 0.7634927083333333 0.5309398148148148 0.7587546875 0.5243953703703703 0.7492791666666666 0.5243953703703703 0.7429619791666667 0.5356148148148149 0.7508583333333333 0.5711425925925926 0.7587546875 0.5935814814814815 0.7708625 0.6057351851851851 0.78244375 0.6272388888888889 0.7919192708333332 0.6496777777777778
