0 0.2247421875 0.3145935185185185 0.22206510416666667 0.3296648148148148 0.22964947916666667 0.32490555555555556 0.23098802083333334 0.33918333333333334 0.23229166666666667 0.3638888888888889 0.24322916666666666 0.41203703703703703 0.24947916666666667 0.4888888888888889 0.25729166666666664 0.5203703703703704 0.2598958333333333 0.5425925925925926 0.2671875 0.5462962962962963 0.26875 0.537962962962963 0.2682291666666667 0.4935185185185185 0.2609375 0.412962962962963 0.26145833333333335 0.3712962962962963 0.2598958333333333 0.35833333333333334 0.25151093750000003 0.3234472222222222 0.2608796875 0.30361666666666665 0.24928020833333334 0.3210675925925926 0.23489583333333333 0.32407407407407407
0 0.5984375 0.32685185185185184 0.5979166666666667 0.3296296296296296 0.6036458333333333 0.33611111111111114 0.6067708333333334 0.3388888888888889 0.6104166666666667 0.337037037037037 0.6161458333333333 0.3435185185185185 0.6244791666666667 0.37222222222222223 0.65625 0.4361111111111111 0.6776041666666667 0.4935185185185185 0.6848958333333334 0.5055555555555555 0.6947916666666667 0.5120370370370371 0.7046875 0.5287037037037037 0.7104166666666667 0.5287037037037037 0.7135416666666666 0.5194444444444445 0.7046875 0.5 0.7005208333333334 0.4787037037037037 0.6848958333333334 0.44907407407407407 0.6682291666666667 0.4074074074074074 0.6583333333333333 0.37222222222222223 0.6572916666666667 0.35833333333333334 0.6432291666666666 0.33425925925925926 0.6322916666666667 0.3212962962962963 0.6265625 0.2861111111111111 0.625 0.2861111111111111 0.6229166666666667 0.2759259259259259 0.625 0.3175925925925926 0.621875 0.32685185185185184 0.6161458333333333 0.33240740740740743 0.603125 0.32592592592592595
0 0.6041666666666666 0.1111111111111111 0.6036458333333333 0.11944444444444445 0.6088541666666667 0.1259259259259259 0.6958333333333333 0.11481481481481481 0.7161458333333334 0.12129629629629629 0.725 0.11944444444444445 0.7427083333333333 0.10833333333333334 0.7505208333333333 0.1111111111111111 0.7484375 0.10092592592592593 0.7494791666666667 0.07592592592592592 0.7557291666666667 0.0712962962962963 0.7526041666666666 0.06759259259259259 0.74375 0.07222222222222222 0.7119791666666667 0.06851851851851852 0.7052083333333333 0.07592592592592592 0.6791666666666667 0.08333333333333333 0.6572916666666667 0.0824074074074074 0.6411458333333333 0.08611111111111111 0.6088541666666667 0.1037037037037037
0 0.275 0.1111111111111111 0.27291666666666664 0.11481481481481481 0.2786458333333333 0.11203703703703703 0.28229166666666666 0.11481481481481481 0.2916666666666667 0.14907407407407408 0.30520833333333336 0.175 0.33645833333333336 0.21388888888888888 0.3494791666666667 0.2351851851851852 0.36614583333333334 0.2518518518518518 0.38177083333333334 0.2574074074074074 0.3927083333333333 0.26666666666666666 0.4005208333333333 0.26666666666666666 0.40572916666666664 0.2611111111111111 0.40572916666666664 0.2537037037037037 0.4005208333333333 0.24537037037037038 0.3890625 0.23796296296296296 0.3807291666666667 0.225 0.35052083333333334 0.19907407407407407 0.3328125 0.17685185185185184 0.3202171875 0.1447138888888889 0.3300328125 0.1344027777777778 0.317540625 0.12409074074074074 0.30237135416666666 0.09791388888888888 0.3140625 0.08518518518518518 0.3014791666666667 0.08522222222222223 0.3109375 0.06388888888888888 0.30520833333333336 0.06388888888888888 0.2947916666666667 0.08981481481481482 0.284375 0.10648148148148148
0 0.26614583333333336 0.3509259259259259 0.265625 0.35555555555555557 0.2833333333333333 0.35462962962962963 0.29010416666666666 0.3509259259259259 0.29375 0.35462962962962963 0.2942708333333333 0.37777777777777777 0.29739583333333336 0.4 0.3046875 0.41203703703703703 0.3125 0.4444444444444444 0.3182291666666667 0.5018518518518519 0.3229166666666667 0.5287037037037037 0.3338541666666667 0.5592592592592592 0.33697916666666666 0.5768518518518518 0.3458333333333333 0.5842592592592593 0.34791666666666665 0.5712962962962963 0.34427083333333336 0.5527777777777778 0.34322916666666664 0.5166666666666667 0.340625 0.512962962962963 0.33958333333333335 0.5009259259259259 0.33177083333333335 0.47129629629629627 0.325 0.4083333333333333 0.32760416666666664 0.38425925925925924 0.31354166666666666 0.34074074074074073 0.31614583333333335 0.33055555555555555 0.3328125 0.3138888888888889 0.3302083333333333 0.3111111111111111 0.3223958333333333 0.31296296296296294 0.3067708333333333 0.33240740740740743
0 0.3338541666666667 0.5814814814814815 0.3177083333333333 0.5990740740740741 0.2942708333333333 0.5916666666666667 0.3125 0.6074074074074074 0.3203125 0.6537037037037037 0.3328125 0.6805555555555556 0.3380208333333333 0.700925925925926 0.34375 0.7398148148148148 0.34375 0.7518518518518519 0.3515625 0.7851851851851852 0.35208333333333336 0.8009259259259259 0.353125 0.8064814814814815 0.3572916666666667 0.8111111111111111 0.3625 0.8027777777777778 0.3625 0.7777777777777778 0.365625 0.7638888888888888 0.365625 0.7509259259259259 0.36041666666666666 0.7111111111111111 0.35520833333333335 0.6907407407407408 0.35572916666666665 0.6833333333333333 0.346875 0.65 0.346875 0.6425925925925926 0.3416666666666667 0.6231481481481481 0.33125 0.6 0.3328125 0.5907407407407408 0.3385416666666667 0.5833333333333334
0 0.25052083333333336 0.8037037037037037 0.25052083333333336 0.8092592592592592 0.25416666666666665 0.8166666666666667 0.26510416666666664 0.8231481481481482 0.2786458333333333 0.8416666666666667 0.31302083333333336 0.875 0.3411458333333333 0.8898148148148148 0.35833333333333334 0.8925925925925926 0.36349375 0.8871527777777778 0.36929375 0.890325 0.3688473958333333 0.9069833333333334 0.36037083333333336 0.9244342592592593 0.3729166666666667 0.9027777777777778 0.3729166666666667 0.8657407407407407 0.3890625 0.8333333333333334 0.3880208333333333 0.8287037037037037 0.3723958333333333 0.8527777777777777 0.36822916666666666 0.8546296296296296 0.34322916666666664 0.8435185185185186 0.3177083333333333 0.8388888888888889 0.2786458333333333 0.8055555555555556 0.2609375 0.799074074074074 0.25416666666666665 0.799074074074074
0 0.44375 0.8268518518518518 0.43933854166666664 0.8362574074074074 0.42684635416666666 0.8378435185185185 0.44335364583333337 0.8402231481481481 0.4554 0.8505351851851851 0.47413802083333334 0.8671935185185184 0.4588541666666667 0.8425925925925926 0.465625 0.825925925925926 0.46875 0.812037037037037 0.4703125 0.7675925925925926 0.4822916666666667 0.7064814814814815 0.4828125 0.687037037037037 0.4864583333333333 0.6722222222222223 0.48489583333333336 0.6620370370370371 0.4817708333333333 0.6611111111111111 0.47760416666666666 0.6666666666666666 0.47291666666666665 0.6861111111111111 0.4666666666666667 0.6972222222222222 0.4588541666666667 0.7564814814814815 0.4479166666666667 0.7981481481481482
0 0.24007083333333332 0.10899074074074074 0.25017239583333334 0.12250370370370371 0.2559723958333333 0.1455074074074074 0.26221822916666665 0.17565 0.2648953125 0.23355555555555557 0.2706953125 0.2819425925925926 0.27515677083333334 0.29939351851851853 0.2729260416666667 0.3120851851851852 0.2796182291666666 0.30018703703703703 0.2858640625 0.2954277777777778 0.3068328125 0.3057388888888889 0.28898697916666666 0.2874953703703704 0.2880947916666667 0.26211203703703706 0.284971875 0.22483055555555556 0.2796182291666666 0.18437592592592594 0.27203385416666664 0.13360925925925926 0.2626645833333333 0.1137787037037037 0.25686458333333334 0.10743240740740741 0.24794166666666667 0.09632777777777779 0.24124947916666667 0.09632777777777779
0 0.2364578125 0.1489574074074074 0.24615729166666667 0.1597851851851852 0.24437239583333334 0.18358240740740742 0.24749531249999998 0.21451851851851853 0.2546338541666667 0.2644916666666667 0.2644489583333333 0.30970555555555557 0.28318750000000004 0.3335018518518519 0.290771875 0.3390546296296296 0.29746406249999996 0.3342953703703704 0.2827411458333334 0.30494629629629627 0.27024895833333334 0.27956296296296296 0.26177239583333334 0.1851685185185185 0.25864895833333335 0.16533796296296296 0.2573109375 0.1534398148148148 0.2483880208333333 0.15423333333333333
0 0.4937916666666667 0.2224685185185185 0.48752239583333334 0.26541296296296296 0.4768145833333334 0.3042814814814815 0.46298437499999995 0.32331851851851856 0.45584583333333334 0.34790925925925925 0.457184375 0.3566342592592593 0.44380000000000003 0.35822037037037036 0.43398489583333333 0.3804314814814815 0.4500458333333333 0.36218703703703703 0.45896875000000004 0.36615277777777777 0.4661072916666667 0.3740851851851852 0.478153125 0.3574277777777778 0.4830609375 0.3288712962962963 0.4906453125 0.29714259259259257 0.5004604166666666 0.2709657407407407 0.4995682291666667 0.24082314814814815
0 0.4488286458333333 0.16394537037037038 0.44424583333333334 0.17406388888888888 0.44692291666666667 0.18834166666666666 0.438 0.1986537037037037 0.43710781249999997 0.22721018518518518 0.44424583333333334 0.20023981481481481 0.45183072916666667 0.19548055555555555 0.466553125 0.20182685185185187 0.48261458333333335 0.20103333333333334 0.4968911458333333 0.22800277777777778 0.5058140625 0.27401018518518516 0.5080447916666667 0.2922546296296296 0.5133989583333334 0.30256666666666665 0.516521875 0.3223972222222222 0.5209833333333334 0.3287425925925926 0.5254447916666667 0.3128787037037037 0.5227677083333334 0.29463425925925923 0.5249984375 0.2779759259259259 0.5151833333333333 0.22641666666666665 0.5000145833333334 0.18834166666666666 0.4852916666666667 0.1685111111111111 0.46521510416666667 0.15423333333333333
0 0.4130989583333333 0.16465925925925926 0.4032005208333333 0.17485648148148147 0.4018619791666667 0.19151481481481483 0.4103390625 0.19310092592592593 0.41747708333333333 0.18596203703703704 0.43086145833333334 0.1827888888888889 0.44424583333333334 0.17089074074074076 0.4634302083333333 0.1597851851851852 0.48930677083333335 0.1685111111111111 0.5089374999999999 0.16057870370370372 0.5147369791666666 0.14947407407407406 0.53570625 0.16295833333333334 0.5499828125 0.1851685185185185 0.5419520833333333 0.16454537037037037 0.5209833333333334 0.14630092592592592 0.51830625 0.14074814814814815 0.5169677083333333 0.12726296296296294 0.5214291666666667 0.10505277777777777 0.510721875 0.06380555555555555 0.5169677083333333 0.10029351851851852 0.5129526041666667 0.12171111111111112 0.49778385416666665 0.11774444444444444 0.4799380208333333 0.12726296296296294 0.4611994791666667 0.13598888888888888 0.4388921875 0.1383685185185185
0 0.3530026041666667 0.4426527777777778 0.36029947916666666 0.43318981481481483 0.3718901041666667 0.4086194444444445 0.3750109375 0.417337962962963 0.39952916666666666 0.4117898148148148 0.41468645833333334 0.4189231481481482 0.42716875 0.4434944444444444 0.4423255208333333 0.4720277777777778 0.4409880208333333 0.48074629629629634 0.4240479166666667 0.46093148148148144 0.4030958333333333 0.4387388888888889 0.3843723958333333 0.43794629629629633 0.3714442708333333 0.4490425925925926 0.3718901041666667 0.46647962962962963 0.3772395833333333 0.4680648148148148 0.369215625 0.48470925925925923 0.366540625 0.5124500000000001 0.3580703125 0.5172055555555556 0.3790229166666667 0.5267166666666667 0.352275 0.5179981481481482 0.346034375 0.5179981481481482 0.34023854166666667 0.5021462962962963 0.3451427083333333 0.47361296296296296
0 0.438846875 0.4576287037037037 0.47085625 0.4577611111111111 0.4949291666666667 0.4450796296296296 0.505628125 0.4347759259259259 0.5158817708333333 0.4355685185185185 0.5190020833333333 0.44825000000000004 0.5256890625 0.45696851851851855 0.5377255208333334 0.48550185185185185 0.5234598958333333 0.4601388888888889 0.5167734375 0.45617592592592593 0.510978125 0.4680648148148148 0.5011703125 0.4728203703703704 0.4962666666666667 0.48391666666666666 0.4949291666666667 0.46964999999999996 0.4775432291666667 0.4744055555555555 0.44901250000000004 0.4704425925925926 0.4405421875 0.4704425925925926
0 0.41638281250000003 0.41697962962962964 0.4200359375 0.4117898148148148 0.4338557291666667 0.4205083333333333 0.4561453125 0.41813055555555556 0.4833385416666667 0.41575277777777775 0.5025078125 0.40148611111111115 0.5239057291666667 0.38721944444444445 0.5386171875 0.36898981481481485 0.5337135416666666 0.34600462962962963 0.5475328125 0.3571009259259259 0.5738348958333332 0.34917499999999996 0.5818593750000001 0.35313796296296296 0.5885463541666667 0.32301851851851854 0.5889916666666667 0.28101111111111116 0.5925583333333333 0.3246037037037037 0.5872088541666667 0.3523453703703704 0.5916666666666667 0.3713675925925926 0.5916666666666667 0.3824638888888889 0.6094984375 0.3943527777777778 0.624209375 0.4078268518518518 0.5983536458333333 0.3999009259259259 0.5885463541666667 0.3903898148148148 0.5760640625 0.4086194444444445 0.5577864583333334 0.417337962962963 0.5519911458333334 0.44270185185185185 0.5488703125 0.43715370370370366 0.5466416666666666 0.41971574074074075 0.5265807291666667 0.42843425925925926 0.5025078125 0.44111666666666666 0.46684427083333335 0.45696851851851855 0.437421875 0.4522129629629629 0.4222651041666667 0.43398333333333333
0 0.4118692708333333 0.5553435185185185 0.4124703125 0.5843601851851852 0.40686197916666667 0.6104379629629629 0.399528125 0.6986444444444444 0.399959375 0.7385296296296296 0.3943510416666667 0.756937962962963 0.39737083333333334 0.7822490740740741 0.40125364583333334 0.7937546296296296 0.3896057291666667 0.803725925925926 0.4047046875 0.7983564814814815 0.4120385416666667 0.8014249999999999 0.41592135416666665 0.7975898148148148 0.43360885416666667 0.8113953703703704 0.42800052083333334 0.8014249999999999 0.4189411458333333 0.7922203703703703 0.42196093749999997 0.7669092592592592 0.41980416666666664 0.7469666666666667 0.41592135416666665 0.7254907407407407 0.42196093749999997 0.6810037037037038 0.426275 0.6395851851851851 0.42584375 0.5950981481481482 0.4223921875 0.588962037037037 0.4232552083333333 0.563650925925926 0.41937239583333336 0.5529120370370371
0 0.3912953125 0.5394712962962963 0.3909 0.5521453703703704 0.39737083333333334 0.5782240740740741 0.3939197916666667 0.5866611111111112 0.3960770833333333 0.6303805555555556 0.39219427083333336 0.6771685185185186 0.38097760416666665 0.7070824074074074 0.37407552083333334 0.6963435185185186 0.37191822916666667 0.707849074074074 0.37364375 0.720887962962963 0.3680359375 0.7346944444444444 0.3671729166666667 0.7554037037037037 0.36372187500000003 0.7615398148148148 0.3680359375 0.7661416666666666 0.37838958333333333 0.7768805555555555 0.38744895833333337 0.8075611111111112 0.38529166666666664 0.7707444444444445 0.3939197916666667 0.7531027777777778 0.4008223958333333 0.7362287037037036 0.399959375 0.6894407407407408 0.40513645833333334 0.6342157407407407 0.41160729166666665 0.5851268518518519 0.41160729166666665 0.5736222222222221 0.4047046875 0.5705537037037037 0.40125364583333334 0.542174074074074
0 0.7567708333333333 0.10092592592592593 0.75625 0.12222222222222222 0.759375 0.1537037037037037 0.7734375 0.22685185185185186 0.7791666666666667 0.3 0.7859375 0.32407407407407407 0.7854166666666667 0.3351851851851852 0.7692708333333333 0.3648148148148148 0.7625 0.37222222222222223 0.7640625 0.37407407407407406 0.7703125 0.3685185185185185 0.7713541666666667 0.36018518518518516 0.7760416666666666 0.3611111111111111 0.7880208333333333 0.3435185185185185 0.8086088541666666 0.3400398148148148 0.8334880208333334 0.3691935185185185 0.8103052083333334 0.32797592592592595 0.8104166666666667 0.3138888888888889 0.8104166666666667 0.2777777777777778 0.8083333333333333 0.25462962962962965 0.8020833333333334 0.24259259259259258 0.7859375 0.15185185185185185 0.7807291666666667 0.1111111111111111 0.7802083333333333 0.08888888888888889 0.7760416666666666 0.06666666666666667 0.778125 0.05648148148148148 0.7760416666666666 0.04351851851851852 0.7713541666666667 0.040740740740740744 0.7635416666666667 0.049074074074074076
0 0.6980677083333333 0.5460731481481481 0.7136161458333333 0.5201537037037036 0.732840625 0.4819518518518519 0.7673322916666667 0.4457611111111111 0.7763791666666666 0.42666018518518517 0.7667666666666667 0.41359074074074076 0.77920625 0.4065537037037037 0.7967348958333333 0.3874527777777778 0.8029546875 0.3814203703703704 0.8063473958333333 0.33819166666666667 0.8097401041666666 0.35829814814814814 0.80804375 0.3834314814814815 0.8136979166666667 0.39750555555555556 0.8114359375000001 0.4276648148148148 0.8023890625 0.44676574074074077 0.7837296874999999 0.45782407407407405 0.7628088541666667 0.4930101851851852 0.7384953125 0.5322175925925926 0.7266208333333334 0.5472972222222222 0.7220973958333333 0.5462925925925926 0.7068307291666667 0.5684092592592592 0.6989145833333333 0.5613722222222223
0 0.79575625 0.35521759259259256 0.8108708333333333 0.3824259259259259 0.8120015625 0.42464907407407404 0.8125671874999999 0.45681944444444444 0.8193520833333333 0.5111064814814815 0.8182213541666666 0.5804731481481481 0.8216140625 0.6357648148148148 0.8278338541666667 0.6397861111111112 0.826703125 0.6679351851851852 0.8357500000000001 0.6850259259259259 0.8431005208333333 0.6679351851851852 0.8419697916666667 0.6407916666666666 0.8470583333333334 0.6166638888888889 0.8459276041666667 0.5322175925925926 0.8459276041666667 0.4779305555555555 0.8493203125 0.4316861111111111 0.8425348958333333 0.39549537037037036 0.8368807291666667 0.3753888888888889 0.8408385416666667 0.35126111111111114 0.8498859375 0.32713333333333333 0.8419697916666667 0.3311546296296296 0.8306609374999999 0.36433055555555555 0.826703125 0.37237314814814815 0.8170906250000001 0.37337777777777775 0.8063473958333333 0.36433055555555555
