0 0.4734375 0.462037037037037 0.4739583333333333 0.4685185185185185 0.4828125 0.4546296296296296 0.4895833333333333 0.4361111111111111 0.4942708333333333 0.43333333333333335 0.49947916666666664 0.43796296296296294 0.5130208333333334 0.4722222222222222 0.5177083333333333 0.4787037037037037 0.5171875 0.4703703703703704 0.5083333333333333 0.44537037037037036 0.50625 0.43333333333333335 0.5166666666666667 0.4064814814814815 0.5203125 0.38333333333333336 0.5192708333333333 0.3648148148148148 0.521875 0.34444444444444444 0.5286458333333334 0.3138888888888889 0.5432291666666667 0.26666666666666666 0.5473958333333333 0.24259259259259258 0.553125 0.22777777777777777 0.5541666666666667 0.21666666666666667 0.5526041666666667 0.21296296296296297 0.5479166666666667 0.21296296296296297 0.5442708333333334 0.2175925925925926 0.5401041666666667 0.22962962962962963 0.5276041666666667 0.25 0.521875 0.26666666666666666 0.49947916666666664 0.3592592592592593 0.49375 0.3648148148148148 0.4890625 0.4203703703703704 0.4828125 0.4324074074074074
0 0.571875 0.44814814814814813 0.5713541666666667 0.4861111111111111 0.5760416666666667 0.49722222222222223 0.58125 0.4898148148148148 0.5958333333333333 0.4101851851851852 0.6041666666666666 0.37777777777777777 0.6109375 0.3574074074074074 0.6192708333333333 0.3416666666666667 0.6244791666666667 0.3175925925925926 0.6244791666666667 0.2972222222222222 0.61875 0.2898148148148148 0.6098958333333333 0.29074074074074074 0.603125 0.3037037037037037 0.5958333333333333 0.3296296296296296 0.59375 0.3509259259259259 0.5760416666666667 0.41574074074074074
0 0.6770833333333334 0.37592592592592594 0.7010416666666667 0.387037037037037 0.7041666666666667 0.3925925925925926 0.709375 0.42685185185185187 0.7151041666666667 0.44166666666666665 0.7223958333333333 0.45 0.7286458333333333 0.4666666666666667 0.7354166666666667 0.5018518518518519 0.7401041666666667 0.5462962962962963 0.7442708333333333 0.5564814814814815 0.7479166666666667 0.5833333333333334 0.7526041666666666 0.587037037037037 0.7552083333333334 0.575 0.7557291666666667 0.5388888888888889 0.7520833333333333 0.5009259259259259 0.7385416666666667 0.44537037037037036 0.73125 0.40370370370370373 0.71875 0.3768518518518518 0.7166666666666667 0.3277777777777778 0.7109375 0.3731481481481482 0.7020833333333333 0.3787037037037037
0 0.39166666666666666 0.06018518518518518 0.39010416666666664 0.07962962962962963 0.39375 0.09074074074074075 0.39427083333333335 0.11018518518518519 0.39375 0.12222222222222222 0.39010416666666664 0.12962962962962962 0.39166666666666666 0.13333333333333333 0.3963541666666667 0.12962962962962962 0.4005208333333333 0.12037037037037036 0.4192708333333333 0.12129629629629629 0.42864583333333334 0.1259259259259259 0.4354166666666667 0.11388888888888889 0.45208333333333334 0.1111111111111111 0.4557291666666667 0.10555555555555556 0.503125 0.09537037037037037 0.5239583333333333 0.08425925925925926 0.5317708333333333 0.075 0.53125 0.06759259259259259 0.5010416666666667 0.06111111111111111 0.4557291666666667 0.07407407407407407 0.4197916666666667 0.07222222222222222 0.39947916666666666 0.08148148148148149 0.39427083333333335 0.06481481481481481 0.4015625 0.05185185185185185 0.39791666666666664 0.05185185185185185
0 0.3484375 0.35833333333333334 0.34739583333333335 0.37407407407407406 0.34750937499999995 0.4019731481481481 0.35446875 0.38959629629629633 0.3651041666666667 0.39166666666666666 0.3765625 0.3907407407407407 0.3854166666666667 0.38333333333333336 0.41302083333333334 0.3712962962962963 0.4328125 0.3685185185185185 0.4552083333333333 0.35648148148148145 0.4822916666666667 0.32037037037037036 0.484375 0.30833333333333335 0.4822916666666667 0.30277777777777776 0.4765625 0.30277777777777776 0.4588541666666667 0.3194444444444444 0.4125 0.3453703703703704 0.3848958333333333 0.34629629629629627 0.3807291666666667 0.3416666666666667 0.37916666666666665 0.33425925925925926 0.3765625 0.3333333333333333 0.371875 0.34074074074074073
0 0.28229166666666666 0.39166666666666666 0.25677083333333334 0.4425925925925926 0.2682291666666667 0.4638888888888889 0.26510416666666664 0.48148148148148145 0.2708333333333333 0.4787037037037037 0.27447916666666666 0.4648148148148148 0.28177083333333336 0.462037037037037 0.303125 0.4398148148148148 0.30572916666666666 0.42685185185185187 0.3182291666666667 0.40185185185185185 0.34791666666666665 0.35462962962962963 0.36302083333333335 0.3 0.3703125 0.28703703703703703 0.371875 0.275 0.36770833333333336 0.2712962962962963 0.36041666666666666 0.2777777777777778 0.34270833333333334 0.3074074074074074 0.3171875 0.3638888888888889 0.2989583333333333 0.38981481481481484 0.29270833333333335 0.3962962962962963 0.28802083333333334 0.39444444444444443 0.2864583333333333 0.38981481481481484
0 0.2296875 0.2962962962962963 0.23229166666666667 0.31296296296296294 0.23854166666666668 0.32222222222222224 0.246875 0.3277777777777778 0.25729166666666664 0.3537037037037037 0.25416666666666665 0.3861111111111111 0.2557291666666667 0.39814814814814814 0.265625 0.3472222222222222 0.28177083333333336 0.33425925925925926 0.2942708333333333 0.31666666666666665 0.30104166666666665 0.3138888888888889 0.2989583333333333 0.3037037037037037 0.30104166666666665 0.29444444444444445 0.3223958333333333 0.23981481481481481 0.3703125 0.1685185185185185 0.3885416666666667 0.1537037037037037 0.3921875 0.14537037037037037 0.3927083333333333 0.13055555555555556 0.378125 0.1287037037037037 0.36302083333333335 0.1425925925925926 0.3536458333333333 0.14629629629629629 0.34010416666666665 0.16296296296296298 0.32083333333333336 0.19907407407407407 0.2590880208333333 0.2828055555555556 0.24762604166666666 0.31993611111111114 0.2359375 0.29814814814814816
0 0.24375 0.4462962962962963 0.24114583333333334 0.45092592592592595 0.24114583333333334 0.4981481481481482 0.24479166666666666 0.6027777777777777 0.25104166666666666 0.6296296296296297 0.25625 0.6388888888888888 0.2640625 0.6388888888888888 0.26979166666666665 0.6342592592592593 0.26979166666666665 0.6175925925925926 0.2682291666666667 0.5861111111111111 0.26145833333333335 0.5425925925925926 0.259375 0.5018518518518519 0.2557291666666667 0.4787037037037037 0.253125 0.475 0.2484375 0.4546296296296296
0 0.26927083333333335 0.6574074074074074 0.26566875 0.6650324074074074 0.2540854166666667 0.6637703703703703 0.275 0.6759259259259259 0.28458020833333336 0.7259953703703704 0.28032500000000005 0.6818500000000001 0.2828125 0.674074074074074 0.2911458333333333 0.6574074074074074 0.2947916666666667 0.6342592592592593 0.3104166666666667 0.5842592592592593 0.31145833333333334 0.5361111111111111 0.3026041666666667 0.5527777777777778 0.2864583333333333 0.6157407407407407 0.2791666666666667 0.6314814814814815 0.27395833333333336 0.6361111111111111
0 0.36666666666666664 0.5009259259259259 0.37395833333333334 0.5203703703703704 0.38522447916666663 0.5317907407407407 0.3875505208333333 0.5317907407407407 0.39010416666666664 0.5333333333333333 0.4234375 0.5277777777777778 0.44166666666666665 0.4935185185185185 0.4479166666666667 0.44537037037037036 0.45416666666666666 0.4388888888888889 0.4421875 0.4398148148148148 0.4348958333333333 0.4351851851851852 0.4276041666666667 0.4212962962962963 0.42552083333333335 0.4212962962962963 0.4244791666666667 0.42685185185185187 0.42864583333333334 0.4444444444444444 0.42239583333333336 0.4703703703703704 0.4192708333333333 0.4981481481481482 0.41302083333333334 0.5064814814814815 0.40677083333333336 0.5083333333333333 0.3802083333333333 0.5009259259259259
0 0.5515625 0.2518518518518518 0.5494791666666666 0.25555555555555554 0.5515625 0.26851851851851855 0.5760416666666667 0.2833333333333333 0.5947916666666667 0.29074074074074074 0.61875 0.2898148148148148 0.625 0.2962962962962963 0.6458333333333334 0.2962962962962963 0.6567708333333333 0.30185185185185187 0.6765625 0.29814814814814816 0.69375 0.31574074074074077 0.6859375 0.2962962962962963 0.6828125 0.2740740740740741 0.678125 0.26296296296296295 0.6723958333333333 0.25833333333333336 0.6510416666666666 0.25462962962962965 0.6447916666666667 0.2601851851851852 0.6260416666666667 0.26296296296296295 0.5796875 0.2518518518518518
0 0.50401875 0.11695185185185186 0.5222453125000001 0.09503611111111111 0.5276364583333334 0.0781425925925926 0.5320005208333334 0.06809814814814816 0.5332838541666667 0.055313888888888885 0.5348244791666666 0.055313888888888885 0.5353380208333333 0.07175092592592593 0.5504838541666667 0.0781425925925926 0.5702505208333334 0.08636111111111111 0.5684536458333334 0.09686203703703704 0.5861666666666667 0.12380000000000001 0.60465 0.15484722222222225 0.6213364583333333 0.18087222222222224 0.6403333333333333 0.1954824074074074 0.6549661458333333 0.21694074074074074 0.6531687500000001 0.2242462962962963 0.6362260416666667 0.22013703703703702 0.6244171875000001 0.21785462962962962 0.6025963541666666 0.19593888888888888 0.5818026041666666 0.1557601851851852 0.5569015625 0.13293148148148148 0.5548479166666667 0.15484722222222225 0.5435526041666667 0.12608333333333333 0.5276364583333334 0.10599351851851851 0.5168546875 0.11147222222222222 0.49657395833333334 0.13704074074074074 0.48630572916666664 0.14891203703703704
0 0.5815458333333333 0.11055925925925926 0.5884770833333334 0.10005833333333333 0.5938682291666667 0.08727407407407407 0.5933546875 0.05896666666666667 0.5964354166666667 0.04983518518518519 0.5995161458333332 0.05211759259259259 0.5964354166666667 0.0694675925925926 0.6002859375 0.08499166666666666 0.6213364583333333 0.1041675925925926 0.6321182291666666 0.11512499999999999 0.6441838541666667 0.1215175925925926 0.6382796875000001 0.1384101851851852 0.6511151041666667 0.1731101851851852 0.6880817708333333 0.22059351851851852 0.7024578125000001 0.256662962962963 0.7047682291666667 0.2699037037037037 0.7147802083333333 0.2977546296296296 0.7122130208333334 0.3187574074074074 0.7029713541666667 0.3183009259259259 0.6919328124999999 0.2895361111111111 0.6773 0.26396851851851855 0.65650625 0.21785462962962962 0.6387932291666666 0.19319907407407408 0.6092708333333333 0.16854444444444444 0.5907874999999999 0.132475 0.5866802083333333 0.11512499999999999
0 0.6765036458333333 0.062625 0.6927859375 0.08239166666666667 0.6927859375 0.08882777777777777 0.6907182291666667 0.0980212962962963 0.6731437499999999 0.11870833333333335 0.6643562500000001 0.13801574074074072 0.6904598958333333 0.10261851851851853 0.7054505208333333 0.10905462962962963 0.7183729166666667 0.12054722222222222 0.7209578125 0.12238518518518518 0.7281942708333333 0.13341851851851852 0.72741875 0.11732870370370371 0.7509385416666666 0.12146666666666667 0.7669625 0.12238518518518518 0.78014375 0.13066018518518518 0.7972015625 0.1449111111111111 0.7925494791666666 0.11411111111111111 0.7793682291666666 0.09894074074074073 0.7517135416666666 0.08744907407407407 0.7351723958333333 0.07779537037037038 0.7351723958333333 0.07043981481481482 0.7276776041666667 0.06722222222222221 0.7227666666666667 0.07273796296296296 0.7098442708333333 0.06860092592592593 0.697696875 0.07181851851851852 0.6839984375 0.0594074074074074
0 0.7620520833333334 0.1347972222222222 0.7752333333333333 0.14766944444444444 0.7909989583333333 0.17203333333333332 0.7964265625 0.19869537037037038 0.7941005208333334 0.21432500000000002 0.7961677083333334 0.2317935185185185 0.8005614583333334 0.2520203703703704 0.8072812500000001 0.25799629629629633 0.7819531249999999 0.24420555555555556 0.7760083333333333 0.2354712962962963 0.78014375 0.2533990740740741 0.8015953125 0.26856944444444447 0.8137427083333333 0.2722472222222222 0.8204625 0.26121388888888886 0.8251151041666667 0.2317935185185185 0.8088322916666667 0.17525092592592592 0.7876390625 0.13801574074074072 0.7641197916666667 0.12192592592592594 0.764378125 0.13020092592592591
0 0.7941005208333334 0.11135277777777777 0.8067645833333333 0.13433796296296296 0.8137427083333333 0.1347972222222222 0.8320932291666666 0.17295277777777776 0.8382958333333334 0.23593055555555556 0.84165625 0.2648916666666667 0.8470833333333334 0.2786824074074074 0.8532864583333333 0.2786824074074074 0.8491510416666667 0.3002888888888889 0.8543203125000001 0.31683796296296296 0.8545786458333333 0.3375240740740741 0.8587140625 0.34901666666666664 0.8561291666666667 0.36878333333333335 0.8473421875 0.36648518518518514 0.8385546875000001 0.37200092592592593 0.8300255208333333 0.41521296296296295 0.8225302083333333 0.42992314814814814 0.8344192708333333 0.36694444444444446 0.8245979166666667 0.3352259259259259 0.8186536458333333 0.3081037037037037 0.8119338541666666 0.2924740740740741 0.8212380208333333 0.2791425925925926 0.822271875 0.23822962962962965 0.8119338541666666 0.18260555555555555 0.8010786458333333 0.15686296296296298
0 0.3151067708333333 0.4182444444444445 0.3112859375 0.44844814814814815 0.31362083333333335 0.4873342592592593 0.31595572916666664 0.5122518518518518 0.3110739583333333 0.5417 0.30810208333333333 0.5934231481481482 0.3027958333333334 0.6092796296296297 0.3055552083333334 0.616075 0.30024843749999997 0.6394833333333334 0.30237083333333337 0.6534518518518518 0.307253125 0.6530740740740741 0.3114984375 0.6425027777777778 0.3144703125 0.6236259259259259 0.32296041666666664 0.6100351851851852 0.3342104166666667 0.5405675925925926 0.3365453125 0.4744981481481481 0.3342104166666667 0.43032592592592595 0.3308145833333333 0.4122037037037037 0.3308145833333333 0.40729629629629627 0.32635677083333337 0.4159796296296296 0.3176541666666666 0.4193777777777778
0 0.33845572916666666 0.3914398148148148 0.3437625 0.42881574074074075 0.3562859375 0.4665694444444444 0.36711145833333336 0.5069666666666667 0.380271875 0.5450981481481482 0.38536614583333334 0.558312037037037 0.39109687499999995 0.5892703703703704 0.397040625 0.5949333333333333 0.3893989583333333 0.5971981481481482 0.380271875 0.6066370370370371 0.374540625 0.647411111111111 0.3768755208333333 0.6002185185185185 0.36859739583333334 0.5854944444444444 0.36244166666666666 0.5568018518518518 0.3550125 0.536037037037037 0.3414276041666667 0.4869564814814815 0.3365453125 0.46921296296296294 0.3337859375 0.4239074074074074 0.3310265625 0.402387962962963 0.3339984375 0.39710277777777775
0 0.38345572916666665 0.5469444444444445 0.408290625 0.5635555555555556 0.4261203125 0.5805453703703704 0.43864427083333335 0.5982898148148148 0.4568984375 0.6228296296296296 0.4664505208333333 0.646237037037037 0.47366718750000003 0.6639814814814815 0.4887380208333333 0.6741750000000001 0.4989265625 0.6719101851851852 0.5046578125 0.6579407407407407 0.5275822916666667 0.6605833333333333 0.5472604166666667 0.6662462962962964 0.5073552083333334 0.6503898148148148 0.49546822916666666 0.6277379629629629 0.4816713541666667 0.6062175925925927 0.47381770833333337 0.5843203703703704 0.47084583333333335 0.6009324074074074 0.44983177083333337 0.5722398148148148 0.4290302083333334 0.5363731481481482 0.4099265625 0.5258018518518518 0.38487916666666666 0.5299546296296296 0.37511510416666666 0.5261796296296296
0 0.38848802083333334 0.608462037037037 0.402921875 0.5854324074074074 0.4086526041666667 0.5778814814814814 0.413746875 0.5710861111111112 0.4300911458333333 0.5846777777777777 0.45237916666666667 0.6194111111111111 0.46511458333333333 0.6443287037037037 0.48676562500000004 0.6711342592592593 0.4961052083333334 0.6764194444444445 0.49546822916666666 0.6851027777777777 0.4842182291666666 0.6903888888888889 0.45216666666666666 0.6609407407407407 0.4349734375 0.632625 0.43051614583333336 0.6296046296296296 0.42308645833333336 0.6197888888888888 0.41480833333333333 0.61035 0.40695468749999997 0.5952481481481482 0.40695468749999997 0.5907185185185185
0 0.3816953125 0.6420638888888889 0.38848802083333334 0.6582972222222222 0.3889125 0.6707564814814815 0.3840302083333333 0.6862351851851852 0.37278020833333336 0.7043574074074074 0.3901859375 0.686612962962963 0.40377083333333336 0.6949194444444444 0.42308645833333336 0.6952962962962963 0.44431302083333335 0.6937861111111111 0.46086927083333334 0.7020925925925926 0.48570416666666666 0.7119083333333334 0.4958927083333334 0.7137962962962963 0.5069307291666667 0.7122861111111111 0.5179682291666666 0.708887962962963 0.5200911458333334 0.6983166666666667 0.5122375 0.6937861111111111 0.5005625 0.6922759259259259 0.48230833333333334 0.6862351851851852 0.458534375 0.6771750000000001 0.44155364583333334 0.6628277777777778 0.43285104166666666 0.6567879629629629 0.4241479166666667 0.6549 0.42202552083333333 0.6462166666666667 0.4154453125 0.6477268518518519 0.40504427083333333 0.647349074074074 0.40101145833333335 0.6492370370370371 0.39443125 0.653012037037037
0 0.3685348958333333 0.7254999999999999 0.3874265625 0.7202138888888889 0.40546875 0.7360703703703704 0.4209640625 0.7541925925925926 0.42584635416666666 0.7541925925925926 0.43157708333333333 0.7481518518518518 0.458959375 0.7624981481481482 0.4888880208333333 0.7541925925925926 0.5031098958333333 0.7432444444444444 0.5194541666666667 0.7202138888888889 0.5253973958333333 0.7036027777777777 0.5139354166666666 0.7122861111111111 0.4973786458333333 0.7326731481481482 0.4674494791666667 0.740600925925926 0.44325156250000003 0.7202138888888889 0.42605833333333337 0.7062453703703704 0.425209375 0.6964287037037037 0.40568125 0.6945416666666667 0.39358229166666664 0.6862351851851852 0.38275677083333337 0.6658481481481482 0.3897614583333333 0.6941638888888889 0.38827552083333333 0.7077555555555556 0.37936041666666664 0.7153064814814815
0 0.35452552083333333 0.8322814814814815 0.35855885416666666 0.8560249999999999 0.3630161458333333 0.8560657407407408 0.3732046875 0.8432296296296297 0.3867895833333333 0.8353018518518518 0.4103510416666667 0.8235981481481481 0.4264828125 0.8141592592592592 0.43900625000000004 0.8111388888888889 0.44516197916666667 0.810761111111111 0.4542895833333333 0.8047203703703704 0.46108177083333335 0.8050981481481482 0.4562 0.8228425925925925 0.4404921875 0.8375666666666667 0.41735572916666663 0.8564435185185185 0.39188385416666666 0.8730555555555556 0.38233229166666666 0.883249074074074 0.37256822916666665 0.8855138888888889 0.3808463541666667 0.8975953703703704 0.38233229166666666 0.8991055555555556 0.3670494791666667 0.8892898148148148 0.3594078125 0.876075925925926 0.35304010416666665 0.8526685185185184 0.34879479166666666 0.8209546296296296 0.34964375000000003 0.8077407407407408
0 0.38233229166666666 0.8873601851851852 0.38763854166666667 0.9054824074074075 0.4046197916666667 0.9152981481481481 0.42053958333333336 0.9137879629629629 0.4039828125 0.9047277777777778 0.42584635416666666 0.8809425925925926 0.46617604166666665 0.8548916666666667 0.48506770833333335 0.8469638888888888 0.4939828125 0.8367703703703704 0.5011994791666666 0.822424074074074 0.5141473958333334 0.8058120370370371 0.5111760416666666 0.7922203703703703 0.49483177083333335 0.8020370370370371 0.49270885416666665 0.8046796296296296 0.47891197916666667 0.8114750000000001 0.4528036458333334 0.8311074074074074 0.4192661458333333 0.854137037037037 0.40101145833333335 0.8703712962962963 0.3872140625 0.8794324074074075
0 0.42011510416666664 0.8877379629629629 0.42393593749999997 0.902462037037037 0.42796875 0.9168083333333333 0.43561041666666667 0.9232268518518519 0.4334875 0.908125 0.4576854166666667 0.9013296296296297 0.4712703125 0.8903805555555555 0.4965296875 0.8847175925925926 0.5196666666666666 0.8869833333333333 0.5453505208333334 0.867350925925926 0.5532041666666667 0.8530046296296296 0.5502322916666667 0.8458314814814816 0.5368598958333333 0.8511166666666666 0.5243364583333333 0.8518722222222223 0.520515625 0.8507388888888889 0.5005625 0.8560249999999999 0.4861286458333333 0.8643305555555555 0.46575156250000005 0.8575351851851852 0.4547140625 0.8597999999999999 0.4311526041666667 0.8752796296296297 0.42542135416666665 0.8828296296296296
0 0.67335625 0.8144157407407407 0.69301875 0.8129166666666667 0.7022885416666667 0.7999268518518519 0.7039739583333334 0.7714481481481481 0.7095916666666666 0.7514638888888889 0.7087489583333333 0.800425925925926 0.7233557291666667 0.8199111111111111 0.7343104166666666 0.8408944444444445 0.7472317708333333 0.849387962962963 0.7747598958333334 0.8344 0.7854338541666667 0.8104185185185184 0.7918942708333333 0.7969287037037037 0.7980744791666667 0.7834388888888889 0.8059390625 0.7764444444444444 0.8065010416666667 0.7919324074074074 0.7986359375000001 0.8099185185185185 0.7904901041666667 0.8314018518518519 0.775040625 0.8538851851851852 0.7573442708333334 0.8763675925925926 0.7416140625 0.8788657407407408 0.7185802083333334 0.8683731481481481 0.705378125 0.8518861111111111 0.68824375 0.8249074074074074 0.6848729166666666 0.8224092592592592
0 0.698075 0.850387037037037 0.7185802083333334 0.880363888888889 0.7343104166666666 0.8968518518518519 0.7545354166666667 0.900349074074074 0.7817822916666667 0.8893574074074074 0.7879619791666667 0.8848611111111111 0.7862765625 0.8953527777777778 0.8045348958333334 0.8713712962962963 0.8104333333333333 0.8618787037037037 0.8138041666666667 0.8583814814814815 0.8177369791666667 0.8683731481481481 0.8050963541666667 0.8913555555555556 0.8244786458333333 0.8703722222222222 0.8216697916666666 0.8553833333333333 0.8140854166666667 0.8483888888888889 0.809871875 0.8279046296296296 0.8081864583333334 0.7994268518518518 0.7966697916666666 0.8289037037037037 0.7820630208333333 0.8423935185185185 0.7629619791666666 0.8698722222222222 0.7455463541666667 0.8843611111111112 0.7270072916666667 0.8753685185185185
