0 0.27447916666666666 0.850925925925926 0.28489583333333335 0.8703703703703703 0.2875 0.8805555555555555 0.2864583333333333 0.8944444444444445 0.2911458333333333 0.8833333333333333 0.3078125 0.8703703703703703 0.328125 0.8777777777777778 0.3104166666666667 0.8601851851851852 0.2994791666666667 0.7870370370370371 0.2947916666666667 0.7861111111111111 0.28854166666666664 0.7787037037037037 0.27395833333333336 0.725 0.2708333333333333 0.700925925925926 0.271875 0.65 0.26979166666666665 0.6222222222222222 0.275 0.6046296296296296 0.2755208333333333 0.5916666666666667 0.271875 0.5833333333333334 0.2635416666666667 0.5833333333333334 0.259375 0.5907407407407408 0.25052083333333336 0.6351851851851852 0.24947916666666667 0.6712962962962963 0.25104166666666666 0.7018518518518518 0.2557291666666667 0.7305555555555555 0.2635416666666667 0.8101851851851852 0.2671875 0.8296296296296296 0.27447916666666666 0.850925925925926
0 0.2635416666666667 0.42314814814814816 0.2604166666666667 0.4388888888888889 0.2484375 0.46296296296296297 0.24583333333333332 0.46574074074074073 0.2390625 0.46296296296296297 0.24114583333333334 0.4703703703703704 0.2546875 0.49166666666666664 0.26666666666666666 0.48703703703703705 0.28020833333333334 0.47129629629629627 0.30416666666666664 0.4203703703703704 0.31354166666666666 0.4083333333333333 0.32916666666666666 0.3768518518518518 0.33541666666666664 0.3472222222222222 0.3359375 0.30648148148148147 0.33229166666666665 0.2953703703703704 0.32916666666666666 0.2935185185185185 0.3260416666666667 0.2972222222222222 0.3229166666666667 0.3314814814814815 0.3 0.38796296296296295 0.27708333333333335 0.425 0.2703125 0.42962962962962964 0.2671875 0.42314814814814816 0.2635416666666667 0.42314814814814816
0 0.384375 0.7148148148148148 0.3880208333333333 0.6814814814814815 0.3848958333333333 0.6138888888888889 0.3890625 0.5814814814814815 0.38958333333333334 0.5481481481481482 0.3875 0.5222222222222223 0.3885416666666667 0.5092592592592593 0.384375 0.5 0.3796875 0.5027777777777778 0.3729166666666667 0.5462962962962963 0.3692708333333333 0.6453703703703704 0.3640625 0.6722222222222223 0.36354166666666665 0.6981481481481482 0.36770833333333336 0.7231481481481481 0.37864583333333335 0.7268518518518519 0.384375 0.7148148148148148
0 0.32708333333333334 0.7435185185185185 0.3328125 0.7620370370370371 0.3385416666666667 0.7712962962962963 0.35052083333333334 0.7685185185185185 0.353125 0.762962962962963 0.353125 0.7388888888888889 0.35 0.7111111111111111 0.34427083333333336 0.6981481481481482 0.33958333333333335 0.6777777777777778 0.3302083333333333 0.6185185185185185 0.321875 0.5879629629629629 0.3145833333333333 0.5712962962962963 0.3072916666666667 0.562037037037037 0.29791666666666666 0.5388888888888889 0.2911458333333333 0.5370370370370371 0.2890625 0.5407407407407407 0.28958333333333336 0.5509259259259259 0.296875 0.5694444444444444 0.3234375 0.6962962962962963 0.32395833333333335 0.7240740740740741 0.32708333333333334 0.7435185185185185
0 0.48072916666666665 0.6907407407407408 0.4864583333333333 0.6981481481481482 0.48802083333333335 0.687962962962963 0.48020833333333335 0.5858027777777778 0.48072916666666665 0.5342592592592592 0.4734375 0.5064814814814815 0.4625 0.5083333333333333 0.4588541666666667 0.5166666666666667 0.4583333333333333 0.5416666666666666 0.4625 0.5666666666666667 0.4666666666666667 0.6277777777777778 0.4713541666666667 0.6453703703703704 0.471875 0.6611111111111111 0.48072916666666665 0.6907407407407408
0 0.5192708333333333 0.5092592592592593 0.51875 0.5009259259259259 0.5135416666666667 0.4898148148148148 0.4973958333333333 0.4787037037037037 0.4822916666666667 0.47685185185185186 0.465625 0.45740740740740743 0.453125 0.4351851851851852 0.4354166666666667 0.4203703703703704 0.43125 0.42407407407407405 0.43020833333333336 0.42777777777777776 0.453125 0.4666666666666667 0.4942708333333333 0.512962962962963 0.5005208333333333 0.5166666666666667 0.5151041666666667 0.5166666666666667 0.5192708333333333 0.5092592592592593
0 0.5802083333333333 0.09814814814814815 0.5859375 0.09351851851851851 0.6010416666666667 0.09351851851851851 0.6072916666666667 0.08611111111111111 0.6078125 0.07777777777777778 0.6 0.07037037037037037 0.5859375 0.06944444444444445 0.5760416666666667 0.06481481481481481 0.5270833333333333 0.07037037037037037 0.5171875 0.06574074074074074 0.5057291666666667 0.07592592592592592 0.4973958333333333 0.0712962962962963 0.4817708333333333 0.0712962962962963 0.4708333333333333 0.08055555555555556 0.4661458333333333 0.07777777777777778 0.46197916666666666 0.0824074074074074 0.46197916666666666 0.08888888888888889 0.45989583333333334 0.09074074074074075 0.459375 0.10740740740740741 0.4625 0.12037037037037036 0.4822916666666667 0.12407407407407407 0.5026041666666666 0.11388888888888889 0.5385416666666667 0.1111111111111111 0.5802083333333333 0.09814814814814815
0 0.6869791666666667 0.10833333333333334 0.721875 0.11203703703703703 0.7354166666666667 0.10740740740740741 0.7479166666666667 0.0962962962962963 0.7536458333333333 0.08703703703703704 0.7536458333333333 0.075 0.7515625 0.06481481481481481 0.7489583333333333 0.062037037037037036 0.7359375 0.06111111111111111 0.7057291666666666 0.07037037037037037 0.7005208333333334 0.07685185185185185 0.6958333333333333 0.07777777777777778 0.6416666666666667 0.07962962962962963 0.6182291666666667 0.09907407407407408 0.6151041666666667 0.10555555555555556 0.6151041666666667 0.11203703703703703 0.6182291666666667 0.11574074074074074 0.6364583333333333 0.1111111111111111 0.6552083333333333 0.11481481481481481 0.6869791666666667 0.10833333333333334
0 0.7838541666666666 0.2796296296296296 0.7984375 0.2861111111111111 0.8109375 0.2833333333333333 0.8182291666666667 0.28703703703703703 0.8244791666666667 0.2675925925925926 0.8177083333333334 0.2518518518518518 0.7947916666666667 0.23425925925925925 0.7770833333333333 0.23703703703703705 0.7177083333333333 0.21388888888888888 0.6822916666666666 0.20925925925925926 0.6802083333333333 0.21296296296296297 0.6817708333333333 0.225 0.7 0.2361111111111111 0.70625 0.24351851851851852 0.7640625 0.26481481481481484 0.7838541666666666 0.2796296296296296
0 0.8359375 0.2759259259259259 0.846875 0.2712962962962963 0.8572916666666667 0.25925925925925924 0.8572916666666667 0.24444444444444444 0.8416666666666667 0.20833333333333334 0.8416666666666667 0.19722222222222222 0.8333333333333334 0.19537037037037036 0.8229166666666666 0.17685185185185184 0.7911458333333333 0.09537037037037037 0.7869791666666667 0.08611111111111111 0.7822916666666667 0.08333333333333333 0.7770833333333333 0.06388888888888888 0.7755208333333333 0.06111111111111111 0.7734375 0.06296296296296296 0.7739583333333333 0.09074074074074075 0.7973958333333333 0.15555555555555556 0.8119791666666667 0.21666666666666667 0.8114583333333333 0.22870370370370371 0.821875 0.25925925925925924 0.8359375 0.2759259259259259
0 0.6145833333333334 0.65 0.6307291666666667 0.65 0.6427083333333333 0.6453703703703704 0.6520833333333333 0.6351851851851852 0.6546875 0.6259259259259259 0.6541666666666667 0.6138888888888889 0.6520833333333333 0.6055555555555555 0.6421875 0.5972222222222222 0.615625 0.5898148148148148 0.5453125 0.6101851851851852 0.5291666666666667 0.6203703703703703 0.5135416666666667 0.6407407407407407 0.5104166666666666 0.649074074074074 0.5109375 0.6601851851851852 0.5026041666666666 0.6851851851851852 0.5015625 0.6944444444444444 0.5421875 0.6518518518518519 0.5557291666666667 0.6416666666666667 0.5666666666666667 0.637962962962963 0.5916666666666667 0.6388888888888888 0.6145833333333334 0.65
0 0.7177083333333333 0.39166666666666666 0.7375 0.3768518518518518 0.7572916666666667 0.35648148148148145 0.8026041666666667 0.3351851851851852 0.8130208333333333 0.3212962962962963 0.8140625 0.29444444444444445 0.8104166666666667 0.29074074074074074 0.7911458333333333 0.28888888888888886 0.7869791666666667 0.2953703703703704 0.7791666666666667 0.29814814814814816 0.7729166666666667 0.3111111111111111 0.7494791666666667 0.3333333333333333 0.728125 0.34814814814814815 0.703125 0.36018518518518516 0.7020833333333333 0.3768518518518518 0.7067708333333333 0.3814814814814815 0.7104166666666667 0.3888888888888889 0.7098958333333333 0.3925925925925926 0.7166666666666667 0.3962962962962963 0.7177083333333333 0.39166666666666666
0 0.4625 0.18981481481481483 0.4901041666666667 0.2222222222222222 0.5078125 0.22685185185185186 0.5161458333333333 0.23333333333333334 0.5265625 0.225 0.5239583333333333 0.21296296296296297 0.5171875 0.2111111111111111 0.5151041666666667 0.20277777777777778 0.5041666666666667 0.1925925925925926 0.49947916666666664 0.18333333333333332 0.47604166666666664 0.16296296296296298 0.4546875 0.1388888888888889 0.44479166666666664 0.125 0.4317708333333333 0.09814814814814815 0.4239583333333333 0.08888888888888889 0.4041666666666667 0.07314814814814814 0.3953125 0.08888888888888889 0.39479166666666665 0.10185185185185185 0.40520833333333334 0.125 0.4197916666666667 0.1425925925925926 0.4359375 0.15462962962962962 0.4510416666666667 0.1712962962962963 0.4625 0.18981481481481483
0 0.6598958333333333 0.4388888888888889 0.6786458333333333 0.4398148148148148 0.6859375 0.425 0.6833333333333333 0.41574074074074074 0.684375 0.41203703703703703 0.6802083333333333 0.4064814814814815 0.6604166666666667 0.39351851851851855 0.640625 0.3962962962962963 0.6151041666666667 0.38425925925925924 0.584375 0.37592592592592594 0.5765625 0.37962962962962965 0.5572916666666666 0.37592592592592594 0.55625 0.38425925925925924 0.5583333333333333 0.3888888888888889 0.5791666666666667 0.4046296296296296 0.621875 0.41759259259259257 0.6479166666666667 0.4287037037037037 0.6598958333333333 0.4388888888888889
0 0.3772317708333333 0.4598305555555556 0.3847119791666667 0.44538425925925923 0.38910260416666664 0.43585 0.3957703125 0.43642777777777775 0.40341302083333336 0.4156259259259259 0.40812916666666665 0.4094703703703704 0.4091046875 0.4071592592592593 0.4091046875 0.4020472222222222 0.41723541666666664 0.38789074074074076 0.424228125 0.38760185185185186 0.43414791666666663 0.3798009259259259 0.441303125 0.36419907407407404 0.4489458333333333 0.3561092592592593 0.46016666666666667 0.34773055555555554 0.47041145833333337 0.3306851851851852 0.47463958333333334 0.3072824074074074 0.4682973958333333 0.2913925925925926 0.4606546875 0.2913925925925926 0.4533364583333333 0.29919351851851855 0.4422786458333333 0.3194175925925926 0.437075 0.3373296296296296 0.42813124999999996 0.3535092592592593 0.4118692708333333 0.3685333333333333 0.40178697916666667 0.3809564814814815 0.3882895833333333 0.4032027777777778 0.380971875 0.4162037037037037 0.38178489583333336 0.42544907407407406 0.380971875 0.42371574074074075 0.37837031250000003 0.43122777777777777 0.3704015625 0.4439398148148148 0.3702390625 0.45665185185185186 0.3772317708333333 0.4598305555555556
0 0.4209760416666667 0.4481851851851852 0.4198375 0.4372064814814815 0.424228125 0.43056111111111106 0.432684375 0.42333796296296294 0.4391890625 0.41062592592592595 0.44536822916666663 0.3973361111111111 0.4570770833333333 0.37913425925925925 0.4645572916666667 0.36699907407407406 0.475778125 0.35486481481481486 0.48829947916666666 0.33319629629629627 0.493178125 0.3166537037037037 0.493503125 0.30509722222222224 0.4962677083333333 0.2918074074074074 0.49740625 0.2782277777777778 0.493178125 0.27187222222222224 0.48829947916666666 0.28198425925925924 0.48618541666666665 0.2952740740740741 0.47968072916666665 0.30971944444444444 0.4720375 0.3247435185185185 0.4687854166666667 0.3337 0.46276875 0.3429453703703703 0.4533364583333333 0.35305740740740743 0.44276666666666664 0.36259166666666665 0.4357739583333334 0.3747259259259259 0.4317083333333333 0.3810824074074074 0.42585416666666664 0.3859935185185185 0.42 0.38714907407407406 0.41479635416666666 0.39321666666666666 0.40975520833333334 0.4033287037037037 0.4091859375 0.41424814814814814 0.4120317708333333 0.4247824074074074 0.41463385416666665 0.4311388888888889 0.41821145833333334 0.4357611111111111 0.4191869791666667 0.44934074074074076 0.4211385416666667 0.47072037037037034 0.4209760416666667 0.4481851851851852
0 0.4093484375 0.3154490740740741 0.4163411458333333 0.3059148148148148 0.4233338541666667 0.30042592592592593 0.4381317708333333 0.28713518518518516 0.45406822916666667 0.27442314814814817 0.47195624999999997 0.26864444444444446 0.49163333333333337 0.2628666666666667 0.5049677083333334 0.2640222222222222 0.5210666666666667 0.25188796296296295 0.5261078124999999 0.23715277777777777 0.5265958333333333 0.21346203703703703 0.519278125 0.20248333333333332 0.50659375 0.2010388888888889 0.4978125 0.2143287037037037 0.48577864583333336 0.2316638888888889 0.4724442708333333 0.24264259259259258 0.4517916666666667 0.25275462962962963 0.432928125 0.2576657407407407 0.41975625 0.26980000000000004 0.410975 0.2839574074074074 0.40755989583333335 0.29435833333333333 0.4002421875 0.30579259259259256 0.3947130208333334 0.31804907407407407 0.3950385416666667 0.32671666666666666 0.3976401041666667 0.3293175925925926 0.40219375 0.32671666666666666 0.4093484375 0.3154490740740741
0 0.6158729166666668 0.7267342592592593 0.6070916666666667 0.7391574074074073 0.5955458333333333 0.7579370370370371 0.5846505208333334 0.7466694444444445 0.5768447916666666 0.7328009259259259 0.5835119791666667 0.7489805555555555 0.5887156250000001 0.7533148148148149 0.5947322916666666 0.7599592592592592 0.5960333333333333 0.7660268518518518 0.5973343750000001 0.77585 0.6002614583333333 0.78105 0.5961963541666666 0.7952074074074074 0.5898541666666667 0.8108083333333334 0.5953828125 0.8038749999999999 0.5997734375 0.7905842592592592 0.6025380208333334 0.7839398148148148 0.6092057291666666 0.7793166666666667 0.6131083333333333 0.7796055555555556 0.623190625 0.7741166666666667 0.6303458333333333 0.7660268518518518 0.6329473958333334 0.7634268518518519 0.6379885416666667 0.7625601851851852 0.6417291666666666 0.758225925925926 0.6376635416666667 0.7538925925925926 0.6467703124999999 0.7417574074074074 0.6700244791666666 0.7142777777777778 0.6789682291666667 0.6995435185185185 0.6905140625 0.6770083333333333 0.6991328125 0.6498342592592593 0.6979947916666667 0.6316324074074074 0.6914901041666667 0.6264324074074075 0.6853104166666667 0.6397222222222222 0.6789682291666667 0.660812962962963 0.6727890625 0.681037037037037 0.6646578125 0.6943277777777778 0.6521364583333333 0.7047287037037037 0.6398994791666667 0.7126981481481482 0.6283942708333333 0.7212444444444444 0.6243291666666667 0.7232675925925927 0.6246541666666666 0.711999074074074 0.6205885416666667 0.7172000000000001 0.6161979166666666 0.7258675925925926 0.6158729166666668 0.7267342592592593
0 0.6763666666666667 0.6711842592592593 0.6862859375 0.6391148148148148 0.6914901041666667 0.628136111111111 0.6997833333333333 0.6295805555555556 0.7004338541666667 0.6197574074074074 0.7053125 0.6145564814814815 0.7129552083333334 0.5995333333333334 0.7170208333333333 0.5853759259259259 0.7157197916666667 0.5732416666666666 0.7105161458333333 0.562262962962963 0.7023854166666667 0.5691972222222221 0.6885630208333333 0.5821981481481482 0.6802692708333333 0.5983777777777778 0.6727890625 0.615712037037037 0.666284375 0.6336250000000001 0.6573401041666667 0.6512490740740741 0.653275 0.6645388888888889 0.6475833333333333 0.6815851851851852 0.6423796875 0.6989203703703704 0.6392895833333333 0.7112527777777778 0.6436802083333333 0.7133657407407407 0.6550635416666667 0.702387037037037 0.6641703125 0.6963194444444444 0.6680729166666667 0.6893861111111111 0.6763666666666667 0.6711842592592593
0 0.6693739583333334 0.5410944444444444 0.6653083333333334 0.5633416666666666 0.6649833333333334 0.5769203703703704 0.6700244791666666 0.5795203703703703 0.6765291666666666 0.5618962962962962 0.6822208333333334 0.5382055555555555 0.6874244791666667 0.506425 0.6911645833333334 0.4835527777777777 0.6919776041666666 0.4696842592592593 0.6978317708333334 0.4578388888888889 0.7040114583333333 0.44165925925925925 0.7092151041666667 0.432125 0.7126302083333333 0.411612037037037 0.71441875 0.39890000000000003 0.7064505208333334 0.38387592592592595 0.700921875 0.3780981481481481 0.6910020833333334 0.3896546296296296 0.6908395833333334 0.40265555555555554 0.6859609375000001 0.4182574074074074 0.6815703125 0.4361703703703704 0.6823833333333333 0.4503416666666667 0.6814078125 0.4651101851851852 0.6765291666666666 0.48475648148148154 0.6732765625 0.498912962962963 0.6705125 0.5182703703703704 0.6693739583333334 0.5410944444444444
0 0.5750963541666666 0.5419611111111111 0.5820890625 0.5330055555555555 0.5916833333333333 0.5327166666666666 0.6001395833333334 0.5364722222222222 0.6120104166666667 0.5419611111111111 0.627459375 0.5442731481481482 0.6352651041666667 0.5439842592592593 0.6422572916666667 0.5399388888888889 0.6455098958333333 0.5361833333333333 0.6373791666666667 0.5286712962962963 0.6225807291666666 0.5188481481481482 0.6090833333333333 0.5127805555555556 0.5946104166666667 0.5150925925925925 0.5801375 0.5119138888888889 0.5588348958333333 0.511625 0.5492401041666667 0.5174037037037037 0.5398895833333334 0.5323731481481481 0.5406213541666667 0.5503398148148148 0.5479395833333334 0.5529407407407407 0.5578588541666666 0.5532296296296296 0.567128125 0.5500509259259259 0.5750963541666666 0.5419611111111111
0 0.5804223958333333 0.5135101851851852 0.5913177083333333 0.5189990740740741 0.6004239583333334 0.5207333333333334 0.6126203125 0.5233333333333334 0.623190625 0.5325787037037036 0.6344109375 0.5351787037037038 0.6418916666666666 0.5357564814814815 0.6505104166666666 0.5412462962962964 0.6646578125 0.547024074074074 0.6609177083333333 0.536912037037037 0.6469328125 0.5288222222222223 0.6293703125000001 0.5129324074074074 0.6147343749999999 0.5051314814814815 0.6005463541666667 0.49296296296296294 0.5891630208333333 0.48342870370370367 0.584284375 0.4816944444444445 0.5722505208333334 0.47302777777777777 0.56233125 0.46811574074074075 0.5476953125 0.46724907407407407 0.5345234375000001 0.47129351851851853 0.5250916666666667 0.47764999999999996 0.5215953125 0.4861175925925925 0.5252947916666667 0.49964259259259264 0.5337510416666666 0.5129324074074074 0.5496875 0.5137990740740741 0.5659494791666667 0.5152435185185185 0.5804223958333333 0.5135101851851852
0 0.5477359375 0.4557962962962963 0.5573307291666667 0.47082037037037033 0.5696895833333334 0.4757314814814814 0.5833494791666667 0.48122129629629634 0.5970093750000001 0.4901777777777778 0.614246875 0.5069351851851852 0.62774375 0.5121351851851852 0.6350614583333333 0.5187805555555556 0.6444932291666666 0.5248472222222222 0.6518114583333333 0.5300481481481482 0.6623812499999999 0.5439157407407407 0.6685609375 0.5574953703703704 0.6742526041666667 0.5745407407407408 0.6814078125 0.5756972222222223 0.6867739583333333 0.5693407407407408 0.6851479166666666 0.5531611111111111 0.6818953125 0.5387157407407407 0.6679104166666666 0.5112305555555555 0.657665625 0.4990962962962963 0.6335979166666666 0.48089444444444446 0.6161979166666666 0.4670259259259259 0.6040015625 0.4618259259259259 0.5856260416666667 0.4346675925925926 0.5760317708333333 0.4205111111111111 0.5604203125 0.4098212962962963 0.5506630208333333 0.40693148148148145 0.5482239583333333 0.4023092592592593 0.5470854166666667 0.3786175925925926 0.5459473958333334 0.36359444444444444 0.5431828125 0.34654814814814816 0.5423697916666667 0.3624388888888889 0.5438333333333334 0.3817962962962963 0.5461098958333334 0.40202037037037036 0.5433453125 0.4138657407407408 0.5396052083333333 0.4205111111111111 0.5376536458333334 0.4274444444444444 0.5287098958333334 0.4346675925925926 0.514725 0.4456462962962963 0.5067567708333333 0.4551805555555556 0.5171640625 0.4471296296296296 0.5300109375 0.4387509259259259 0.5386296875000001 0.43297222222222226 0.5415567708333333 0.4390398148148148 0.5477359375 0.4557962962962963
0 0.5453375 0.3078037037037037 0.5550947916666666 0.31271481481481483 0.5658270833333333 0.3236935185185185 0.5785114583333333 0.3413175925925926 0.5879432291666667 0.34969629629629634 0.5977005208333334 0.3517185185185185 0.5903822916666667 0.340162037037037 0.5850161458333333 0.32889444444444443 0.5767229166666666 0.31993796296296295 0.5687541666666667 0.3075148148148148 0.5589973958333334 0.296825 0.5490776041666667 0.2884462962962963 0.5425729166666666 0.2858453703703704 0.5303765625 0.2803564814814815 0.51915625 0.2826675925925926 0.5089114583333333 0.28700185185185184 0.5057401041666666 0.2942287037037037 0.5074473958333333 0.30953703703703705 0.514765625 0.3161814814814815 0.5250104166666667 0.31473703703703704 0.5339541666666666 0.3106925925925926 0.5453375 0.3078037037037037
0 0.5814385416666668 0.32186574074074076 0.5866421875000001 0.33197777777777776 0.5963588541666667 0.3510740740740741 0.6044895833333332 0.36494166666666666 0.6186375000000001 0.38054351851851853 0.6270932291666667 0.3816990740740741 0.6334354166666666 0.3704314814814815 0.6324598958333334 0.3510740740740741 0.6152223958333334 0.32813425925925926 0.6048145833333333 0.3151333333333333 0.5900166666666667 0.30386574074074074 0.5804223958333333 0.29230925925925927 0.5670875 0.2790185185185185 0.554078125 0.26630648148148145 0.5436708333333333 0.25330555555555556 0.5376536458333334 0.2429046296296296 0.5313119791666667 0.22668240740740742 0.5241567708333333 0.22292592592592592 0.52383125 0.2356388888888889 0.5264739583333333 0.24183055555555558 0.5344421874999999 0.25801574074074074 0.5389953125000001 0.2739055555555555 0.5490776041666667 0.2889296296296296 0.5575338541666667 0.2975972222222222 0.5679411458333333 0.3085759259259259 0.5814385416666668 0.32186574074074076
0 0.6220520833333333 0.3379148148148148 0.631809375 0.3506268518518519 0.6388020833333333 0.3514935185185185 0.6431927083333334 0.3569833333333333 0.649371875 0.3688287037037037 0.6589666666666666 0.3798074074074074 0.6623812499999999 0.37056203703703705 0.6589666666666666 0.3624731481481481 0.6506729166666666 0.34976018518518515 0.640753125 0.33675925925925926 0.6293703125000001 0.3252027777777778 0.6168484375 0.30584537037037035 0.605953125 0.29948888888888886 0.5934317708333333 0.2824425925925926 0.5874145833333333 0.2679972222222222 0.5807473958333333 0.2515287037037037 0.5737546874999999 0.23852777777777778 0.5652989583333333 0.2295712962962963 0.5604203125 0.22379351851851853 0.5610708333333334 0.21397037037037037 0.5635098958333333 0.20154629629629628 0.562534375 0.19345648148148148 0.55846875 0.21136944444444444 0.55798125 0.2235046296296296 0.5553791666666666 0.22870462962962965 0.54985 0.2376611111111111 0.5433453125 0.23852777777777778 0.5371661458333333 0.24199444444444443 0.5439958333333333 0.24170555555555553 0.5503380208333333 0.24372870370370367 0.5482239583333333 0.24979537037037036 0.5522895833333333 0.2601962962962963 0.562696875 0.2737759259259259 0.5735921875 0.2876435185185185 0.584 0.29948888888888886 0.5983098958333334 0.3098898148148148 0.6090427083333334 0.3257805555555556 0.6220520833333333 0.3379148148148148
0 0.6217270833333333 0.31277962962962963 0.6352244791666667 0.33098055555555556 0.6485588541666666 0.3480268518518519 0.6562020833333333 0.35871666666666663 0.6701869791666667 0.37720740740740744 0.6833588541666666 0.38471944444444445 0.6950677083333333 0.38471944444444445 0.6992953125 0.37807407407407406 0.7051499999999999 0.3607388888888889 0.6944171874999999 0.34571574074074074 0.67945625 0.3382037037037037 0.6682354166666666 0.3338703703703704 0.6519739583333333 0.32231296296296297 0.6417291666666666 0.304112037037037 0.6280692708333333 0.2856212962962963 0.6181494791666666 0.271175 0.6090427083333334 0.26857499999999995 0.6015625 0.25817407407407406 0.5945697916666667 0.2552851851851852 0.5925369791666667 0.2588148148148148 0.59278125 0.26510833333333333 0.6014 0.27464259259259255 0.6057906249999999 0.2853324074074074 0.6122953125 0.3006444444444445 0.6217270833333333 0.31277962962962963
