0 0.7953125 0.10925925925925926 0.7994791666666666 0.11574074074074074 0.7989583333333333 0.09722222222222222 0.803125 0.0787037037037037 0.8145833333333333 0.06481481481481481 0.8072916666666666 0.06759259259259259 0.8 0.07777777777777778 0.7703125 0.06759259259259259 0.7604166666666666 0.07592592592592592 0.7010416666666667 0.0787037037037037 0.6848958333333334 0.08981481481481482 0.6786458333333333 0.09814814814814815 0.678125 0.10277777777777777 0.6817708333333333 0.10740740740740741 0.7510416666666667 0.1037037037037037 0.7703125 0.11481481481481481 0.7791666666666667 0.11666666666666667 0.7953125 0.10925925925925926
0 0.7984375 0.7907407407407407 0.8088541666666667 0.7444444444444445 0.8109375 0.7083333333333334 0.8088541666666667 0.6925925925925925 0.8223958333333333 0.6851851851851852 0.8213541666666667 0.6814814814814815 0.8088541666666667 0.6851851851851852 0.7947916666666667 0.6796296296296296 0.7848958333333333 0.7037037037037037 0.7776041666666667 0.7333333333333333 0.7796875 0.7490740740740741 0.7786458333333334 0.7777777777777778 0.7682291666666666 0.8657407407407407 0.7671875 0.9175925925925926 0.7708333333333334 0.9287037037037037 0.7755208333333333 0.9296296296296296 0.7796875 0.9194444444444444 0.7890625 0.8731481481481481 0.7984375 0.7907407407407407
0 0.721875 0.8388888888888889 0.7208333333333333 0.8564814814814815 0.7333333333333333 0.8898148148148148 0.7333333333333333 0.9 0.7177083333333333 0.9083333333333333 0.71875 0.9111111111111111 0.728125 0.9101851851851852 0.753125 0.8907407407407407 0.7567708333333333 0.8842592592592593 0.7515625 0.85 0.7479166666666667 0.8361111111111111 0.7427083333333333 0.8296296296296296 0.734375 0.8083333333333333 0.7260416666666667 0.7787037037037037 0.7208333333333333 0.7472222222222222 0.7125 0.7203703703703703 0.690625 0.6777777777777778 0.6859375 0.675 0.6817708333333333 0.6777777777777778 0.68125 0.6851851851851852 0.6901041666666666 0.7083333333333334 0.6947916666666667 0.7351851851851852 0.7036458333333333 0.7611111111111111 0.71875 0.8203703703703704 0.721875 0.8388888888888889
0 0.6635416666666667 0.7870370370370371 0.6692708333333334 0.8111111111111111 0.6736979166666667 0.8199074074074074 0.6772010416666667 0.8278601851851852 0.6736796875 0.8502981481481482 0.6801359375 0.8336 0.6895833333333333 0.8231481481481482 0.703125 0.825925925925926 0.6953947916666666 0.8148148148148148 0.6918734375 0.7991601851851852 0.6827765625000001 0.7589805555555555 0.6739583333333333 0.7231481481481481 0.6609375 0.6425925925925926 0.6552083333333333 0.6342592592592593 0.65 0.6148148148148148 0.6421875 0.6157407407407407 0.640625 0.6231481481481481 0.6442708333333333 0.6398148148148148 0.6463541666666667 0.6675925925925926 0.659375 0.7324074074074074 0.6630208333333333 0.762962962962963 0.6635416666666667 0.7870370370370371
0 0.4171875 0.38425925925925924 0.4192708333333333 0.3861111111111111 0.434375 0.36944444444444446 0.44166666666666665 0.375 0.4479166666666667 0.39166666666666666 0.4734375 0.4222222222222222 0.4942708333333333 0.475 0.5078125 0.5018518518518519 0.5213541666666667 0.525 0.5296875 0.5287037037037037 0.5317708333333333 0.524074074074074 0.53125 0.5166666666666667 0.5234375 0.4962962962962963 0.5197916666666667 0.47962962962962963 0.5026041666666666 0.43796296296296294 0.4765625 0.38425925925925924 0.47552083333333334 0.37222222222222223 0.4640625 0.35555555555555557 0.4515625 0.3435185185185185 0.44635416666666666 0.2935185185185185 0.44427083333333334 0.30277777777777776 0.4427083333333333 0.34629629629629627 0.425 0.3648148148148148 0.42135416666666664 0.3787037037037037 0.41875 0.3851851851851852 0.4171875 0.38425925925925924
0 0.5916666666666667 0.8333333333333334 0.6026041666666667 0.8537037037037037 0.6046875 0.8638888888888889 0.6104166666666667 0.8666666666666667 0.6125 0.8518518518518519 0.6057291666666667 0.8287037037037037 0.603125 0.8046296296296296 0.6041666666666666 0.7944444444444444 0.5921875 0.7398148148148148 0.5911458333333334 0.6842592592592592 0.5890625 0.6666666666666666 0.57974375 0.64015 0.5829046874999999 0.6167314814814815 0.5768463541666667 0.6326564814814815 0.5671875 0.6416666666666667 0.5515604166666667 0.6368712962962964 0.5625 0.6527777777777778 0.5619791666666667 0.6666666666666666 0.5666666666666667 0.6962962962962963 0.5682291666666667 0.7324074074074074 0.5776041666666667 0.7601851851851852 0.584375 0.8055555555555556 0.5916666666666667 0.8333333333333334
0 0.8020833333333334 0.6037037037037037 0.7848958333333333 0.5611111111111111 0.7692708333333333 0.5083333333333333 0.7661458333333333 0.4888888888888889 0.7661458333333333 0.46574074074074073 0.759375 0.4361111111111111 0.753125 0.4361111111111111 0.7401041666666667 0.4462962962962963 0.7401041666666667 0.462037037037037 0.7671875 0.5703703703703704 0.7927083333333333 0.6148148148148148 0.7979166666666667 0.6185185185185185 0.8026041666666667 0.6166666666666667 0.8020833333333334 0.6037037037037037
0 0.79375 0.6148148148148148 0.7994791666666666 0.6185185185185185 0.8026041666666667 0.6157407407407407 0.8026041666666667 0.6055555555555555 0.7947916666666667 0.5907407407407408 0.7875 0.5638888888888889 0.778125 0.5444444444444444 0.7692708333333333 0.5101851851851852 0.765625 0.4888888888888889 0.765625 0.46574074074074073 0.7598958333333333 0.44074074074074077 0.7609375 0.43425925925925923 0.784375 0.4222222222222222 0.8020833333333334 0.4222222222222222 0.815625 0.412962962962963 0.8286458333333333 0.3972222222222222 0.8354166666666667 0.4009259259259259 0.8489583333333334 0.4166666666666667 0.8515625 0.41574074074074074 0.8328125 0.39166666666666666 0.8296875 0.38333333333333336 0.8270833333333333 0.3648148148148148 0.8307291666666666 0.35185185185185186 0.8317708333333333 0.33796296296296297 0.8338541666666667 0.3351851851851852 0.8322916666666667 0.3333333333333333 0.8338541666666667 0.32685185185185184 0.828125 0.3490740740740741 0.8197916666666667 0.36574074074074076 0.7838541666666666 0.37592592592592594 0.7760416666666666 0.387037037037037 0.7677083333333333 0.3925925925925926 0.7604166666666666 0.39351851851851855 0.7083333333333334 0.42407407407407405 0.7 0.4361111111111111 0.6880208333333333 0.44351851851851853 0.6822916666666666 0.45185185185185184 0.684375 0.4601851851851852 0.690625 0.4601851851851852 0.7380208333333333 0.44814814814814813 0.7598958333333333 0.5444444444444444 0.7671875 0.5685185185185185 0.79375 0.6148148148148148
0 0.5020833333333333 0.7481481481481481 0.5067708333333333 0.6981481481481482 0.5072916666666667 0.6268518518518519 0.5119791666666667 0.5851851851851851 0.5057291666666667 0.5472222222222223 0.49375 0.5462962962962963 0.48802083333333335 0.5564814814814815 0.484375 0.5722222222222222 0.4890625 0.6268518518518519 0.4901041666666667 0.7074074074074074 0.49583333333333335 0.7277777777777777 0.4979166666666667 0.7462962962962963 0.5020833333333333 0.7481481481481481
0 0.6489583333333333 0.8768518518518519 0.6614583333333334 0.8888888888888888 0.675 0.8953703703703704 0.6791666666666667 0.9157407407407407 0.6817708333333333 0.9157407407407407 0.6828125 0.9064814814814814 0.6802083333333333 0.8916666666666667 0.6848958333333334 0.8712962962962963 0.6765625 0.8592592592592593 0.6734375 0.8481481481481481 0.6692708333333334 0.8481481481481481 0.6479166666666667 0.8296296296296296 0.6140625 0.7712962962962963 0.5953125 0.7509259259259259 0.5932291666666667 0.7546296296296297 0.5942708333333333 0.762962962962963 0.6041666666666666 0.8018518518518518 0.634375 0.8527777777777777 0.6442708333333333 0.8648148148148148 0.6489583333333333 0.8768518518518519
0 0.542209375 0.8546296296296296 0.5453880208333334 0.8715861111111111 0.5504208333333334 0.8819481481481481 0.5575723958333333 0.8927981481481482 0.5623406249999999 0.9031611111111111 0.5626052083333334 0.8965666666666667 0.5570427083333332 0.8810231481481482 0.5652541666666667 0.8640657407407407 0.5697572916666667 0.845225 0.5726708333333334 0.8195462962962963 0.5774385416666666 0.7917564814814815 0.5758494791666667 0.7696185185185185 0.5676380208333334 0.7493648148148148 0.5670619791666667 0.7314407407407407 0.5634 0.7439398148148149 0.5647244791666667 0.7693749999999999 0.5649890625 0.803287962962963 0.5570427083333332 0.8258972222222223 0.5520098958333333 0.8296657407407407 0.542209375 0.8546296296296296
0 0.484303125 0.8293898148148148 0.49832604166666666 0.8260648148148148 0.5142182291666667 0.8260648148148148 0.5269947916666667 0.8216314814814815 0.5513010416666667 0.8133194444444445 0.561584375 0.8061157407407408 0.5653234375 0.7878296296296297 0.5609609375000001 0.7773009259259259 0.5475614583333334 0.7833962962962963 0.5375895833333334 0.7966953703703704 0.52294375 0.8016833333333333 0.5104786458333334 0.8016833333333333 0.49115885416666666 0.7894916666666666 0.49271666666666664 0.7745305555555556 0.484303125 0.7850592592592592 0.4765125 0.7833962962962963 0.4634244791666667 0.7878296296296297 0.45703958333333333 0.7962611111111111 0.45843854166666664 0.7989120370370371 0.4565692708333334 0.8061157407407408 0.45875052083333334 0.8155361111111111 0.47028020833333334 0.8249564814814815 0.484303125 0.8293898148148148
0 0.45843854166666664 0.8587583333333333 0.4727729166666667 0.8665157407407408 0.4945864583333333 0.8764907407407407 0.5167114583333333 0.8809231481481482 0.5332270833333334 0.8753824074074075 0.5379010416666666 0.8753824074074075 0.5428869791666667 0.8825861111111111 0.5413291666666668 0.9014259259259259 0.5466265625 0.8881268518518519 0.5584682291666667 0.9086296296296297 0.5531703125 0.8958851851851852 0.5435104166666667 0.8731657407407407 0.5441333333333334 0.8670703703703704 0.5385244791666667 0.8665157407407408 0.5407057291666667 0.8637453703703704 0.5407057291666667 0.8510000000000001 0.5388359375 0.8404722222222223 0.5466265625 0.8266185185185185 0.5572213541666666 0.808887037037037 0.5537937500000001 0.8122111111111111 0.5488078125 0.8160907407407407 0.5375895833333334 0.8332685185185185 0.5332270833333334 0.8304972222222222 0.5226317708333333 0.8255101851851853 0.5070510416666667 0.8249564814814815 0.4914703125 0.8277268518518519 0.4796286458333333 0.8365935185185185 0.46622916666666664 0.8321601851851851 0.44784375 0.8260648148148148 0.43849531249999996 0.8155361111111111 0.43101666666666666 0.8022370370370371 0.4236463541666666 0.7816407407407407 0.42135625 0.7867212962962963 0.4226026041666667 0.7989120370370371 0.42945833333333333 0.8210777777777778 0.44036510416666663 0.844350925925926 0.45843854166666664 0.8587583333333333
0 0.3781848958333333 0.73955 0.3848026041666667 0.755437037037037 0.3864572916666667 0.7677944444444444 0.3907588541666666 0.7601444444444445 0.4010166666666667 0.7713249999999999 0.4106130208333333 0.7878 0.413921875 0.8107481481481481 0.4271578125 0.8401694444444445 0.43774687500000004 0.8607638888888889 0.44403385416666663 0.876650925925926 0.45793124999999996 0.8778277777777778 0.45164427083333336 0.8654712962962963 0.4390703125 0.8437 0.431790625 0.8213398148148149 0.4238489583333333 0.7989805555555556 0.42153281249999996 0.7754435185185186 0.4159072916666667 0.7430805555555556 0.4092890625 0.7307240740740741 0.41259843749999997 0.723662962962963 0.4059802083333333 0.715425 0.40134791666666664 0.7160138888888888 0.38976614583333336 0.7024796296296296 0.38248645833333333 0.6948305555555556 0.37520677083333337 0.6659981481481482 0.3738828125 0.6771777777777778 0.3791776041666666 0.6971842592592592 0.3768609375 0.7060101851851852 0.3755375 0.707775925925926 0.3733838541666667 0.7076907407407408 0.37024322916666663 0.7166018518518518 0.3570072916666666 0.7266046296296296 0.35303645833333336 0.7413157407407407 0.36197083333333335 0.7254277777777778 0.37024322916666663 0.724250925925926 0.3781848958333333 0.73955
0 0.3935958333333333 0.8049620370370371 0.3823942708333333 0.7992777777777778 0.37559375 0.7886203703703704 0.37479375000000004 0.8035407407407407 0.3487911458333333 0.8014092592592593 0.3299890625 0.7893314814814815 0.31158697916666667 0.7722796296296296 0.2963854166666666 0.7523861111111111 0.28758489583333335 0.7289407407407407 0.283584375 0.7111787037037037 0.27518333333333334 0.7019425925925925 0.2719833333333333 0.7154416666666666 0.27518333333333334 0.7317824074074074 0.27998385416666666 0.7445712962962963 0.2807838541666667 0.7566490740740741 0.28758489583333335 0.7765425925925926 0.3019864583333333 0.7914629629629629 0.3151875 0.809224074074074 0.33398958333333334 0.8276972222222222 0.3491911458333333 0.8404851851851852 0.3635927083333333 0.8532740740740741 0.3623921875 0.8625101851851852 0.37599375 0.8646416666666666 0.3899953125 0.8738777777777778 0.4027963541666667 0.8710361111111111 0.4115973958333334 0.8653518518518519 0.41679791666666666 0.8760092592592593 0.41444010416666666 0.8995638888888889 0.4231984375 0.8866666666666667 0.41839791666666665 0.8653518518518519 0.4211984375 0.8419064814814815 0.4191984375 0.8262759259259259 0.4095973958333333 0.8170398148148148 0.3935958333333333 0.8049620370370371
0 0.4342270833333333 0.7162916666666667 0.4350640625 0.7497287037037037 0.43673749999999995 0.7749935185185186 0.4430130208333333 0.8054583333333333 0.4509625 0.8203194444444445 0.46393229166666666 0.8299796296296297 0.48108645833333336 0.8359240740740741 0.48275989583333334 0.8307222222222221 0.46142239583333333 0.8166046296296297 0.45723854166666666 0.8039722222222222 0.4597484375 0.7861388888888888 0.45598333333333335 0.740812037037037 0.45221770833333336 0.7029166666666666 0.45138072916666666 0.6746805555555555 0.4505442708333333 0.6427287037037037 0.44719687500000005 0.6211796296296297 0.44887083333333333 0.6152351851851852 0.44343177083333335 0.6115203703703703 0.42562239583333333 0.6078833333333333 0.429625 0.6248953703703704 0.42627760416666666 0.6375268518518519 0.42502291666666664 0.6605620370370371 0.4229307291666667 0.6731944444444444 0.42836979166666667 0.680625 0.4342270833333333 0.7162916666666667
0 0.3978276041666666 0.5727287037037038 0.4137260416666667 0.5868462962962963 0.4321354166666667 0.597249074074074 0.4442682291666667 0.6173120370370371 0.4651875 0.6195407407407407 0.4743921875 0.6150824074074074 0.47732083333333336 0.5957629629629629 0.4702083333333333 0.5749574074074074 0.4568197916666667 0.5638120370370371 0.4425947916666667 0.5489509259259259 0.44008437499999997 0.5586101851851851 0.4266963541666666 0.5563814814814815 0.40577708333333334 0.5534092592592593 0.3919703125 0.5437490740740741 0.3706328125 0.5244296296296297 0.3564072916666667 0.5051101851851852 0.35013177083333336 0.508825 0.3371619791666667 0.49247777777777774 0.332559375 0.48801944444444445 0.32715416666666663 0.49581574074074075 0.3287942708333333 0.5169990740740741 0.33883541666666667 0.5274018518518518 0.34929479166666666 0.542262962962963 0.35515208333333337 0.5467212962962963 0.37523489583333336 0.5667842592592592 0.3978276041666666 0.5727287037037038
0 0.47397395833333333 0.5786731481481482 0.47606562500000005 0.597249074074074 0.47397395833333333 0.6202842592592593 0.4781578125 0.6418333333333333 0.47104531250000004 0.655950925925926 0.4597484375 0.6604092592592592 0.4509625 0.6618953703703704 0.45389114583333334 0.6700694444444444 0.46016718749999996 0.6700694444444444 0.47271875 0.6700694444444444 0.4848515625 0.6596666666666667 0.490290625 0.6381175925925926 0.48903541666666667 0.6098814814814815 0.4856885416666667 0.5794157407407408 0.4881989583333333 0.5600962962962963 0.4919645833333333 0.5459787037037037 0.49154583333333335 0.5311175925925926 0.48694375 0.510311111111111 0.490290625 0.49693611111111113 0.49405625 0.4783601851851852 0.4881989583333333 0.48504722222222224 0.48150468750000003 0.5036240740740741 0.47397395833333333 0.5065962962962963 0.47104531250000004 0.4947074074074074 0.46289322916666664 0.4794555555555556 0.46644270833333334 0.49916574074074077 0.47104531250000004 0.5117972222222222 0.46811614583333333 0.5281444444444444 0.46895312499999997 0.555637962962963 0.47397395833333333 0.5786731481481482
0 0.570075 0.6229324074074074 0.5882510416666666 0.6107379629629629 0.6092546875 0.5856305555555555 0.6266229166666667 0.5877824074074074 0.6460104166666666 0.5727175925925926 0.6536848958333333 0.5519148148148147 0.6625708333333333 0.5483277777777777 0.6557046875 0.5397194444444445 0.6520692708333333 0.5289592592592592 0.6573203125 0.4973962962962963 0.6625708333333333 0.46798425925925924 0.6617630208333334 0.44789814814814816 0.6544927083333333 0.49093981481481486 0.6468182291666668 0.5225037037037037 0.6347010416666666 0.5260898148148149 0.6237953125 0.5334111111111111 0.6076390625 0.5305416666666667 0.6141015625 0.5470407407407407 0.6031958333333333 0.5606703703703704 0.5906744791666667 0.5578009259259259 0.5910786458333334 0.5721481481481481 0.5733067708333334 0.5743 0.5551307291666667 0.5915166666666666 0.5430130208333334 0.6058638888888889 0.5377624999999999 0.6194935185185185 0.5280682291666666 0.6302537037037037 0.5228177083333333 0.6431657407407407 0.5216057291666666 0.6566481481481481 0.5308958333333333 0.6552138888888889 0.5434171875 0.6415842592592592 0.5478598958333334 0.6437361111111112 0.570075 0.6229324074074074
0 0.7215421875000001 0.5892166666666667 0.7170989583333333 0.5691314814814815 0.7122520833333332 0.549762962962963 0.7110406250000001 0.5361333333333334 0.7187145833333334 0.5081564814814814 0.7211380208333333 0.48520092592592595 0.7162911458333333 0.4995481481481481 0.7130598958333334 0.5225037037037037 0.7074052083333334 0.5346981481481482 0.7009427083333333 0.5318287037037037 0.6896333333333333 0.5296768518518519 0.677515625 0.5382851851851852 0.6633786458333333 0.5511972222222222 0.6512614583333334 0.5547842592592593 0.6411635416666667 0.5712833333333334 0.6169291666666666 0.5913694444444444 0.6040036458333333 0.5999777777777778 0.6056192708333333 0.6071509259259259 0.6209682291666667 0.5949555555555556 0.6338932291666667 0.5806092592592592 0.6528770833333333 0.5770222222222222 0.6649885416666667 0.5710601851851852 0.6734765625 0.5691314814814815 0.6892291666666667 0.5698481481481482 0.7057895833333333 0.5727175925925926 0.7130598958333334 0.5655444444444444 0.7170989583333333 0.5813259259259259 0.7215421875000001 0.5892166666666667
0 0.6532812499999999 0.6064333333333333 0.6666098958333334 0.5978249999999999 0.6742843749999999 0.5920861111111111 0.6916526041666666 0.584912962962963 0.6993270833333334 0.5777398148148147 0.7150796875 0.5698481481481482 0.7215421875000001 0.5583712962962963 0.717503125 0.5555018518518519 0.6993270833333334 0.5741527777777778 0.6557046875 0.5755870370370371 0.6391442708333333 0.5820435185185185 0.6221796875 0.5892166666666667 0.6165692708333333 0.5987 0.61975625 0.6093027777777777 0.616525 0.6315407407407407 0.6233916666666667 0.6150416666666667 0.6314697916666667 0.6179111111111112 0.6407598958333334 0.6150416666666667 0.6532812499999999 0.6064333333333333
