0 0.7703125 0.30833333333333335 0.7744791666666667 0.30833333333333335 0.7776041666666667 0.29814814814814816 0.7697916666666667 0.26944444444444443 0.7692708333333333 0.25833333333333336 0.75 0.15833333333333333 0.7458333333333333 0.10462962962962963 0.734375 0.07222222222222222 0.7260416666666667 0.0712962962962963 0.7192708333333333 0.0787037037037037 0.7197916666666667 0.1111111111111111 0.728125 0.1527777777777778 0.7364583333333333 0.1814814814814815 0.7473958333333334 0.25462962962962965 0.765625 0.30277777777777776 0.7703125 0.30833333333333335
0 0.6776041666666667 0.11296296296296296 0.6901041666666666 0.11018518518518519 0.7026041666666667 0.09907407407407408 0.70625 0.09166666666666666 0.7067708333333333 0.0712962962962963 0.6979166666666666 0.06574074074074074 0.6864583333333333 0.06666666666666667 0.6765625 0.07037037037037037 0.6671875 0.0787037037037037 0.6223958333333334 0.09537037037037037 0.6072916666666667 0.11018518518518519 0.5953125 0.13703703703703704 0.5947916666666667 0.14629629629629629 0.5994791666666667 0.14907407407407408 0.6135416666666667 0.13148148148148148 0.6411458333333333 0.11481481481481481 0.6536458333333334 0.1111111111111111 0.6776041666666667 0.11296296296296296
0 0.8401041666666667 0.5842592592592593 0.8375 0.5675925925925925 0.8375 0.5712962962962963 0.8333333333333334 0.5731481481481482 0.8104166666666667 0.5731481481481482 0.7989583333333333 0.5796296296296296 0.7604166666666666 0.5842592592592593 0.7385416666666667 0.5953703703703703 0.73125 0.6064814814814815 0.7317708333333334 0.6212962962962963 0.7458333333333333 0.6203703703703703 0.7901041666666667 0.6074074074074074 0.8223958333333333 0.6111111111111112 0.8380208333333333 0.600925925925926 0.8401041666666667 0.5842592592592593
0 0.7510416666666667 0.8694444444444445 0.7760416666666666 0.887962962962963 0.7864583333333334 0.887962962962963 0.8010416666666667 0.8740740740740741 0.8052083333333333 0.8638888888888889 0.8072916666666666 0.8444444444444444 0.8036458333333333 0.8453703703703703 0.8036458333333333 0.8490740740740741 0.7953125 0.8629629629629629 0.7828125 0.8722222222222222 0.7645833333333333 0.8592592592592593 0.7541666666666667 0.8472222222222222 0.73125 0.8361111111111111 0.7244791666666667 0.8296296296296296 0.7010416666666667 0.825925925925926 0.6765625 0.8444444444444444 0.6671875 0.8601851851851852 0.6666666666666666 0.8703703703703703 0.6697916666666667 0.8842592592592593 0.68125 0.8925925925925926 0.7 0.8888888888888888 0.73125 0.8675925925925926 0.7510416666666667 0.8694444444444445
0 0.6151041666666667 0.825 0.646875 0.7666666666666667 0.6484375 0.7583333333333333 0.6567708333333333 0.7444444444444445 0.6578125 0.7351851851851852 0.6515625 0.7342592592592593 0.6385416666666667 0.7527777777777778 0.6036458333333333 0.8166666666666667 0.5890625 0.8333333333333334 0.5838541666666667 0.850925925925926 0.5838541666666667 0.8601851851851852 0.5880208333333333 0.8675925925925926 0.5916666666666667 0.8685185185185185 0.6020833333333333 0.8592592592592593 0.6078125 0.8490740740740741 0.6151041666666667 0.825
0 0.48020833333333335 0.7907407407407407 0.5046875 0.7685185185185185 0.5161458333333333 0.7398148148148148 0.5203125 0.7212962962962963 0.5125 0.7148148148148148 0.5057291666666667 0.7037037037037037 0.5057291666666667 0.7083333333333334 0.49114583333333334 0.7277777777777777 0.48333333333333334 0.7435185185185185 0.4817708333333333 0.7555555555555555 0.475 0.7675925925925926 0.4703125 0.7712962962962963 0.45989583333333334 0.7712962962962963 0.446875 0.762962962962963 0.4239583333333333 0.7185185185185186 0.41875 0.7129629629629629 0.4171875 0.7166666666666667 0.4192708333333333 0.7296296296296296 0.4276041666666667 0.7592592592592593 0.446875 0.7842592592592592 0.4625 0.7925925925925926 0.48020833333333335 0.7907407407407407
0 0.4041666666666667 0.762962962962963 0.4083333333333333 0.7666666666666667 0.4119791666666667 0.7564814814814815 0.4166666666666667 0.7185185185185186 0.40989583333333335 0.65 0.41041666666666665 0.6185185185185185 0.4036458333333333 0.5833333333333334 0.3927083333333333 0.5861111111111111 0.390625 0.5953703703703703 0.390625 0.6277777777777778 0.396875 0.6509259259259259 0.4005208333333333 0.6833333333333333 0.4010416666666667 0.7203703703703703 0.4046875 0.7351851851851852 0.4041666666666667 0.762962962962963
0 0.31145833333333334 0.5916666666666667 0.32708333333333334 0.6148148148148148 0.33645833333333336 0.6231481481481481 0.34739583333333335 0.6268518518518519 0.3541666666666667 0.6268518518518519 0.3572916666666667 0.6231481481481481 0.3609375 0.6037037037037037 0.340625 0.5740740740740741 0.3307291666666667 0.575 0.3125 0.5657407407407408 0.2989583333333333 0.5518518518518518 0.2947916666666667 0.5407407407407407 0.27395833333333336 0.5194444444444445 0.2598958333333333 0.4981481481481482 0.2557291666666667 0.49537037037037035 0.253125 0.4981481481481482 0.2520833333333333 0.5046296296296297 0.2557291666666667 0.5175925925925926 0.26145833333333335 0.5268518518518519 0.26510416666666664 0.5407407407407407 0.2791666666666667 0.5638888888888889 0.31145833333333334 0.5916666666666667
0 0.3697916666666667 0.9222222222222223 0.38177083333333334 0.9314814814814815 0.38958333333333334 0.9314814814814815 0.3932291666666667 0.9277777777777778 0.3927083333333333 0.9194444444444444 0.3885416666666667 0.9101851851851852 0.3776041666666667 0.9009259259259259 0.3697916666666667 0.887962962962963 0.31927083333333334 0.8472222222222222 0.29635416666666664 0.7870370370370371 0.2916666666666667 0.7824074074074074 0.284375 0.7638888888888888 0.2708333333333333 0.7425925925925926 0.26458333333333334 0.7425925925925926 0.25 0.7601851851851852 0.24895833333333334 0.762962962962963 0.2609375 0.8037037037037037 0.2713541666666667 0.8287037037037037 0.3072916666666667 0.8814814814814815 0.3494791666666667 0.9194444444444444 0.3697916666666667 0.9222222222222223
0 0.2765625 0.375 0.3140625 0.3037037037037037 0.321875 0.2740740740740741 0.32135416666666666 0.25555555555555554 0.31875 0.25092592592592594 0.309375 0.24444444444444444 0.2953125 0.26666666666666666 0.2890625 0.2833333333333333 0.28854166666666664 0.2962962962962963 0.2828125 0.3194444444444444 0.2520833333333333 0.3925925925925926 0.2453125 0.4287037037037037 0.24010416666666667 0.44351851851851853 0.24010416666666667 0.45555555555555555 0.24322916666666666 0.462037037037037 0.24583333333333332 0.462037037037037 0.2546875 0.4361111111111111 0.2635416666666667 0.42407407407407405 0.2765625 0.375
0 0.4739583333333333 0.5166666666666667 0.49322916666666666 0.5092592592592593 0.5114583333333333 0.4898148148148148 0.5171875 0.4777777777777778 0.5171875 0.4722222222222222 0.5119791666666667 0.4685185185185185 0.49270833333333336 0.48703703703703705 0.4744791666666667 0.49722222222222223 0.4640625 0.4981481481481482 0.44375 0.47962962962962963 0.4354166666666667 0.46296296296296297 0.4276041666666667 0.4287037037037037 0.4125 0.40370370370370373 0.4036458333333333 0.39537037037037037 0.3963541666666667 0.40370370370370373 0.39375 0.41203703703703703 0.39479166666666665 0.42685185185185187 0.40572916666666664 0.45925925925925926 0.4166666666666667 0.4703703703703704 0.4354166666666667 0.5 0.4552083333333333 0.5148148148148148 0.4739583333333333 0.5166666666666667
0 0.3765625 0.21574074074074073 0.3770833333333333 0.2212962962962963 0.390625 0.22962962962962963 0.3927083333333333 0.2361111111111111 0.4036458333333333 0.2361111111111111 0.4171875 0.24259259259259258 0.421875 0.24166666666666667 0.42552083333333335 0.2361111111111111 0.42604166666666665 0.22777777777777777 0.4234375 0.22407407407407406 0.409375 0.21944444444444444 0.39895833333333336 0.20462962962962963 0.3640625 0.17592592592592593 0.32916666666666666 0.13055555555555556 0.3098958333333333 0.12407407407407407 0.30416666666666664 0.13425925925925927 0.3026041666666667 0.14629629629629629 0.31145833333333334 0.16296296296296298 0.3307291666666667 0.18055555555555555 0.35520833333333335 0.1962962962962963 0.371875 0.21481481481481482 0.3765625 0.21574074074074073
0 0.4192708333333333 0.3398148148148148 0.42291666666666666 0.34444444444444444 0.43125 0.33796296296296297 0.44479166666666664 0.29814814814814816 0.440625 0.2953703703703704 0.4427083333333333 0.2861111111111111 0.4546875 0.26944444444444443 0.4546875 0.262037037037037 0.47239583333333335 0.17407407407407408 0.47604166666666664 0.1675925925925926 0.48020833333333335 0.14351851851851852 0.4817708333333333 0.12777777777777777 0.48072916666666665 0.10925925925925926 0.4744791666666667 0.10277777777777777 0.4666666666666667 0.10462962962962963 0.4588541666666667 0.11944444444444445 0.45208333333333334 0.1425925925925926 0.44947916666666665 0.19074074074074074 0.4395833333333333 0.24166666666666667 0.42916666666666664 0.2759259259259259 0.4265625 0.3055555555555556 0.4192708333333333 0.3296296296296296 0.4192708333333333 0.3398148148148148
0 0.4973958333333333 0.41944444444444445 0.5015625 0.42685185185185187 0.5057291666666667 0.4287037037037037 0.5083333333333333 0.42592592592592593 0.509375 0.4185185185185185 0.5057291666666667 0.4027777777777778 0.49895833333333334 0.30833333333333335 0.49947916666666664 0.25925925925925924 0.5041666666666667 0.22314814814814815 0.5036458333333333 0.2064814814814815 0.49947916666666664 0.1824074074074074 0.503125 0.17314814814814813 0.4828125 0.17592592592592593 0.4791666666666667 0.18703703703703703 0.47760416666666666 0.20277777777777778 0.47760416666666666 0.22870370370370371 0.48072916666666665 0.24259259259259258 0.4822916666666667 0.2722222222222222 0.4822916666666667 0.325 0.48489583333333336 0.3648148148148148 0.4973958333333333 0.41944444444444445
0 0.6635416666666667 0.7203703703703703 0.6645833333333333 0.7509259259259259 0.6583333333333333 0.7787037037037037 0.6619791666666667 0.7907407407407407 0.665625 0.7907407407407407 0.6734375 0.7787037037037037 0.6869791666666667 0.7314814814814815 0.6864583333333333 0.6722222222222223 0.675 0.5462962962962963 0.6666666666666666 0.5111111111111111 0.6625 0.5055555555555555 0.6536458333333334 0.5046296296296297 0.6447916666666667 0.512962962962963 0.64375 0.5518518518518518 0.6458333333333334 0.5722222222222222 0.6588541666666666 0.6138888888888889 0.6651041666666667 0.6509259259259259 0.6666666666666666 0.6953703703703704 0.6635416666666667 0.7203703703703703
0 0.5169713541666667 0.9075472222222222 0.5329343750000001 0.9125537037037037 0.5484270833333333 0.9158916666666667 0.5517135416666666 0.9033740740740741 0.5704932291666667 0.900037037037037 0.5977229166666667 0.896699074074074 0.6160333333333334 0.8891888888888888 0.6146244791666666 0.8816787037037037 0.628709375 0.8666583333333333 0.6258921875 0.8574787037037037 0.6099296875 0.8658240740740741 0.6010093750000001 0.8624861111111112 0.5780046875 0.8699962962962963 0.5517135416666666 0.8708305555555556 0.5446713541666667 0.872499074074074 0.5517135416666666 0.8616518518518518 0.5399765625 0.8649888888888889 0.5235442708333333 0.8733342592592592 0.5089906249999999 0.8750027777777778 0.4949057291666667 0.8599824074074074 0.5004661458333334 0.8721861111111111 0.5136854166666667 0.8841814814814816 0.5146239583333333 0.8950296296296296 0.5155630208333333 0.9008712962962964 0.5066427083333334 0.9217324074074074 0.5127463541666667 0.9359185185185186 0.5169713541666667 0.9075472222222222
0 0.35597291666666664 0.49262222222222224 0.36735625 0.4885749999999999 0.37001249999999997 0.46564444444444447 0.37911927083333335 0.45215555555555553 0.3935385416666667 0.4076425925925926 0.3992307291666667 0.3860601851851852 0.4144088541666667 0.36178055555555555 0.41896197916666666 0.3408731481481481 0.418203125 0.31996574074074075 0.41099375 0.3172675925925926 0.4022661458333333 0.28287129629629626 0.3886057291666667 0.2734296296296296 0.4007484375 0.2923138888888889 0.40757864583333336 0.3159194444444444 0.39771249999999997 0.3280592592592592 0.39164166666666667 0.3449203703703704 0.39396041666666665 0.3415842592592593 0.3901234375 0.35571111111111114 0.385190625 0.37999074074074074 0.3741864583333333 0.41303796296296297 0.36507968749999997 0.44810925925925926 0.35597291666666664 0.47171388888888893 0.35597291666666664 0.49262222222222224
0 0.3093 0.48924999999999996 0.3051260416666667 0.4777842592592592 0.30246979166666665 0.4953194444444445 0.29260416666666667 0.5088083333333334 0.2865328125 0.5229712962962962 0.28880989583333333 0.5371342592592593 0.296778125 0.5539953703703704 0.3168890625 0.5371342592592593 0.3267552083333333 0.5236462962962963 0.3377588541666666 0.49869166666666664 0.35293697916666666 0.47306296296296296 0.360146875 0.46564444444444447 0.3692536458333333 0.42720092592592596 0.37911927083333335 0.40089814814814817 0.3870880208333333 0.3692 0.3821552083333334 0.36245555555555553 0.3730484375 0.3934796296296297 0.36318229166666666 0.40157314814814815 0.34990156250000004 0.4339453703703704 0.329790625 0.4669935185185185 0.3093 0.48924999999999996
0 0.6834114583333334 0.47575092592592594 0.6872697916666667 0.4871805555555555 0.7007734375 0.5111814814814815 0.7120265625 0.5534694444444445 0.7178140625 0.5929009259259259 0.7223151041666667 0.6369037037037037 0.73003125 0.6209027777777778 0.7297098958333332 0.5957583333333333 0.7223151041666667 0.560899074074074 0.7178140625 0.5214675925925926 0.707846875 0.48146574074074067 0.7001302083333333 0.4563212962962963 0.6943432291666666 0.44660648148148147 0.6837328125000001 0.45803518518518516 0.6808390625 0.45689259259259263 0.6705140625 0.4506537037037037 0.6689432291666667 0.4494638888888889 0.6618697916666666 0.4608925925925926 0.6721583333333334 0.4574638888888889 0.6827682291666667 0.46546481481481483 0.6834114583333334 0.47575092592592594
0 0.6412927083333333 0.4968953703703704 0.6554395833333333 0.5048953703703704 0.6718369791666666 0.5106101851851851 0.6898416666666667 0.5346111111111111 0.7033453125 0.5763287037037037 0.7100973958333333 0.5837574074074073 0.7113833333333334 0.6134731481481482 0.7171708333333334 0.6540472222222222 0.7203859375 0.6637620370370371 0.7258515625 0.6443324074074074 0.718778125 0.5963296296296295 0.7123479166666667 0.5540416666666667 0.6994875 0.5066101851851852 0.6827682291666667 0.48146574074074067 0.6689432291666667 0.47060740740740736 0.6609052083333334 0.45803518518518516 0.6490088541666666 0.4563212962962963 0.6380776041666666 0.4574638888888889 0.6326114583333333 0.4626074074074074 0.6248953125 0.4346055555555556 0.6184166666666666 0.4270703703703704 0.6281104166666667 0.44832037037037037 0.6303609375 0.46375 0.629075 0.48375092592592595 0.6136421875 0.5083240740740741 0.6310041666666667 0.4877518518518519 0.6412927083333333 0.4968953703703704
0 0.6972364583333334 0.4331435185185185 0.7030239583333333 0.45657314814814814 0.7178140625 0.532325925925926 0.7239229166666666 0.5694703703703704 0.7309958333333333 0.5929009259259259 0.7264947916666666 0.5751851851851852 0.7297098958333332 0.560899074074074 0.7261734375 0.520325 0.721671875 0.4728935185185185 0.718778125 0.4426055555555556 0.7197427083333333 0.42889074074074074 0.7261734375 0.42717685185185184 0.7197427083333333 0.4128898148148148 0.7213505208333333 0.4008222222222222 0.7171708333333334 0.38310648148148146 0.7117052083333333 0.36996296296296294 0.71620625 0.34996203703703704 0.727459375 0.3373898148148148 0.7342114583333333 0.3145314814814815 0.7203859375 0.327675 0.7165276041666666 0.3442472222222222 0.7094541666666667 0.36253425925925925 0.7004520833333333 0.36767685185185184 0.691128125 0.36767685185185184 0.6834114583333334 0.3665342592592593 0.6692645833333334 0.3711055555555555 0.65736875 0.3911074074074074 0.6715151041666666 0.3773916666666667 0.6695494791666667 0.37776018518518517 0.6818036458333334 0.3725685185185185 0.6933786458333333 0.3777111111111111 0.6924140624999999 0.39314074074074074 0.6914494791666667 0.4171425925925926 0.6869479166666667 0.4371435185185185 0.6972364583333334 0.4331435185185185
