0 0.26145833333333335 0.25555555555555554 0.2640625 0.28703703703703703 0.25 0.3148148148148148 0.24895833333333334 0.3212962962962963 0.2515625 0.32222222222222224 0.2625 0.3074074074074074 0.28020833333333334 0.30092592592592593 0.2989583333333333 0.3212962962962963 0.3072916666666667 0.32222222222222224 0.2859375 0.2953703703703704 0.28229166666666666 0.2324074074074074 0.27447916666666666 0.16018518518518518 0.26927083333333335 0.13796296296296295 0.26197916666666665 0.1175925925925926 0.24895833333333334 0.09907407407407408 0.24270833333333333 0.09814814814814815 0.2390625 0.10277777777777777 0.2390625 0.10833333333333334 0.24635416666666668 0.11851851851851852 0.24791666666666667 0.13055555555555556 0.25416666666666665 0.15 0.2625 0.20925925925925926 0.26145833333333335 0.25555555555555554
0 0.271875 0.14166666666666666 0.26927083333333335 0.13425925925925927 0.2713541666666667 0.1425925925925926 0.2791666666666667 0.13518518518518519 0.29583333333333334 0.15648148148148147 0.33125 0.18333333333333332 0.3458333333333333 0.19907407407407407 0.36041666666666666 0.22037037037037038 0.375 0.23333333333333334 0.3885416666666667 0.23703703703703705 0.40260416666666665 0.24722222222222223 0.4078125 0.2462962962962963 0.4119791666666667 0.24166666666666667 0.4125 0.23333333333333334 0.4078125 0.225 0.39479166666666665 0.21666666666666667 0.3885416666666667 0.20555555555555555 0.3421875 0.16296296296296298 0.32395833333333335 0.13703703703703704 0.3182291666666667 0.12129629629629629 0.30520833333333336 0.10925925925925926 0.2947916666666667 0.1037037037037037 0.29322916666666665 0.09907407407407408 0.29583333333333334 0.09259259259259259 0.30625 0.09166666666666666 0.30625 0.07592592592592592 0.3026041666666667 0.0712962962962963 0.29791666666666666 0.07037037037037037 0.28958333333333336 0.07962962962962963 0.28541666666666665 0.10185185185185185 0.2791666666666667 0.11481481481481481 0.278125 0.12314814814814815 0.271875 0.12962962962962962 0.275 0.13518518518518519 0.271875 0.14166666666666666
0 0.7713541666666667 0.8361111111111111 0.7625 0.8657407407407407 0.7578125 0.8916666666666667 0.7520833333333333 0.8953703703703704 0.7296875 0.8953703703703704 0.7421875 0.9 0.7526041666666666 0.8981481481481481 0.7833333333333333 0.925 0.7973958333333333 0.9231481481481482 0.7828125 0.9175925925925926 0.778125 0.9074074074074074 0.7932291666666667 0.8768518518518519 0.8010416666666667 0.8388888888888889 0.8276041666666667 0.7592592592592593 0.8307291666666666 0.7361111111111112 0.8307291666666666 0.6916666666666667 0.828125 0.6805555555555556 0.8244791666666667 0.6814814814814815 0.8182291666666667 0.712037037037037 0.8104166666666667 0.7240740740740741 0.8041666666666667 0.7712962962962963 0.7989583333333333 0.7925925925925926 0.7822916666666667 0.8268518518518518 0.7713541666666667 0.8361111111111111
0 0.6734375 0.7481481481481481 0.6739583333333333 0.7268518518518519 0.66875 0.7157407407407408 0.6510416666666666 0.700925925925926 0.6270833333333333 0.6981481481481482 0.6182291666666667 0.6916666666666667 0.6161458333333333 0.6861111111111111 0.6125 0.687037037037037 0.603125 0.6787037037037037 0.6020833333333333 0.6814814814814815 0.6036458333333333 0.7 0.6125 0.7129629629629629 0.6390625 0.7287037037037037 0.6541666666666667 0.7490740740740741 0.6703125 0.7518518518518519 0.6734375 0.7481481481481481
0 0.7775125 0.0888425925925926 0.7775125 0.07036388888888888 0.7808989583333333 0.054893518518518515 0.7765453125 0.04415 0.7700145833333334 0.04028240740740741 0.7644515625 0.04887777777777778 0.7620328125 0.06993425925925925 0.7584046875 0.07981851851851851 0.7552598958333333 0.11075925925925927 0.7598557291666667 0.14427777777777778 0.7622744791666667 0.1882675925925926 0.7675958333333334 0.2213564814814815 0.77025625 0.27636203703703704 0.778721875 0.32964907407407407 0.7717078125000001 0.3442601851851852 0.7591302083333333 0.35758148148148144 0.7661442708333334 0.35414444444444443 0.7813828125000001 0.34039259259259264 0.7951697916666667 0.34039259259259264 0.8082312500000001 0.3567222222222222 0.8297583333333333 0.3687546296296296 0.8478989583333333 0.36058981481481484 0.8193572916666666 0.3554333333333333 0.7987979166666667 0.3317472222222222 0.8024260416666666 0.309487962962963 0.8043609375 0.2824148148148148 0.7912994791666667 0.20401111111111112 0.78235 0.1313861111111111 0.7775125 0.0888425925925926
0 0.7434083333333333 0.0714111111111111 0.7286536458333334 0.06797314814814814 0.7107546874999999 0.07355925925925925 0.692371875 0.08344351851851851 0.6744734375 0.08129444444444445 0.6529463541666666 0.08430277777777777 0.6331125 0.08945925925925925 0.6227114583333333 0.09891388888888888 0.6130364583333333 0.10106203703703705 0.6028776041666667 0.11481388888888888 0.6038453125000001 0.12383796296296297 0.6106177083333333 0.12641666666666668 0.6193255208333334 0.1242675925925926 0.6268234375 0.11954074074074075 0.6265817708333333 0.12512685185185185 0.6377078125 0.1268462962962963 0.6696359375000001 0.12040000000000001 0.6998703125 0.11438425925925925 0.7119640625 0.12211944444444445 0.7337328125 0.11825185185185186 0.7441338541666667 0.1045 0.7458270833333334 0.10793796296296296 0.7567114583333333 0.1444648148148148 0.7610651041666666 0.15134074074074075 0.7480036458333333 0.09900833333333334 0.7480036458333333 0.07699722222222222 0.7584046875 0.07227037037037037 0.7610651041666666 0.06582407407407408 0.76058125 0.05937777777777778 0.7434083333333333 0.0714111111111111
0 0.39988177083333337 0.5313037037037037 0.3882895833333333 0.5240166666666667 0.4112953125 0.5008861111111111 0.3966713541666667 0.5024703703703703 0.3854359375 0.5214814814814815 0.38097760416666665 0.5316203703703704 0.3750921875 0.5477796296296296 0.36260885416666666 0.5709101851851851 0.35975520833333335 0.6041787037037037 0.36635364583333335 0.5740787037037037 0.3779458333333333 0.5550675925925925 0.38918125 0.5807324074074074 0.4029135416666667 0.5848509259259259 0.42235208333333335 0.5959407407407408 0.4405427083333333 0.6124175925925925 0.4583770833333333 0.6228731481481481 0.4792427083333333 0.6314277777777778 0.49547135416666666 0.6231898148148147 0.5095604166666666 0.6190712962962963 0.5117005208333334 0.6095657407407408 0.508846875 0.6016444444444444 0.5024265625 0.6025944444444444 0.49475833333333336 0.6041787037037037 0.48530625 0.5972083333333333 0.46426197916666667 0.5921388888888889 0.4335875 0.5734444444444445 0.4111166666666667 0.5423935185185185 0.39988177083333337 0.5313037037037037
0 0.2880125 0.4838064814814815 0.29286770833333337 0.4606722222222222 0.2952953125 0.43048055555555553 0.28006718750000004 0.48923055555555556 0.2749911458333333 0.5002092592592593 0.27057708333333336 0.5041305555555555 0.2749911458333333 0.511187962962963 0.28183281250000003 0.5347148148148148 0.2970609375 0.555887962962963 0.3178067708333333 0.5876490740740741 0.34539427083333335 0.6374462962962963 0.35532552083333335 0.6652861111111111 0.3643744791666667 0.6680314814814815 0.3661401041666667 0.6488175925925925 0.35973958333333333 0.626075925925926 0.35355989583333336 0.6009805555555555 0.3341385416666667 0.5649064814814815 0.32884166666666664 0.5590916666666667 0.31537916666666665 0.5359574074074074 0.30213697916666665 0.5030203703703703 0.2871296875 0.4908648148148148 0.2880125 0.4838064814814815
0 0.25556979166666666 0.6727388888888889 0.24828645833333332 0.6347046296296296 0.24541718750000002 0.6237259259259259 0.23592760416666667 0.6166675925925925 0.2328375 0.6292148148148148 0.23703072916666665 0.6437231481481481 0.2372515625 0.6625444444444445 0.23879635416666664 0.6899916666666667 0.245196875 0.7292027777777778 0.25733541666666665 0.7774314814814814 0.26991510416666664 0.8135055555555556 0.28403958333333335 0.8233083333333333 0.2851432291666667 0.8354638888888889 0.2838192708333333 0.8609509259259259 0.2860260416666666 0.8750666666666667 0.28999843750000004 0.8648722222222223 0.28823281250000005 0.8209555555555555 0.292646875 0.8135055555555556 0.30986145833333334 0.8119370370370371 0.3259723958333333 0.8025268518518519 0.29772291666666667 0.8076240740740741 0.296178125 0.8033111111111111 0.29044010416666666 0.7860583333333333 0.27410833333333334 0.7558657407407408 0.26881145833333336 0.7327314814814815 0.25556979166666666 0.6727388888888889
0 0.2672114583333334 0.5956277777777778 0.26853541666666664 0.5650435185185185 0.2612526041666667 0.537987962962963 0.25286614583333333 0.5179907407407407 0.24205156249999998 0.5223037037037037 0.23587239583333333 0.5517120370370371 0.23631354166666665 0.5877851851851852 0.2447 0.5987083333333334 0.24977604166666667 0.6379185185185186 0.25374895833333333 0.6630138888888888 0.2630182291666667 0.6986953703703703 0.26897708333333337 0.717125 0.28067395833333336 0.7414351851851851 0.29060572916666666 0.7598648148148148 0.29855052083333333 0.7567277777777778 0.29634375 0.7457481481481482 0.28773645833333333 0.7245750000000001 0.2883984375 0.7258074074074073 0.2848671875 0.7073787037037037 0.27692239583333333 0.6807148148148149 0.26456302083333333 0.6309175925925926 0.2672114583333334 0.5956277777777778
0 0.26152864583333335 0.39489814814814816 0.26263177083333333 0.3670583333333333 0.25645260416666665 0.3372583333333333 0.24740364583333332 0.3192212962962963 0.23614791666666665 0.3231425925925926 0.2339411458333333 0.3176527777777778 0.22798229166666667 0.31059444444444445 0.22445104166666668 0.31373148148148144 0.22334739583333332 0.34117870370370373 0.22732031249999998 0.35686296296296294 0.2266578125 0.32275 0.231071875 0.32000555555555554 0.23327916666666668 0.32941574074074076 0.23085104166666665 0.35529537037037034 0.23658958333333333 0.3842638888888889 0.2405619791666667 0.40779074074074073 0.2469625 0.4615092592592593 0.25556979166666666 0.5003277777777778 0.25888020833333336 0.5179731481481481 0.2602041666666667 0.530912962962963 0.2643973958333333 0.5446361111111111 0.2674875 0.5477731481481481 0.27234270833333335 0.5418916666666667 0.2694734375 0.5144435185185185 0.2694734375 0.5043203703703705 0.2674875 0.4804018518518518 0.2643973958333333 0.45057685185185187 0.2630734375 0.42548240740740745 0.26152864583333335 0.39489814814814816
0 0.35885677083333334 0.4202240740740741 0.35179427083333337 0.4135583333333333 0.34296666666666664 0.4041472222222222 0.3259723958333333 0.39865833333333334 0.30655104166666663 0.37473981481481483 0.2902192708333333 0.3445472222222222 0.2732255208333333 0.3370972222222222 0.27168072916666663 0.32219722222222225 0.2690322916666667 0.3057287037037037 0.269253125 0.33945 0.2652802083333333 0.35082129629629627 0.26505989583333334 0.3653287037037037 0.26373541666666667 0.39434444444444444 0.2683703125 0.37003425925925926 0.26991510416666664 0.3708185185185185 0.28095 0.381012962962963 0.2944125 0.3865027777777778 0.30588906250000003 0.40022592592592593 0.3356833333333333 0.42767407407407404 0.35069114583333333 0.4327712962962963 0.36194635416666665 0.4370824074074074 0.3615052083333333 0.43747685185185187 0.3661401041666667 0.4351240740740741 0.37121614583333334 0.42963425925925924 0.3668020833333333 0.42453703703703705 0.35885677083333334 0.4202240740740741
0 0.379878125 0.3949722222222222 0.3745817708333333 0.37693611111111114 0.36928489583333335 0.3561537037037037 0.35427708333333335 0.34203796296296296 0.34655260416666667 0.3330194444444444 0.35317395833333337 0.32321666666666665 0.3447869791666667 0.32321666666666665 0.3352973958333333 0.34125370370370367 0.33286927083333334 0.3636037037037037 0.33662135416666666 0.37811203703703705 0.33750416666666666 0.35929074074074074 0.342359375 0.37379907407407403 0.3498635416666667 0.3988935185185185 0.36729843749999996 0.41222499999999995 0.3946651041666666 0.42987037037037035 0.4189421875 0.4290861111111111 0.4311911458333333 0.42089814814814813 0.4319635416666667 0.4102648148148148 0.42379739583333337 0.40281481481481485 0.4094520833333333 0.3988935185185185 0.3924583333333333 0.4000703703703704 0.379878125 0.3949722222222222
0 0.47411666666666663 0.41340185185185185 0.4487364583333333 0.3875222222222222 0.4288734375 0.360075 0.4118796875 0.3502722222222222 0.3977552083333334 0.3279222222222222 0.3776713541666667 0.31733518518518516 0.3748020833333333 0.30949351851851853 0.3670776041666667 0.2793009259259259 0.3536151041666667 0.25891111111111115 0.35670520833333336 0.2691064814814815 0.37149166666666666 0.31615925925925925 0.37016770833333335 0.3204722222222222 0.3675192708333333 0.3389009259259259 0.37723020833333337 0.363212037037037 0.39157552083333336 0.37066203703703704 0.42181145833333333 0.393012037037037 0.44366041666666667 0.4157546296296296 0.4650682291666667 0.42987037037037035 0.47891718749999995 0.44198703703703707 0.47941354166666666 0.4428101851851852 0.4814 0.4439861111111111 0.4869177083333333 0.44124166666666664 0.4855932291666667 0.4275175925925926 0.47411666666666663 0.41340185185185185
0 0.46043333333333336 0.37370925925925924 0.43461197916666666 0.3537120370370371 0.41739739583333335 0.35057499999999997 0.435053125 0.3650824074074074 0.4489572916666667 0.3866490740740741 0.4648473958333333 0.4003722222222222 0.476103125 0.41213611111111115 0.49442135416666666 0.4188018518518518 0.5010421875 0.41252777777777777 0.5034697916666667 0.4191935185185185 0.5081046875 0.4380148148148148 0.5109734375 0.4619333333333333 0.5127390625 0.43527037037037036 0.507221875 0.4074305555555555 0.5081046875 0.40076481481481485 0.5036906250000001 0.38939351851851856 0.4917729166666666 0.3827277777777778 0.47985520833333334 0.38155092592592593 0.46043333333333336 0.37370925925925924
0 0.5969911458333333 0.3730259259259259 0.5855145833333334 0.3604787037037037 0.5848526041666666 0.3400888888888889 0.5879427083333333 0.3306777777777778 0.5983151041666667 0.31969907407407405 0.6018463541666667 0.27852777777777776 0.5936807291666667 0.2675490740740741 0.594784375 0.2926435185185185 0.5899286458333334 0.3102888888888889 0.5819833333333333 0.3338148148148148 0.5744796875 0.3275416666666667 0.5574859375 0.3220518518518518 0.5402713541666666 0.3244046296296297 0.5263671875 0.3420490740740741 0.4910557291666667 0.35538055555555553 0.46280625 0.35028333333333334 0.4345567708333334 0.33303055555555555 0.42109375 0.3208759259259259 0.41645937499999997 0.3114648148148148 0.4071901041666666 0.3169546296296296 0.40564479166666667 0.32989351851851856 0.4131489583333333 0.34636203703703705 0.424625 0.3487148148148148 0.43830833333333336 0.3542046296296296 0.453978125 0.3698888888888889 0.47913802083333334 0.3789074074074074 0.49723489583333336 0.383612962962963 0.5062838541666667 0.3863574074074074 0.5215119791666667 0.38910185185185187 0.5415958333333334 0.391062962962963 0.5634447916666667 0.38910185185185187 0.5815421875 0.37528703703703703 0.5927979166666667 0.3863574074074074 0.6016260416666667 0.40400185185185183 0.6115572916666667 0.41576574074074074 0.6097916666666666 0.3992972222222222 0.5969911458333333 0.3730259259259259
0 0.4978973958333333 0.23427499999999998 0.48840729166666663 0.26093796296296295 0.4775927083333333 0.27852777777777776 0.46942708333333333 0.28637037037037033 0.4579505208333333 0.29185925925925926 0.45022604166666663 0.30715185185185184 0.44559166666666666 0.30715185185185184 0.4385291666666667 0.30323055555555556 0.44448802083333333 0.29460462962962963 0.4391911458333333 0.2942120370370371 0.4332322916666667 0.3028388888888889 0.43588072916666665 0.3118574074074074 0.446915625 0.31852314814814814 0.4493432291666667 0.3275416666666667 0.4526541666666667 0.331462037037037 0.45177135416666664 0.34244166666666664 0.45574375 0.3451861111111111 0.45660204895833334 0.3345122611111111 0.4672203125 0.32681203703703704 0.47891718749999995 0.3052462962962963 0.48951041666666667 0.283287962962963 0.498559375 0.2632907407407407 0.5018697916666667 0.25035092592592595 0.4992213541666667 0.2327064814814815 0.4978973958333333 0.23427499999999998
0 0.5268088541666667 0.28485648148148146 0.5193052083333334 0.2476064814814815 0.5118010416666666 0.2154537037037037 0.5031942708333333 0.1852611111111111 0.488628125 0.17114537037037036 0.47538593749999997 0.15938240740740742 0.46059895833333336 0.16251944444444444 0.44890208333333337 0.17114537037037036 0.44426718750000005 0.18094814814814816 0.44647447916666666 0.18682962962962965 0.4394119791666667 0.2005537037037037 0.43477708333333337 0.22015925925925925 0.4389703125 0.23466666666666666 0.4493432291666667 0.24211666666666665 0.44228124999999996 0.22564814814814813 0.4429432291666667 0.21035648148148148 0.44846041666666664 0.19192777777777778 0.45419895833333335 0.1950638888888889 0.465675 0.19898518518518518 0.48244843750000005 0.20643518518518517 0.4923796875 0.21231666666666665 0.49635260416666666 0.22408055555555556 0.5014286458333334 0.237412037037037 0.5014286458333334 0.25348796296296294 0.5071666666666667 0.27897500000000003 0.5133463541666666 0.29662037037037037 0.5131255208333333 0.3111277777777777 0.5175395833333334 0.32869444444444446 0.5162151041666667 0.3307333333333333 0.5175395833333334 0.33190925925925924 0.5248223958333333 0.32014629629629626 0.5246015625 0.3032861111111111 0.5268088541666667 0.28485648148148146
0 0.5206291666666666 0.13628333333333334 0.5168776041666666 0.1351074074074074 0.5142291666666667 0.12020740740740742 0.52085 0.09824907407407407 0.5177604166666667 0.08295648148148148 0.5095942708333333 0.06844907407407406 0.5071666666666667 0.06884074074074074 0.5135666666666666 0.08805462962962964 0.5157739583333333 0.10138611111111111 0.5106979166666666 0.11550185185185186 0.5087114583333333 0.11314907407407407 0.491496875 0.11942314814814815 0.4798 0.12295185185185187 0.47075104166666665 0.1331462962962963 0.4594958333333333 0.1405962962962963 0.4475776041666667 0.1390287037037037 0.4332322916666667 0.1480462962962963 0.41778333333333334 0.1590259259259259 0.41403177083333337 0.1668675925925926 0.4045416666666667 0.17510185185185187 0.40123125000000004 0.1872574074074074 0.4067484375 0.19392314814814815 0.41535572916666663 0.18647314814814814 0.423521875 0.18647314814814814 0.43588072916666665 0.17314166666666667 0.4491229166666667 0.16804444444444444 0.4634682291666667 0.1590259259259259 0.474503125 0.1558888888888889 0.48421406250000004 0.1598101851851852 0.498559375 0.16294722222222222 0.5076078125 0.15432037037037036 0.5124635416666666 0.1460861111111111 0.5162151041666667 0.14294907407407406 0.5285744791666667 0.15432037037037036 0.5398302083333333 0.17392592592592593 0.54490625 0.18294444444444447 0.5418161458333334 0.1711814814814815 0.5332088541666666 0.15236018518518518 0.5206291666666666 0.13628333333333334
0 0.7367145833333333 0.3446787037037037 0.7461348958333333 0.32071481481481484 0.7589807291666666 0.2956101851851852 0.743565625 0.3093037037037037 0.7345734375 0.3306046296296296 0.7302916666666667 0.3534277777777778 0.7371427083333334 0.3686435185185185 0.7454927083333334 0.3728861111111111 0.742709375 0.37897222222222227 0.7365005208333333 0.40141481481481484 0.7339312499999999 0.43032314814814815 0.7317901041666667 0.4527657407407408 0.7332890625 0.47064351851851854 0.7386411458333334 0.503737037037037 0.7431375 0.53645 0.7442078124999999 0.5630768518518519 0.7399260416666666 0.5790527777777777 0.7446359375 0.583237037037037 0.7534140625 0.5742972222222222 0.7546989583333333 0.5372925925925925 0.7538421875 0.4923768518518519 0.7553411458333333 0.4596638888888889 0.7677588541666667 0.43455925925925926 0.7750380208333334 0.4064101851851852 0.7718265624999999 0.36739351851851854 0.7662604166666667 0.36027499999999996 0.7553411458333333 0.3572314814814815 0.7457067708333334 0.35875277777777775 0.7377848958333334 0.35685092592592593 0.7367145833333333 0.3446787037037037
0 0.6827614583333333 0.5088194444444444 0.6763385416666666 0.5343046296296297 0.679978125 0.566637037037037 0.6819052083333333 0.591362037037037 0.6904692708333333 0.6138046296296297 0.7039572916666667 0.6297805555555556 0.7088817708333334 0.6347250000000001 0.7099520833333333 0.6449953703703704 0.7088817708333334 0.6701009259259258 0.7125213541666666 0.6632537037037036 0.7165890625000001 0.6328231481481481 0.7240828125000001 0.612662962962963 0.7281505208333333 0.5997305555555555 0.7392838541666666 0.5974481481481482 0.7382130208333333 0.5879388888888889 0.7285786458333334 0.594025 0.7212994791666667 0.5978287037037037 0.7108083333333333 0.5750055555555555 0.6936807291666667 0.5502805555555556 0.6904692708333333 0.528599074074074 0.6979624999999999 0.5008314814814815 0.71723125 0.48637685185185187 0.7300776041666667 0.46773796296296294 0.7300776041666667 0.4620324074074074 0.7266520833333333 0.4582287037037037 0.7144484375 0.47002037037037037 0.6921817708333333 0.4852361111111111 0.6827614583333333 0.5088194444444444
