0 0.5286458333333334 0.07407407407407407 0.528125 0.08518518518518518 0.5489583333333333 0.1111111111111111 0.5890625 0.14351851851851852 0.5994791666666667 0.15648148148148147 0.615625 0.16018518518518518 0.6192708333333333 0.1527777777777778 0.6203125 0.14537037037037037 0.6171875 0.13518518518518519 0.6072916666666667 0.12129629629629629 0.5859375 0.11388888888888889
0 0.39895833333333336 0.06388888888888888 0.39895833333333336 0.0712962962962963 0.40729166666666666 0.07222222222222222 0.4552083333333333 0.05555555555555555 0.471875 0.05648148148148148 0.48489583333333336 0.04537037037037037 0.48802083333333335 0.03796296296296296 0.48802083333333335 0.025 0.484375 0.016666666666666666 0.4661458333333333 0.016666666666666666 0.4583333333333333 0.021296296296296296 0.453125 0.028703703703703703
0 0.63125 0.4166666666666667 0.6307291666666667 0.4203703703703704 0.634375 0.42777777777777776 0.6723958333333333 0.4648148148148148 0.6869791666666667 0.4861111111111111 0.7010416666666667 0.5 0.7130208333333333 0.5009259259259259 0.71875 0.49074074074074076 0.7182291666666667 0.4824074074074074 0.7104166666666667 0.4675925925925926 0.6880208333333333 0.45555555555555555 0.6666666666666666 0.43425925925925923 0.6458333333333334 0.4222222222222222 0.6385416666666667 0.4148148148148148
0 0.5203125 0.03333333333333333 0.5203125 0.03888888888888889 0.525 0.04351851851851852 0.5515625 0.049074074074074076 0.5713541666666667 0.049074074074074076 0.5802083333333333 0.05185185185185185 0.5875 0.058333333333333334 0.5911458333333334 0.05555555555555555 0.5958333333333333 0.058333333333333334 0.6057291666666667 0.05277777777777778 0.6114583333333333 0.044444444444444446 0.6109375 0.03611111111111111 0.6 0.021296296296296296 0.5557291666666667 0.022222222222222223
0 0.5796875 0.062037037037037036 0.5760416666666667 0.06759259259259259 0.5760416666666667 0.07222222222222222 0.5791666666666667 0.07592592592592592 0.5848958333333333 0.07592592592592592 0.6255208333333333 0.06388888888888888 0.6359375 0.05740740740740741 0.6536458333333334 0.05740740740740741 0.6640625 0.04814814814814815 0.6703125 0.037037037037037035 0.6703125 0.028703703703703703 0.6692708333333334 0.021296296296296296 0.665625 0.01574074074074074 0.6494791666666667 0.01574074074074074 0.6385416666666667 0.021296296296296296 0.6322916666666667 0.03148148148148148 0.61875 0.04259259259259259 0.5989583333333334 0.05462962962962963 0.5833333333333334 0.05740740740740741
0 0.6807291666666667 0.1638888888888889 0.6786458333333333 0.17407407407407408 0.6807291666666667 0.1787037037037037 0.6848958333333334 0.17962962962962964 0.715625 0.13425925925925927 0.7447916666666666 0.06944444444444445 0.7479166666666667 0.05277777777777778 0.7479166666666667 0.044444444444444446 0.7447916666666666 0.03611111111111111 0.7317708333333334 0.030555555555555555 0.7307291666666667 0.03796296296296296 0.7197916666666667 0.06666666666666667 0.7182291666666667 0.0824074074074074 0.7140625 0.0962962962962963 0.6958333333333333 0.13425925925925927 0.6916666666666667 0.14722222222222223
0 0.7510416666666667 0.06388888888888888 0.7510416666666667 0.07407407407407407 0.7541666666666667 0.07777777777777778 0.7671875 0.11296296296296296 0.7734375 0.12129629629629629 0.7786458333333334 0.14166666666666666 0.7859375 0.1537037037037037 0.7916666666666666 0.1814814814814815 0.796875 0.19074074074074074 0.809375 0.20185185185185187 0.8140625 0.20092592592592592 0.8171875 0.1962962962962963 0.81875 0.18518518518518517 0.8140625 0.16666666666666666 0.79375 0.1361111111111111 0.7723958333333333 0.09166666666666666 0.7604166666666666 0.075 0.7557291666666667 0.062037037037037036
0 0.7286458333333333 0.1962962962962963 0.728125 0.20277777777777778 0.7307291666666667 0.20555555555555555 0.7557291666666667 0.2 0.76875 0.20185185185185187 0.7864583333333334 0.21481481481481482 0.7911458333333333 0.22777777777777777 0.8026041666666667 0.2351851851851852 0.8130208333333333 0.23333333333333334 0.8177083333333334 0.22870370370370371 0.8192708333333333 0.2222222222222222 0.8182291666666667 0.2101851851851852 0.8145833333333333 0.20092592592592592 0.8067708333333333 0.2 0.7984375 0.19166666666666668 0.7895833333333333 0.19444444444444445 0.7666666666666667 0.18518518518518517 0.7557291666666667 0.18518518518518517 0.7322916666666667 0.1925925925925926
0 0.79375 0.362962962962963 0.7932291666666667 0.4046296296296296 0.7989583333333333 0.4074074074074074 0.8026041666666667 0.39537037037037037 0.8026041666666667 0.3851851851851852 0.8098958333333334 0.34629629629629627 0.8145833333333333 0.29074074074074074 0.8182291666666667 0.2759259259259259 0.8203125 0.24722222222222223 0.8177083333333334 0.2388888888888889 0.8140625 0.24074074074074073 0.8109375 0.2361111111111111 0.8026041666666667 0.23796296296296296 0.7984375 0.2518518518518518 0.7958333333333333 0.275 0.8 0.287962962962963 0.7994791666666666 0.31666666666666665
0 0.7723958333333333 0.5333333333333333 0.7703125 0.5370370370370371 0.7770833333333333 0.5546296296296296 0.7854166666666667 0.5907407407407408 0.79375 0.6546296296296297 0.8026041666666667 0.675 0.8067708333333333 0.6759259259259259 0.815625 0.6712962962962963 0.8182291666666667 0.6638888888888889 0.8135416666666667 0.637962962962963 0.7932291666666667 0.5879629629629629 0.7760416666666666 0.5370370370370371 0.7765625 0.5333333333333333
0 0.7338541666666667 0.8138888888888889 0.7338541666666667 0.825925925925926 0.7401041666666667 0.8287037037037037 0.7697916666666667 0.7981481481481482 0.7947916666666667 0.7555555555555555 0.7984375 0.7453703703703703 0.8182291666666667 0.7185185185185186 0.8239583333333333 0.6972222222222222 0.821875 0.6851851851851852 0.8145833333333333 0.6722222222222223 0.8020833333333334 0.6805555555555556 0.7869791666666667 0.7055555555555556 0.7864583333333334 0.7212962962962963 0.7833333333333333 0.7361111111111112 0.7791666666666667 0.7398148148148148 0.7796875 0.7472222222222222 0.7526041666666666 0.7870370370370371 0.7432291666666667 0.8046296296296296
0 0.6515625 0.8416666666666667 0.6510416666666666 0.8462962962962963 0.6630208333333333 0.8574074074074074 0.675 0.8611111111111112 0.6796875 0.8518518518518519 0.6890625 0.8453703703703703 0.7223958333333333 0.8425925925925926 0.7265625 0.8388888888888889 0.7244791666666667 0.8342592592592593 0.728125 0.8277777777777777 0.7296875 0.8333333333333334 0.7302083333333333 0.8296296296296296 0.728125 0.8268518518518518 0.7213541666666666 0.837037037037037 0.7151041666666667 0.837037037037037 0.6885416666666667 0.8277777777777777 0.6739583333333333 0.8175925925925925 0.65625 0.8287037037037037
0 0.49895833333333334 0.7509259259259259 0.49322916666666666 0.7611111111111111 0.4942708333333333 0.7768518518518519 0.49947916666666664 0.7814814814814814 0.5109375 0.7814814814814814 0.5171875 0.7777777777777778 0.5276041666666667 0.7648148148148148 0.5640625 0.7398148148148148 0.5682291666666667 0.7342592592592593 0.5770833333333333 0.7305555555555555 0.5802083333333333 0.7231481481481481 0.5765625 0.7185185185185186 0.5583333333333333 0.7203703703703703 0.5484375 0.725 0.5270833333333333 0.7425925925925926
0 0.5442708333333334 0.8064814814814815 0.54375 0.8148148148148148 0.5479166666666667 0.825925925925926 0.5526041666666667 0.8277777777777777 0.5635416666666667 0.825 0.5713541666666667 0.8175925925925925 0.5817708333333333 0.8 0.6182291666666667 0.7620370370370371 0.6317708333333333 0.7518518518518519 0.634375 0.7481481481481481 0.634375 0.7435185185185185 0.6317708333333333 0.7398148148148148 0.6276041666666666 0.7398148148148148 0.6192708333333333 0.7472222222222222 0.5994791666666667 0.7527777777777778 0.5880208333333333 0.7703703703703704 0.5791666666666667 0.7777777777777778 0.5583333333333333 0.7870370370370371
0 0.39427083333333335 0.6305555555555555 0.39166666666666666 0.7287037037037037 0.3958333333333333 0.7481481481481481 0.40572916666666664 0.7509259259259259 0.4088541666666667 0.7481481481481481 0.4114583333333333 0.7268518518518519 0.40729166666666666 0.6888888888888889 0.4083333333333333 0.6537037037037037 0.4041666666666667 0.6074074074074074 0.40572916666666664 0.5907407407407408 0.4036458333333333 0.5833333333333334 0.4 0.5805555555555556 0.396875 0.5824074074074074 0.3958333333333333 0.587037037037037
0 0.3859375 0.5537037037037037 0.3854166666666667 0.5648148148148148 0.3875 0.5703703703703704 0.40208333333333335 0.5805555555555556 0.4244791666666667 0.5777777777777777 0.46197916666666666 0.587037037037037 0.490625 0.5842592592592593 0.49375 0.5777777777777777 0.49375 0.5731481481481482 0.4895833333333333 0.5685185185185185 0.4390625 0.562962962962963 0.42135416666666664 0.5537037037037037 0.4119791666666667 0.5435185185185185 0.3927083333333333 0.5435185185185185 0.3880208333333333 0.5472222222222223
0 0.4661458333333333 0.375 0.4630208333333333 0.44074074074074077 0.4583333333333333 0.46111111111111114 0.45364583333333336 0.4981481481481482 0.44635416666666666 0.5148148148148148 0.4484375 0.5314814814814814 0.4510416666666667 0.5351851851851852 0.4546875 0.5351851851851852 0.46041666666666664 0.5287037037037037 0.45989583333333334 0.5083333333333333 0.46979166666666666 0.4740740740740741 0.4796875 0.4185185185185185 0.48385416666666664 0.40555555555555556 0.4828125 0.38055555555555554 0.4796875 0.3685185185185185 0.4713541666666667 0.36574074074074076
0 0.375 0.38333333333333336 0.37552083333333336 0.39537037037037037 0.3828125 0.4148148148148148 0.3890625 0.42685185185185187 0.3953125 0.4324074074074074 0.4078125 0.4583333333333333 0.41354166666666664 0.46574074074074073 0.4239583333333333 0.4898148148148148 0.4375 0.5111111111111111 0.44427083333333334 0.5175925925925926 0.4473958333333333 0.5296296296296297 0.45260416666666664 0.5324074074074074 0.4583333333333333 0.5277777777777778 0.4588541666666667 0.525 0.45677083333333335 0.525 0.453125 0.5175925925925926 0.4546875 0.5055555555555555 0.45 0.5009259259259259 0.44375 0.48148148148148145 0.4276041666666667 0.4564814814814815 0.4140625 0.42685185185185187 0.409375 0.4101851851851852 0.4083333333333333 0.3962962962962963 0.3880208333333333 0.37037037037037035 0.3807291666666667 0.3712962962962963
0 0.20572916666666666 0.27037037037037037 0.20520833333333333 0.275 0.20885416666666667 0.2824074074074074 0.2265625 0.29259259259259257 0.2421875 0.2953703703703704 0.2791666666666667 0.31666666666666665 0.2869791666666667 0.31666666666666665 0.2984375 0.3101851851851852 0.30052083333333335 0.30277777777777776 0.29791666666666666 0.2861111111111111 0.28802083333333334 0.2814814814814815 0.2755208333333333 0.27870370370370373 0.271875 0.2833333333333333 0.2609375 0.28425925925925927 0.24010416666666667 0.2740740740740741 0.22239583333333332 0.2722222222222222 0.21354166666666666 0.26666666666666666 0.20833333333333334 0.26666666666666666
0 0.23072916666666668 0.7324074074074074 0.22864583333333333 0.7398148148148148 0.23072916666666668 0.7518518518518519 0.23958333333333334 0.7675925925925926 0.253125 0.7777777777777778 0.278125 0.8074074074074075 0.3015625 0.825925925925926 0.30520833333333336 0.8222222222222222 0.30364583333333334 0.812962962962963 0.2635416666666667 0.7638888888888888 0.2609375 0.7592592592592593 0.25833333333333336 0.7444444444444445 0.2359375 0.7231481481481481
0 0.7541666666666667 0.3611111111111111 0.7552083333333334 0.3638888888888889 0.7536458333333333 0.36944444444444446 0.7583333333333333 0.38055555555555554 0.759375 0.3962962962962963 0.7619791666666667 0.4027777777777778 0.7625 0.43796296296296294 0.7598958333333333 0.4703703703703704 0.7541666666666667 0.4962962962962963 0.7536458333333333 0.512962962962963 0.7557291666666667 0.5333333333333333 0.7635416666666667 0.5361111111111111 0.7677083333333333 0.5333333333333333 0.7729166666666667 0.5222222222222223 0.7734375 0.4648148148148148 0.7713541666666667 0.4564814814814815 0.7723958333333333 0.45092592592592595 0.76875 0.44074074074074077 0.7682291666666666 0.42407407407407405 0.7666666666666667 0.42314814814814816 0.7666666666666667 0.4111111111111111 0.7635416666666667 0.3962962962962963 0.7645833333333333 0.3907407407407407 0.7614583333333333 0.38055555555555554 0.7640625 0.3768518518518518 0.7583333333333333 0.36944444444444446 0.7609375 0.3611111111111111
0 0.7731119791666666 0.486275 0.7773901041666667 0.5173185185185185 0.7879291666666667 0.5333796296296296 0.7964609374999999 0.5360564814814816 0.8034869791666667 0.5182111111111111 0.799471875 0.4869814814814815 0.785921875 0.45129074074074077 0.780903125 0.4066768518518519 0.7713682291666667 0.359387037037037 0.7648442708333333 0.3567101851851852 0.7623348958333334 0.3236953703703704 0.7563124999999999 0.3192342592592593 0.7482828125 0.32012685185185186 0.7487848958333333 0.3352953703703704 0.7553088541666667 0.34600277777777777 0.7593234375000001 0.36741759259259255 0.7638401041666667 0.3932925925925926 0.7688588541666667 0.43076851851851855 0.7708661458333333 0.4611055555555556 0.77488125 0.4887657407407407
0 0.7938848958333333 0.42205000000000004 0.7999739583333334 0.4370148148148148 0.8029848958333333 0.4655666666666667 0.8080036458333333 0.49411944444444444 0.8090072916666667 0.5235648148148149 0.8150291666666667 0.5423027777777778 0.8230588541666666 0.5735324074074074 0.8125203125 0.5895925925925926 0.8004755208333333 0.5735324074074074 0.7984682291666666 0.5414101851851851 0.8029848958333333 0.5199953703703704 0.7999739583333334 0.4887657407407407 0.7969624999999999 0.464675 0.7949552083333333 0.43522962962962963
0 0.5233291666666667 0.3760074074074074 0.5171218750000001 0.38972962962962965 0.5201963541666667 0.41615 0.5227583333333333 0.43892592592592594 0.5258328125 0.46443425925925924 0.5324942708333333 0.500875925925926 0.5463291666666666 0.540962037037037 0.5468416666666667 0.5300296296296296 0.5391552083333334 0.501787037037037 0.5365932291666666 0.4680787037037037 0.53351875 0.439837037037037 0.5360807291666667 0.4097722222222222 0.53454375 0.38152962962962966
0 0.5141078125 0.44158425925925926 0.5073859375 0.4489472222222222 0.5089229166666667 0.4680787037037037 0.5140473958333334 0.4872111111111111 0.5201963541666667 0.4981435185185185 0.5283947916666667 0.5236527777777777 0.5391552083333334 0.5518944444444445 0.5504281249999999 0.571937962962963 0.5606765625 0.5938027777777778 0.5658005208333333 0.5910694444444444 0.5601640625000001 0.5737592592592592 0.5504281249999999 0.5537166666666666 0.5391552083333334 0.5190972222222222 0.5278822916666667 0.48994351851851853 0.5263453124999999 0.4662564814814815 0.5212208333333334 0.4489472222222222
