0 0.6859375 0.0712962962962963 0.684375 0.08703703703703704 0.6854166666666667 0.09907407407407408 0.68125 0.10740740740740741 0.6854166666666667 0.12407407407407407 0.6869791666666667 0.14166666666666666 0.6864583333333333 0.18888888888888888 0.6885416666666667 0.23148148148148148 0.6895833333333333 0.2361111111111111 0.69375 0.23796296296296296 0.696875 0.23148148148148148 0.6963541666666667 0.2111111111111111 0.7015625 0.16111111111111112 0.7046875 0.09166666666666666 0.7015625 0.07037037037037037 0.6984375 0.06388888888888888 0.6890625 0.06296296296296296
0 0.48802083333333335 0.1175925925925926 0.4859375 0.12129629629629629 0.4859375 0.12777777777777777 0.490625 0.13425925925925927 0.5171875 0.14722222222222223 0.55625 0.1574074074074074 0.5864583333333333 0.17777777777777778 0.6109375 0.17685185185185184 0.6135416666666667 0.17314814814814813 0.6151041666666667 0.1638888888888889 0.6151041666666667 0.14907407407407408 0.6109375 0.14166666666666666 0.5984375 0.13333333333333333 0.5661458333333333 0.13240740740740742 0.5140625 0.1175925925925926
0 0.39895833333333336 0.06018518518518518 0.3984375 0.06666666666666667 0.403125 0.08055555555555556 0.41510416666666666 0.09907407407407408 0.4354166666666667 0.10740740740740741 0.46979166666666666 0.14166666666666666 0.48020833333333335 0.1574074074074074 0.4828125 0.15925925925925927 0.4859375 0.15555555555555556 0.4859375 0.14814814814814814 0.46979166666666666 0.11666666666666667 0.4630208333333333 0.10648148148148148 0.43385416666666665 0.07962962962962963 0.42083333333333334 0.05648148148148148 0.40729166666666666 0.04814814814814815 0.4010416666666667 0.05277777777777778
0 0.21770833333333334 0.6777777777777778 0.2171875 0.6888888888888889 0.21927083333333333 0.7037037037037037 0.22395833333333334 0.7194444444444444 0.23385416666666667 0.7361111111111112 0.23645833333333333 0.75 0.23541666666666666 0.799074074074074 0.22916666666666666 0.8453703703703703 0.23177083333333334 0.8527777777777777 0.23489583333333333 0.8527777777777777 0.2390625 0.8453703703703703 0.24947916666666667 0.7981481481481482 0.2515625 0.7824074074074074 0.2515625 0.7546296296296297 0.24479166666666666 0.6990740740740741 0.2359375 0.6768518518518518 0.23333333333333334 0.675 0.23385416666666667 0.6694444444444444 0.22552083333333334 0.6694444444444444
0 0.4953125 0.8916666666666667 0.4947916666666667 0.8962962962962963 0.4973958333333333 0.8981481481481481 0.5328125 0.9027777777777778 0.5447916666666667 0.8981481481481481 0.56875 0.9 0.584375 0.8851851851851852 0.5885416666666666 0.8731481481481481 0.5875 0.8564814814814815 0.5598958333333334 0.8611111111111112 0.5411458333333333 0.8768518518518519 0.5317708333333333 0.8777777777777778 0.5265625 0.875 0.4979166666666667 0.887962962962963
0 0.7947916666666667 0.6296296296296297 0.7921875 0.7240740740740741 0.796875 0.7435185185185185 0.8020833333333334 0.7490740740740741 0.8078125 0.7481481481481481 0.8125 0.7435185185185185 0.8135416666666667 0.7212962962962963 0.8119791666666667 0.7064814814814815 0.8072916666666666 0.6898148148148148 0.8072916666666666 0.5796296296296296 0.8041666666666667 0.5731481481481482 0.8005208333333333 0.575925925925926
0 0.6833333333333333 0.4777777777777778 0.684375 0.5388888888888889 0.6875 0.5601851851851852 0.6859375 0.5638888888888889 0.6880208333333333 0.5824074074074074 0.6859375 0.6027777777777777 0.6875 0.6185185185185185 0.6927083333333334 0.6416666666666667 0.7015625 0.6453703703703704 0.70625 0.6407407407407407 0.7088541666666667 0.6194444444444445 0.7083333333333334 0.6083333333333333 0.7015625 0.5805555555555556 0.7 0.5527777777777778 0.6901041666666666 0.4740740740740741 0.6854166666666667 0.47314814814814815
0 0.6666666666666666 0.24351851851851852 0.6661458333333333 0.25555555555555554 0.6703125 0.2796296296296296 0.6885416666666667 0.3101851851851852 0.6979166666666666 0.337037037037037 0.7010416666666667 0.3527777777777778 0.7052083333333333 0.36018518518518516 0.7083333333333334 0.3768518518518518 0.7130208333333333 0.38055555555555554 0.7151041666666667 0.3731481481481482 0.7104166666666667 0.33796296296296297 0.6901041666666666 0.28055555555555556 0.6854166666666667 0.2518518518518518 0.6776041666666667 0.2361111111111111 0.6708333333333333 0.23703703703703705
0 0.7119791666666667 0.41944444444444445 0.7125 0.4287037037037037 0.7213541666666666 0.4324074074074074 0.7484375 0.42314814814814816 0.7729166666666667 0.40370370370370373 0.7859375 0.3888888888888889 0.7984375 0.36944444444444446 0.80625 0.362962962962963 0.8166666666666667 0.3453703703703704 0.8265625 0.3212962962962963 0.8239583333333333 0.30833333333333335 0.8135416666666667 0.29444444444444445 0.8015625 0.30648148148148147 0.7890625 0.32592592592592595 0.7869791666666667 0.3398148148148148 0.7776041666666667 0.3675925925925926 0.7651041666666667 0.3907407407407407 0.7328125 0.4101851851851852 0.7213541666666666 0.41203703703703703
0 0.6119791666666666 0.05740740740740741 0.6109375 0.06759259259259259 0.6234375 0.09537037037037037 0.6552083333333333 0.10740740740740741 0.675 0.1111111111111111 0.6807291666666667 0.1111111111111111 0.6817708333333333 0.10833333333333334 0.6802083333333333 0.10277777777777777 0.6630208333333333 0.09537037037037037 0.6489583333333333 0.08518518518518518 0.6302083333333334 0.05277777777777778 0.6182291666666667 0.04722222222222222
0 0.7232572916666666 0.051525 0.7372989583333334 0.06269907407407407 0.7477374999999999 0.0775462962962963 0.7566104166666666 0.09610555555555556 0.7665270833333333 0.11095277777777778 0.77644375 0.12301666666666668 0.7842723958333334 0.12951203703703704 0.7936671875 0.13971944444444442 0.7999302083333333 0.1582787037037037 0.7973208333333334 0.1749824074074074 0.7900135416666667 0.17683796296296297 0.77853125 0.16663055555555556 0.7712244791666667 0.15456666666666666 0.7675708333333334 0.13879166666666667 0.7592197916666666 0.12208796296296295 0.7503473958333333 0.11188055555555555 0.7425182291666667 0.0998175925925926 0.7357333333333334 0.08404166666666667 0.7289484374999999 0.06826666666666666 0.7200755208333334 0.06177037037037037
0 0.8030968749999999 0.1550564814814815 0.8082812500000001 0.15549537037037037 0.8145442708333334 0.16570277777777778 0.8181979166666667 0.17405462962962964 0.8155880208333334 0.1972537037037037 0.8082812500000001 0.2176685185185185 0.7999302083333333 0.22973240740740739 0.7967989583333334 0.2501472222222222 0.7915796875000001 0.2714907407407407 0.7884479166666666 0.2965453703703704 0.7847942708333334 0.3151046296296296 0.7722682291666667 0.3318083333333333 0.7607859375 0.360575 0.7545229166666666 0.37727777777777777 0.7456499999999999 0.3698546296296296 0.7498255208333333 0.3457277777777778 0.7576541666666666 0.3299518518518519 0.7696583333333333 0.30860925925925925 0.7774875 0.286337962962963 0.779053125 0.26313888888888887 0.7821848958333334 0.24365185185185187 0.7842723958333334 0.21581296296296296 0.7837505208333333 0.19910925925925926 0.7879260416666667 0.17869444444444446 0.7931453125 0.16848611111111111
0 0.7185604166666667 0.5115703703703703 0.7284260416666667 0.49279629629629634 0.7399088541666666 0.48537314814814814 0.7493031250000001 0.4844453703703704 0.7602640625 0.4695972222222222 0.7701807291666667 0.44547037037037035 0.77853125 0.42134351851851853 0.7889697916666666 0.4046398148148148 0.7931453125 0.40742407407407405 0.7863604166666666 0.42412777777777777 0.776965625 0.4417583333333333 0.7733119791666667 0.4695972222222222 0.7660052083333333 0.4872287037037037 0.7540005208333334 0.5057879629629629 0.7425182291666667 0.5187796296296296 0.7284260416666667 0.5317712962962963 0.7195536458333333 0.5317712962962963
0 0.7448609375 0.5174148148148148 0.7435619791666667 0.5326990740740741 0.7519130208333333 0.5354833333333333 0.7613078125 0.5336268518518519 0.775921875 0.5159953703703704 0.7827067708333334 0.4918685185185185 0.7858385416666667 0.4723814814814815 0.7863604166666666 0.4519666666666667 0.7868822916666667 0.43433518518518516 0.7868822916666667 0.4296953703703704 0.77644375 0.4436148148148148 0.7701807291666667 0.46495740740740743 0.7660052083333333 0.48351666666666665 0.7607859375 0.49279629629629634 0.7540005208333334 0.5002203703703704 0.74669375 0.5095
0 0.5579411458333333 0.37631203703703703 0.5692380208333333 0.3924259259259259 0.5728916666666667 0.4100574074074074 0.5801984375 0.4202648148148148 0.5906369791666666 0.4378962962962963 0.5958562500000001 0.45181574074074077 0.6042072916666666 0.47408703703703703 0.6094265624999999 0.48986203703703707 0.6162114583333334 0.5037814814814814 0.625084375 0.5130611111111111 0.6396984375 0.50935 0.6391765625 0.493574074074074 0.6308255208333333 0.4722314814814815 0.622996875 0.46109537037037035 0.6104703125000001 0.44996018518518516 0.6010760416666667 0.43696851851851853 0.5922031249999999 0.41840925925925926 0.5833302083333333 0.4026342592592593 0.5755015625 0.38500277777777775 0.5681942708333333 0.3710833333333333 0.561409375 0.3627314814814815
0 0.5843739583333334 0.29313425925925923 0.5822864583333334 0.31354907407407406 0.5880276041666667 0.3376768518518518 0.59168125 0.36737129629629633 0.594290625 0.39149814814814815 0.5995098958333334 0.40077777777777773 0.6021197916666666 0.4221212962962963 0.6026416666666666 0.43975277777777777 0.6115145833333333 0.45645555555555556 0.6203869791666666 0.46109537037037035 0.62560625 0.4462481481481481 0.6245625 0.42397685185185185 0.6193432291666666 0.40077777777777773 0.6130802083333333 0.38500277777777775 0.6036854166666666 0.36458703703703704 0.5979442708333333 0.348812037037037 0.595334375 0.3311805555555556 0.5922031249999999 0.31076574074074076 0.5885494791666667 0.29035
0 0.6044364583333334 0.35710925925925924 0.6162114583333334 0.3794351851851852 0.6240406249999999 0.3942824074074074 0.6297817708333333 0.40727407407407407 0.6339572916666667 0.41748148148148145 0.6443958333333334 0.4258333333333333 0.6511807291666667 0.43325648148148144 0.6621411458333333 0.4471759259259259 0.6657947916666667 0.4601675925925926 0.6626635416666667 0.470375 0.656921875 0.4722314814814815 0.6428302083333333 0.4601675925925926 0.6370890625 0.4481037037037037 0.6313473958333333 0.43140092592592594 0.6266499999999999 0.415625 0.6214307291666666 0.39985000000000004 0.6151677083333333 0.3831462962962963 0.6104703125000001 0.3710833333333333
0 0.621953125 0.4137694444444444 0.6245625 0.43325648148148144 0.6266499999999999 0.45645555555555556 0.6282161458333333 0.470375 0.6360447916666666 0.4907907407407407 0.6381328125 0.49914166666666665 0.6428302083333333 0.5047101851851852 0.6511807291666667 0.5084212962962963 0.6595317708333333 0.5074935185185184 0.6626635416666667 0.49914166666666665 0.656921875 0.47594259259259264 0.6496151041666667 0.46480740740740745 0.6407421875 0.4555277777777778 0.6334354166666666 0.43604074074074073 0.6292598958333334 0.4249046296296296 0.6240406249999999 0.4119138888888889 0.6167338541666666 0.39149814814814815 0.6245625 0.41840925925925926
0 0.38542447916666667 0.2768 0.3772473958333334 0.28525092592592594 0.38000833333333334 0.29997685185185186 0.3898682291666667 0.3125990740740741 0.40012291666666666 0.3210138888888889 0.4115609375 0.3231175925925926 0.4257598958333333 0.3294287037037037 0.43798645833333333 0.32592314814814816 0.4474520833333333 0.3161055555555556 0.459284375 0.3006787037037037 0.4683557291666667 0.27543333333333336 0.4521848958333334 0.3020805555555556 0.4360140625 0.3147027777777778 0.41826562500000003 0.3147027777777778 0.4111666666666667 0.3034833333333333 0.40248958333333335 0.2894583333333333 0.39578437499999997 0.28455
0 0.4400791666666667 0.3222277777777777 0.447846875 0.3189101851851852 0.455340625 0.3238194444444445 0.46204531249999997 0.3308314814814815 0.4679614583333333 0.33994814814814817 0.4719057291666667 0.3476611111111111 0.4829489583333333 0.35257037037037037 0.49320364583333337 0.34135 0.500303125 0.33223425925925926 0.5054302083333334 0.3168064814814815 0.507796875 0.3069898148148148 0.5093744791666667 0.2971722222222222 0.5121354166666666 0.28805555555555556 0.5168682291666666 0.2866537037037037 0.5180515625 0.3048861111111111 0.5145020833333334 0.3308314814814815 0.5081911458333334 0.35257037037037037 0.4880765625 0.37080277777777776 0.4726942708333333 0.3729064814814815 0.46362291666666666 0.37080277777777776 0.44626875 0.3574787037037037 0.4383807291666667 0.3455574074074074 0.4352255208333334 0.333637037037037 0.436803125 0.3245203703703704
0 0.7431536458333333 0.8556259259259259 0.751959375 0.8312074074074074 0.7656671875 0.8102203703703704 0.7755666666666666 0.7987120370370371 0.7801359375000001 0.7756944444444445 0.78889375 0.760124074074074 0.7991744791666666 0.7587703703703703 0.8033630208333334 0.7716324074074075 0.7984130208333333 0.7953268518518518 0.78889375 0.807512962962963 0.7805166666666667 0.820375 0.7645244791666667 0.8433925925925926 0.7546250000000001 0.8684407407407407 0.7523401041666666 0.8738574074074074
0 0.6485890624999999 0.8653712962962963 0.653721875 0.8549018518518519 0.6647640625 0.8549018518518519 0.6746640625 0.854225 0.6864677083333334 0.8582861111111111 0.700175 0.8650564814814814 0.7115984375 0.8603175925925927 0.7272093749999999 0.8555787037037037 0.737109375 0.8528703703703704 0.7439635416666667 0.8562555555555555 0.7504364583333333 0.8691185185185185 0.7523401041666666 0.888750925925926 0.7432015624999999 0.8948435185185185 0.7268286458333333 0.8873962962962963 0.7222598958333334 0.8833351851851852 0.712740625 0.8819805555555555 0.6971291666666667 0.8819805555555555 0.6872291666666667 0.87995 0.67580625 0.8731796296296296 0.6681911458333333 0.8684407407407407 0.6605755208333334 0.8697953703703704 0.6541026041666667 0.8718259259259259
