0 0.234375 0.19722222222222222 0.23489583333333333 0.21203703703703702 0.24010416666666667 0.21203703703703702 0.2546875 0.15462962962962962 0.2713541666666667 0.10185185185185185 0.2734375 0.08888888888888889 0.2734375 0.06388888888888888 0.2682291666666667 0.05648148148148148 0.25885416666666666 0.05648148148148148 0.2526041666666667 0.07777777777777778 0.24635416666666668 0.13425925925925927 0.24010416666666667 0.15833333333333333
0 0.3260416666666667 0.1675925925925926 0.31979166666666664 0.1925925925925926 0.31979166666666664 0.20092592592592592 0.321875 0.2037037037037037 0.325 0.20277777777777778 0.3307291666666667 0.18703703703703703 0.334375 0.18518518518518517 0.3416666666666667 0.17222222222222222 0.3536458333333333 0.13055555555555556 0.37604166666666666 0.08333333333333333 0.3765625 0.06759259259259259 0.37395833333333334 0.06018518518518518 0.3651041666666667 0.05555555555555555 0.35260416666666666 0.07314814814814814
0 0.35 0.24444444444444444 0.3489583333333333 0.25925925925925924 0.35260416666666666 0.2675925925925926 0.371875 0.2824074074074074 0.4046875 0.2916666666666667 0.4125 0.29907407407407405 0.4270833333333333 0.3055555555555556 0.44895833333333335 0.30462962962962964 0.4625 0.30833333333333335 0.4666666666666667 0.29907407407407405 0.4661458333333333 0.2916666666666667 0.4625 0.28703703703703703 0.453125 0.2861111111111111 0.4010416666666667 0.26481481481481484 0.3875 0.2537037037037037 0.384375 0.24259259259259258 0.3572916666666667 0.2361111111111111 0.353125 0.23796296296296296
0 0.3645833333333333 0.39166666666666666 0.3645833333333333 0.4009259259259259 0.3671875 0.40370370370370373 0.39791666666666664 0.40925925925925927 0.43125 0.40925925925925927 0.4354166666666667 0.4148148148148148 0.45625 0.4074074074074074 0.4625 0.3972222222222222 0.4609375 0.3768518518518518 0.4505208333333333 0.3712962962962963 0.4375 0.3712962962962963 0.4239583333333333 0.38055555555555554 0.3729166666666667 0.387037037037037
0 0.3177083333333333 0.8407407407407408 0.31614583333333335 0.8722222222222222 0.3182291666666667 0.8796296296296297 0.3609375 0.8444444444444444 0.4078125 0.825925925925926 0.4119791666666667 0.8175925925925925 0.40989583333333335 0.8111111111111111 0.40625 0.8101851851851852 0.3697916666666667 0.8203703703703704 0.34375 0.8194444444444444 0.32760416666666664 0.8277777777777777
0 0.4432291666666667 0.8148148148148148 0.4427083333333333 0.825925925925926 0.4505208333333333 0.8296296296296296 0.4583333333333333 0.8398148148148148 0.4901041666666667 0.8481481481481481 0.5125 0.8685185185185185 0.5223958333333333 0.8694444444444445 0.5260416666666666 0.8648148148148148 0.5270833333333333 0.8555555555555555 0.5291666666666667 0.8537037037037037 0.5255208333333333 0.8398148148148148 0.50625 0.8138888888888889 0.5015625 0.8138888888888889 0.5 0.8175925925925925 0.490625 0.8138888888888889
0 0.7552083333333334 0.2351851851851852 0.7546875 0.24722222222222223 0.7583333333333333 0.25092592592592594 0.7625 0.2490740740740741 0.775 0.21574074074074073 0.7916666666666666 0.11851851851851852 0.7921875 0.09166666666666666 0.7942708333333334 0.07777777777777778 0.796875 0.075 0.7953125 0.07314814814814814 0.7796875 0.07592592592592592 0.7734375 0.08981481481481482 0.7692708333333333 0.11481481481481481 0.771875 0.13148148148148148 0.7703125 0.1638888888888889
0 0.7942708333333334 0.45092592592592595 0.7947916666666667 0.4861111111111111 0.7979166666666667 0.49074074074074076 0.8005208333333333 0.48703703703703705 0.8072916666666666 0.49074074074074076 0.8145833333333333 0.47314814814814815 0.8192708333333333 0.4074074074074074 0.8203125 0.3296296296296296 0.8177083333333334 0.32314814814814813 0.8135416666666667 0.32407407407407407 0.8104166666666667 0.3296296296296296 0.8098958333333334 0.35 0.8046875 0.3861111111111111 0.8036458333333333 0.41759259259259257 0.8010416666666667 0.43425925925925923
0 0.7359375 0.45185185185185184 0.7359375 0.4638888888888889 0.7583333333333333 0.5018518518518519 0.8057291666666667 0.5370370370370371 0.8151041666666666 0.5388888888888889 0.8182291666666667 0.5333333333333333 0.81875 0.5166666666666667 0.8078125 0.49907407407407406 0.7984375 0.4898148148148148 0.7947916666666667 0.49074074074074076 0.7921875 0.4962962962962963 0.7817708333333333 0.49444444444444446 0.7494791666666667 0.4648148148148148 0.7411458333333333 0.45092592592592595
0 0.590625 0.5398148148148149 0.590625 0.5527777777777778 0.5947916666666667 0.5592592592592592 0.6072916666666667 0.5611111111111111 0.6140625 0.5583333333333333 0.6244791666666667 0.5453703703703704 0.6520833333333333 0.524074074074074 0.6572916666666667 0.5231481481481481 0.6666666666666666 0.5120370370370371 0.6776041666666667 0.5074074074074074 0.68125 0.5018518518518519 0.68125 0.4962962962962963 0.6770833333333334 0.49166666666666664 0.65625 0.49722222222222223 0.6255208333333333 0.5194444444444445 0.6109375 0.5203703703703704 0.6052083333333333 0.524074074074074
0 0.5317708333333333 0.725 0.53125 0.737037037037037 0.5369791666666667 0.7444444444444445 0.55 0.7333333333333333 0.5572916666666666 0.712037037037037 0.5786458333333333 0.6731481481481482 0.5864583333333333 0.6537037037037037 0.5901041666666667 0.637962962962963 0.5963541666666666 0.6259259259259259 0.5963541666666666 0.6157407407407407 0.5911458333333334 0.6148148148148148 0.5583333333333333 0.6814814814814815 0.5359375 0.7092592592592593
0 0.38385416666666666 0.575925925925926 0.3828125 0.5879629629629629 0.3921875 0.6064814814814815 0.40677083333333336 0.6166666666666667 0.43645833333333334 0.6574074074074074 0.4479166666666667 0.6657407407407407 0.4546875 0.6759259259259259 0.4588541666666667 0.6796296296296296 0.4625 0.6768518518518518 0.4630208333333333 0.6694444444444444 0.4588541666666667 0.6611111111111111 0.4171875 0.6027777777777777 0.4083333333333333 0.5833333333333334 0.3885416666666667 0.5666666666666667
0 0.23333333333333334 0.4083333333333333 0.23333333333333334 0.42592592592592593 0.22604166666666667 0.4787037037037037 0.21197916666666666 0.5444444444444444 0.21197916666666666 0.5601851851851852 0.21458333333333332 0.5685185185185185 0.22395833333333334 0.5777777777777777 0.22760416666666666 0.575925925925926 0.23177083333333334 0.5675925925925925 0.240625 0.5388888888888889 0.23802083333333332 0.5277777777777778 0.24166666666666667 0.47962962962962963 0.24270833333333333 0.41203703703703703 0.24010416666666667 0.40185185185185185 0.23541666666666666 0.4027777777777778
0 0.221875 0.7203703703703703 0.2203125 0.7314814814814815 0.2296875 0.7444444444444445 0.2677083333333333 0.7759259259259259 0.2796875 0.7824074074074074 0.296875 0.7851851851851852 0.3026041666666667 0.7851851851851852 0.30625 0.7787037037037037 0.3026041666666667 0.7703703703703704 0.28229166666666666 0.7601851851851852 0.2604166666666667 0.7416666666666667 0.2515625 0.7194444444444444 0.22760416666666666 0.7064814814814815
0 0.246875 0.5953703703703703 0.24583333333333332 0.6074074074074074 0.25104166666666666 0.6166666666666667 0.26614583333333336 0.6083333333333333 0.2875 0.5601851851851852 0.3098958333333333 0.5324074074074074 0.31145833333333334 0.5268518518518519 0.321875 0.5175925925925926 0.325 0.5055555555555555 0.3229166666666667 0.5018518518518519 0.3182291666666667 0.5027777777777778 0.290625 0.5314814814814814 0.2682291666666667 0.5638888888888889 0.259375 0.5703703703703704
0 0.6229166666666667 0.8472222222222222 0.6229166666666667 0.8574074074074074 0.628125 0.8611111111111112 0.684375 0.7935185185185185 0.7067708333333333 0.7759259259259259 0.7192708333333333 0.7472222222222222 0.71875 0.7388888888888889 0.7135416666666666 0.725 0.7088541666666667 0.7240740740740741 0.7010416666666667 0.7296296296296296 0.6833333333333333 0.7472222222222222 0.6833333333333333 0.7546296296296297 0.678125 0.7675925925925926 0.6541666666666667 0.7944444444444444
0 0.6526041666666667 0.058333333333333334 0.6536458333333334 0.06574074074074074 0.6817708333333333 0.06481481481481481 0.6953125 0.058333333333333334 0.7140625 0.058333333333333334 0.728125 0.06574074074074074 0.7442708333333333 0.05925925925925926 0.7494791666666667 0.05092592592592592 0.75 0.03981481481481482 0.7432291666666667 0.025 0.7354166666666667 0.020370370370370372 0.721875 0.025 0.7130208333333333 0.03425925925925926 0.6848958333333334 0.040740740740740744 0.6645833333333333 0.05277777777777778 0.6546875 0.05462962962962963
0 0.4739583333333333 0.025 0.4734375 0.03333333333333333 0.47760416666666666 0.03796296296296296 0.5364583333333334 0.05555555555555555 0.5458333333333333 0.06574074074074074 0.571875 0.06666666666666667 0.5739583333333333 0.05277777777777778 0.571875 0.03518518518518519 0.5567708333333333 0.019444444444444445 0.5385416666666667 0.023148148148148147 0.5 0.020370370370370372
0 0.5682291666666667 0.023148148148148147 0.5692708333333333 0.03518518518518519 0.575 0.044444444444444446 0.6041666666666666 0.05 0.6229166666666667 0.06296296296296296 0.6338541666666667 0.05925925925925926 0.6369791666666667 0.049074074074074076 0.6359375 0.03888888888888889 0.6302083333333334 0.028703703703703703 0.61875 0.021296296296296296 0.575 0.018518518518518517
0 0.6703125 0.8490740740740741 0.6697916666666667 0.8527777777777777 0.6744791666666666 0.8574074074074074 0.6776041666666667 0.8527777777777777 0.68125 0.8564814814814815 0.7052083333333333 0.8537037037037037 0.7375 0.8425925925925926 0.7510416666666667 0.8342592592592593 0.7588541666666667 0.8212962962962963 0.7604166666666666 0.8101851851851852 0.7557291666666667 0.8 0.7427083333333333 0.8018518518518518 0.7286458333333333 0.8101851851851852 0.7270833333333333 0.8212962962962963 0.7192708333333333 0.8305555555555556
0 0.3411458333333333 0.38333333333333336 0.34375 0.43796296296296294 0.340625 0.4861111111111111 0.34322916666666664 0.5194444444444445 0.3453125 0.524074074074074 0.3484375 0.524074074074074 0.3536458333333333 0.4842592592592593 0.35625 0.4388888888888889 0.3546875 0.43148148148148147 0.35885416666666664 0.4074074074074074 0.3619791666666667 0.40370370370370373 0.3640625 0.39351851851851855 0.359375 0.3574074074074074 0.3494791666666667 0.3527777777777778 0.3453125 0.35648148148148145 0.34270833333333334 0.3824074074074074
0 0.2859375 0.4861111111111111 0.28541666666666665 0.49444444444444446 0.2911458333333333 0.49537037037037035 0.30885416666666665 0.4666666666666667 0.33697916666666666 0.4 0.3390625 0.3925925925925926 0.33958333333333335 0.37222222222222223 0.3375 0.3490740740740741 0.3333333333333333 0.3472222222222222 0.32395833333333335 0.36666666666666664 0.31927083333333334 0.38425925925925924 0.31614583333333335 0.4111111111111111
0 0.5838541666666667 0.3925925925925926 0.5838541666666667 0.4064814814814815 0.5869791666666667 0.4101851851851852 0.5911458333333334 0.4083333333333333 0.6203125 0.29814814814814816 0.6302083333333334 0.275 0.6338541666666667 0.23981481481481481 0.6317708333333333 0.22870370370370371 0.6270833333333333 0.22314814814814815 0.6151041666666667 0.22962962962962963 0.6057291666666667 0.26296296296296295 0.6088541666666667 0.2824074074074074 0.5953125 0.3314814814814815
0 0.437415625 0.5488379629629629 0.4605515625 0.5424111111111111 0.48151822916666664 0.5436962962962963 0.5003166666666666 0.5475527777777778 0.5147765625 0.5475527777777778 0.5321286458333333 0.5385555555555556 0.5487572916666666 0.5346990740740741 0.5574333333333333 0.5372694444444445 0.5610484375 0.5552648148148148 0.5516494791666666 0.5719740740740741 0.5364666666666668 0.5745444444444445 0.5176682291666667 0.5668324074074074 0.5017625 0.5629768518518519 0.48585625000000005 0.5604055555555556 0.4612744791666667 0.5591203703703704 0.44536822916666663 0.5591203703703704 0.43886145833333334 0.5616907407407408
0 0.45332135416666663 0.5681175925925926 0.45332135416666663 0.5861129629629629 0.4605515625 0.5976805555555555 0.47501145833333336 0.5899685185185186 0.48802552083333334 0.5835416666666667 0.5010395833333333 0.5861129629629629 0.5205604166666666 0.5873981481481482 0.5335744791666667 0.5873981481481482 0.5465885416666667 0.593825 0.5530953125 0.5848268518518519 0.5480343750000001 0.5745444444444445 0.527790625 0.5694027777777778 0.5104385416666667 0.5629768518518519 0.48657968749999997 0.5616907407407408 0.4721192708333334 0.5591203703703704 0.4619973958333333 0.5604055555555556 0.4525984375 0.5655472222222223
