0 0.6166666666666667 0.9166666666666666 0.6265625 0.925 0.63125 0.9231481481481482 0.6161458333333333 0.912962962962963 0.6145833333333334 0.9037037037037037 0.6223958333333334 0.8842592592592593 0.6348958333333333 0.8240740740740741 0.6505208333333333 0.7833333333333333 0.653125 0.7712962962962963 0.6578125 0.7638888888888888 0.665625 0.7212962962962963 0.6635416666666667 0.7046296296296296 0.6572916666666667 0.7055555555555556 0.6505208333333333 0.7314814814814815 0.6385416666666667 0.7527777777777778 0.6213541666666667 0.812962962962963 0.6078125 0.8425925925925926 0.603125 0.8472222222222222 0.5942708333333333 0.8944444444444445 0.5822916666666667 0.9009259259259259 0.6166666666666667 0.9166666666666666
0 0.275 0.5601851851851852 0.2869791666666667 0.5574074074074075 0.2875 0.5481481481481482 0.28229166666666666 0.5509259259259259 0.27239583333333334 0.5212962962962963 0.27291666666666664 0.49537037037037035 0.2682291666666667 0.45925925925925926 0.26510416666666664 0.37407407407407406 0.265625 0.36944444444444446 0.271875 0.36574074074074076 0.27239583333333334 0.3611111111111111 0.265625 0.3490740740740741 0.2557291666666667 0.31574074074074077 0.26145833333333335 0.29259259259259257 0.27291666666666664 0.2833333333333333 0.27291666666666664 0.27870370370370373 0.26614583333333336 0.2777777777777778 0.25885416666666666 0.2824074074074074 0.2515625 0.3 0.23072916666666668 0.3296296296296296 0.228125 0.3388888888888889 0.24635416666666668 0.4064814814814815 0.2515625 0.48333333333333334 0.2557291666666667 0.512962962962963 0.26979166666666665 0.5574074074074075 0.275 0.5601851851851852
0 0.36875 0.27037037037037037 0.390625 0.2712962962962963 0.396875 0.26666666666666666 0.4119791666666667 0.2657407407407407 0.41822916666666665 0.2564814814814815 0.41770833333333335 0.25 0.41302083333333334 0.24351851851851852 0.3416666666666667 0.23425925925925925 0.3203125 0.225 0.3104166666666667 0.2175925925925926 0.30625 0.20925925925925926 0.2994791666666667 0.2074074074074074 0.28020833333333334 0.2064814814814815 0.2734375 0.2175925925925926 0.27395833333333336 0.23796296296296296 0.2875 0.25 0.3067708333333333 0.2574074074074074 0.3157984375 0.25462962962962965 0.33229166666666665 0.2564814814814815 0.36875 0.27037037037037037
0 0.48541666666666666 0.2361111111111111 0.49895833333333334 0.23796296296296296 0.5072916666666667 0.24351851851851852 0.5135416666666667 0.24351851851851852 0.5166666666666667 0.23981481481481481 0.5130208333333334 0.22870370370370371 0.5 0.2175925925925926 0.49322916666666666 0.20462962962962963 0.4713541666666667 0.1824074074074074 0.44583333333333336 0.14814814814814814 0.43125 0.1111111111111111 0.4234375 0.09814814814814815 0.40677083333333336 0.08425925925925926 0.4041666666666667 0.07592592592592592 0.3953125 0.09166666666666666 0.39375 0.10462962962962963 0.40260416666666665 0.13055555555555556 0.4119791666666667 0.14629629629629629 0.42135416666666664 0.15185185185185185 0.4671875 0.21944444444444444 0.48541666666666666 0.2361111111111111
0 0.6072916666666667 0.0824074074074074 0.6 0.07407407407407407 0.5630208333333333 0.06666666666666667 0.5177083333333333 0.07592592592592592 0.4822916666666667 0.07407407407407407 0.46510416666666665 0.08518518518518518 0.46041666666666664 0.09444444444444444 0.45989583333333334 0.10833333333333334 0.4625 0.12129629629629629 0.4828125 0.12407407407407407 0.5046875 0.11296296296296296 0.6015625 0.09537037037037037 0.6072916666666667 0.0824074074074074
0 0.5380208333333333 0.3990740740740741 0.5510416666666667 0.42314814814814816 0.553125 0.4425925925925926 0.5572916666666666 0.44351851851851853 0.5625 0.4351851851851852 0.5640625 0.4111111111111111 0.5604166666666667 0.3962962962962963 0.5473958333333333 0.37222222222222223 0.5328125 0.35648148148148145 0.5151041666666667 0.3490740740740741 0.4635416666666667 0.31203703703703706 0.4270833333333333 0.30648148148148147 0.4234375 0.3101851851851852 0.4197916666666667 0.325 0.41770833333333335 0.3416666666666667 0.4354166666666667 0.3648148148148148 0.4546875 0.3768518518518518 0.5026041666666666 0.3768518518518518 0.5161458333333333 0.3824074074074074 0.5380208333333333 0.3990740740740741
0 0.4630208333333333 0.6425925925925926 0.46197916666666666 0.6305555555555555 0.4432291666666667 0.6037037037037037 0.4265625 0.5861111111111111 0.40677083333333336 0.5731481481481482 0.3885416666666667 0.5555555555555556 0.36770833333333336 0.5296296296296297 0.35833333333333334 0.5259259259259259 0.353125 0.5194444444444445 0.34791666666666665 0.5407407407407407 0.34739583333333335 0.5481481481481482 0.353125 0.562037037037037 0.36822916666666666 0.5805555555555556 0.3807291666666667 0.5861111111111111 0.4552083333333333 0.6444444444444445 0.4630208333333333 0.6425925925925926
0 0.8213541666666667 0.31296296296296294 0.8203125 0.3333333333333333 0.8166666666666667 0.3490740740740741 0.8244791666666667 0.4046296296296296 0.8291666666666667 0.4185185185185185 0.8369791666666667 0.42314814814814816 0.8494791666666667 0.4203703703703704 0.8567708333333334 0.3824074074074074 0.8546875 0.33611111111111114 0.8296875 0.20092592592592592 0.8140625 0.1574074074074074 0.8057291666666667 0.15092592592592594 0.7953125 0.1287037037037037 0.7869791666666667 0.12685185185185185 0.7854166666666667 0.13240740740740742 0.7864583333333334 0.14537037037037037 0.79375 0.16111111111111112 0.7984375 0.18981481481481483 0.8171875 0.24166666666666667 0.8213541666666667 0.31296296296296294
0 0.7088541666666667 0.44722222222222224 0.7427083333333333 0.40555555555555556 0.7515625 0.4027777777777778 0.7567708333333333 0.3962962962962963 0.7739583333333333 0.362962962962963 0.7723958333333333 0.3527777777777778 0.765625 0.3296296296296296 0.759375 0.3175925925925926 0.7515625 0.3212962962962963 0.7098958333333333 0.4064814814814815 0.6979166666666666 0.425 0.6744791666666666 0.44074074074074077 0.6598958333333333 0.44351851851851853 0.6505208333333333 0.45092592592592595 0.6395833333333333 0.45185185185185184 0.6338541666666667 0.4564814814814815 0.6348958333333333 0.46574074074074073 0.6421875 0.4722222222222222 0.6505208333333333 0.4722222222222222 0.7 0.4546296296296296 0.7005208333333334 0.44907407407407407 0.7088541666666667 0.44722222222222224
0 0.8020833333333334 0.11851851851851852 0.80625 0.11296296296296296 0.8067708333333333 0.10462962962962963 0.8020833333333334 0.09907407407407408 0.7947916666666667 0.09814814814814815 0.7677083333333333 0.10925925925925926 0.7473958333333334 0.12314814814814815 0.7276041666666667 0.12777777777777777 0.7083333333333334 0.12407407407407407 0.6963541666666667 0.11574074074074074 0.6916666666666667 0.10833333333333334 0.675 0.10185185185185185 0.6588541666666666 0.1037037037037037 0.6526041666666667 0.11574074074074074 0.6515625 0.13055555555555556 0.6765625 0.15555555555555556 0.7375 0.16203703703703703 0.771875 0.14166666666666666 0.7890625 0.12407407407407407 0.8020833333333334 0.11851851851851852
0 0.325 0.8740740740740741 0.3489583333333333 0.8824074074074074 0.3854166666666667 0.8805555555555555 0.3890625 0.8740740740740741 0.4088541666666667 0.8648148148148148 0.40208333333333335 0.8490740740740741 0.39791666666666664 0.8462962962962963 0.3802083333333333 0.8518518518518519 0.32916666666666666 0.8435185185185186 0.315625 0.8333333333333334 0.30572916666666666 0.8138888888888889 0.2791666666666667 0.8009259259259259 0.2713541666666667 0.8 0.2640625 0.8222222222222222 0.2630208333333333 0.8296296296296296 0.26510416666666664 0.8333333333333334 0.2755208333333333 0.8472222222222222 0.29010416666666666 0.8592592592592593 0.3015625 0.8601851851851852 0.325 0.8740740740740741
0 0.6557291666666667 0.575 0.659375 0.575 0.6598958333333333 0.5657407407407408 0.6286458333333333 0.47314814814814815 0.6229166666666667 0.4398148148148148 0.6151041666666667 0.41388888888888886 0.6088541666666667 0.41574074074074074 0.6020833333333333 0.4305555555555556 0.6010416666666667 0.4388888888888889 0.60625 0.4666666666666667 0.6135416666666667 0.4777777777777778 0.6338541666666667 0.5370370370370371 0.6515625 0.5694444444444444 0.6557291666666667 0.575
0 0.6692708333333334 0.37777777777777777 0.6734375 0.3768518518518518 0.6890625 0.2953703703703704 0.70625 0.23425925925925925 0.7083333333333334 0.21203703703703702 0.70625 0.20185185185185187 0.7020833333333333 0.19722222222222222 0.6932291666666667 0.19537037037037036 0.6786458333333333 0.22685185185185186 0.6692708333333334 0.2935185185185185 0.65 0.3768518518518518 0.6442708333333333 0.4222222222222222 0.6442708333333333 0.4351851851851852 0.6458333333333334 0.43796296296296294 0.6520833333333333 0.4361111111111111 0.6598958333333333 0.4083333333333333 0.6645833333333333 0.3990740740740741 0.6692708333333334 0.37777777777777777
0 0.8130208333333333 0.7046296296296296 0.8067708333333333 0.7314814814814815 0.8057291666666667 0.7509259259259259 0.8010416666666667 0.7675925925925926 0.8020833333333334 0.7777777777777778 0.8067708333333333 0.7777777777777778 0.8104166666666667 0.7731481481481481 0.8171875 0.75 0.8260416666666667 0.7324074074074074 0.8359375 0.6462962962962963 0.8416666666666667 0.6231481481481481 0.8447916666666667 0.6194444444444445 0.85 0.5824074074074074 0.8432291666666667 0.5555555555555556 0.8328125 0.5555555555555556 0.8286458333333333 0.5583333333333333 0.8265625 0.5666666666666667 0.821875 0.5722222222222222 0.8182291666666667 0.587037037037037 0.8192708333333333 0.5935185185185186 0.8161458333333333 0.6101851851851852 0.8192708333333333 0.625 0.8182291666666667 0.6648148148148149 0.8140625 0.6842592592592592 0.8130208333333333 0.7046296296296296
0 0.37900416666666664 0.9174638888888889 0.37316145833333336 0.9245407407407408 0.36962083333333334 0.9298879629629629 0.3743125 0.9291018518518518 0.37900416666666664 0.9213953703703703 0.38254479166666666 0.9136888888888889 0.38466927083333335 0.9051962962962963 0.38643958333333334 0.9018935185185185 0.38927239583333334 0.9053537037037037 0.3958229166666667 0.9058250000000001 0.4041442708333333 0.9047240740740741 0.4153864583333334 0.9014212962962963 0.42264479166666663 0.8935583333333333 0.4386671875 0.8904129629629629 0.4565484375 0.8889972222222222 0.476996875 0.8867953703703704 0.4882390625 0.8827064814814815 0.4903635416666667 0.8781453703703704 0.49638333333333334 0.8756287037037037 0.5075369791666666 0.872325925925926 0.5109005208333334 0.8676083333333334 0.5121401041666667 0.861475 0.5080682291666666 0.8570712962962962 0.49956979166666665 0.8586435185185185 0.49372760416666667 0.861475 0.4903635416666667 0.8608453703703703 0.4893901041666667 0.8551833333333333 0.48540677083333333 0.8532962962962962 0.4777052083333333 0.853925925925926 0.46026666666666666 0.8592731481481481 0.4434473958333333 0.8586435185185185 0.427425 0.8616314814814815 0.4125536458333333 0.8599018518518519 0.40091302083333336 0.8608453703703703 0.3880776041666667 0.8638333333333333 0.3841380208333333 0.8701240740740741 0.3817479166666667 0.8781453703703704 0.3806859375 0.8869527777777778 0.38325312500000003 0.8948166666666667 0.38378385416666666 0.903937962962963 0.381925 0.911487037037037 0.37900416666666664 0.9174638888888889
0 0.42942447916666665 0.7355592592592592 0.4397390625 0.7536509259259259 0.4492609375 0.7703314814814815 0.46589010416666665 0.7896888888888889 0.4746182291666667 0.8023768518518518 0.4849333333333333 0.809425 0.4895614583333333 0.8089555555555555 0.49485104166666666 0.8176481481481481 0.5059598958333333 0.8235222222222223 0.50886875 0.8183527777777778 0.5066208333333333 0.8103648148148148 0.4972317708333333 0.8008740740740741 0.4937932291666666 0.7971148148148148 0.49339635416666666 0.7917111111111111 0.48942916666666664 0.7848972222222221 0.4776598958333333 0.7696259259259259 0.4660223958333333 0.7555287037037037 0.45808802083333333 0.7471731481481482 0.4486984375 0.7342509259259259 0.4448635416666667 0.7239138888888889 0.4406317708333333 0.7095814814814815 0.43468072916666667 0.6983037037037038 0.4279364583333333 0.6893759259259259 0.4197375 0.672224074074074 0.41748958333333336 0.6574222222222222 0.42039895833333335 0.6327527777777778 0.41550572916666667 0.648025 0.4141833333333333 0.6649407407407407 0.4119354166666667 0.6750435185185185 0.4049265625 0.6842064814814814 0.4069432291666667 0.6904490740740741 0.40945572916666667 0.7061907407407407 0.41381979166666666 0.7231074074074074 0.424928125 0.7320351851851852 0.42942447916666665 0.7355592592592592
0 0.38842916666666666 0.7158231481481482 0.3980828125 0.7275712962962964 0.40773645833333333 0.7402583333333334 0.41950625 0.7517712962962964 0.4345817708333334 0.7630481481481481 0.44211979166666665 0.7700972222222222 0.4529635416666667 0.7750305555555556 0.4523020833333333 0.7691574074074075 0.44516093749999996 0.7590546296296297 0.4402682291666667 0.7515361111111111 0.4366973958333333 0.7454268518518519 0.4298208333333333 0.7357944444444444 0.42307656250000003 0.7289805555555555 0.41527447916666665 0.7177027777777778 0.4098526041666667 0.7068953703703704 0.40720781250000004 0.7012564814814815 0.404959375 0.7003166666666667 0.40046302083333335 0.6904490740740741 0.39623125 0.6822259259259259 0.3942479166666667 0.6747074074074074 0.38234583333333333 0.6570861111111111 0.37361822916666665 0.6519175925925926 0.3680640625 0.6570861111111111 0.3630057291666667 0.668324074074074 0.36158385416666666 0.6824611111111111 0.36793177083333334 0.6965574074074075 0.3762630208333333 0.7087749999999999 0.3838005208333334 0.7148833333333333 0.38842916666666666 0.7158231481481482
0 0.25245104166666665 0.6377694444444445 0.2554921875 0.6340101851851851 0.2554921875 0.6419981481481482 0.2581375 0.6551555555555555 0.2691135416666667 0.6760657407407407 0.29066875 0.6976814814814815 0.3156625 0.706375 0.32730000000000004 0.706375 0.3454171875 0.7207064814814815 0.3508390625 0.7129527777777778 0.33034166666666664 0.6995611111111111 0.31658854166666667 0.6873435185185185 0.30495104166666664 0.6765361111111111 0.2930494791666666 0.6577398148148148 0.28895 0.6450527777777778 0.2762546875 0.6250814814814815 0.2630302083333333 0.6196777777777778 0.26448489583333334 0.6116898148148148 0.268584375 0.6013518518518519 0.274403125 0.5872546296296296 0.26924583333333335 0.5947731481481482 0.2654104166666667 0.6036064814814814 0.26117864583333333 0.6167638888888889 0.25747604166666666 0.6207574074074074 0.2535088541666667 0.6310953703703703 0.24861562499999998 0.6402583333333334 0.24372291666666665 0.6508314814814815 0.24101197916666667 0.6595074074074074 0.24121041666666668 0.6657277777777778 0.2425328125 0.6617342592592592 0.24530989583333335 0.6525712962962963 0.24835156249999998 0.6445824074074074 0.25245104166666665 0.6377694444444445
0 0.31883645833333335 0.6922777777777778 0.32862239583333336 0.7051999999999999 0.3402598958333333 0.7122481481481481 0.34700416666666667 0.720237037037037 0.3567901041666667 0.7211768518518519 0.3665760416666667 0.7322194444444444 0.370146875 0.7293999999999999 0.36393125000000004 0.720237037037037 0.35612916666666666 0.712012962962963 0.346871875 0.6997962962962962 0.34092083333333334 0.6875787037037038 0.3298125 0.6652583333333334 0.31830781249999995 0.6452879629629629 0.310240625 0.6382388888888889 0.3033640625 0.6405888888888889 0.2976776041666667 0.6448175925925926 0.2938427083333333 0.6549203703703703 0.2949005208333333 0.6654935185185185 0.30177708333333336 0.6753611111111111 0.3093151041666667 0.6852287037037037 0.31381145833333335 0.685463888888889 0.31883645833333335 0.6922777777777778
0 0.3070671875 0.625287962962963 0.3127536458333333 0.6372777777777777 0.3340442708333333 0.6751046296296297 0.3426401041666667 0.6892018518518518 0.35401302083333336 0.7096425925925925 0.3656505208333333 0.7218601851851852 0.37821354166666665 0.7401861111111111 0.4000333333333333 0.7444148148148148 0.40690989583333337 0.7401861111111111 0.40796822916666664 0.7343120370370371 0.40056250000000004 0.7211555555555555 0.39064427083333336 0.7098777777777778 0.37728750000000005 0.6995398148148149 0.3678984375 0.6828583333333333 0.36227812499999995 0.6723712962962962 0.35632708333333335 0.6608583333333333 0.34442552083333333 0.639712962962963 0.33225937499999997 0.6071305555555556 0.32736614583333334 0.5902138888888889 0.32366354166666667 0.5775268518518519 0.3207541666666666 0.5653092592592592 0.3152 0.5526222222222222 0.30435625 0.5409092592592593 0.308984375 0.5225833333333333 0.31176145833333335 0.51295 0.31255520833333333 0.49767870370370376 0.30938125 0.5122453703703704 0.3029677083333333 0.5324787037037036 0.299396875 0.5402324074074074 0.2918588541666667 0.5493953703703703 0.28934635416666665 0.5545648148148148 0.2849822916666667 0.5545648148148148 0.2791640625 0.5550342592592593 0.274403125 0.5543296296296296 0.2708328125 0.5519796296296297 0.26818749999999997 0.5496305555555555 0.26871666666666666 0.5562092592592592 0.2812796875 0.5594981481481481 0.2904375 0.5604731481481482 0.29014010416666663 0.5606768518518518 0.28934635416666665 0.5679601851851852 0.29225572916666664 0.5834666666666667 0.2971489583333333 0.6053175925925927 0.3070671875 0.625287962962963
0 0.5245765625 0.5799083333333334 0.5349380208333333 0.5719231481481482 0.5461734375 0.5670435185185185 0.5536640625 0.5654907407407408 0.5665223958333333 0.551074074074074 0.5698932291666666 0.5373231481481481 0.5624026041666668 0.5246805555555555 0.5495442708333333 0.5277851851851852 0.5424286458333333 0.5390972222222222 0.53056875 0.5499648148148149 0.5130911458333334 0.5590592592592593 0.49673697916666665 0.5634953703703705 0.4855015625 0.5612768518518518 0.4706458333333333 0.559724074074074 0.464871875 0.5626666666666666 0.4655270833333333 0.570149074074074 0.47201875 0.5705925925925927 0.4876239583333334 0.5814601851851852 0.5033536458333333 0.5834564814814815 0.5245765625 0.5799083333333334
0 0.5469229166666667 0.5400527777777777 0.5569098958333334 0.5269666666666667 0.562028125 0.5220870370370371 0.571890625 0.5063398148148148 0.5823770833333334 0.5003509259259259 0.5939875 0.4939194444444444 0.6009781249999999 0.47551018518518523 0.6040994791666667 0.46220185185185186 0.6007286458333333 0.44889444444444443 0.5938625 0.442462037037037 0.581503125 0.4568787037037037 0.5735135416666667 0.46508518518518516 0.5663979166666666 0.47817129629629623 0.5582833333333334 0.4881527777777778 0.5443010416666667 0.5007944444444444 0.53044375 0.5121064814814815 0.513465625 0.5302935185185185 0.5093458333333333 0.5427148148148148 0.4968619791666667 0.561124074074074 0.5001078125 0.5646472222222222 0.5115932291666667 0.5626768518518519 0.5244515625 0.5551351851851852 0.5344385416666667 0.5487027777777779 0.5469229166666667 0.5400527777777777
0 0.5460489583333333 0.49632777777777776 0.5557864583333333 0.49033888888888894 0.5647749999999999 0.47969259259259256 0.572015625 0.46771574074074074 0.5832510416666667 0.45507314814814814 0.591365625 0.4444268518518518 0.5978572916666667 0.4391037037037037 0.6075947916666667 0.41847685185185185 0.6220760416666666 0.4045037037037037 0.6291609375 0.39030833333333337 0.6357770833333334 0.37966203703703705 0.6460140625 0.3714555555555556 0.6440166666666667 0.3636925925925926 0.635153125 0.3676851851851852 0.6259151041666667 0.3738953703703704 0.6187989583333333 0.377 0.6018208333333334 0.39141759259259257 0.5919588541666666 0.40849537037037037 0.5809729166666667 0.4206944444444445 0.5736072916666667 0.43111944444444444 0.5653677083333334 0.4350527777777778 0.5582833333333334 0.43666388888888885 0.55016875 0.44708888888888887 0.5430526041666667 0.46017407407407407 0.537684375 0.477475 0.5400562499999999 0.49033888888888894 0.5460489583333333 0.49632777777777776
0 0.7332770833333334 0.2586583333333333 0.7301562500000001 0.2766240740740741 0.7232901041666667 0.2992472222222222 0.7220416666666666 0.31055925925925926 0.7296567708333334 0.30079999999999996 0.7385203125 0.27795555555555557 0.7491317708333334 0.2517833333333333 0.7559979166666667 0.22830185185185187 0.7602427083333333 0.21499444444444443 0.7733505208333333 0.18682592592592592 0.776471875 0.1673074074074074 0.7755979166666667 0.15089444444444444 0.76885625 0.1393611111111111 0.7598682291666666 0.14268796296296296 0.7564973958333333 0.15111666666666665 0.7547494791666666 0.16065370370370372 0.752003125 0.17351851851851852 0.7488822916666666 0.18981203703703706 0.7478833333333333 0.19211944444444445 0.7458859375000001 0.20564907407407407 0.7445125 0.22427962962962963 0.7388947916666667 0.24202407407407409 0.7332770833333334 0.2586583333333333
0 0.722665625 0.22655462962962963 0.7195447916666667 0.24296759259259257 0.717796875 0.2627074074074074 0.7126786458333334 0.28022962962962966 0.7075598958333333 0.3027287037037037 0.703440625 0.3251305555555556 0.7030661458333333 0.34597962962962964 0.7054380208333334 0.35263333333333335 0.7044390625 0.36017499999999997 0.7028161458333333 0.3759222222222222 0.7049385416666667 0.38412870370370367 0.7089333333333333 0.38745555555555555 0.7121791666666667 0.3812453703703704 0.7136770833333334 0.36793796296296294 0.7140515625 0.35174629629629633 0.7169229166666666 0.3514990740740741 0.7196697916666667 0.341075 0.7215421875000001 0.32621481481481485 0.7259114583333334 0.31179814814814816 0.7284083333333334 0.2902564814814815 0.7302807291666666 0.2782796296296296 0.7315291666666667 0.2687425925925926 0.7332770833333334 0.2580962962962963 0.7360234375 0.24922407407407404 0.7415166666666667 0.23311944444444446 0.7445125 0.22535648148148146 0.7463854166666667 0.21160462962962961 0.7477583333333333 0.19696574074074075 0.7458859375000001 0.18365833333333334 0.7440135416666667 0.16946296296296298 0.7511291666666666 0.16169999999999998 0.7538755208333333 0.15615555555555555 0.7516286458333333 0.15526851851851853 0.7467598958333334 0.16169999999999998 0.7430145833333334 0.16657962962962963 0.7387703125 0.16458333333333333 0.7344005208333333 0.16325277777777777 0.7301562500000001 0.16369629629629628 0.7272848958333333 0.15970370370370368 0.7215421875000001 0.15948240740740743 0.7262859375 0.1654712962962963 0.7309364583333333 0.16845 0.727534375 0.1770935185185185 0.7252875 0.18219444444444446 0.7231651041666667 0.19439351851851852 0.7232901041666667 0.21014166666666667 0.722665625 0.22655462962962963
0 0.7507234374999999 0.5480203703703703 0.7423593749999999 0.5531222222222222 0.7333708333333333 0.5611064814814815 0.7255057291666667 0.5708657407407407 0.7256307291666667 0.57885 0.7217604166666667 0.5830648148148149 0.7148942708333333 0.5877222222222223 0.7090270833333334 0.6005861111111112 0.7137708333333334 0.6045787037037037 0.7235083333333333 0.5965944444444444 0.7282520833333332 0.5901620370370371 0.7296255208333334 0.5937111111111111 0.73499375 0.5948194444444445 0.7452307291666667 0.5848388888888889 0.7598369791666666 0.5733055555555555 0.7726953125 0.563325 0.7828385416666667 0.5566490740740742 0.7899541666666666 0.5515472222222223 0.7990677083333334 0.5504388888888889 0.8096791666666667 0.5431194444444444 0.8169197916666667 0.5326944444444444 0.8215385416666667 0.5249314814814815 0.8214140625 0.5136203703703704 0.8167947916666667 0.5074101851851852 0.8106776041666667 0.5040833333333333 0.8010026041666667 0.5080138888888889 0.7904223958333334 0.508762037037037 0.7833067708333333 0.5198518518518519 0.7766901041666666 0.5287240740740741 0.7652046875 0.5389268518518519 0.7507234374999999 0.5480203703703703
0 0.8214453125 0.5268666666666666 0.8183552083333333 0.5416574074074074 0.815234375 0.5538564814814815 0.8086177083333334 0.5789194444444444 0.8021260416666667 0.6022083333333333 0.8048729166666667 0.6097490740740741 0.802875 0.6188425925925927 0.7993796875 0.6345907407407407 0.8016270833333333 0.6447935185185185 0.8069947916666667 0.6416879629629629 0.8108651041666667 0.6274925925925926 0.8126125 0.6121888888888889 0.815359375 0.6157379629629629 0.8188546875 0.605312962962963 0.8217260416666666 0.5884564814814814 0.8267197916666666 0.5727092592592592 0.8309640625 0.5417240740740741 0.8392036458333333 0.5166611111111111 0.8419500000000001 0.5006916666666666 0.8461947916666667 0.48161666666666664 0.8465692708333333 0.45988055555555557 0.844571875 0.44879074074074077 0.8344598958333334 0.44302407407407407 0.8289666666666666 0.4521175925925926 0.8253463541666667 0.46365092592592594 0.8228494791666667 0.4736138888888889 0.8240666666666667 0.48583425925925927 0.8191979166666666 0.49204444444444445 0.8178249999999999 0.5006944444444444 0.8198223958333333 0.5124500000000001 0.8214453125 0.5268666666666666
