0 0.4973958333333333 0.1398148148148148 0.49270833333333336 0.15092592592592594 0.4973958333333333 0.175 0.5265625 0.2101851851851852 0.5380208333333333 0.23148148148148148 0.5567708333333333 0.275 0.5598958333333334 0.2796296296296296 0.5640625 0.2777777777777778 0.5640625 0.26666666666666666 0.5572916666666666 0.2518518518518518 0.5536458333333333 0.2361111111111111 0.5359375 0.19907407407407407 0.5270833333333333 0.18611111111111112 0.5151041666666667 0.1537037037037037 0.5020833333333333 0.1398148148148148
0 0.30052083333333335 0.42314814814814816 0.2942708333333333 0.4287037037037037 0.29375 0.44166666666666665 0.29583333333333334 0.44814814814814813 0.30572916666666666 0.45740740740740743 0.325 0.4583333333333333 0.34739583333333335 0.4638888888888889 0.3770833333333333 0.4722222222222222 0.3848958333333333 0.4777777777777778 0.39114583333333336 0.475 0.39114583333333336 0.46944444444444444 0.3880208333333333 0.4638888888888889 0.3692708333333333 0.45092592592592595 0.3416666666666667 0.4425925925925926 0.325 0.43425925925925923 0.31666666666666665 0.42685185185185187 0.3046875 0.42314814814814816
0 0.25052083333333336 0.46574074074074073 0.24010416666666667 0.48518518518518516 0.23385416666666667 0.5055555555555555 0.22291666666666668 0.5657407407407408 0.21614583333333334 0.5861111111111111 0.21458333333333332 0.6074074074074074 0.21614583333333334 0.6157407407407407 0.21927083333333333 0.6212962962962963 0.228125 0.6222222222222222 0.23541666666666666 0.6027777777777777 0.23802083333333332 0.5861111111111111 0.23697916666666666 0.5731481481481482 0.24010416666666667 0.5481481481481482 0.240625 0.5203703703703704 0.2453125 0.49722222222222223 0.24791666666666667 0.4935185185185185 0.246875 0.4898148148148148 0.2557291666666667 0.4703703703703704 0.25364583333333335 0.46574074074074073
0 0.6911458333333333 0.13703703703703704 0.6807291666666667 0.13796296296296295 0.678125 0.14444444444444443 0.6786458333333333 0.15462962962962962 0.6869791666666667 0.16574074074074074 0.7182291666666667 0.18333333333333332 0.7223958333333333 0.18981481481481483 0.7354166666666667 0.20092592592592592 0.7479166666666667 0.20555555555555555 0.759375 0.21481481481481482 0.7635416666666667 0.21388888888888888 0.7651041666666667 0.2101851851851852 0.7640625 0.2037037037037037 0.7109375 0.15555555555555556 0.7020833333333333 0.14166666666666666 0.69375 0.13703703703703704
0 0.7088541666666667 0.36203703703703705 0.7046875 0.3675925925925926 0.6994791666666667 0.3851851851851852 0.69375 0.3962962962962963 0.6895833333333333 0.4148148148148148 0.68125 0.4361111111111111 0.6729166666666667 0.45 0.6552083333333333 0.47129629629629627 0.6510416666666666 0.4925925925925926 0.6510416666666666 0.49722222222222223 0.6536458333333334 0.5027777777777778 0.6583333333333333 0.5074074074074074 0.6651041666666667 0.5027777777777778 0.6703125 0.49444444444444446 0.6755208333333333 0.48333333333333334 0.6791666666666667 0.46944444444444444 0.6984375 0.42777777777777776 0.7125 0.375 0.7125 0.36666666666666664 0.709375 0.362962962962963
0 0.7322916666666667 0.387037037037037 0.7234375 0.4027777777777778 0.7151041666666667 0.44351851851851853 0.68125 0.5092592592592593 0.6807291666666667 0.5175925925925926 0.6854166666666667 0.5175925925925926 0.6932291666666667 0.5101851851851852 0.7046875 0.49444444444444446 0.7208333333333333 0.4648148148148148 0.7317708333333334 0.4388888888888889 0.7380208333333333 0.42962962962962964 0.7421875 0.41388888888888886 0.7427083333333333 0.3972222222222222 0.7395833333333334 0.3888888888888889 0.7364583333333333 0.387037037037037
0 0.7119791666666667 0.30277777777777776 0.7088541666666667 0.30648148148148147 0.7098958333333333 0.31574074074074077 0.7244791666666667 0.34814814814814815 0.7364583333333333 0.3675925925925926 0.7557291666666667 0.387037037037037 0.771875 0.41203703703703703 0.7776041666666667 0.41574074074074074 0.7869791666666667 0.41574074074074074 0.7927083333333333 0.4074074074074074 0.7932291666666667 0.4 0.7911458333333333 0.38981481481481484 0.7786458333333334 0.36944444444444446 0.7630208333333334 0.36574074074074076 0.7546875 0.35833333333333334 0.7317708333333334 0.32685185185185184 0.7234375 0.3194444444444444 0.7130208333333333 0.30277777777777776
0 0.7010416666666667 0.5990740740740741 0.696875 0.6027777777777777 0.6953125 0.6129629629629629 0.7 0.6287037037037037 0.7052083333333333 0.637962962962963 0.7203125 0.6518518518518519 0.7401041666666667 0.6824074074074075 0.7557291666666667 0.7 0.7817708333333333 0.712037037037037 0.7848958333333333 0.7083333333333334 0.7817708333333333 0.6972222222222222 0.7395833333333334 0.6564814814814814 0.7302083333333333 0.6398148148148148 0.725 0.6212962962962963 0.7197916666666667 0.6101851851851852 0.7041666666666667 0.5990740740740741
0 0.6770833333333334 0.7037037037037037 0.6734375 0.7064814814814815 0.6723958333333333 0.7111111111111111 0.6723958333333333 0.7157407407407408 0.6760416666666667 0.7240740740740741 0.690625 0.7351851851851852 0.7135416666666666 0.7638888888888888 0.7161458333333334 0.7722222222222223 0.7192708333333333 0.774074074074074 0.7307291666666667 0.7935185185185185 0.7416666666666667 0.825 0.7526041666666666 0.8453703703703703 0.765625 0.8537037037037037 0.7677083333333333 0.8574074074074074 0.7713541666666667 0.8564814814814815 0.775 0.8490740740740741 0.7765625 0.8296296296296296 0.7677083333333333 0.8074074074074075 0.7421875 0.7787037037037037 0.7203125 0.7398148148148148 0.7010416666666667 0.7166666666666667 0.6927083333333334 0.7166666666666667 0.6848958333333334 0.7064814814814815 0.6791666666666667 0.7037037037037037
0 0.6109375 0.7148148148148148 0.6088541666666667 0.7194444444444444 0.6088541666666667 0.725 0.6255208333333333 0.7694444444444445 0.6453125 0.8064814814814815 0.6598958333333333 0.8425925925925926 0.6677083333333333 0.85 0.6739583333333333 0.850925925925926 0.6796875 0.8407407407407408 0.6796875 0.8314814814814815 0.6760416666666667 0.8212962962962963 0.6708333333333333 0.8101851851851852 0.65 0.787962962962963 0.628125 0.7416666666666667 0.621875 0.7333333333333333 0.6145833333333334 0.7157407407407408 0.6125 0.7148148148148148
0 0.7161458333333334 0.7685185185185185 0.7109375 0.7787037037037037 0.7083333333333334 0.8 0.7015625 0.8231481481481482 0.6854166666666667 0.8481481481481481 0.6776041666666667 0.8518518518518519 0.6739583333333333 0.8574074074074074 0.6723958333333333 0.8722222222222222 0.6703125 0.8768518518518519 0.6713541666666667 0.887962962962963 0.675 0.8953703703703704 0.6802083333333333 0.899074074074074 0.6854166666666667 0.899074074074074 0.6869791666666667 0.8962962962962963 0.6963541666666667 0.862037037037037 0.715625 0.8175925925925925 0.7223958333333333 0.7907407407407407 0.7223958333333333 0.7814814814814814 0.7166666666666667 0.7685185185185185
0 0.3 0.6657407407407407 0.29739583333333336 0.6657407407407407 0.2942708333333333 0.6731481481481482 0.2994791666666667 0.6898148148148148 0.2984375 0.7027777777777777 0.30104166666666665 0.7268518518518519 0.30416666666666664 0.7925925925925926 0.30364583333333334 0.8101851851851852 0.2994791666666667 0.8351851851851851 0.2994791666666667 0.8546296296296296 0.30104166666666665 0.8722222222222222 0.303125 0.8787037037037037 0.3026041666666667 0.8842592592592593 0.3104166666666667 0.8888888888888888 0.31614583333333335 0.8888888888888888 0.32083333333333336 0.8861111111111111 0.325 0.8379629629629629 0.32135416666666666 0.8046296296296296 0.3203125 0.7342592592592593 0.3182291666666667 0.7157407407407408 0.31145833333333334 0.6935185185185185 0.3109375 0.6777777777777778 0.3026041666666667 0.6657407407407407
0 0.2520833333333333 0.1111111111111111 0.2359375 0.1175925925925926 0.234375 0.1388888888888889 0.25104166666666666 0.15092592592592594 0.2630208333333333 0.1527777777777778 0.28229166666666666 0.1361111111111111 0.28802083333333334 0.13518518518518519 0.3104166666666667 0.14444444444444443 0.3203125 0.15092592592592594 0.3296875 0.16111111111111112 0.33645833333333336 0.16203703703703703 0.3385416666666667 0.15833333333333333 0.3375 0.15092592592592594 0.3338541666666667 0.14537037037037037 0.30833333333333335 0.12222222222222222 0.30052083333333335 0.11851851851851852 0.2734375 0.11666666666666667 0.2557291666666667 0.1111111111111111
0 0.8003874999999999 0.7282268518518519 0.8056838541666667 0.7123796296296296 0.8151177083333334 0.7162064814814815 0.8184276041666667 0.7253342592592592 0.8144557291666668 0.7415277777777778 0.8070078125 0.7530111111111111 0.8010494791666667 0.7606657407407408 0.7901260416666667 0.7901092592592592 0.7846645833333333 0.7989425925925926 0.7775479166666667 0.8157249999999999 0.7748994791666667 0.8216138888888889 0.76976875 0.8116027777777778 0.7724171875 0.7951148148148148 0.7798645833333333 0.7798046296296296 0.7873125000000001 0.7630212962962963 0.7955880208333334 0.7450611111111112 0.7988979166666667 0.7371111111111112
0 0.7944291666666667 0.6487842592592593 0.7979052083333333 0.6383833333333333 0.8038630208333333 0.6375 0.8089937500000001 0.6466268518518519 0.8111453125 0.6592879629629629 0.8119729166666667 0.6760703703703703 0.8070078125 0.6913805555555556 0.8043598958333333 0.7143462962962963 0.8022083333333333 0.7237685185185185 0.7942640625 0.749775925925926 0.7909536458333334 0.754487037037037 0.7825130208333333 0.770975 0.7758927083333333 0.7865796296296296 0.7727479166666666 0.7818685185185186 0.77456875 0.7659694444444444 0.7792026041666666 0.7503648148148149 0.7856572916666666 0.7259268518518518 0.7911192708333333 0.7062 0.7929395833333334 0.6897111111111112 0.7911192708333333 0.6761675925925925 0.7899604166666666 0.6626240740740741 0.791946875 0.6523185185185185 0.7949260416666667 0.6477759259259259
0 0.7421291666666666 0.543775 0.747921875 0.5381814814814815 0.757190625 0.5390648148148148 0.7729135416666666 0.543775 0.7777130208333334 0.5470138888888889 0.7883057291666666 0.5573194444444444 0.7942640625 0.5658574074074074 0.8015463541666666 0.5802851851851851 0.8063458333333333 0.5944175925925926 0.81379375 0.6067833333333333 0.8189244791666667 0.6179722222222221 0.8222343750000001 0.6285712962962963 0.8222343750000001 0.6365212962962963 0.8174348958333333 0.6438824074074074 0.8078354166666667 0.6447657407407407 0.8013807291666667 0.6318101851851852 0.7980703125 0.61385 0.7967463541666666 0.605312037037037 0.7939328125 0.5885287037037037 0.7894640625 0.5773407407407407 0.7844989583333334 0.5679185185185185 0.7715895833333334 0.5605583333333334 0.7598385416666668 0.5534916666666666 0.7520598958333333 0.5502527777777778 0.7477567708333334 0.5520194444444445 0.7444463541666667 0.551136111111111 0.7419640624999999 0.5493694444444444
0 0.7921125 0.41502314814814817 0.8022083333333333 0.4353388888888889 0.8073390625 0.45153240740740735 0.8111453125 0.48097592592592586 0.8123041666666667 0.513362962962963 0.8134625 0.5280851851851852 0.8136281249999999 0.5386842592592592 0.8123041666666667 0.5457509259259259 0.808828125 0.5622388888888888 0.8038630208333333 0.5716611111111111 0.7965807291666667 0.5687166666666668 0.79145 0.5563509259259259 0.79145 0.537800925925926 0.79591875 0.5104194444444445 0.8013807291666667 0.4880425925925926 0.8028703125 0.4621324074074074 0.7980703125 0.44417222222222225 0.7934364583333333 0.4321 0.7878088541666667 0.41826203703703707 0.7864848958333333 0.41384537037037034 0.7899604166666666 0.410900925925926
0 0.6941328124999999 0.5455083333333334 0.700421875 0.5347981481481482 0.7123385416666667 0.5324425925925926 0.7206135416666667 0.5362703703703704 0.72640625 0.5427481481481482 0.7417984375 0.5492259259259259 0.7555354166666667 0.5533472222222222 0.7664588541666667 0.5565861111111111 0.7796994791666666 0.5654194444444445 0.7871468749999999 0.5707194444444444 0.7808578125000001 0.5792574074074074 0.7636453125 0.5713083333333334 0.7502390625 0.5674805555555555 0.7404744791666666 0.5654194444444445 0.731040625 0.5595305555555555 0.7242546875 0.5586472222222223 0.7202828125 0.5615916666666667 0.7103520833333333 0.5636527777777778 0.7020770833333334 0.5592361111111112 0.6964494791666667 0.5521694444444444
0 0.23361197916666668 0.14343888888888887 0.23551510416666668 0.14049907407407408 0.24031510416666665 0.14491574074074073 0.24660416666666668 0.1552212962962963 0.24941770833333335 0.1667037037037037 0.24974895833333333 0.17965925925925927 0.2502453125 0.1940861111111111 0.24925208333333335 0.2067462962962963 0.2502453125 0.22352962962962963 0.2502453125 0.23383425925925927 0.2502453125 0.2462009259259259 0.252065625 0.2763601851851852 0.24925208333333335 0.2916703703703704 0.24859010416666666 0.3007972222222222 0.24577656250000002 0.31198611111111113 0.2413078125 0.31640277777777776 0.23915625000000001 0.3081583333333333 0.23965260416666664 0.28283703703703705 0.2413078125 0.2551611111111111 0.24031510416666665 0.22895648148148148 0.23617708333333332 0.21129074074074072 0.23203958333333335 0.19568518518518518 0.2287296875 0.18880740740740742 0.2287296875 0.17614722222222223 0.2285640625 0.16230925925925926 0.2285640625 0.1505314814814815 0.22972239583333334 0.1440537037037037
0 0.22492291666666667 0.2979111111111111 0.22608125 0.2858638888888889 0.23137760416666667 0.27968055555555554 0.23650833333333335 0.28233055555555553 0.23865989583333333 0.29204722222222224 0.23865989583333333 0.29940833333333333 0.24014947916666665 0.3055907407407408 0.2411421875 0.3147185185185185 0.239321875 0.3368009259259259 0.2373359375 0.34622222222222226 0.23783229166666667 0.3647722222222222 0.2414734375 0.39362592592592593 0.24627291666666667 0.41246944444444444 0.25388645833333334 0.4260138888888889 0.25636875 0.4298416666666667 0.2560380208333333 0.44073518518518523 0.24925208333333335 0.43602407407407406 0.24246666666666666 0.4233638888888889 0.234853125 0.40039814814814817 0.23137760416666667 0.3791990740740741 0.2283984375 0.36212222222222223 0.22575052083333333 0.33444537037037037 0.22409531249999998 0.3158962962962963 0.2242609375 0.30617962962962963
0 0.2108546875 0.30617962962962963 0.21979218749999999 0.3058851851851852 0.22244010416666665 0.3158962962962963 0.22508854166666667 0.3259064814814815 0.226578125 0.34504537037037036 0.2285640625 0.3647722222222222 0.23187395833333332 0.3821435185185185 0.23551510416666668 0.39980925925925925 0.23965260416666664 0.41423611111111114 0.24627291666666667 0.4313138888888889 0.25554166666666667 0.4457407407407407 0.2593479166666667 0.4548685185185185 0.2581895833333333 0.46163981481481486 0.24511458333333333 0.4454462962962963 0.234853125 0.4210083333333334 0.22707447916666668 0.39244814814814816 0.21995781250000002 0.3694824074074074 0.21482708333333334 0.3491666666666667 0.20953072916666665 0.34210092592592595 0.20473125 0.32826203703703705 0.20688281249999999 0.317662962962963
0 0.2214473958333333 0.6871814814814814 0.22724010416666665 0.6811935185185185 0.23799791666666667 0.6817824074074075 0.2459421875 0.6879657407407408 0.2533901041666667 0.6941490740740741 0.2656375 0.7003324074074074 0.28433958333333337 0.6991546296296296 0.2962557291666667 0.6959157407407408 0.30171770833333333 0.6973879629629629 0.296090625 0.7112259259259259 0.2845052083333333 0.718587037037037 0.2739125 0.7162314814814814 0.261003125 0.7135814814814815 0.2509072916666667 0.7124037037037037 0.24329375 0.7174092592592592 0.22922604166666666 0.7126981481481482 0.22326770833333331 0.7065148148148148 0.21863333333333335 0.7015092592592592 0.21863333333333335 0.6938546296296296
0 0.21863333333333335 0.7182925925925926 0.21913020833333335 0.7315416666666668 0.22541927083333332 0.7471462962962963 0.23584635416666666 0.7601018518518519 0.2418046875 0.7704064814814815 0.24974895833333333 0.7863064814814815 0.2588515625 0.8010277777777778 0.2704369791666667 0.8107444444444445 0.2752364583333333 0.8166324074074074 0.2838432291666667 0.8239935185185185 0.2866567708333333 0.8248768518518518 0.28996666666666665 0.8169268518518518 0.28251875000000004 0.8072111111111111 0.27755364583333336 0.8033833333333333 0.26149947916666666 0.7842453703703703 0.25007968750000004 0.7665796296296296 0.24627291666666667 0.7577462962962963 0.24312864583333335 0.7371361111111111 0.23783229166666667 0.7227092592592592 0.23154322916666667 0.7141703703703703 0.22194375 0.7088703703703704
0 0.3483078125 0.8650453703703704 0.34243229166666667 0.8667657407407408 0.339453125 0.8741268518518519 0.34094270833333334 0.8850212962962962 0.3502109375 0.8853157407407407 0.356996875 0.8861990740740741 0.3803328125 0.8906148148148149 0.4066484375 0.8909092592592592 0.42518541666666665 0.889437037037037 0.4390875 0.8873768518518518 0.45249375000000003 0.8879657407407407 0.46639635416666664 0.8750101851851851 0.47086510416666666 0.8626444444444444 0.4630859375 0.8523388888888889 0.44968020833333333 0.8435064814814814 0.4337916666666667 0.8594055555555555 0.4140963541666667 0.8591111111111112 0.39953177083333336 0.8611722222222222 0.38298125 0.8626444444444444 0.3708989583333333 0.8644111111111111 0.3642791666666667 0.8670601851851851 0.35798958333333336 0.8694157407407408 0.35335572916666663 0.8688268518518518 0.34855572916666666 0.8652944444444445
0 0.3699890625 0.7462481481481481 0.3734645833333333 0.7491925925925926 0.38587760416666667 0.7645027777777778 0.39315989583333333 0.7712749999999999 0.40110416666666665 0.7795185185185185 0.4064 0.7907074074074074 0.4093791666666667 0.8001287037037037 0.4095447916666667 0.8113175925925925 0.40805520833333336 0.8216222222222223 0.39779375 0.8127898148148148 0.3873671875 0.7989509259259259 0.38289843749999997 0.7824629629629629 0.3769401041666667 0.7650916666666666 0.36336875 0.7509583333333333 0.35559010416666664 0.7409481481481482 0.34681822916666666 0.7294648148148148 0.3567484375 0.7335870370370371 0.3640307291666666 0.7412425925925926 0.36849947916666664 0.7447759259259259
0 0.3636994791666667 0.7374953703703704 0.372140625 0.7283314814814814 0.3696578125 0.7153768518518518 0.3638651041666667 0.708899074074074 0.3539348958333333 0.7021268518518519 0.34863854166666663 0.6974166666666667 0.33225364583333333 0.6859333333333333 0.32348177083333335 0.6765120370370371 0.3114 0.6679731481481481 0.30544166666666667 0.6650287037037037 0.29526302083333333 0.6614953703703703 0.2893046875 0.6641453703703704 0.28798072916666667 0.6697398148148148 0.2936078125 0.673862037037037 0.30999270833333337 0.6803388888888888 0.32108177083333334 0.6941777777777778 0.33432239583333334 0.7074268518518518 0.3429286458333333 0.7197935185185185 0.3493833333333333 0.7295092592592592 0.35616927083333333 0.7342203703703704
0 0.43023333333333336 0.5958222222222223 0.41856510416666665 0.6167416666666666 0.408634375 0.6370574074074075 0.3983734375 0.6573731481481481 0.38827708333333333 0.6882888888888888 0.38513281250000003 0.6959444444444445 0.37851250000000003 0.7030101851851852 0.374209375 0.7159657407407408 0.37404375 0.7259759259259259 0.37718854166666665 0.7339259259259259 0.38132604166666667 0.7421703703703704 0.3930770833333333 0.7289203703703704 0.39638697916666665 0.7050712962962963 0.3978765625 0.6924111111111111 0.4063177083333333 0.6700342592592592 0.4180682291666667 0.6426518518518518 0.42634375 0.618213888888889 0.43263281249999996 0.6052592592592592 0.4337916666666667 0.598487037037037 0.4321364583333333 0.595837037037037
0 0.509446875 0.5651388888888889 0.5157026041666667 0.5528583333333333 0.5258421875 0.5444148148148148 0.5305880208333333 0.5570796296296295 0.5247635416666667 0.5801064814814815 0.5144083333333334 0.5996787037037037 0.5087994791666667 0.6184842592592592 0.49564010416666665 0.6557111111111111 0.4878734375 0.664537962962963 0.4790286458333333 0.667224074074074 0.4872265625 0.6484194444444444 0.49952291666666665 0.6165657407407407 0.5047005208333333 0.6019814814814815 0.5068578125000001 0.5873981481481482
0 0.5219588541666667 0.6649212962962963 0.5316666666666666 0.6607000000000001 0.5433161458333333 0.6568620370370369 0.5579859375 0.650337962962963 0.5670463541666667 0.6537916666666667 0.5670463541666667 0.6637703703703703 0.5545343749999999 0.667224074074074 0.5377072916666666 0.6764351851851852 0.522821875 0.682575925925926 0.5109567708333334 0.6890999999999999 0.5016802083333334 0.6925537037037037 0.4924041666666667 0.7036833333333333 0.4798916666666667 0.7063694444444445 0.4701838541666667 0.7032999999999999 0.4671635416666666 0.6867972222222222 0.47795 0.6722138888888889 0.49154114583333336 0.6679916666666667 0.5064265625000001 0.6706787037037036 0.5146239583333333 0.6691435185185185
0 0.4543276041666667 0.8203499999999999 0.4403052083333333 0.8123870370370371 0.42951875 0.8150740740740741 0.42692968750000004 0.8288898148148148 0.4329703125 0.8434731481481482 0.4452671875 0.8450083333333334 0.45885781249999996 0.8465435185185186 0.46619270833333337 0.8446250000000001 0.48129374999999996 0.8365657407407407 0.4903546875 0.8246685185185185 0.5112802083333333 0.8085490740740741 0.5212041666666667 0.8039444444444445 0.5123588541666667 0.8004898148148148 0.4918645833333333 0.8077814814814814 0.48647135416666665 0.8127712962962963 0.4733119791666667 0.8242842592592592 0.467703125 0.8258194444444444 0.4599364583333333 0.8258194444444444
0 0.47913645833333335 0.8396351851851852 0.49164895833333333 0.8473111111111111 0.5214197916666666 0.8546027777777778 0.5410510416666666 0.8553703703703703 0.5546421875 0.8641972222222222 0.5639187499999999 0.8726407407407407 0.5690958333333334 0.8830027777777778 0.5686645833333334 0.8995055555555556 0.5563677083333334 0.9029592592592592 0.5509744791666668 0.9014240740740741 0.538246875 0.8887592592592592 0.5343635416666667 0.8826185185185185 0.5175364583333333 0.8760944444444445 0.50675 0.8714888888888889 0.4922963541666666 0.8607435185185185 0.4780578125 0.8546027777777778 0.47395885416666667 0.8453925925925926
0 0.5730869791666666 0.8427851851851852 0.561221875 0.8450083333333334 0.5566916666666667 0.854987037037037 0.5620848958333333 0.8668842592592593 0.568125 0.873024074074074 0.5795588541666666 0.8772462962962964 0.6007005208333334 0.8714888888888889 0.6117026041666667 0.8707212962962964 0.6224890625 0.8615111111111111 0.6395317708333333 0.854987037037037 0.6472984375 0.8469277777777778 0.6501026041666667 0.834262962962963 0.6464354166666666 0.8304250000000001 0.638021875 0.834262962962963 0.6272354166666666 0.8430898148148148 0.6201161458333334 0.8457759259259259 0.6119182291666667 0.8534518518518518 0.6004848958333333 0.854987037037037 0.592934375 0.858825 0.5855994791666668 0.8538351851851852 0.5789119791666667 0.8480787037037036
0 0.62906875 0.8622703703703704 0.6437385416666667 0.8576657407407408 0.6577609375000001 0.8496064814814815 0.66660625 0.8507574074074074 0.6726463541666666 0.861887037037037 0.6707046875 0.8737842592592593 0.6655276041666667 0.8803083333333332 0.6560354166666666 0.8856814814814814 0.6374822916666666 0.8849138888888889 0.6169880208333333 0.8787731481481482 0.5932578125 0.881075925925926 0.5885119791666666 0.877237962962963 0.6062015625 0.8757027777777778 0.6213026041666667 0.8676435185185185
0 0.5943364583333334 0.8219740740740741 0.6113791666666667 0.8196712962962963 0.6230286458333333 0.8204388888888888 0.6260489583333333 0.8319518518518519 0.6225968749999999 0.8419305555555555 0.6131052083333334 0.8503740740740741 0.5936890625 0.8392444444444445 0.5852760416666667 0.8315685185185185 0.5695276041666666 0.8235092592592592 0.5565838541666667 0.8223574074074074 0.5427770833333334 0.8223574074074074 0.5309119791666667 0.8166009259259259 0.5522692708333333 0.8123796296296296 0.5613296875 0.8142981481481482 0.5798822916666667 0.8192870370370371
0 0.5341479166666667 0.7855148148148148 0.5291859375 0.7855148148148148 0.5220666666666667 0.7958768518518519 0.525734375 0.8081583333333333 0.5330692708333333 0.8119953703703704 0.5457973958333333 0.8123796296296296 0.5589567708333333 0.8135305555555556 0.5816083333333334 0.8189037037037038 0.5999453124999999 0.8208222222222222 0.6150463541666666 0.8185203703703703 0.6191453125 0.8081583333333333 0.6051229166666666 0.8116120370370371 0.5779411458333333 0.8096925925925925 0.5552890625 0.7974120370370371 0.5408354166666667 0.784363888888889
0 0.48355885416666666 0.750975 0.4788130208333333 0.754812962962963 0.4792442708333333 0.7697796296296296 0.48852083333333335 0.7766879629629629 0.5042692708333333 0.7747694444444444 0.5150557291666666 0.7693962962962962 0.5219588541666667 0.7828287037037037 0.5256265625 0.7897361111111111 0.5251947916666667 0.7770712962962962 0.5185072916666666 0.762487962962963 0.4977973958333333 0.7467527777777778 0.4880895833333333 0.7494398148148148
0 0.5983276041666666 0.7709314814814815 0.6056625 0.7820611111111111 0.6052307291666666 0.7962611111111111 0.6030734375000001 0.8058555555555555 0.5845208333333333 0.808925 0.5623005208333333 0.8004824074074074 0.5387859375 0.777838888888889 0.5264895833333333 0.761337037037037 0.5157026041666667 0.7463694444444444 0.5021119791666666 0.7383101851851852 0.49110937499999996 0.7298666666666667 0.48312760416666667 0.7221916666666667 0.48959947916666663 0.7099101851851851 0.5044848958333333 0.7206564814814814 0.5426692708333333 0.7432990740740741 0.5633791666666668 0.7571148148148148 0.5834421875 0.7644074074074073 0.59315 0.7670935185185185
0 0.48399062499999995 0.7766879629629629 0.5122510416666667 0.77285 0.5174286458333334 0.7782231481481482 0.5193703125 0.7862824074074074 0.5092307291666667 0.7977953703703704 0.5021119791666666 0.7985629629629629 0.46910520833333336 0.7985629629629629 0.4555140625 0.7897361111111111 0.4371770833333333 0.7820611111111111 0.43199947916666664 0.7809092592592592 0.44192291666666667 0.7667092592592593 0.4574557291666667 0.7705472222222223 0.47169375 0.7678611111111111 0.48183333333333334 0.7763037037037037 0.48485364583333335 0.7766879629629629
