0 0.5145833333333333 0.8675925925925926 0.5140625 0.8851851851851852 0.5161458333333333 0.8925925925925926 0.5255208333333333 0.8981481481481481 0.5453125 0.9 0.5635416666666667 0.887962962962963 0.6098958333333333 0.8703703703703703 0.6255208333333333 0.8537037037037037 0.628125 0.8435185185185186 0.621875 0.8407407407407408 0.615625 0.8453703703703703 0.6020833333333333 0.8453703703703703 0.5869791666666667 0.8518518518518519 0.5633682291666666 0.8555555555555555 0.540625 0.8527777777777777 0.5244791666666667 0.8592592592592593
0 0.6083333333333333 0.687962962962963 0.609375 0.7398148148148148 0.6046875 0.7648148148148148 0.6046875 0.7842592592592592 0.6072916666666667 0.8027777777777778 0.6171875 0.8046296296296296 0.6223958333333334 0.7962962962962963 0.6255208333333333 0.775 0.6229166666666667 0.7351851851851852 0.625 0.725 0.6229166666666667 0.6990740740740741 0.6244791666666667 0.6694444444444444 0.6244791666666667 0.6277777777777778 0.6229166666666667 0.6231481481481481 0.61875 0.6231481481481481 0.615625 0.6314814814814815 0.6104166666666667 0.6611111111111111
0 0.5286458333333334 0.3861111111111111 0.5276041666666667 0.4074074074074074 0.521875 0.42314814814814816 0.5265625 0.4388888888888889 0.5447916666666667 0.46296296296296297 0.5526041666666667 0.4638888888888889 0.5729166666666666 0.48148148148148145 0.58125 0.4935185185185185 0.5869791666666667 0.5120370370370371 0.5864583333333333 0.5296296296296297 0.5822916666666667 0.549074074074074 0.56875 0.5703703703703704 0.5703125 0.575925925925926 0.5760416666666667 0.5740740740740741 0.5947916666666667 0.5444444444444444 0.5979166666666667 0.5203703703703704 0.5947916666666667 0.4898148148148148 0.5796875 0.4583333333333333 0.565625 0.4388888888888889 0.5619791666666667 0.42685185185185187 0.5432291666666667 0.4083333333333333
0 0.38958333333333334 0.5712962962962963 0.3890625 0.6074074074074074 0.39791666666666664 0.6518518518518519 0.39947916666666666 0.7101851851851851 0.40260416666666665 0.7268518518518519 0.40208333333333335 0.7518518518518519 0.4041666666666667 0.7546296296296297 0.40989583333333335 0.7462962962962963 0.4171875 0.7092592592592593 0.4119791666666667 0.5481481481481482 0.4041666666666667 0.562962962962963
0 0.24895833333333334 0.7287037037037037 0.24791666666666667 0.7361111111111112 0.2526041666666667 0.7435185185185185 0.25364583333333335 0.7601851851851852 0.2682291666666667 0.8074074074074075 0.31145833333333334 0.8777777777777778 0.34375 0.9083333333333333 0.3651041666666667 0.9120370370370371 0.37604166666666666 0.9175925925925926 0.384375 0.9175925925925926 0.390625 0.9120370370370371 0.39010416666666664 0.9027777777777778 0.3854166666666667 0.8944444444444445 0.37083333333333335 0.8861111111111111 0.3614583333333333 0.8731481481481481 0.33177083333333335 0.8481481481481481 0.3171875 0.8314814814814815 0.2947916666666667 0.7657407407407407 0.271875 0.7157407407407408 0.2713541666666667 0.6935185185185185 0.2677083333333333 0.7166666666666667 0.25625 0.7268518518518519
0 0.4421875 0.3962962962962963 0.4421875 0.45555555555555555 0.4479166666666667 0.4740740740740741 0.45260416666666664 0.5148148148148148 0.4546875 0.5722222222222222 0.4588541666666667 0.6027777777777777 0.4630208333333333 0.6101851851851852 0.465625 0.6425925925925926 0.47239583333333335 0.649074074074074 0.4765625 0.6453703703703704 0.47760416666666666 0.6370370370370371 0.475 0.5675925925925925 0.46770833333333334 0.5037037037037037 0.46770833333333334 0.4305555555555556 0.4578125 0.3925925925925926 0.45 0.3907407407407407
0 0.8135416666666667 0.637962962962963 0.8036458333333333 0.7898148148148149 0.7984375 0.8101851851851852 0.7947916666666667 0.8444444444444444 0.796875 0.887962962962963 0.8015625 0.9018518518518519 0.80625 0.9009259259259259 0.8083333333333333 0.8953703703703704 0.809375 0.8685185185185185 0.81875 0.8333333333333334 0.8307291666666666 0.7472222222222222 0.8375 0.725925925925926 0.8401041666666667 0.6972222222222222 0.8369791666666667 0.6675925925925926 0.8385416666666666 0.6592592592592592 0.8421875 0.6574074074074074 0.840625 0.6546296296296297 0.8244791666666667 0.6546296296296297 0.81875 0.65
0 0.68125 0.1 0.6802083333333333 0.10462962962962963 0.6822916666666666 0.10925925925925926 0.696875 0.10277777777777777 0.709375 0.10462962962962963 0.7424479166666667 0.10092592592592593 0.7557291666666667 0.10462962962962963 0.7671875 0.11481481481481481 0.7942708333333334 0.11574074074074074 0.8005208333333333 0.11018518518518519 0.8083333333333333 0.1111111111111111 0.8052083333333333 0.10925925925925926 0.8 0.09722222222222222 0.7984375 0.075 0.7713541666666667 0.06759259259259259 0.7630208333333334 0.07222222222222222 0.7140625 0.0712962962962963 0.7005208333333334 0.07685185185185185 0.6848958333333334 0.09259259259259259
0 0.7895833333333333 0.12962962962962962 0.7890625 0.15833333333333333 0.7911458333333333 0.16574074074074074 0.7932291666666667 0.20925925925925926 0.790625 0.22870370370370371 0.7901041666666667 0.27037037037037037 0.7979166666666667 0.32685185185185184 0.8020833333333334 0.337037037037037 0.80625 0.337037037037037 0.809375 0.32592592592592595 0.8072916666666666 0.30092592592592593 0.8098958333333334 0.28703703703703703 0.809375 0.25925925925925924 0.8130208333333333 0.19074074074074074 0.8135416666666667 0.15092592592592594 0.8114583333333333 0.12222222222222222 0.8067708333333333 0.11296296296296296 0.7973958333333333 0.11203703703703703 0.7916666666666666 0.11481481481481481
0 0.6296875 0.7175925925925926 0.6286458333333333 0.7203703703703703 0.6328125 0.7240740740740741 0.6411458333333333 0.7212962962962963 0.6515625 0.7240740740740741 0.709375 0.7 0.7270833333333333 0.6990740740740741 0.7458333333333333 0.6842592592592592 0.7479166666666667 0.6805555555555556 0.7473958333333334 0.6657407407407407 0.7416666666666667 0.6546296296296297 0.7286458333333333 0.6537037037037037 0.7098958333333333 0.662962962962963 0.6911458333333333 0.6777777777777778 0.6567708333333333 0.6925925925925925 0.64375 0.7018518518518518 0.6328125 0.7175925925925926
0 0.7463541666666667 0.6555555555555556 0.7473958333333334 0.6824074074074075 0.7515625 0.6972222222222222 0.7427083333333333 0.7814814814814814 0.7369791666666666 0.8175925925925925 0.7364583333333333 0.8416666666666667 0.7432291666666667 0.8685185185185185 0.746875 0.9018518518518519 0.7515625 0.9092592592592592 0.7567708333333333 0.9101851851851852 0.7609375 0.9 0.7588541666666667 0.8685185185185185 0.7625 0.8462962962962963 0.7630208333333334 0.812037037037037 0.7661458333333333 0.7962962962962963 0.76875 0.7574074074074074 0.7817708333333333 0.687037037037037 0.78125 0.6453703703703704 0.7770833333333333 0.6268518518518519 0.7770833333333333 0.6175925925925926 0.7630208333333334 0.6148148148148148 0.7557291666666667 0.6185185185185185 0.7510416666666667 0.6472222222222223
0 0.30282135416666667 0.125 0.2980848958333333 0.1399101851851852 0.2746880208333333 0.16151759259259257 0.3032505208333333 0.1436916666666667 0.31584218750000004 0.1574074074074074 0.3486546875 0.1824074074074074 0.3720921875 0.20833333333333334 0.38198802083333333 0.21481481481481482 0.38407135416666666 0.22037037037037038 0.3955296875 0.22777777777777777 0.4080296875 0.22777777777777777 0.41532135416666666 0.23148148148148148 0.42313385416666666 0.22962962962962963 0.42573802083333334 0.225 0.4262588541666667 0.21944444444444444 0.42313385416666666 0.21296296296296297 0.41323802083333333 0.2101851851851852 0.4012588541666667 0.19907407407407407 0.3981338541666667 0.1925925925925926 0.3825088541666667 0.1824074074074074 0.34761302083333334 0.14629629629629629 0.34123281250000004 0.13126666666666667 0.34184062499999995 0.11668148148148148 0.3299046875 0.12129629629629629 0.31175885416666665 0.11019907407407407 0.31358177083333333 0.09561388888888889 0.31692447916666666 0.07832777777777777 0.3251286458333333 0.07184537037037038 0.3154052083333333 0.06428333333333333
0 0.24010416666666667 0.4305555555555556 0.24010416666666667 0.44537037037037036 0.24375 0.45185185185185184 0.24791666666666667 0.45 0.2520833333333333 0.44166666666666665 0.2557291666666667 0.42314814814814816 0.2635416666666667 0.41388888888888886 0.284375 0.34814814814814815 0.3067708333333333 0.3037037037037037 0.3140625 0.29444444444444445 0.321571875 0.2491537037037037 0.35206614583333334 0.2579148148148148 0.3160276041666667 0.2343685185185185 0.288921875 0.18672777777777777 0.30401510416666666 0.2206787037037037 0.3055552083333334 0.23491574074074073 0.2984375 0.24537037037037038 0.2869791666666667 0.27314814814814814 0.28802083333333334 0.2833333333333333 0.2828125 0.3074074074074074 0.2557291666666667 0.37037037037037035 0.24791666666666667 0.39351851851851855 0.246875 0.4064814814814815
0 0.4151770833333333 0.39162314814814814 0.41908489583333336 0.40291203703703704 0.42934218749999997 0.3959648148148148 0.4356916666666667 0.3812027777777778 0.4459489583333333 0.37078333333333335 0.4640213541666667 0.32389259259259257 0.478675 0.30739351851851854 0.48307083333333334 0.31694537037037035 0.48404791666666663 0.29610555555555557 0.4982125 0.27439722222222224 0.5060276041666667 0.31868240740740744 0.5074932291666666 0.2796064814814815 0.5001666666666666 0.2613712962962963 0.49137447916666666 0.23532129629629628 0.48307083333333334 0.1788787037037037 0.48600156250000004 0.2474777777777778 0.4703713541666667 0.254425 0.46157916666666665 0.282212037037037 0.45181041666666666 0.3126037037037037 0.4356916666666667 0.34039074074074077 0.4264114583333333 0.3586259259259259 0.4239692708333333 0.3690462962962963 0.4151770833333333 0.3872814814814815
0 0.4762328125 0.07728240740740741 0.46988281249999997 0.0755462962962963 0.45425260416666663 0.054705555555555556 0.43813385416666667 0.03733888888888889 0.43715729166666667 0.05644259259259259 0.4474145833333333 0.0642574074074074 0.4601140625 0.07815092592592593 0.4581604166666667 0.09725462962962962 0.4547411458333333 0.1285148148148148 0.4493682291666667 0.15196018518518517 0.4591369791666667 0.15196018518518517 0.457671875 0.19190370370370372 0.45083385416666666 0.23011111111111113 0.44301875 0.27700185185185183 0.44448385416666664 0.2978425925925926 0.43911093749999996 0.32562962962962966 0.4537640625 0.30999907407407407 0.46890624999999997 0.26484537037037037 0.473790625 0.2379259259259259 0.4757442708333333 0.20058796296296297 0.478675 0.16238055555555556 0.49186302083333333 0.1450138888888889 0.48062864583333337 0.13198796296296297 0.48209375 0.10072777777777778 0.48062864583333337 0.08770277777777777 0.49137447916666666 0.07120462962962963 0.5065161458333333 0.08336111111111111 0.4991895833333333 0.06859907407407408 0.5123776041666667 0.06512592592592592 0.5245885416666667 0.08683425925925926 0.515796875 0.058178703703703705 0.5011432291666666 0.05731111111111111 0.48600156250000004 0.0703361111111111
0 0.2830739583333333 0.4974675925925926 0.2956036458333333 0.4751935185185185 0.30210052083333333 0.4537435185185185 0.31138125 0.4603435185185185 0.3331921875 0.43146851851851853 0.34850572916666667 0.39764444444444447 0.3568588541666667 0.3770194444444444 0.3656760416666666 0.36794444444444446 0.37634947916666667 0.3407203703703704 0.3814536458333333 0.3390703703703704 0.38516614583333336 0.3638194444444445 0.3772770833333333 0.37866944444444445 0.37681302083333335 0.39434444444444444 0.3675322916666667 0.4199185185185185 0.34757760416666666 0.4537435185185185 0.33133593749999996 0.4776685185185185 0.32530312499999997 0.49664259259259264 0.31370156250000003 0.5106675925925925 0.2993161458333333 0.5304675925925926 0.2872505208333333 0.5230425925925926 0.2844661458333333 0.5106675925925925
0 0.24873385416666668 0.47354351851851856 0.24873385416666668 0.49086759259259255 0.26033541666666665 0.5090175925925926 0.2663682291666667 0.5279925925925926 0.27657708333333336 0.5461416666666666 0.29142708333333334 0.5576916666666667 0.314165625 0.5741916666666667 0.32437499999999997 0.5890416666666667 0.3206625 0.5989416666666666 0.32994375 0.5948166666666667 0.3447932291666667 0.6038916666666666 0.3540744791666667 0.6055407407407408 0.36474791666666667 0.6327657407407407 0.36103541666666666 0.6129657407407407 0.37542135416666667 0.6311157407407407 0.3559307291666666 0.5997666666666667 0.36103541666666666 0.5865666666666667 0.38748645833333334 0.5593416666666667 0.35964322916666663 0.5774916666666667 0.3420088541666667 0.5527416666666667 0.336440625 0.5370675925925926 0.33412031249999996 0.5527416666666667 0.3127734375 0.5411925925925927 0.29467552083333337 0.5271675925925926 0.27704114583333334 0.49911759259259264 0.2686885416666666 0.4916925925925926 0.26404791666666666 0.49086759259259255 0.2598713541666667 0.47106851851851855
0 0.6963114583333333 0.5935305555555556 0.7016416666666667 0.5719953703703704 0.7030953125 0.587500925925926 0.7181166666666667 0.5633805555555556 0.7297458333333334 0.547012962962963 0.7457364583333334 0.5203083333333334 0.756396875 0.5013574074074074 0.764634375 0.49963425925925925 0.7806244791666667 0.48412870370370376 0.7883776041666667 0.48412870370370376 0.7878932291666667 0.4987731481481481 0.7733562500000001 0.5142787037037038 0.7757791666666667 0.5194472222222223 0.7622114583333333 0.5418444444444445 0.7476744791666667 0.5616574074074074 0.7331380208333333 0.5771638888888889 0.7219932291666668 0.6012842592592592 0.716178125 0.618512962962963 0.7064869791666666 0.6374648148148148 0.6934041666666667 0.6452175925925926 0.69098125 0.6762287037037037 0.691465625 0.6460787037037037 0.6861354166666668 0.6400490740740741 0.6556083333333333 0.6503861111111111 0.6841973958333334 0.6236814814814815 0.6904968749999999 0.6021453703703704
0 0.6975140625 0.3272555555555555 0.7349 0.32662222222222226 0.7438015625 0.33231944444444445 0.7484375 0.3509259259259259 0.7536458333333333 0.38055555555555554 0.7786458333333334 0.4462962962962963 0.7885416666666667 0.48148148148148145 0.79375 0.487962962962963 0.8026041666666667 0.5120370370370371 0.8140625 0.5314814814814814 0.821875 0.5388888888888889 0.8255208333333334 0.5370370370370371 0.8223958333333333 0.5120370370370371 0.8125 0.5037037037037037 0.7979166666666667 0.45925925925925926 0.7869791666666667 0.3962962962962963 0.7854166666666667 0.362962962962963 0.7822916666666667 0.34629629629629627 0.7701494791666667 0.3158611111111111 0.7740661458333334 0.2905416666666667 0.7875963541666666 0.26332314814814817 0.7662333333333333 0.28990925925925926 0.7648088541666667 0.3051009259259259 0.7512786458333333 0.31649444444444447
0 0.8119192708333334 0.18581203703703703 0.819871875 0.1986037037037037 0.8297177083333334 0.19254444444444446 0.8399421875 0.16830833333333334 0.8509244791666667 0.16296296296296298 0.8513031249999999 0.1703685185185185 0.8414572916666666 0.17373425925925925 0.8361552083333332 0.1966240740740741 0.8452442708333333 0.2262462962962963 0.8524390625 0.2578888888888889 0.8471375 0.26529444444444444 0.8497885416666667 0.29756944444444444 0.8550901041666666 0.3473879629629629 0.8558473958333334 0.39114814814814813 0.8550901041666666 0.4093259259259259 0.8513031249999999 0.44837314814814816 0.8448656250000001 0.4396212962962963 0.8376703125 0.3945148148148148 0.830475 0.3628722222222222 0.8316109375 0.31776574074074077 0.8247947916666667 0.27871851851851853 0.8191140625000001 0.2659268518518519 0.8134338541666666 0.27737222222222224 0.8206291666666666 0.2457296296296296 0.817978125 0.22014722222222222 0.8160848958333333 0.21206851851851852 0.8194927083333333 0.20062314814814816
0 0.8351057291666667 0.3922805555555556 0.8244364583333332 0.3974537037037037 0.8035833333333334 0.3802111111111111 0.7885494791666667 0.3802111111111111 0.804553125 0.39141851851851855 0.817646875 0.4026268518518518 0.8191020833333333 0.42849166666666666 0.8181322916666667 0.4491833333333333 0.8089177083333333 0.4655638888888889 0.822496875 0.46470185185185187 0.8244364583333332 0.50005 0.8220119791666666 0.5302259259259259 0.8283161458333334 0.5698851851851852 0.8307411458333332 0.6138546296296296 0.8336510416666666 0.6233388888888889 0.8317109375 0.6440305555555556 0.8438348958333334 0.656100925925926 0.8457749999999999 0.6293740740740741 0.8496546875 0.6052333333333334 0.8477145833333334 0.5664361111111111 0.8467447916666667 0.5233287037037038 0.8418953125 0.48194537037037033 0.8477145833333334 0.45866666666666667 0.8472296875 0.4276296296296296
