0 0.7057291666666666 0.11481481481481481 0.7276041666666667 0.10462962962962963 0.7338541666666667 0.09259259259259259 0.7338541666666667 0.07962962962962963 0.7317708333333334 0.0712962962962963 0.7125 0.06944444444444445 0.6895833333333333 0.0824074074074074 0.6307291666666667 0.09166666666666666 0.6067708333333334 0.1037037037037037 0.6046875 0.11203703703703703 0.6072916666666667 0.11666666666666667 0.6244791666666667 0.11666666666666667 0.6328125 0.12037037037037036 0.6713541666666667 0.11296296296296296 0.7057291666666666 0.11481481481481481
0 0.7104166666666667 0.49722222222222223 0.7171875 0.4981481481481482 0.71875 0.4935185185185185 0.7182291666666667 0.4703703703703704 0.7145833333333333 0.46296296296296297 0.7161458333333334 0.44722222222222224 0.7109375 0.40925925925925927 0.709375 0.3787037037037037 0.7098958333333333 0.3277777777777778 0.7151041666666667 0.30092592592592593 0.7125 0.26481481481481484 0.7078125 0.24722222222222223 0.6994791666666667 0.24166666666666667 0.6885416666666667 0.2462962962962963 0.6864583333333333 0.2675925925925926 0.6854166666666667 0.29444444444444445 0.6885416666666667 0.31296296296296294 0.6916666666666667 0.3592592592592593 0.690625 0.41944444444444445 0.7036458333333333 0.48333333333333334 0.7104166666666667 0.49722222222222223
0 0.8255208333333334 0.5398148148148149 0.8338541666666667 0.5555555555555556 0.8385416666666666 0.5574074074074075 0.8411458333333334 0.5546296296296296 0.8395833333333333 0.5407407407407407 0.8260416666666667 0.5083333333333333 0.8015625 0.48148148148148145 0.7791666666666667 0.4703703703703704 0.7614583333333333 0.4583333333333333 0.7572916666666667 0.45185185185185184 0.7348958333333333 0.44814814814814813 0.7239583333333334 0.45092592592592595 0.7213541666666666 0.4564814814814815 0.7203125 0.4722222222222222 0.7276041666666667 0.4861111111111111 0.7463541666666667 0.49537037037037035 0.7611979166666667 0.4935185185185185 0.7807291666666667 0.49907407407407406 0.8255208333333334 0.5398148148148149
0 0.8109375 0.8333333333333334 0.8208333333333333 0.8037037037037037 0.8234375 0.7824074074074074 0.8348958333333333 0.7675925925925926 0.828125 0.7703703703703704 0.8161458333333333 0.7675925925925926 0.8130208333333333 0.7638888888888888 0.8104166666666667 0.7490740740740741 0.8109375 0.7564814814814815 0.8083333333333333 0.7675925925925926 0.784375 0.8138888888888889 0.7828125 0.825925925925926 0.7770833333333333 0.8425925925925926 0.7708333333333334 0.8453703703703703 0.7671875 0.8537037037037037 0.7401041666666667 0.8842592592592593 0.7114583333333333 0.9351851851851852 0.7098958333333333 0.9435185185185185 0.7125 0.9472222222222222 0.7244791666666667 0.9435185185185185 0.7447916666666666 0.925 0.7859375 0.875 0.8109375 0.8333333333333334
0 0.6557291666666667 0.9203703703703704 0.6619791666666667 0.9148148148148149 0.678125 0.9166666666666666 0.6822916666666666 0.9120370370370371 0.6817708333333333 0.9046296296296297 0.678125 0.9009259259259259 0.6661458333333333 0.8972222222222223 0.6510416666666666 0.8851851851851852 0.6036458333333333 0.8777777777777778 0.5885416666666666 0.8648148148148148 0.5588541666666667 0.8648148148148148 0.5552083333333333 0.8712962962962963 0.5541666666666667 0.8870370370370371 0.5609375 0.8981481481481481 0.5817708333333333 0.9101851851851852 0.6015625 0.9092592592592592 0.6421875 0.9203703703703704 0.6557291666666667 0.9203703703703704
0 0.5453125 0.8314814814814815 0.5484375 0.8287037037037037 0.5505208333333333 0.8194444444444444 0.5510416666666667 0.7981481481481482 0.54375 0.7675925925925926 0.5375 0.6851851851851852 0.5338541666666666 0.6703703703703704 0.5328125 0.6509259259259259 0.5296875 0.6472222222222223 0.5265625 0.6537037037037037 0.5239583333333333 0.6824074074074075 0.5239583333333333 0.7148148148148148 0.5302083333333333 0.762962962962963 0.5291666666666667 0.7935185185185185 0.53125 0.812962962962963 0.5369791666666667 0.8324074074074074 0.5453125 0.8314814814814815
0 0.5104166666666666 0.9074074074074074 0.5328125 0.8981481481481481 0.5395833333333333 0.8870370370370371 0.5395833333333333 0.8759259259259259 0.5375 0.8648148148148148 0.53125 0.8601851851851852 0.5052083333333334 0.8583333333333333 0.490625 0.8722222222222222 0.4328125 0.8768518518518519 0.40260416666666665 0.8916666666666667 0.4 0.8962962962962963 0.4 0.9037037037037037 0.4036458333333333 0.9074074074074074 0.42083333333333334 0.9083333333333333 0.43125 0.912962962962963 0.5104166666666666 0.9074074074074074
0 0.42083333333333334 0.65 0.41354166666666664 0.6351851851851852 0.409375 0.6194444444444445 0.3859375 0.5722222222222222 0.3770833333333333 0.5268518518518519 0.37604166666666666 0.5092592592592593 0.3776041666666667 0.5055555555555555 0.3692708333333333 0.48148148148148145 0.3572916666666667 0.4564814814814815 0.34427083333333336 0.46944444444444444 0.346875 0.5037037037037037 0.3515625 0.525 0.38385416666666666 0.612037037037037 0.4119791666666667 0.6601851851851852 0.42135416666666664 0.6620370370370371 0.42083333333333334 0.65
0 0.5619791666666667 0.5342592592592592 0.5614583333333333 0.5472222222222223 0.5682291666666667 0.5657407407407408 0.5729166666666666 0.5675925925925925 0.5864583333333333 0.5564814814814815 0.5880208333333333 0.5407407407407407 0.5854166666666667 0.5101851851851852 0.5776041666666667 0.4824074074074074 0.5697916666666667 0.4638888888888889 0.559375 0.4212962962962963 0.5489583333333333 0.33425925925925926 0.5427083333333333 0.3111111111111111 0.540625 0.2824074074074074 0.5364583333333334 0.275 0.5328125 0.275 0.5276041666666667 0.2861111111111111 0.5270833333333333 0.35 0.5296875 0.37777777777777777 0.5453125 0.44814814814814813 0.5473958333333333 0.4703703703703704 0.5578125 0.525 0.5619791666666667 0.5342592592592592
0 0.5072916666666667 0.6148148148148148 0.5109375 0.6074074074074074 0.509375 0.5916666666666667 0.5015625 0.5703703703703704 0.4895833333333333 0.5518518518518518 0.46510416666666665 0.4888888888888889 0.4557291666666667 0.45740740740740743 0.45625 0.44074074074074077 0.4390625 0.40925925925925927 0.4234375 0.39351851851851855 0.4083333333333333 0.412962962962963 0.4197916666666667 0.45740740740740743 0.44114583333333335 0.4935185185185185 0.4817708333333333 0.5953703703703703 0.49114583333333334 0.6092592592592593 0.5020833333333333 0.6166666666666667 0.5072916666666667 0.6148148148148148
0 0.5213541666666667 0.6416666666666667 0.5302083333333333 0.6111111111111112 0.5609375 0.5564814814814815 0.5567708333333333 0.5259259259259259 0.5484375 0.525 0.5317708333333333 0.5537037037037037 0.5239583333333333 0.5842592592592593 0.5125 0.6129629629629629 0.5046875 0.625 0.49635416666666665 0.6805555555555556 0.49583333333333335 0.6888888888888889 0.4979166666666667 0.6925925925925925 0.5020833333333333 0.6888888888888889 0.5145833333333333 0.6574074074074074 0.5140625 0.6527777777777778 0.5213541666666667 0.6416666666666667
0 0.5510416666666667 0.5037037037037037 0.5447916666666667 0.475 0.5057291666666667 0.38796296296296295 0.4901041666666667 0.3685185185185185 0.47760416666666666 0.38333333333333336 0.478125 0.3990740740740741 0.49114583333333334 0.43425925925925923 0.5171875 0.46296296296296297 0.540625 0.5101851851851852 0.55 0.5138888888888888 0.5510416666666667 0.5037037037037037
0 0.6322500000000001 0.5512851851851852 0.6576020833333334 0.5270861111111111 0.6763817708333334 0.5187407407407407 0.6975083333333333 0.5012175925925927 0.7064286458333334 0.48369351851851855 0.7007947916666667 0.4586601851851852 0.6885885416666666 0.4586601851851852 0.6730953125 0.4711768518518518 0.6618276041666667 0.4720111111111111 0.6590109375 0.48786574074074074 0.6411703125 0.5087277777777778 0.6026723958333334 0.540437037037037 0.5890572916666666 0.5646361111111111 0.5761875 0.5822925925925926 0.5740338541666666 0.5930083333333332 0.5824843749999999 0.5996833333333333 0.594221875 0.5838287037037037 0.6134708333333333 0.5821601851851851 0.6322500000000001 0.5512851851851852
0 0.4980291666666667 0.46931944444444446 0.5079833333333333 0.4819574074074074 0.5207817708333333 0.4844842592592593 0.516515625 0.46679166666666666 0.5070354166666667 0.45583888888888885 0.4932890625 0.4196111111111111 0.4781203125 0.37832777777777776 0.46721822916666667 0.3496824074074074 0.4648479166666667 0.32524907407407405 0.45584166666666665 0.30671388888888884 0.44683541666666665 0.29323333333333335 0.4444651041666667 0.29154814814814817 0.4506276041666667 0.26543055555555556 0.4534713541666667 0.2536351851851852 0.4435171875 0.2704851851851852 0.4359328125 0.29323333333333335 0.43308854166666666 0.2982888888888889 0.4269265625 0.3016583333333333 0.4055958333333333 0.2974462962962963 0.4146020833333333 0.30924166666666664 0.43062343750000004 0.31481851851851855 0.4349848958333334 0.33788703703703704 0.4439911458333333 0.36147685185185185 0.45726354166666666 0.3791703703703704 0.47100989583333336 0.4153981481481481 0.4871265625 0.45920925925925926 0.4980291666666667 0.46931944444444446
0 0.5084572916666666 0.2797537037037037 0.5255223958333334 0.2494222222222222 0.5359505208333334 0.22414722222222222 0.53926875 0.20476944444444445 0.5340546875 0.1879185185185185 0.5236260416666666 0.1912888888888889 0.5169901041666667 0.20898148148148146 0.5103536458333333 0.24015462962962963 0.4994510416666667 0.26206018518518515 0.47527604166666665 0.3041861111111111 0.47432812500000004 0.31766666666666665 0.4693828125 0.33188703703703704 0.46721822916666667 0.33620185185185186 0.47006197916666664 0.3471546296296297 0.4790682291666667 0.3319888888888889 0.4928151041666667 0.31092592592592594 0.5084572916666666 0.2797537037037037
0 0.5368984375 0.25653425925925927 0.5231520833333333 0.25821944444444445 0.5131979166666667 0.26832962962962964 0.5264703125 0.2649592592592593 0.5350026041666667 0.2674870370370371 0.5449567708333334 0.263275 0.5643916666666667 0.24726666666666666 0.571028125 0.20851111111111112 0.5767161458333334 0.16217314814814815 0.5809822916666667 0.1588027777777778 0.5857223958333333 0.11836203703703704 0.5866703125 0.08718888888888889 0.5833526041666667 0.07960648148148147 0.5937807291666667 0.06949629629629629 0.6136895833333333 0.06359814814814815 0.6084755208333333 0.05601574074074074 0.5895145833333333 0.06359814814814815 0.5838265625 0.07370833333333333 0.5743458333333333 0.06528333333333333 0.5667619791666667 0.07202314814814814 0.5525411458333332 0.05264537037037037 0.5368984375 0.06444074074074074 0.5515932291666666 0.06275555555555555 0.5618369791666668 0.08281388888888888 0.5553854166666666 0.10488148148148149 0.5572812500000001 0.1402675925925926 0.5596515624999999 0.18407777777777778 0.5572812500000001 0.21946388888888888 0.5487489583333333 0.24726666666666666 0.5368984375 0.25653425925925927
0 0.44541302083333334 0.2026138888888889 0.4463609375 0.21609351851851852 0.4373546875 0.24305462962962965 0.42882239583333337 0.2767546296296296 0.4392510416666667 0.2540074074074074 0.44730937499999995 0.2203064814814815 0.4506276041666667 0.22873148148148148 0.4705359375 0.22283425925925926 0.4838088541666667 0.23968425925925924 0.4771723958333334 0.2245185185185185 0.48854895833333334 0.21862129629629629 0.51509375 0.20851111111111112 0.5425869791666666 0.2017712962962963 0.5601255208333333 0.1756527777777778 0.5572812500000001 0.1579601851851852 0.5463791666666666 0.15964537037037038 0.5264703125 0.17902314814814815 0.5065614583333333 0.19081851851851853 0.4838088541666667 0.18913333333333335 0.46674375 0.17986574074074074 0.45053645833333333 0.18965 0.44304322916666666 0.16807037037037037 0.45204947916666666 0.1579601851851852 0.4387770833333333 0.16133055555555556 0.4425692708333333 0.18407777777777778 0.44541302083333334 0.2026138888888889
