0 0.28020833333333334 0.612037037037037 0.28229166666666666 0.6166666666666667 0.28541666666666665 0.6166666666666667 0.2875 0.612037037037037 0.2875 0.6037037037037037 0.284375 0.562037037037037 0.275 0.5203703703703704 0.26927083333333335 0.475 0.26614583333333336 0.46296296296296297 0.2635416666666667 0.4601851851851852 0.2557291666666667 0.46111111111111114 0.253125 0.46574074074074073 0.2520833333333333 0.4861111111111111 0.2546875 0.5046296296296297 0.25885416666666666 0.5138888888888888 0.26927083333333335 0.5564814814814815 0.278125 0.5944444444444444 0.28020833333333334 0.612037037037037
0 0.5390625 0.3611111111111111 0.5432291666666667 0.3768518518518518 0.5557291666666667 0.3990740740740741 0.5645833333333333 0.39537037037037037 0.5677083333333334 0.38333333333333336 0.5651041666666666 0.35648148148148145 0.5458333333333333 0.30092592592592593 0.5375 0.2657407407407407 0.5130208333333334 0.2111111111111111 0.50625 0.20833333333333334 0.5036458333333333 0.21296296296296297 0.503125 0.2222222222222222 0.5119791666666667 0.24351851851851852 0.5171875 0.2712962962962963 0.5354166666666667 0.32314814814814813 0.5390625 0.3453703703703704 0.5390625 0.3611111111111111
0 0.6104166666666667 0.5981481481481481 0.6177083333333333 0.5953703703703703 0.6223958333333334 0.5685185185185185 0.6239583333333333 0.4425925925925926 0.6229166666666667 0.4388888888888889 0.61875 0.4388888888888889 0.6171875 0.4462962962962963 0.6135416666666667 0.5055555555555555 0.6072916666666667 0.5509259259259259 0.603125 0.5657407407407408 0.6052083333333333 0.5916666666666667 0.6067708333333334 0.5962962962962963 0.6104166666666667 0.5981481481481481
0 0.5411458333333333 0.6055555555555555 0.546875 0.600925925925926 0.559375 0.6064814814814815 0.571875 0.6296296296296297 0.5760416666666667 0.6268518518518519 0.56875 0.6027777777777777 0.5635416666666667 0.5944444444444444 0.5541666666666667 0.5851851851851851 0.5442708333333334 0.5842592592592593 0.5333333333333333 0.5925925925925926 0.5135416666666667 0.6268518518518519 0.509375 0.649074074074074 0.5088541666666667 0.6574074074074074 0.5130208333333334 0.6666666666666666 0.521875 0.6675925925925926 0.53125 0.6453703703703704 0.5359375 0.6185185185185185 0.5411458333333333 0.6055555555555555
0 0.46822916666666664 0.8574074074074074 0.46979166666666666 0.850925925925926 0.4708333333333333 0.8157407407407408 0.465625 0.799074074074074 0.46197916666666666 0.7712962962962963 0.45989583333333334 0.7305555555555555 0.45625 0.7129629629629629 0.4546875 0.6888888888888889 0.4515625 0.6842592592592592 0.4473958333333333 0.687962962962963 0.4484375 0.7537037037037037 0.45260416666666664 0.7935185185185185 0.453125 0.8388888888888889 0.4583333333333333 0.8592592592592593 0.46510416666666665 0.8592592592592593 0.46822916666666664 0.8574074074074074
0 0.3307291666666667 0.7148148148148148 0.3458333333333333 0.7101851851851851 0.3796875 0.6907407407407408 0.38385416666666666 0.6842592592592592 0.384375 0.6777777777777778 0.3807291666666667 0.6712962962962963 0.375 0.6712962962962963 0.3385416666666667 0.6916666666666667 0.325 0.6953703703703704 0.3015625 0.6861111111111111 0.296875 0.6814814814814815 0.2953125 0.674074074074074 0.2791666666666667 0.674074074074074 0.26197916666666665 0.6805555555555556 0.25833333333333336 0.6898148148148148 0.25833333333333336 0.7037037037037037 0.2630208333333333 0.7129629629629629 0.2755208333333333 0.7194444444444444 0.290625 0.7203703703703703 0.2994791666666667 0.7157407407407408 0.3307291666666667 0.7148148148148148
0 0.3078125 0.8537037037037037 0.31666666666666665 0.8666666666666667 0.321875 0.8648148148148148 0.321875 0.8555555555555555 0.3109375 0.837037037037037 0.3067708333333333 0.8240740740740741 0.27534739583333334 0.7691361111111111 0.2677083333333333 0.7509259259259259 0.2557291666666667 0.7342592592592593 0.25052083333333336 0.737037037037037 0.246875 0.7435185185185185 0.2453125 0.7481481481481481 0.24583333333333332 0.7583333333333333 0.25625 0.7842592592592592 0.2671875 0.7962962962962963 0.2989583333333333 0.8472222222222222 0.3078125 0.8537037037037037
0 0.7895833333333333 0.7703703703703704 0.7869791666666667 0.7564814814814815 0.7828125 0.75 0.7776041666666667 0.7490740740740741 0.7677083333333333 0.7601851851851852 0.7510416666666667 0.8018518518518518 0.7354166666666667 0.8212962962962963 0.7166666666666667 0.8611111111111112 0.7171875 0.8685185185185185 0.725 0.8685185185185185 0.7552083333333334 0.8268518518518518 0.7645833333333333 0.8101851851851852 0.7760416666666666 0.799074074074074 0.7895833333333333 0.7703703703703704
0 0.7395833333333334 0.3574074074074074 0.75 0.35648148148148145 0.7526041666666666 0.34629629629629627 0.75 0.32037037037037036 0.7395833333333334 0.29444444444444445 0.7244791666666667 0.2351851851851852 0.7130208333333333 0.2074074074074074 0.7088541666666667 0.2064814814814815 0.7088541666666667 0.22037037037037038 0.7125 0.23148148148148148 0.7182291666666667 0.2675925925925926 0.728125 0.30277777777777776 0.7333333333333333 0.3425925925925926 0.7395833333333334 0.3574074074074074
0 0.7510416666666667 0.38425925925925924 0.7630208333333334 0.3712962962962963 0.775 0.3648148148148148 0.7765625 0.36018518518518516 0.7729166666666667 0.3537037037037037 0.7401041666666667 0.3592592592592593 0.7291666666666666 0.375 0.7213541666666666 0.3787037037037037 0.7036458333333333 0.37962962962962965 0.6947916666666667 0.3851851851851852 0.690625 0.39166666666666666 0.6901041666666666 0.40185185185185185 0.6927083333333334 0.4083333333333333 0.6963541666666667 0.4111111111111111 0.7130208333333333 0.40925925925925927 0.7197916666666667 0.40185185185185185 0.7510416666666667 0.38425925925925924
0 0.7963541666666667 0.5212962962962963 0.7973958333333333 0.5046296296296297 0.7869791666666667 0.48148148148148145 0.7723958333333333 0.46944444444444444 0.7395833333333334 0.4212962962962963 0.725 0.4064814814814815 0.721875 0.4074074074074074 0.7328125 0.4388888888888889 0.7609375 0.48333333333333334 0.7744791666666667 0.5101851851851852 0.7869791666666667 0.525 0.7916666666666666 0.5259259259259259 0.7963541666666667 0.5212962962962963
0 0.6770833333333334 0.21574074074074073 0.6765625 0.22407407407407406 0.6677083333333333 0.2518518518518518 0.6671875 0.2574074074074074 0.6697916666666667 0.262037037037037 0.6739583333333333 0.25833333333333336 0.6885416666666667 0.22037037037037038 0.6973958333333333 0.18333333333333332 0.7052083333333333 0.15925925925925927 0.7125 0.14537037037037037 0.7161458333333334 0.12685185185185185 0.7151041666666667 0.11388888888888889 0.7104166666666667 0.10740740740740741 0.6953125 0.11018518518518519 0.6895833333333333 0.12222222222222222 0.6921875 0.13240740740740742 0.6880208333333333 0.13703703703703704 0.6880208333333333 0.14629629629629629 0.690625 0.15 0.6901041666666666 0.1648148148148148 0.6770833333333334 0.21574074074074073
0 0.7791666666666667 0.1388888888888889 0.7869791666666667 0.14907407407407408 0.7953125 0.14444444444444443 0.7973958333333333 0.1398148148148148 0.796875 0.12129629629629629 0.7916666666666666 0.10092592592592593 0.7802083333333333 0.08148148148148149 0.759375 0.03611111111111111 0.7359375 0.008333333333333333 0.734375 0.009259259259259259 0.7348958333333333 0.02962962962962963 0.7619791666666667 0.0824074074074074 0.7682291666666666 0.09814814814814815 0.7708333333333334 0.11481481481481481 0.7791666666666667 0.1388888888888889
0 0.71875 0.05555555555555555 0.7270833333333333 0.037037037037037035 0.7239583333333334 0.025 0.7177083333333333 0.016666666666666666 0.7098958333333333 0.01574074074074074 0.6958333333333333 0.040740740740740744 0.6916666666666667 0.06018518518518518 0.6651041666666667 0.10555555555555556 0.6411458333333333 0.15648148148148147 0.6411458333333333 0.16574074074074074 0.646875 0.16666666666666666 0.6854166666666667 0.10648148148148148 0.690625 0.09444444444444444 0.71875 0.06481481481481481 0.71875 0.05555555555555555
0 0.6067921875 0.8518129629629629 0.6177776041666667 0.8536444444444444 0.6315088541666667 0.8579175925925926 0.6442109375 0.8573074074074074 0.6531364583333333 0.8585287037037037 0.6606890624999999 0.8628018518518519 0.6716739583333333 0.8621907407407408 0.6737338541666666 0.8524240740740742 0.6672114583333334 0.8469296296296296 0.6569125 0.8499814814814814 0.6517630208333334 0.8469296296296296 0.6438677083333334 0.840825 0.635971875 0.8365518518518519 0.6253296875000001 0.8396046296296297 0.6140010416666667 0.8304472222222222 0.6012994791666666 0.8231222222222222 0.5930604166666666 0.8200694444444444 0.5831052083333332 0.8151861111111111 0.5756963541666666 0.8283898148148148 0.5748661458333333 0.8389935185185186 0.5834484375 0.8505925925925926 0.5899708333333333 0.8530342592592594 0.6006130208333332 0.8554759259259259 0.6067921875 0.8518129629629629
0 0.5995828125 0.8206805555555556 0.6157177083333334 0.8139648148148149 0.6321958333333334 0.8029768518518519 0.645240625 0.7877157407407407 0.6473005208333333 0.7742861111111111 0.6424942708333333 0.7645185185185185 0.6301359375000001 0.7645185185185185 0.6181208333333333 0.7724546296296296 0.6105682291666666 0.7846638888888889 0.6037026041666667 0.7950416666666666 0.5944338541666667 0.8029768518518519 0.5844781250000001 0.799925 0.5762390624999999 0.7993148148148148 0.5628510416666667 0.7980935185185185 0.5518119791666667 0.8000814814814815 0.5522088541666667 0.8090814814814815 0.5559848958333333 0.8157962962962962 0.5710895833333333 0.8170175925925927 0.5865380208333334 0.8194592592592592 0.5995828125 0.8206805555555556
0 0.5244791666666667 0.3527777777777778 0.5270833333333333 0.3453703703703704 0.525 0.3416666666666667 0.4744791666666667 0.34074074074074073 0.45 0.3351851851851852 0.4375 0.3425925925925926 0.43385416666666665 0.34814814814814815 0.43333333333333335 0.3592592592592593 0.4354166666666667 0.36574074074074076 0.44166666666666665 0.36944444444444446 0.4510416666666667 0.36944444444444446 0.47239583333333335 0.3611111111111111 0.5244791666666667 0.3527777777777778
0 0.21309166666666668 0.4591805555555556 0.21260052083333333 0.48537592592592593 0.2204583333333333 0.49934722222222216 0.23028125 0.48886944444444447 0.23617447916666665 0.4652925925925926 0.23420989583333332 0.4408435185185185 0.2322453125 0.41202777777777777 0.23126354166666668 0.3884509259259259 0.22242291666666666 0.36400185185185185 0.2199671875 0.34129814814814813 0.21260052083333333 0.34129814814814813 0.21161822916666667 0.35439629629629626 0.21505625 0.3736064814814815 0.21702083333333333 0.3945638888888889 0.22094947916666668 0.4181398148148148 0.2199671875 0.4399694444444444 0.21309166666666668 0.4591805555555556
0 0.23764791666666665 0.6416787037037037 0.24452395833333332 0.6390592592592592 0.242559375 0.6102435185185185 0.2351921875 0.589287037037037 0.2351921875 0.5534861111111111 0.23863020833333334 0.5264166666666666 0.2440328125 0.5089527777777778 0.242559375 0.4792638888888889 0.24059479166666667 0.4731518518518519 0.2327364583333333 0.47053148148148144 0.22880781249999999 0.48537592592592593 0.22450104166666665 0.4970935185185185 0.22340520833333333 0.5168111111111111 0.2258609375 0.5377685185185185 0.2229140625 0.5613444444444444 0.23028125 0.5962722222222223 0.23715677083333334 0.6163564814814815 0.23764791666666665 0.6416787037037037
0 0.3012015625 0.08143796296296296 0.31127708333333337 0.07770648148148149 0.32177239583333334 0.07322777777777778 0.3322682291666667 0.06203148148148148 0.34822135416666666 0.04486388888888889 0.35409843750000003 0.035906481481481484 0.3515796875 0.008289814814814814 0.3339473958333333 0.017246296296296298 0.32723020833333333 0.03366759259259259 0.3137963541666667 0.04784907407407407 0.2974234375 0.05755277777777777 0.29112604166666667 0.06203148148148148 0.2814703125 0.07248148148148148 0.27517291666666666 0.07919907407407407 0.27501302083333334 0.0810675925925926 0.26467760416666664 0.08517037037037037 0.2629984375 0.09785925925925926 0.26593697916666664 0.10233796296296296 0.27349375 0.10084444444444444 0.28734739583333335 0.08517037037037037 0.3012015625 0.08143796296296296
0 0.37508958333333337 0.07621296296296297 0.3826463541666667 0.06576296296296297 0.40027864583333334 0.061285185185185186 0.41413229166666665 0.06053888888888889 0.42756666666666665 0.06053888888888889 0.43176458333333334 0.06203148148148148 0.42630729166666664 0.053820370370370366 0.41413229166666665 0.050088888888888884 0.39985885416666667 0.04934259259259259 0.39314166666666667 0.04784907407407407 0.37508958333333337 0.04635648148148148 0.362075 0.04934259259259259 0.35409843750000003 0.04934259259259259 0.3478015625 0.04710277777777778 0.34414374999999997 0.050175 0.3339473958333333 0.061285185185185186 0.3322682291666667 0.07770648148148149 0.3373057291666666 0.08591666666666667 0.3507401041666667 0.08666296296296297 0.36165520833333337 0.08218425925925926 0.37508958333333337 0.07621296296296297
0 0.3944010416666667 0.04934259259259259 0.40573593750000003 0.04934259259259259 0.4225286458333333 0.04934259259259259 0.4355432291666667 0.05680648148148148 0.449396875 0.06352407407407407 0.4540151041666666 0.056060185185185185 0.4472979166666667 0.04411759259259259 0.4326041666666667 0.045610185185185184 0.4216890625 0.04113148148148148 0.41413229166666665 0.0374 0.40363697916666663 0.03516018518518518 0.38810364583333334 0.02918888888888889 0.3818067708333333 0.024710185185185186 0.37341041666666663 0.015007407407407405 0.3654338541666667 0.013514814814814815 0.36375416666666666 0.015007407407407405 0.35451822916666664 0.019486111111111114 0.3528390625 0.030681481481481483 0.35703749999999995 0.03665277777777778 0.36375416666666666 0.0433712962962963 0.37466979166666664 0.04411759259259259 0.3944010416666667 0.04934259259259259
0 0.48481145833333333 0.08522592592592593 0.4971697916666667 0.07250462962962964 0.5108286458333333 0.06209722222222222 0.5228619791666667 0.049954629629629634 0.5231869791666667 0.038389814814814814 0.5225364583333333 0.029138888888888888 0.5114791666666666 0.022199999999999998 0.5020479166666667 0.03549907407407407 0.49521875000000004 0.05168888888888889 0.48838906249999997 0.06614444444444445 0.48025833333333334 0.07308333333333333 0.46855104166666667 0.08233425925925926 0.45716822916666666 0.09563333333333333 0.44676145833333336 0.09968148148148148 0.43691145833333334 0.10858240740740742 0.43635416666666665 0.11760555555555555 0.4418828125 0.11991851851851852 0.453265625 0.10546296296296297 0.46855104166666667 0.098525 0.48481145833333333 0.08522592592592593
0 0.5150567708333333 0.08291296296296297 0.5290411458333334 0.06845740740740741 0.5449765625 0.05978425925925925 0.5618880208333333 0.04590648148148148 0.5605869791666667 0.02971666666666667 0.547253125 0.024512962962962962 0.537821875 0.030295370370370372 0.5280651041666666 0.04301574074074074 0.5160322916666666 0.05978425925925925 0.5017229166666667 0.07077037037037037 0.49196614583333337 0.07828703703703703 0.48227031249999996 0.08881296296296297 0.472128125 0.10257222222222223 0.46822552083333335 0.11182407407407408 0.47310364583333336 0.11991851851851852 0.48318541666666665 0.1037287037037037 0.49651927083333336 0.09678981481481481 0.5150567708333333 0.08291296296296297
0 0.7010416666666667 0.10986296296296297 0.7092020833333332 0.09857870370370371 0.7191760416666667 0.0881 0.7341364583333333 0.0776212962962963 0.7436572916666666 0.06230648148148148 0.7463770833333334 0.04134907407407407 0.7377635416666667 0.03167685185185185 0.7273364583333334 0.03893055555555556 0.7150958333333333 0.0615 0.7033083333333334 0.08245740740740741 0.6915208333333334 0.10905740740740741 0.6815473958333332 0.138075 0.675965625 0.1615185185185185 0.6779203125 0.16548055555555555 0.6801869791666667 0.16145 0.6842671874999999 0.14532962962962961 0.6897078125 0.12517777777777778 0.7010416666666667 0.10986296296296297
0 0.796246875 0.38269907407407405 0.7912598958333333 0.3980138888888889 0.7889927083333333 0.42945 0.7935265625 0.4487953703703704 0.8030468749999999 0.4479888888888889 0.8121140625 0.43186851851851854 0.8143807291666667 0.4020444444444445 0.8171010416666667 0.36093611111111107 0.8248083333333334 0.3270814814814815 0.8257151041666667 0.2900037037037037 0.8243546875 0.2617916666666667 0.8261682291666667 0.2448648148148148 0.8179307291666666 0.23621851851851852 0.8121140625 0.2448648148148148 0.814834375 0.26259814814814814 0.8098473958333333 0.2843611111111111 0.8039536458333333 0.3174092592592593 0.8030468749999999 0.3456212962962963 0.796246875 0.38269907407407405
0 0.7998734375000001 0.5795055555555555 0.8007802083333334 0.5456518518518518 0.8093942708333334 0.500512962962963 0.8139276041666667 0.46746481481481483 0.8216348958333334 0.4465074074074074 0.8225416666666666 0.41748981481481484 0.8121140625 0.4166842592592593 0.8071270833333333 0.430387037037037 0.8003890625000001 0.44943796296296296 0.7994203125 0.473912962962963 0.7944333333333333 0.5053490740740741 0.7917130208333333 0.5416212962962963 0.7894463541666668 0.573862962962963 0.7926197916666666 0.5924018518518518 0.7998734375000001 0.5795055555555555
