0 0.5541666666666667 0.07222222222222222 0.5536458333333333 0.08148148148148149 0.5609375 0.09537037037037037 0.5713541666666667 0.1037037037037037 0.6098958333333333 0.12222222222222222 0.6270833333333333 0.12314814814814815 0.6401041666666667 0.11851851851851852 0.6453125 0.11481481481481481 0.646875 0.10833333333333334 0.6458333333333334 0.10277777777777777 0.6421875 0.10092592592592593 0.6182291666666667 0.10462962962962963 0.6010416666666667 0.09814814814814815 0.5895833333333333 0.08518518518518518 0.58125 0.06851851851851852 0.5697916666666667 0.05740740740740741 0.5598958333333334 0.06111111111111111
0 0.7036458333333333 0.08518518518518518 0.703125 0.1037037037037037 0.70625 0.10648148148148148 0.7276041666666667 0.1111111111111111 0.7354166666666667 0.10833333333333334 0.7526041666666666 0.11018518518518519 0.7833333333333333 0.12037037037037036 0.7994791666666666 0.12037037037037036 0.8036458333333333 0.11481481481481481 0.8020833333333334 0.10740740740740741 0.7291666666666666 0.06759259259259259 0.709375 0.07314814814814814
0 0.7875 0.1925925925925926 0.7869791666666667 0.2064814814814815 0.7901041666666667 0.22777777777777777 0.8151041666666666 0.3425925925925926 0.8177083333333334 0.3490740740740741 0.821875 0.35 0.8239583333333333 0.3453703703703704 0.8223958333333333 0.30833333333333335 0.8125 0.24537037037037038 0.8098958333333334 0.20833333333333334 0.8010416666666667 0.18333333333333332 0.7942708333333334 0.1824074074074074
0 0.3932291666666667 0.12685185185185185 0.39479166666666665 0.1388888888888889 0.40260416666666665 0.15185185185185185 0.4109375 0.15925925925925927 0.4630208333333333 0.17685185185185184 0.4864583333333333 0.17685185185185184 0.4901041666666667 0.1712962962962963 0.4895833333333333 0.16296296296296298 0.4864583333333333 0.16018518518518518 0.4354166666666667 0.14907407407407408 0.425 0.1398148148148148 0.41770833333333335 0.1259259259259259 0.4005208333333333 0.11388888888888889 0.39739583333333334 0.11574074074074074
0 0.28958333333333336 0.09351851851851851 0.2890625 0.10555555555555556 0.2911458333333333 0.11296296296296296 0.29739583333333336 0.11574074074074074 0.30625 0.11388888888888889 0.3177083333333333 0.10740740740740741 0.32864583333333336 0.09537037037037037 0.3619791666666667 0.07962962962962963 0.3807291666666667 0.06388888888888888 0.38229166666666664 0.05648148148148148 0.37916666666666665 0.053703703703703705 0.35885416666666664 0.05740740740740741 0.3411458333333333 0.06759259259259259 0.3026041666666667 0.07685185185185185
0 0.5208333333333334 0.3296296296296296 0.5171875 0.3388888888888889 0.5515625 0.3212962962962963 0.5630208333333333 0.30925925925925923 0.5953125 0.2916666666666667 0.6057291666666667 0.27314814814814814 0.6041666666666666 0.25925925925925924 0.5994791666666667 0.25277777777777777 0.584375 0.25925925925925924 0.5583333333333333 0.29444444444444445 0.5348958333333333 0.3101851851851852 0.5255208333333333 0.32222222222222224 0.5234375 0.3296296296296296
0 0.44375 0.2361111111111111 0.4453125 0.27685185185185185 0.4588541666666667 0.33425925925925926 0.4666666666666667 0.39537037037037037 0.4765625 0.4324074074074074 0.47760416666666666 0.44351851851851853 0.48489583333333336 0.4444444444444444 0.4875 0.43425925925925923 0.48489583333333336 0.4212962962962963 0.48385416666666664 0.38981481481481484 0.47291666666666665 0.32592592592592595 0.4708333333333333 0.25925925925925924 0.4640625 0.2361111111111111 0.4588541666666667 0.22592592592592592 0.4510416666666667 0.22685185185185186
0 0.32760416666666664 0.4361111111111111 0.328125 0.4935185185185185 0.3333333333333333 0.5259259259259259 0.3453125 0.549074074074074 0.35833333333333334 0.5583333333333333 0.35885416666666664 0.5555555555555556 0.34739583333333335 0.5398148148148149 0.3380208333333333 0.5083333333333333 0.34010416666666665 0.4777777777777778 0.35104166666666664 0.4398148148148148 0.35052083333333334 0.41574074074074074 0.34010416666666665 0.4074074074074074 0.33541666666666664 0.41388888888888886
0 0.32916666666666666 0.6037037037037037 0.32864583333333336 0.6074074074074074 0.3307291666666667 0.6083333333333333 0.3458333333333333 0.6064814814814815 0.35885416666666664 0.5953703703703703 0.3828125 0.5601851851851852 0.39791666666666664 0.549074074074074 0.4041666666666667 0.5388888888888889 0.40572916666666664 0.5324074074074074 0.4046875 0.5203703703703704 0.4010416666666667 0.5148148148148148 0.39427083333333335 0.5138888888888888 0.384375 0.5222222222222223 0.36875 0.5546296296296296 0.3572916666666667 0.562037037037037
0 0.5505208333333333 0.4101851851851852 0.55 0.4185185185185185 0.5604166666666667 0.4388888888888889 0.5640625 0.4583333333333333 0.5869791666666667 0.5101851851851852 0.5947916666666667 0.5435185185185185 0.5958333333333333 0.5638888888888889 0.5994791666666667 0.5731481481481482 0.615625 0.5962962962962963 0.6223958333333334 0.5962962962962963 0.6270833333333333 0.5916666666666667 0.6291666666666667 0.587037037037037 0.6291666666666667 0.5722222222222222 0.6260416666666667 0.5564814814814815 0.6192708333333333 0.5351851851851852 0.6098958333333333 0.524074074074074 0.5890625 0.46296296296296297 0.58125 0.4462962962962963 0.5682291666666667 0.4287037037037037 0.5598958333333334 0.4064814814814815 0.5546875 0.40555555555555556
0 0.5380208333333333 0.5018518518518519 0.5385416666666667 0.5092592592592593 0.5791666666666667 0.5935185185185186 0.5869791666666667 0.6175925925925926 0.5994791666666667 0.6305555555555555 0.6072916666666667 0.6296296296296297 0.6109375 0.6194444444444445 0.6088541666666667 0.6046296296296296 0.5859375 0.5740740740740741 0.5692708333333333 0.537962962962963 0.5453125 0.5
0 0.7921875 0.48518518518518516 0.7921875 0.5166666666666667 0.796875 0.5333333333333333 0.8088541666666667 0.6462962962962963 0.8098958333333334 0.6527777777777778 0.8140625 0.6564814814814814 0.8166666666666667 0.649074074074074 0.8182291666666667 0.5935185185185186 0.8130208333333333 0.5046296296296297 0.8041666666666667 0.48055555555555557 0.7947916666666667 0.48148148148148145
0 0.7901041666666667 0.6268518518518519 0.7927083333333333 0.7203703703703703 0.7875 0.7592592592592593 0.7911458333333333 0.7833333333333333 0.7947916666666667 0.787962962962963 0.8041666666666667 0.7888888888888889 0.80625 0.7870370370370371 0.8078125 0.7768518518518519 0.8088541666666667 0.7546296296296297 0.8052083333333333 0.7342592592592593 0.8026041666666667 0.6722222222222223 0.7953125 0.6268518518518519
0 0.3182291666666667 0.7490740740740741 0.3182291666666667 0.7657407407407407 0.3260416666666667 0.7805555555555556 0.35104166666666664 0.8009259259259259 0.37552083333333336 0.8351851851851851 0.38645833333333335 0.8574074074074074 0.39166666666666666 0.862037037037037 0.39427083333333335 0.8592592592592593 0.39427083333333335 0.8490740740740741 0.3859375 0.8240740740740741 0.3729166666666667 0.7981481481481482 0.334375 0.7472222222222222 0.32447916666666665 0.7425925925925926
0 0.271875 0.7212962962962963 0.2708333333333333 0.7333333333333333 0.27395833333333336 0.7416666666666667 0.28958333333333336 0.7462962962962963 0.3125 0.7379629629629629 0.3296875 0.7398148148148148 0.3453125 0.7342592592592593 0.3625 0.7240740740740741 0.3651041666666667 0.7148148148148148 0.35989583333333336 0.7111111111111111 0.30625 0.7185185185185186 0.290625 0.7092592592592593
0 0.20510364583333332 0.23460648148148147 0.21464375 0.19691851851851852 0.22736302083333332 0.17901666666666666 0.24485260416666668 0.15169351851851853 0.2512125 0.13284907407407406 0.2543921875 0.11871666666666666 0.2671119791666667 0.10835185185185185 0.27453177083333336 0.11400555555555555 0.2750619791666667 0.13379166666666667 0.26499218750000003 0.15075092592592593 0.24750260416666667 0.163 0.23637291666666668 0.17995925925925926 0.22418333333333335 0.20634074074074074 0.21305364583333333 0.23460648148148147 0.20669374999999998 0.24685462962962965
0 0.22153333333333333 0.22141574074074072 0.22365312499999998 0.23460648148148147 0.22948333333333334 0.24685462962962965 0.24167291666666665 0.24025925925925928 0.24644270833333334 0.21764722222222221 0.25068229166666667 0.18561203703703705 0.26446197916666664 0.16582592592592593 0.278771875 0.14603981481481482 0.28778125 0.11871666666666666 0.276121875 0.12531203703703703 0.26181197916666665 0.15263518518518518 0.24220260416666667 0.17053703703703704 0.226303125 0.19691851851851852
0 0.23054322916666664 0.3354212962962963 0.21835364583333333 0.3495537037037037 0.21729322916666666 0.3778194444444445 0.22153333333333333 0.3928944444444445 0.23372291666666667 0.38158888888888887 0.24326250000000002 0.3552074074074074 0.24167291666666665 0.3354212962962963 0.25227239583333333 0.3033861111111111 0.265521875 0.27794722222222223 0.268171875 0.2572185185185185 0.27188177083333337 0.23743333333333333 0.2671119791666667 0.23554814814814815 0.26128229166666667 0.26287222222222223 0.25333229166666665 0.28171574074074074 0.2427328125 0.3090398148148148 0.23478281250000002 0.3297675925925926
0 0.226303125 0.4710972222222222 0.21729322916666666 0.49276759259259256 0.21729322916666666 0.5153796296296297 0.22365312499999998 0.5285703703703704 0.236903125 0.5097268518518518 0.24167291666666665 0.48240370370370367 0.24061302083333333 0.4597907407407408 0.24061302083333333 0.42775648148148143 0.24326250000000002 0.39760555555555555 0.24167291666666665 0.38158888888888887 0.24644270833333334 0.3523805555555556 0.234253125 0.3768777777777778 0.23107291666666668 0.4098546296296296 0.23107291666666668 0.4437731481481481
0 0.22100312500000002 0.5408194444444445 0.21676354166666664 0.5860444444444445 0.21941354166666666 0.6331546296296297 0.22418333333333335 0.6538824074074074 0.22365312499999998 0.6717842592592593 0.23001302083333333 0.6896861111111111 0.23955260416666666 0.7028768518518518 0.24909270833333333 0.695338888888889 0.24326250000000002 0.6614203703703703 0.23478281250000002 0.6397499999999999 0.23054322916666664 0.6058305555555555 0.22789322916666668 0.5615472222222222 0.22683333333333333 0.544587962962963
0 0.276121875 0.5785074074074075 0.26976197916666667 0.5964083333333333 0.2803614583333333 0.6143101851851852 0.3010307291666667 0.6143101851851852 0.31958020833333334 0.6227898148148149 0.34342968749999997 0.6388074074074075 0.357209375 0.6416342592592593 0.35508958333333335 0.627500925925926 0.3323 0.6124259259259259 0.31110052083333334 0.597350925925926 0.2967911458333334 0.5832175925925925 0.2883114583333333 0.5756805555555555
0 0.22206354166666667 0.5257444444444445 0.2204734375 0.5436462962962963 0.22736302083333332 0.5606055555555555 0.24326250000000002 0.5606055555555555 0.25492239583333337 0.5681425925925926 0.2766515625 0.579449074074074 0.2978510416666667 0.5822759259259259 0.26870208333333334 0.5662583333333333 0.2485625 0.544587962962963 0.23849270833333333 0.5276287037037037 0.22842291666666667 0.5248018518518518
0 0.4287572916666667 0.5200907407407407 0.43458697916666666 0.5700277777777778 0.4314072916666667 0.6152527777777778 0.42981718750000003 0.6510555555555555 0.42928697916666664 0.6764953703703703 0.4165677083333333 0.6943972222222222 0.4112677083333333 0.6783796296296296 0.41020781250000005 0.6538824074074074 0.4165677083333333 0.6369231481481481 0.4197473958333333 0.6048888888888888 0.42239739583333336 0.571912037037037 0.42239739583333336 0.5502416666666666
0 0.3630390625 0.3655712962962963 0.35773906250000004 0.38347314814814815 0.36886874999999997 0.39760555555555555 0.396428125 0.39760555555555555 0.41709739583333333 0.39006851851851854 0.44200677083333334 0.39760555555555555 0.4594963541666666 0.39383703703703704 0.4510166666666667 0.3797037037037037 0.42610729166666667 0.37876203703703704 0.4117973958333333 0.3731092592592593 0.3958979166666667 0.38158888888888887 0.3773484375 0.3618027777777778
0 0.36568906250000005 0.39854814814814815 0.3603890625 0.41456574074074076 0.38052864583333335 0.4362361111111111 0.388478125 0.4362361111111111 0.4038479166666667 0.4494268518518518 0.42504739583333334 0.4663861111111111 0.44571666666666665 0.4739231481481481 0.44518645833333337 0.4607324074074074 0.42027760416666665 0.4456574074074074 0.3980182291666667 0.4230453703703704 0.3890083333333333 0.39760555555555555 0.37681875 0.39666388888888887
0 0.42504739583333334 0.49276759259259256 0.4531364583333334 0.48240370370370367 0.47963541666666665 0.4729814814814815 0.5008348958333333 0.4739231481481481 0.5188541666666667 0.46450185185185183 0.5135546875 0.4409472222222222 0.49447500000000005 0.43906203703703706 0.4769859375 0.45413703703703706 0.4531364583333334 0.4588481481481481 0.4361770833333333 0.4739231481481481
0 0.48069531249999997 0.1874962962962963 0.4881151041666667 0.24025925925925928 0.49447500000000005 0.27135185185185184 0.4987151041666667 0.3052712962962963 0.5130244791666666 0.32694166666666663 0.5199145833333333 0.3335370370370371 0.5215041666666667 0.3175194444444444 0.5204442708333333 0.29113796296296296 0.5114348958333333 0.27888981481481484 0.4976552083333334 0.2298953703703704 0.4928854166666667 0.20539814814814816 0.4870552083333333 0.178075
0 0.497125 0.3156351851851852 0.5034848958333333 0.34578518518518514 0.5103744791666667 0.37499351851851853 0.519384375 0.40231666666666666 0.514084375 0.4155074074074074 0.5199145833333333 0.4409472222222222 0.5294541666666667 0.4607324074074074 0.5437635416666667 0.4494268518518518 0.5389937499999999 0.40702777777777777 0.5268041666666667 0.38818425925925926 0.5130244791666666 0.34578518518518514 0.5045447916666667 0.3259990740740741
0 0.5838708333333333 0.3628046296296296 0.57400625 0.36938055555555555 0.5764723958333333 0.3978787037037037 0.588803125 0.43733796296296296 0.5943520833333333 0.42747314814814813 0.6146984375 0.47350833333333336 0.6319614583333333 0.5020074074074075 0.6486083333333333 0.5118722222222222 0.6652552083333333 0.5052953703703704 0.6344276041666668 0.4778935185185185 0.6165479166666666 0.4318574074074074 0.6072994791666667 0.40555185185185183 0.6153145833333333 0.39897499999999997 0.599284375 0.3781490740740741 0.5925026041666667 0.3617083333333333
0 0.6350442708333334 0.5162564814814815 0.6344276041666668 0.5381777777777778 0.6510744791666667 0.5447546296296296 0.6677213541666667 0.5480425925925926 0.6862177083333333 0.5579074074074074 0.7016317708333334 0.5677722222222222 0.7127291666666667 0.5721564814814815 0.720128125 0.5644842592592593 0.70348125 0.549138888888889 0.6856010416666667 0.5305055555555556 0.6695708333333333 0.5316009259259259 0.6584729166666666 0.5151601851851852 0.6381270833333333 0.5020074074074075 0.6344276041666668 0.5151601851851852
0 0.7151958333333333 0.49981481481481477 0.7145791666666667 0.5261212962962963 0.6979322916666667 0.5316009259259259 0.6843682291666667 0.5261212962962963 0.6701875 0.5261212962962963 0.6486083333333333 0.5151601851851852 0.6603229166666666 0.5052953703703704 0.6819020833333334 0.504199074074074 0.69115 0.4943342592592592 0.7053307291666666 0.4987185185185185
0 0.7503390625 0.47350833333333336 0.7423234375 0.5118722222222222 0.728759375 0.5644842592592593 0.70348125 0.5831175925925927 0.6874510416666666 0.6072314814814814 0.697315625 0.6346333333333334 0.7195114583333333 0.6061351851851852 0.7324588541666667 0.5765407407407407 0.7417072916666666 0.5403703703703704
0 0.69115 0.6346333333333334 0.6757364583333333 0.657650925925926 0.6819020833333334 0.6762842592592592 0.7010151041666667 0.6642277777777778 0.7176619791666667 0.6269611111111112 0.7355416666666666 0.5864055555555555 0.7423234375 0.549138888888889 0.74725625 0.5206407407407407 0.7281432291666667 0.5885981481481481 0.7065640625 0.6258648148148148
0 0.69115 0.6905333333333333 0.686834375 0.7014944444444444 0.686834375 0.7321851851851852 0.6997817708333333 0.7310888888888889 0.7059473958333334 0.7113592592592592 0.7053307291666666 0.6872453703703704 0.7164286458333333 0.6477861111111112 0.7293760416666667 0.6170962962962964 0.7392411458333333 0.584212962962963 0.7170453125 0.6269611111111112 0.7040979166666667 0.6598435185185185
0 0.728759375 0.6280564814814815 0.7447901041666667 0.6532666666666667 0.7565041666666666 0.6883416666666666 0.7614364583333334 0.7124555555555555 0.7706848958333333 0.7343768518518518 0.7774666666666668 0.7464342592592592 0.7799333333333334 0.7793166666666667 0.7669854166666668 0.7913731481481482 0.7534213541666667 0.7519148148148148 0.7429401041666667 0.7135518518518518 0.7392411458333333 0.6850527777777777 0.736775 0.6631314814814815 0.7299927083333333 0.6466898148148148
0 0.609765625 0.7617796296296296 0.6190140625 0.783700925925926 0.6412098958333333 0.8209675925925926 0.6646385416666667 0.8472740740740741 0.6893005208333334 0.8417935185185185 0.70348125 0.8527546296296297 0.7121130208333334 0.8691953703703703 0.7040979166666667 0.888925 0.68251875 0.8933092592592593 0.665871875 0.8691953703703703 0.6381270833333333 0.8417935185185185 0.622096875 0.8297361111111111 0.6122322916666667 0.7957574074074074 0.5999010416666667 0.777124074074074
0 0.7460229166666666 0.8406972222222222 0.7614364583333334 0.8253518518518519 0.7768505208333334 0.8450814814814814 0.7756171875 0.868099074074074 0.7546546875 0.8691953703703703 0.7380078124999999 0.8691953703703703 0.7164286458333333 0.8911175925925926 0.6905338541666667 0.9042703703703704 0.7114963541666667 0.8757722222222222 0.7299927083333333 0.8516583333333334
0 0.7417072916666666 0.7157435185185186 0.7460229166666666 0.7541064814814814 0.7478723958333333 0.7858935185185185 0.7552713541666667 0.8165833333333333 0.7602036458333333 0.8406972222222222 0.7700682291666666 0.8615231481481482 0.7873317708333333 0.8494657407407408 0.7836322916666667 0.8165833333333333 0.7694515625 0.7858935185185185 0.7552713541666667 0.7606833333333334
