0 0.24222864583333334 0.2185175925925926 0.23918802083333332 0.22469629629629628 0.22702604166666665 0.20384166666666667 0.22702604166666665 0.22237962962962962 0.24092552083333332 0.23396574074074072 0.25048177083333334 0.24400740740740742 0.26872552083333334 0.287262037037037 0.2583005208333333 0.24246203703703703 0.2735036458333333 0.21465555555555557 0.2843630208333333 0.17680648148148148 0.29652552083333333 0.14591018518518517 0.31824427083333334 0.1126962962962963 0.3356192708333333 0.08334444444444444 0.33301302083333334 0.0763925925925926 0.34213489583333334 0.0594 0.34170052083333335 0.050902777777777776 0.3338817708333333 0.050902777777777776 0.32519427083333335 0.06403425925925925 0.31680364583333337 0.06441851851851853 0.30390989583333333 0.08102685185185185 0.28914114583333334 0.11424074074074074 0.2713317708333333 0.14127592592592592 0.2622098958333333 0.1659935185185185 0.24961302083333334 0.1829861111111111 0.24222864583333334 0.2185175925925926
0 0.4053317708333333 0.14843796296296294 0.40944010416666665 0.1416537037037037 0.4085598958333333 0.13069537037037038 0.4170697916666667 0.13069537037037038 0.42851406249999996 0.12756481481481483 0.4337963541666667 0.12808703703703703 0.4381979166666667 0.1369574074074074 0.4349697916666667 0.15417777777777777 0.4258734375 0.1698324074074074 0.41442864583333333 0.1734851851851852 0.402984375 0.1703537037037037 0.3962348958333333 0.17505 0.40474479166666666 0.18392129629629628 0.42029791666666666 0.18600833333333333 0.4443604166666667 0.1614833333333333 0.448175 0.13487037037037036 0.4443604166666667 0.11191018518518518 0.43731770833333333 0.09886481481481482 0.4252864583333333 0.0884287037037037 0.41795000000000004 0.08895 0.40973385416666663 0.08999444444444445 0.4001161458333333 0.0981712962962963 0.39975625000000004 0.09521203703703703 0.3962348958333333 0.1129537037037037 0.3988760416666667 0.12025925925925926 0.4035713541666667 0.12913055555555555 0.4053317708333333 0.14843796296296294
0 0.5041208333333334 0.17377499999999999 0.5177828125 0.19609814814814816 0.5366135416666666 0.19872499999999998 0.5447364583333333 0.16720925925925928 0.5314442708333333 0.18625 0.5188906249999999 0.17968425925925927 0.5115057291666667 0.15407777777777779 0.5103979166666667 0.13437962962962963 0.5092901041666666 0.11402592592592592 0.5015364583333334 0.09301481481481481 0.49252552083333334 0.09675277777777777 0.4911979166666667 0.0976111111111111 0.4882442708333333 0.1192787037037037 0.49009010416666665 0.13372314814814815 0.49895208333333335 0.15145092592592593 0.5041208333333334 0.17377499999999999
0 0.461659375 0.2726018518518519 0.466459375 0.29820833333333335 0.468675 0.3211888888888889 0.47384375 0.30543055555555554 0.4812286458333333 0.3231583333333334 0.48455156250000003 0.34745185185185185 0.48012083333333333 0.3842203703703704 0.46535156250000004 0.4301814814814815 0.47679791666666665 0.41705 0.4897208333333333 0.38684722222222223 0.4959979166666667 0.3579574074074074 0.4959979166666667 0.33235092592592597 0.4897208333333333 0.2870462962962963 0.4993208333333333 0.2745712962962963 0.4882442708333333 0.2647231481481482 0.480859375 0.24699537037037037 0.4779057291666666 0.2332064814814815 0.48602864583333333 0.2167925925925926 0.4797515625 0.2167925925925926 0.4701515625 0.23517685185185186 0.46202864583333336 0.24371203703703703 0.45685937499999996 0.25224814814814817 0.44245937500000004 0.24239907407407407 0.4505822916666667 0.2542175925925926 0.46018229166666663 0.25618703703703705 0.461659375 0.2726018518518519
0 0.5613520833333333 0.38521666666666665 0.5705828125 0.3924388888888889 0.5790755208333334 0.3970351851851852 0.5894140625 0.3970351851851852 0.5857213541666667 0.38521666666666665 0.5739062500000001 0.37733796296296296 0.5657828125000001 0.351075 0.5547057291666667 0.32743796296296296 0.5410442708333334 0.3064268518518518 0.5340291666666667 0.2886990740740741 0.5299671875 0.2788509259259259 0.5196286458333333 0.2703148148148148 0.5151979166666666 0.265062037037037 0.5107671875 0.2427388888888889 0.5100286458333333 0.2604666666666666 0.5100286458333333 0.2742546296296296 0.508765625 0.27418333333333333 0.5067057291666667 0.2893555555555556 0.5174135416666666 0.3097101851851852 0.5288598958333333 0.3202157407407408 0.538090625 0.33137685185185184 0.550275 0.35764074074074076 0.5613520833333333 0.38521666666666665
0 0.5709520833333334 0.187562962962963 0.5583984375 0.21710925925925928 0.5543369791666667 0.24928148148148147 0.552490625 0.274887962962963 0.5454749999999999 0.25978703703703704 0.5513828125 0.28473703703703707 0.5583984375 0.30377777777777776 0.5698442708333334 0.311 0.5775984375000001 0.3011518518518519 0.5842447916666667 0.273575 0.5868291666666666 0.24731203703703702 0.5853520833333333 0.22301851851851853 0.5894140625 0.19281574074074076 0.5993833333333334 0.16589537037037036 0.6123062499999999 0.13766296296296296 0.6174755208333333 0.11665185185185185 0.6171062500000001 0.08644907407407407 0.6119369791666667 0.06412592592592592 0.6015984375 0.05230740740740741 0.595690625 0.04639814814814815 0.5905213541666666 0.04574166666666667 0.5805520833333334 0.04771111111111111 0.5783369791666666 0.04771111111111111 0.59310625 0.05887314814814815 0.6012291666666666 0.06806481481481481 0.6078755208333334 0.09892407407407407 0.5993833333333334 0.12847037037037037 0.5842447916666667 0.1613 0.5709520833333334 0.187562962962963
0 0.4235375 0.734962037037037 0.42994322916666666 0.7330638888888888 0.4456026041666667 0.7128129629629629 0.44809375 0.7033194444444445 0.45699114583333333 0.6868657407407408 0.4701588541666667 0.6691453703703704 0.49151197916666667 0.6431990740740741 0.49400364583333334 0.6235805555555556 0.49613854166666665 0.5988990740740741 0.4922239583333334 0.5982657407407407 0.4829708333333333 0.6090249999999999 0.47514114583333333 0.6286425925925926 0.4616177083333334 0.6501601851851851 0.44880572916666667 0.6609185185185186 0.43599374999999996 0.6716768518518518 0.43385833333333335 0.6615518518518518 0.42709635416666664 0.6792712962962963 0.41997864583333333 0.6919287037037037 0.4141046875 0.7080092592592593 0.4004046875 0.7096481481481481 0.41286093749999997 0.7166092592592592 0.41962239583333333 0.7343296296296297 0.42104635416666664 0.7564796296296297 0.4235375 0.734962037037037
0 0.4868854166666667 0.7197740740740741 0.4811916666666667 0.7571120370370371 0.4836828125 0.7773638888888889 0.4847505208333333 0.7976148148148148 0.4890208333333333 0.8159675925925925 0.4968505208333333 0.8166009259259259 0.49649479166666666 0.8033101851851853 0.49471510416666664 0.7887546296296296 0.49649479166666666 0.7748324074074073 0.5014770833333333 0.7634407407407408 0.5004093749999999 0.7425564814814815 0.5029005208333334 0.7159768518518519 0.5057479166666666 0.6862324074074074 0.5125098958333333 0.6564888888888889 0.5178479166666666 0.6343388888888889 0.5167802083333333 0.6147203703703704 0.5171364583333333 0.5988990740740741 0.5231864583333333 0.5805462962962963 0.5157125 0.5963675925925926 0.5164244791666667 0.5830777777777778 0.5121536458333333 0.5786472222222222 0.5053916666666667 0.5843435185185185 0.5011213541666667 0.591937037037037 0.49293593750000003 0.5824444444444444 0.49834843749999996 0.5966962962962963 0.49364739583333334 0.6026962962962963 0.49115625 0.6280101851851851 0.49364739583333334 0.6526916666666667 0.4918682291666666 0.6887638888888888 0.4868854166666667 0.7197740740740741
0 0.6075322916666667 0.3241962962962963 0.6014817708333333 0.3495111111111111 0.59614375 0.37102777777777773 0.6014817708333333 0.412162962962963 0.6146499999999999 0.42924999999999996 0.6381385416666667 0.4419074074074074 0.6367151041666667 0.4330472222222222 0.6160734375000001 0.4096314814814815 0.6093114583333333 0.3836851851851852 0.6185645833333333 0.3596361111111111 0.6231911458333333 0.3583703703703704 0.6285296875 0.37102777777777773 0.6267499999999999 0.35204166666666664 0.6413416666666667 0.3254620370370371 0.6463239583333333 0.3052111111111111 0.6381385416666667 0.2893898148148148 0.6324442708333333 0.2798972222222222 0.6079223958333333 0.29362037037037036 0.6260380208333333 0.28875648148148153 0.6303088541666667 0.29128796296296294 0.6153614583333333 0.3039453703703704 0.6089557291666666 0.3153370370370371 0.6011260416666667 0.3197666666666667 0.6075322916666667 0.3241962962962963
0 0.6423739583333333 0.11918611111111112 0.6575395833333334 0.11489537037037037 0.6737395833333333 0.11366944444444445 0.6971781250000001 0.11366944444444445 0.715790625 0.1179601851851852 0.7278541666666667 0.10815277777777778 0.73095625 0.09773333333333334 0.7392286458333334 0.10753981481481481 0.74715625 0.1142824074074074 0.7350927083333333 0.09466851851851853 0.734403125 0.08241018518518518 0.7333692708333334 0.07137777777777778 0.7399182291666667 0.05115185185185185 0.7375052083333333 0.04747407407407407 0.72854375 0.07076481481481482 0.7223395833333334 0.07015185185185185 0.7068291666666667 0.07076481481481482 0.6933864583333332 0.06586203703703704 0.7009692708333334 0.07873333333333334 0.6899395833333333 0.08179722222222222 0.6651229166666667 0.085475 0.6416843750000001 0.08670092592592593 0.62651875 0.09528148148148148 0.6190953125 0.10551018518518518 0.6175567708333334 0.10876574074074075 0.6158333333333333 0.1289925925925926 0.6251401041666667 0.11857314814814815 0.6247953125 0.12715370370370369 0.6423739583333333 0.11918611111111112
0 0.6458208333333334 0.261087037037037 0.6482333333333333 0.2895990740740741 0.6530588541666666 0.32147037037037035 0.6568505208333334 0.3484388888888889 0.6575395833333334 0.3686657407407407 0.6454760416666667 0.3723425925925926 0.657884375 0.38276296296296297 0.6627098958333334 0.4121824074074074 0.6709822916666667 0.4305703703703704 0.6534036458333333 0.4704101851851852 0.6768416666666667 0.43547407407407407 0.6875270833333332 0.4299574074074074 0.7185479166666667 0.43731296296296296 0.6913182291666666 0.418312037037037 0.692696875 0.3876657407407407 0.6878713541666667 0.35456851851851856 0.6775312499999999 0.3288259259259259 0.6696036458333333 0.29663703703703703 0.6668463541666667 0.2598611111111111 0.6644333333333333 0.22737685185185186 0.664778125 0.18998888888888887 0.6630546875000001 0.17650462962962962 0.6661567708333334 0.15750370370370373 0.668225 0.13911666666666667 0.6633994791666668 0.12808333333333335 0.6576854166666667 0.1290314814814815 0.6503015624999999 0.13727777777777778 0.6492677083333334 0.16976203703703702 0.6434078125 0.1801814814814815 0.64271875 0.21327962962962965 0.6444421874999999 0.23657037037037038 0.6458208333333334 0.261087037037037
0 0.759909375 0.4811472222222222 0.7730072916666667 0.49034074074074074 0.7888625 0.5111805555555556 0.8067859375 0.5344712962962963 0.8212625 0.5510203703703703 0.8295348958333334 0.5577620370370371 0.8409093750000001 0.5743111111111111 0.8460791666666666 0.5675685185185185 0.8419432291666666 0.5510203703703703 0.8333260416666667 0.5369231481481481 0.8316026041666666 0.5283416666666667 0.8198838541666666 0.5099546296296296 0.8071307291666667 0.4921796296296296 0.7947223958333333 0.4799212962962964 0.7812796875 0.46888888888888886 0.7688713541666666 0.45172685185185185 0.7719734375 0.4455972222222222 0.7647348958333333 0.44192037037037035 0.7568072916666666 0.4327259259259259 0.7426755208333333 0.42598425925925926 0.7350927083333333 0.41495185185185185 0.7330244791666666 0.42721018518518517 0.7223395833333334 0.44375925925925924 0.7188927083333333 0.4474361111111111 0.7075182291666666 0.4560175925925926 0.7004098958333334 0.46372407407407407 0.7323354166666667 0.4449842592592593 0.7361265625000001 0.4590814814814815 0.7468119791666666 0.4744046296296296 0.7588755208333333 0.4927925925925926 0.759909375 0.4811472222222222
0 0.6889057291666667 0.33341203703703703 0.6847692708333334 0.35486388888888887 0.6944203125 0.39531666666666665 0.7009692708333334 0.4158601851851852 0.6868375 0.45876481481481485 0.7061395833333334 0.41095740740740744 0.7126885416666667 0.40911851851851855 0.7192375 0.3882787037037037 0.7164796875 0.3539555555555555 0.7061395833333334 0.3251481481481482 0.7023479166666667 0.29695370370370366 0.6923526041666667 0.24362962962962964 0.6851140625000001 0.20133796296296297 0.6802885416666666 0.17314351851851853 0.6703651041666667 0.16137407407407406 0.6692588541666668 0.1771175925925926 0.6716713541666667 0.1930527777777778 0.6696036458333333 0.22124722222222223 0.6792546875000001 0.2678296296296296 0.6871822916666667 0.2960240740740741 0.6889057291666667 0.33341203703703703
0 0.7175140624999999 0.34329166666666666 0.7192375 0.38619629629629626 0.7161354166666667 0.40519629629629633 0.7192375 0.4370685185185185 0.7244078125000001 0.47323055555555554 0.7299223958333333 0.484875925925926 0.7371609375 0.4689398148148148 0.7326796874999999 0.4419712962962963 0.7340583333333334 0.4119388888888889 0.7333692708333334 0.375162962962963 0.7306119791666668 0.3365490740740741 0.7261307291666667 0.3083546296296297 0.7247520833333333 0.28782129629629627 0.7340583333333334 0.2810796296296296 0.7257864583333333 0.26759537037037034 0.7233734374999999 0.2492074074074074 0.7137223958333333 0.23204537037037037 0.7195822916666667 0.20752870370370372 0.72854375 0.19097962962962964 0.7195822916666667 0.20078703703703704 0.7092416666666667 0.2253037037037037 0.7020036458333333 0.22898148148148148 0.69614375 0.22469074074074075 0.6877302083333333 0.20891666666666667 0.6933864583333332 0.2372564814814815 0.6975223958333333 0.264225 0.7013140625 0.29364537037037036 0.7068291666666667 0.3242907407407407 0.7175140624999999 0.34329166666666666
0 0.24306197916666666 0.6675222222222222 0.240071875 0.6864268518518518 0.24738072916666667 0.6852453703703704 0.2576796875 0.7224638888888889 0.26764635416666666 0.7531833333333333 0.27761302083333333 0.7880388888888888 0.2872473958333333 0.8063527777777778 0.30419114583333334 0.8264388888888888 0.3058520833333333 0.81935 0.2938921875 0.7963101851851851 0.2825963541666667 0.7667712962962964 0.27561979166666667 0.7384138888888888 0.2689755208333333 0.7035592592592593 0.26631770833333335 0.6710666666666666 0.2779453125 0.6675222222222222 0.2683109375 0.6551157407407407 0.265653125 0.6391648148148148 0.2586765625 0.623213888888889 0.26631770833333335 0.6007648148148148 0.26532083333333334 0.5901314814814814 0.25468958333333336 0.6184879629629629 0.250703125 0.6178972222222222 0.24283333333333335 0.6207805555555556 0.2417328125 0.620850925925926 0.23243072916666666 0.6149435185185185 0.23774635416666667 0.6303037037037037 0.23807864583333332 0.6415277777777778 0.24306197916666666 0.6675222222222222
0 0.3786088541666667 0.7889351851851851 0.39654895833333337 0.7830277777777778 0.4168145833333333 0.7883444444444445 0.4251203125 0.7794833333333333 0.43575104166666667 0.7836185185185185 0.4437244791666667 0.7806648148148149 0.4413989583333333 0.7718027777777778 0.4360833333333333 0.762350925925926 0.4254526041666667 0.762350925925926 0.4234588541666667 0.7570342592592593 0.41482135416666666 0.7534888888888889 0.39654895833333337 0.7564425925925926 0.3786088541666667 0.7534888888888889 0.3556854166666667 0.751125925925926 0.3407354166666667 0.7410833333333333 0.32877552083333333 0.7387203703703703 0.32046979166666667 0.7393111111111111 0.3198052083333333 0.7180425925925926 0.316815625 0.7009101851851851 0.3161510416666667 0.7233601851851852 0.31714791666666664 0.7464 0.31536458333333334 0.7544481481481481 0.3161510416666667 0.7688490740740741 0.3251208333333333 0.7759388888888888 0.3394067708333333 0.787162962962963 0.35269531249999997 0.7883444444444445 0.3786088541666667 0.7889351851851851
0 0.3284432291666667 0.8102027777777778 0.3463833333333334 0.8267444444444445 0.36531979166666667 0.8456490740740741 0.37329322916666663 0.8503759259259259 0.38990468749999996 0.8692805555555555 0.3935588541666667 0.863962962962963 0.3882432291666667 0.8474212962962964 0.3812666666666667 0.8338342592592594 0.380934375 0.8255629629629629 0.3696390625 0.8107935185185186 0.3556854166666667 0.7966157407407408 0.331765625 0.7806648148148149 0.3131609375 0.7635324074074075 0.3051875 0.7528981481481481 0.29322760416666666 0.7446277777777778 0.2892411458333333 0.7339935185185185 0.2889088541666667 0.7204064814814815 0.2892411458333333 0.6979564814814815 0.284921875 0.7251324074074075 0.28525416666666664 0.7458092592592593 0.28188854166666666 0.7492527777777778 0.2812677083333333 0.757625 0.2875796875 0.7806648148148149 0.29422447916666666 0.7930703703703703 0.31183229166666665 0.8013416666666666 0.3284432291666667 0.8102027777777778
