0 0.796875 0.38333333333333336 0.7994791666666666 0.4089509259259259 0.7947916666666667 0.4675925925925926 0.7963541666666667 0.4740740740740741 0.7953125 0.5027777777777778 0.7984375 0.5092592592592593 0.803125 0.5027777777777778 0.8104166666666667 0.42407407407407405 0.8145833333333333 0.4027777777777778 0.8192708333333333 0.39166666666666666 0.8208333333333333 0.35555555555555557 0.8145833333333333 0.3490740740740741 0.80625 0.3490740740740741
0 0.7520833333333333 0.8064814814814815 0.7515625 0.8185185185185185 0.75625 0.8277777777777777 0.7671875 0.825925925925926 0.771875 0.8175925925925925 0.7765625 0.7870370370370371 0.790625 0.7398148148148148 0.8 0.6851851851851852 0.7984375 0.6759259259259259 0.7932291666666667 0.6787037037037037 0.7848958333333333 0.7231481481481481 0.7760416666666666 0.7518518518518519 0.7682291666666666 0.7694444444444445 0.7578125 0.7833333333333333
0 0.3046875 0.1962962962962963 0.30364583333333334 0.24351851851851852 0.3072916666666667 0.3175925925925926 0.3067708333333333 0.37037037037037035 0.3098958333333333 0.38796296296296295 0.3182291666666667 0.412962962962963 0.3265625 0.41388888888888886 0.334375 0.4074074074074074 0.334375 0.3768518518518518 0.32864583333333336 0.3472222222222222 0.3234375 0.30277777777777776 0.321875 0.23981481481481481 0.3171875 0.20925925925925926 0.31666666666666665 0.18703703703703703 0.309375 0.1814814814814815 0.30625 0.18518518518518517
0 0.35260416666666666 0.028703703703703703 0.3515625 0.040740740740740744 0.3546875 0.058333333333333334 0.36614583333333334 0.08981481481481482 0.3828125 0.14629629629629629 0.4005208333333333 0.18425925925925926 0.4078125 0.1824074074074074 0.4078125 0.17407407407407408 0.4010416666666667 0.15925925925925927 0.37916666666666665 0.08333333333333333 0.3765625 0.05462962962962963 0.3703125 0.032407407407407406 0.3619791666666667 0.021296296296296296
0 0.390625 0.021296296296296296 0.39010416666666664 0.03611111111111111 0.39375 0.053703703703703705 0.39895833333333336 0.06759259259259259 0.40677083333333336 0.07407407407407407 0.4140625 0.08888888888888889 0.43125 0.15185185185185185 0.4354166666666667 0.17592592592592593 0.44114583333333335 0.17777777777777778 0.4432291666666667 0.1648148148148148 0.4395833333333333 0.15092592592592594 0.43645833333333334 0.11851851851851852 0.41458333333333336 0.03981481481481482 0.4088541666666667 0.025 0.4010416666666667 0.013888888888888888
0 0.621875 0.06388888888888888 0.6203125 0.07685185185185185 0.6223958333333334 0.09351851851851851 0.628125 0.10925925925925926 0.6432291666666666 0.1361111111111111 0.6473958333333333 0.15092592592592594 0.6489583333333333 0.16944444444444445 0.6536458333333334 0.1925925925925926 0.6583333333333333 0.20555555555555555 0.6598958333333333 0.22314814814814815 0.6651041666666667 0.22592592592592592 0.6677083333333333 0.21388888888888888 0.6635416666666667 0.1675925925925926 0.6473958333333333 0.08981481481481482 0.6427083333333333 0.075 0.6348958333333333 0.06018518518518518 0.6286458333333333 0.058333333333333334
0 0.5265625 0.4305555555555556 0.5265625 0.4398148148148148 0.5286458333333334 0.44351851851851853 0.5479166666666667 0.44074074074074077 0.5625 0.4203703703703704 0.5708333333333333 0.40185185185185185 0.5729166666666666 0.38796296296296295 0.5713541666666667 0.36018518518518516 0.5598958333333334 0.31851851851851853 0.55625 0.31203703703703706 0.5520833333333334 0.3138888888888889 0.5515625 0.32314814814814813 0.559375 0.3537037037037037 0.5614583333333333 0.37037037037037035 0.5609375 0.39166666666666666 0.55625 0.40370370370370373 0.5447916666666667 0.4064814814814815 0.5328125 0.41574074074074074
0 0.3026041666666667 0.5675925925925925 0.3026041666666667 0.5796296296296296 0.30520833333333336 0.5842592592592593 0.3171875 0.5833333333333334 0.346875 0.5611111111111111 0.3609375 0.5564814814814815 0.3880208333333333 0.5398148148148149 0.39010416666666664 0.5314814814814814 0.384375 0.5287037037037037 0.35052083333333334 0.5416666666666666 0.3390625 0.549074074074074 0.3182291666666667 0.549074074074074 0.309375 0.5555555555555556
0 0.4721744791666667 0.35702222222222224 0.47771562500000003 0.3292351851851852 0.4796463541666667 0.2935287037037037 0.4893 0.2557611111111111 0.4896864583333333 0.21662037037037035 0.4981817708333333 0.19052685185185186 0.5086078125 0.18778055555555556 0.5140140625 0.1994537037037037 0.5116973958333333 0.22280092592592593 0.502815625 0.24889444444444442 0.49586458333333333 0.2763611111111111 0.49470625 0.2976481481481481 0.48814166666666664 0.31893518518518515 0.4808046875 0.3450287037037037 0.4784875 0.36356944444444445
0 0.6191697916666666 0.1396175925925926 0.6097807291666667 0.14589259259259257 0.6016713541666667 0.16717962962962962 0.5920177083333333 0.19396018518518518 0.5812052083333333 0.2221138888888889 0.5692343750000001 0.2585074074074074 0.5622838541666667 0.2763611111111111 0.5711651041666667 0.28254166666666664 0.5819776041666667 0.24820740740740743 0.5989682291666667 0.21250092592592593 0.6148010416666666 0.18846666666666667 0.6244546875 0.1733601851851852 0.6310192708333333 0.15001296296296296 0.6279302083333334 0.13971296296296296 0.62406875 0.1349064814814815
0 0.6178901041666667 0.18572037037037037 0.6198208333333334 0.21250092592592593 0.6244546875 0.24271388888888887 0.630246875 0.25713425925925926 0.6317916666666666 0.2839148148148148 0.6391286458333333 0.31275555555555556 0.6414458333333334 0.3347287037037037 0.6507135416666666 0.33884907407407405 0.6514854166666667 0.32511574074074073 0.6472380208333333 0.3045148148148148 0.6453072916666667 0.27910833333333335 0.6375838541666667 0.24546111111111113 0.6391286458333333 0.20700740740740742 0.6368119791666668 0.18640648148148148 0.626771875 0.16923981481481482 0.6190484375 0.18228703703703705
0 0.4678515625 0.1176574074074074 0.4750125 0.10675277777777778 0.48389375 0.11567962962962963 0.49007239583333334 0.12185925925925926 0.4954786458333333 0.13902592592592591 0.5043604166666666 0.16031296296296296 0.5147864583333334 0.17748055555555556 0.5255989583333334 0.19052685185185186 0.5356390624999999 0.19876666666666667 0.5491541666666666 0.20700740740740742 0.5483817708333334 0.2200537037037037 0.5352526041666666 0.21318703703703704 0.5213510416666667 0.2022 0.5043604166666666 0.1891537037037037 0.49277552083333337 0.1637462962962963 0.48389375 0.14795277777777777 0.4742401041666667 0.1410861111111111
0 0.466240625 0.544611111111111 0.4729286458333333 0.5081888888888889 0.480034375 0.47771388888888894 0.48421458333333334 0.44277777777777777 0.49006666666666665 0.4175055555555556 0.497590625 0.4018953703703704 0.5063687499999999 0.4018953703703704 0.51013125 0.4204787037037037 0.5067869791666666 0.447237962962963 0.4988447916666667 0.4650768518518519 0.48964895833333333 0.47548333333333337 0.4825427083333333 0.4918361111111111 0.47501875 0.5156222222222222 0.4687484375 0.554275 0.46582239583333335 0.5572481481481482
0 0.477021875 0.3799314814814815 0.4729286458333333 0.39074629629629626 0.4737645833333334 0.41081574074074073 0.47501875 0.427912037037037 0.47501875 0.4554138888888889 0.47083854166666667 0.47771388888888894 0.4679125 0.4962962962962963 0.46749427083333334 0.5200824074074074 0.46749427083333334 0.5342055555555556 0.47000260416666667 0.5148787037037037 0.4737645833333334 0.4918361111111111 0.4775265625 0.47771388888888894 0.4804526041666667 0.4539277777777778 0.48546875 0.4316277777777778 0.4904848958333333 0.41676203703703707 0.49215677083333337 0.405612037037037 0.4913208333333333 0.3877731481481482 0.4879765625 0.3729064814814815 0.4858864583333334 0.3669601851851852 0.480034375 0.36993333333333334 0.4746005208333333 0.3729064814814815 0.4775265625 0.38405648148148147
0 0.5061046875 0.44530185185185184 0.5105489583333334 0.45431203703703704 0.5126390625 0.47289444444444445 0.5080411458333333 0.48850462962962965 0.5042791666666667 0.5056009259259259 0.4988447916666667 0.5383064814814814 0.4967546875 0.5576324074074075 0.49550104166666664 0.5672953703703704 0.494246875 0.5375629629629629 0.4946645833333333 0.5197231481481482 0.4938286458333333 0.4989111111111111 0.4913208333333333 0.4758685185185185 0.494246875 0.4632314814814815 0.4988447916666667 0.45059537037037034
0 0.5258270833333333 0.4399537037037037 0.5176552083333333 0.4513388888888889 0.5147291666666667 0.4662046296296296 0.5097130208333334 0.48850462962962965 0.5063687499999999 0.5026268518518519 0.5021890625 0.5241833333333333 0.497590625 0.5516861111111111 0.49508281249999997 0.5762148148148148 0.4938286458333333 0.6014879629629629 0.5005166666666666 0.6022305555555556 0.5034427083333334 0.5724981481481481 0.5080411458333333 0.5442527777777778 0.5147291666666667 0.5137768518518518 0.5197453125 0.4951944444444444 0.5272692708333333 0.48330092592592594 0.5318671875 0.463975 0.5339572916666667 0.4513388888888889 0.5327031249999999 0.44464907407407406
0 0.5171359375 0.5279074074074074 0.5218354166666667 0.5498407407407407 0.522253125 0.5713962962962963 0.5209989583333333 0.594438888888889 0.52058125 0.6256583333333333 0.5180729166666667 0.6405240740740741 0.5180729166666667 0.6613370370370371 0.5214171875 0.6762037037037036 0.5306130208333334 0.6754601851851851 0.5352114583333333 0.669513888888889 0.5364651041666666 0.6509305555555556 0.5352114583333333 0.6323481481481482 0.5301953125 0.6145083333333333 0.5285234375 0.5818027777777778 0.5276869791666666 0.56545 0.5255973958333333 0.5505833333333333 0.522253125 0.5297712962962963 0.5184911458333333 0.5149046296296296 0.5147291666666667 0.5178777777777778
0 0.5432098958333333 0.5861462962962963 0.5377192708333334 0.594438888888889 0.5331213541666666 0.610049074074074 0.5322854166666667 0.6204546296296296 0.5352114583333333 0.6449842592592593 0.5373015624999999 0.6605935185185186 0.5335390624999999 0.6814064814814814 0.5268510416666666 0.6970157407407408 0.5168192708333333 0.704449074074074 0.504696875 0.7037055555555555 0.49842708333333335 0.702962962962963 0.4988447916666667 0.7103953703703704 0.5038609375 0.7148555555555556 0.5155651041666667 0.7163416666666667 0.5297770833333334 0.7155990740740741 0.5385552083333334 0.7081657407407407 0.5431536458333334 0.6910694444444445 0.5456614583333333 0.6724870370370369 0.5464973958333333 0.6487009259259259 0.5531854166666667 0.6271444444444445 0.5548578125 0.6107916666666666 0.5523494791666667 0.5914657407407408 0.5506776041666667 0.586262962962963
0 0.44743020833333336 0.6457277777777778 0.4553723958333334 0.6539037037037038 0.46582239583333335 0.6531611111111111 0.4762723958333333 0.6561342592592593 0.48337864583333334 0.669513888888889 0.4967546875 0.6784333333333333 0.5113848958333334 0.6747166666666666 0.52058125 0.6747166666666666 0.5272692708333333 0.6828935185185185 0.5251791666666666 0.6970157407407408 0.513475 0.702962962962963 0.5005166666666666 0.6947861111111111 0.48505052083333333 0.6814064814814814 0.4687484375 0.6702564814814814 0.45495416666666666 0.659850925925926 0.4449223958333333 0.6553907407407408
0 0.364034375 0.7032203703703703 0.3588130208333334 0.7107805555555556 0.3617390625 0.7256462962962963 0.37427916666666666 0.7353092592592593 0.3838932291666667 0.7338231481481482 0.4006135416666667 0.7234166666666666 0.40897395833333333 0.7159833333333333 0.4215140625 0.7159833333333333 0.43865208333333333 0.7211861111111111 0.4511921875 0.7219296296296296 0.4612244791666667 0.7256462962962963 0.469584375 0.7301064814814815 0.4758546875 0.7286194444444445 0.47794479166666665 0.7211861111111111 0.47501875 0.7130101851851852 0.46289635416666663 0.7092935185185185 0.4528640625 0.6959138888888888 0.4357260416666667 0.6929407407407407 0.4248578125 0.6899675925925925 0.40688385416666667 0.690711111111111 0.3951796875 0.6929407407407407 0.3822213541666667 0.6855074074074073 0.371353125 0.6914537037037037 0.3646651041666667 0.6929407407407407
0 0.362575 0.7297472222222222 0.36550104166666664 0.747587037037037 0.3705171875 0.7676564814814815 0.3776234375 0.7944157407407408 0.3788770833333333 0.810025 0.3788770833333333 0.8293509259259259 0.381803125 0.8486768518518518 0.39058125000000005 0.8613138888888889 0.39894166666666664 0.851650925925926 0.4006135416666667 0.8278648148148149 0.39559739583333337 0.8077953703703703 0.38681927083333334 0.7840092592592592 0.3822213541666667 0.7527898148148149 0.37845937500000004 0.7342074074074074 0.3709354166666667 0.7319777777777777
0 0.5348526041666666 0.7935509259259259 0.5276869791666666 0.798875 0.52058125 0.8070518518518518 0.5209989583333333 0.8241481481481482 0.5352114583333333 0.8360407407407408 0.5494234375 0.8315814814814815 0.5632177083333333 0.8174583333333334 0.5807739583333333 0.8077953703703703 0.6008380208333333 0.8085388888888889 0.6167223958333333 0.7914425925925926 0.6321885416666666 0.7906990740740741 0.63636875 0.7832657407407407 0.6355328124999999 0.7736027777777778 0.6313526041666666 0.7713731481481482 0.6091984375 0.7750898148148148 0.5983302083333334 0.7840092592592592 0.5887161458333333 0.7884694444444444 0.5711598958333333 0.7921851851851851 0.5569473958333333 0.7929287037037037 0.5452432291666667 0.7906990740740741 0.5389734374999999 0.7906990740740741
0 0.504696875 0.8063083333333333 0.4971729166666667 0.8048222222222222 0.4946645833333333 0.8167148148148148 0.5051151041666667 0.8219175925925927 0.5164010416666667 0.8271212962962964 0.5264333333333333 0.8390138888888888 0.5418994791666666 0.8397574074074073 0.5565296875 0.8479342592592592 0.57325 0.851650925925926 0.5849541666666667 0.843474074074074 0.5849541666666667 0.8286074074074073 0.5740859374999999 0.8182018518518519 0.5623817708333333 0.8174583333333334 0.5477515625 0.8278648148148149 0.5360473958333334 0.8338111111111111 0.5235072916666667 0.8248916666666667 0.5180729166666667 0.8152287037037037 0.5113848958333334 0.8129981481481482
0 0.23615260416666667 0.7441249999999999 0.2402036458333333 0.7598648148148148 0.24702135416666668 0.774262037037037 0.25511770833333336 0.77805 0.2627875 0.762137962962963 0.2593786458333333 0.7409212962962963 0.25256093749999997 0.7181898148148148 0.24318645833333333 0.7098546296296296 0.23849895833333334 0.6719675925925926 0.22827239583333334 0.649236111111111 0.22699375 0.6348388888888888 0.22315885416666664 0.6143805555555555 0.21676718749999999 0.6181685185185185 0.21676718749999999 0.6348388888888888 0.21932395833333332 0.650750925925926 0.22102812500000002 0.6856074074074074 0.2286984375 0.7121277777777777
0 0.259665625 0.7301907407407408 0.2704578125 0.7530453703703703 0.280684375 0.774262037037037 0.29091093749999997 0.793962962962963 0.3015640625 0.8045712962962963 0.30880781249999995 0.8189675925925926 0.3130692708333333 0.8409416666666667 0.3071036458333333 0.8538231481481482 0.2981552083333333 0.8492768518518519 0.29005885416666666 0.8310916666666667 0.28111041666666664 0.8053287037037037 0.26917916666666664 0.7803231481481482 0.2623614583333333 0.7606222222222222
0 0.5503401041666667 0.46035925925925925 0.5477864583333333 0.46507870370370374 0.5572947916666667 0.48480462962962967 0.5656151041666667 0.5080537037037037 0.575915625 0.5327111111111111 0.5850281249999999 0.5538462962962963 0.590178125 0.5778 0.6000828125000001 0.595412962962963 0.6111760416666667 0.6024583333333333 0.615534375 0.5827314814814815 0.606421875 0.5573694444444444 0.5925557291666668 0.5390518518518519 0.5822546875000001 0.5207342592592593 0.5735385416666666 0.4960768518518519 0.5624453125 0.47846388888888886 0.5541255208333333 0.45803333333333335
0 0.6260635416666667 0.4772574074074074 0.6206848958333333 0.4855092592592593 0.6266276041666666 0.507349074074074 0.62623125 0.5341203703703704 0.6222692708333334 0.5608916666666667 0.6171192708333333 0.5778 0.6099875 0.5890722222222222 0.6072145833333333 0.6123212962962963 0.6068182291666666 0.6320472222222222 0.6135531249999999 0.6390925925925927 0.6222692708333334 0.6320472222222222 0.6266276041666666 0.6080944444444444 0.6278161458333333 0.5763907407407407 0.6321739583333332 0.5503240740740741 0.63534375 0.527075 0.6325703125000001 0.49819074074074077
