0 0.8260416666666667 0.27037037037037037 0.8296875 0.2972222222222222 0.8296875 0.3592592592592593 0.8359375 0.3990740740740741 0.8359375 0.41759259259259257 0.8385416666666666 0.42777777777777776 0.8458333333333333 0.42962962962962964 0.8494791666666667 0.41944444444444445 0.8489583333333334 0.4046296296296296 0.8526041666666667 0.3768518518518518 0.8526041666666667 0.337037037037037 0.846875 0.2611111111111111 0.8473958333333333 0.23333333333333334 0.8442708333333333 0.20833333333333334 0.8354166666666667 0.17685185185185184 0.8416666666666667 0.1685185185185185 0.8494791666666667 0.1712962962962963 0.8510416666666667 0.1648148148148148 0.8458333333333333 0.15925925925925927 0.8401041666666667 0.16018518518518518 0.8260416666666667 0.17685185185185184 0.8135416666666667 0.1824074074074074 0.809375 0.17685185185185184 0.7984375 0.17407407407407408 0.7807291666666667 0.1787037037037037 0.7822916666666667 0.1824074074074074 0.7958333333333333 0.17962962962962964 0.8072916666666666 0.18333333333333332 0.8151041666666666 0.20555555555555555 0.81875 0.24351851851851852 0.8260416666666667 0.27037037037037037
0 0.7598958333333333 0.10462962962962963 0.7635416666666667 0.11388888888888889 0.7947916666666667 0.10833333333333334 0.8046875 0.13240740740740742 0.80625 0.14722222222222223 0.8078125 0.14351851851851852 0.80625 0.1259259259259259 0.7989583333333333 0.1 0.7994791666666666 0.0787037037037037 0.8067708333333333 0.05462962962962963 0.80625 0.04814814814814815 0.7994791666666666 0.05648148148148148 0.7947916666666667 0.07314814814814814 0.7739583333333333 0.06666666666666667 0.7671875 0.06018518518518518 0.7598958333333333 0.06759259259259259 0.7192708333333333 0.06666666666666667 0.7015625 0.07222222222222222 0.68125 0.09537037037037037 0.6796875 0.1037037037037037 0.6817708333333333 0.10833333333333334 0.696875 0.10092592592592593 0.7182291666666667 0.09907407407407408 0.7546875 0.10092592592592593 0.7598958333333333 0.10462962962962963
0 0.7604166666666666 0.9018518518518519 0.7598958333333333 0.8962962962962963 0.7765625 0.8722222222222222 0.7786458333333334 0.8592592592592593 0.803125 0.8138888888888889 0.8223958333333333 0.7712962962962963 0.8276041666666667 0.7518518518518519 0.8286458333333333 0.7296296296296296 0.8322916666666667 0.7111111111111111 0.8296875 0.6962962962962963 0.8255208333333334 0.6962962962962963 0.8223958333333333 0.7018518518518518 0.8177083333333334 0.7305555555555555 0.8072916666666666 0.7509259259259259 0.7932291666666667 0.7925925925925926 0.7822916666666667 0.8111111111111111 0.76875 0.8268518518518518 0.7614583333333333 0.8342592592592593 0.7567708333333333 0.8342592592592593 0.7557291666666667 0.8314814814814815 0.7520833333333333 0.8453703703703703 0.740625 0.8712962962962963 0.7401041666666667 0.8851851851851852 0.7447916666666666 0.8962962962962963 0.759375 0.9083333333333333 0.7671875 0.9120370370370371 0.775 0.9111111111111111 0.7604166666666666 0.9018518518518519
0 0.7208333333333333 0.7620370370370371 0.7317708333333334 0.7675925925925926 0.7552083333333334 0.7620370370370371 0.7713541666666667 0.75 0.7744791666666667 0.7583333333333333 0.7755208333333333 0.8101851851851852 0.7796875 0.8111111111111111 0.7807291666666667 0.8064814814814815 0.7802083333333333 0.7638888888888888 0.7760416666666666 0.7407407407407407 0.7770833333333333 0.7287037037037037 0.7744791666666667 0.7138888888888889 0.7770833333333333 0.6666666666666666 0.7723958333333333 0.6435185185185185 0.7671875 0.6305555555555555 0.7661458333333333 0.6388888888888888 0.7713541666666667 0.6592592592592592 0.7723958333333333 0.6731481481481482 0.76875 0.6990740740740741 0.7604166666666666 0.7083333333333334 0.7401041666666667 0.7101851851851851 0.7317708333333334 0.6990740740740741 0.7286458333333333 0.7 0.728125 0.7111111111111111 0.7041666666666667 0.7166666666666667 0.6572916666666667 0.7101851851851851 0.640625 0.712037037037037 0.6291666666666667 0.7175925925925926 0.6213541666666667 0.7296296296296296 0.6083333333333333 0.7388888888888889 0.6052083333333333 0.7444444444444445 0.6041666666666666 0.7555555555555555 0.6072916666666667 0.7592592592592593 0.615625 0.7592592592592593 0.6255208333333333 0.7537037037037037 0.6734375 0.7555555555555555 0.7208333333333333 0.7620370370370371
0 0.725 0.8666666666666667 0.7145833333333333 0.8564814814814815 0.6973958333333333 0.8472222222222222 0.6848958333333334 0.8527777777777777 0.6614583333333334 0.8462962962962963 0.6458333333333334 0.8490740740740741 0.646875 0.8574074074074074 0.6697916666666667 0.8712962962962963 0.6973958333333333 0.8953703703703704 0.7203125 0.8925925925925926 0.7260416666666667 0.8722222222222222 0.725 0.8666666666666667
0 0.3026041666666667 0.14166666666666666 0.3177083333333333 0.15925925925925927 0.35208333333333336 0.18425925925925926 0.371875 0.2101851851851852 0.3885416666666667 0.22685185185185186 0.4140625 0.23425925925925925 0.42083333333333334 0.23333333333333334 0.4244791666666667 0.22777777777777777 0.4239583333333333 0.21666666666666667 0.4078125 0.20833333333333334 0.3963541666666667 0.1925925925925926 0.37916666666666665 0.17962962962962964 0.3515625 0.15092592592592594 0.33489583333333334 0.125 0.3223958333333333 0.11481481481481481 0.3140625 0.11203703703703703 0.31197916666666664 0.10648148148148148 0.3125 0.09351851851851851 0.31614583333333335 0.07962962962962963 0.33229166666666665 0.07592592592592592 0.3260416666666667 0.07222222222222222 0.31666666666666665 0.07222222222222222 0.3104166666666667 0.0824074074074074 0.30625 0.11203703703703703 0.3015625 0.12314814814814815 0.30104166666666665 0.13148148148148148 0.2828125 0.15462962962962962 0.2869791666666667 0.15462962962962962 0.3026041666666667 0.14166666666666666
0 0.41847083333333335 0.8593416666666667 0.4005036458333333 0.8483046296296296 0.3800864583333333 0.8401712962962963 0.3678359375 0.8346527777777777 0.3611390625 0.8300046296296296 0.3493791666666667 0.8317481481481481 0.3433354166666666 0.8247768518518519 0.3384354166666667 0.8201287037037037 0.33516875 0.8294240740740741 0.3464390625 0.8378472222222222 0.35738229166666663 0.8427851851851852 0.3619557291666667 0.8503370370370371 0.36799947916666664 0.8570185185185185 0.37812656250000004 0.8645703703703703 0.3971958333333333 0.8718314814814815 0.4099364583333333 0.8773509259259259 0.41859322916666664 0.8811268518518518 0.42365677083333336 0.8880981481481481 0.43427343749999997 0.8939074074074074 0.44391041666666664 0.8962305555555555 0.4501171875 0.8901314814814815 0.4527307291666667 0.8950694444444444 0.4600807291666667 0.9014592592592593 0.46775781250000004 0.9072685185185185 0.4738015625 0.9090111111111111 0.46906458333333334 0.9046546296296297 0.46253124999999995 0.9000064814814814 0.45289427083333333 0.8889694444444445 0.4538739583333333 0.8828694444444445 0.4532614583333333 0.8751990740740742 0.4514651041666667 0.8712509259259259 0.4446046875 0.8634083333333333 0.4377447916666667 0.8546944444444445 0.42908749999999996 0.856437037037037 0.41847083333333335 0.8593416666666667
0 0.36071458333333334 0.8501666666666666 0.35239270833333336 0.8429564814814815 0.3400166666666667 0.8368851851851852 0.33190833333333336 0.8296759259259259 0.32444062500000004 0.8217074074074073 0.3084369791666666 0.8118416666666667 0.2964880208333333 0.7959046296296296 0.2866723958333333 0.7704814814814814 0.27984427083333335 0.749612037037037 0.27515 0.7158407407407407 0.27664374999999997 0.7014212962962962 0.27600364583333337 0.6820694444444444 0.27365677083333334 0.6722037037037037 0.269815625 0.6695481481481481 0.26384114583333335 0.6775166666666667 0.2614942708333333 0.6968685185185186 0.2629875 0.7143231481481482 0.2630411458333333 0.7374648148148149 0.27008229166666664 0.7776870370370371 0.2865125 0.8161833333333333 0.3027828125 0.8524148148148147 0.316865625 0.8763203703703704 0.33798958333333334 0.8941546296296297 0.35356614583333335 0.8960518518518519 0.36338177083333334 0.8933953703703703 0.3667958333333334 0.8968101851851852 0.367009375 0.904399074074074 0.36466197916666665 0.9131268518518518 0.361034375 0.9275462962962963 0.3717036458333334 0.9241305555555556 0.376184375 0.9169212962962963 0.37533072916666665 0.9051583333333334 0.3707432291666667 0.8910638888888889 0.37138333333333334 0.8911472222222222 0.3720234375 0.8805222222222223 0.37373072916666666 0.8729333333333333 0.3703166666666667 0.8653444444444445 0.36071458333333334 0.8501666666666666
0 0.49902447916666665 0.7468648148148148 0.510828125 0.7305138888888889 0.5244958333333334 0.7064296296296296 0.5288447916666666 0.6956027777777778 0.5297145833333333 0.6883111111111111 0.5356786458333332 0.6801361111111112 0.5394057291666667 0.6746120370370371 0.5402755208333333 0.6682046296296296 0.5392817708333334 0.6633435185185185 0.5367968750000001 0.6624592592592593 0.5307083333333333 0.6679833333333334 0.5268567708333334 0.6732861111111111 0.5251171875 0.6790314814814815 0.5241229166666667 0.68345 0.5192770833333333 0.6925092592592592 0.5134375 0.6964870370370371 0.5061067708333333 0.7038305555555555 0.4989 0.7169157407407407 0.49306041666666667 0.7290685185185185 0.48523229166666665 0.7401157407407408 0.47914427083333333 0.7465240740740741 0.4741739583333333 0.7555833333333333 0.469328125 0.7668518518518519 0.46734010416666666 0.7825398148148148 0.46671875 0.7871796296296296 0.46050625 0.7907157407407407 0.4535484375 0.7942509259259259 0.4453479166666667 0.8004370370370371 0.4528026041666667 0.7984490740740741 0.4622458333333333 0.7940296296296296 0.46783697916666667 0.7902731481481482 0.4690796875 0.7933666666666667 0.4741739583333333 0.799112037037037 0.47405 0.8101592592592592 0.4751682291666667 0.822312037037037 0.4774046875 0.8364537037037038 0.4783984375 0.8342435185185185 0.4774046875 0.8156833333333333 0.477125 0.7988527777777777 0.47864687499999997 0.7983481481481481 0.4861020833333333 0.7868583333333333 0.4906994791666667 0.7731592592592592 0.4916932291666667 0.7627740740740742 0.49902447916666665 0.7468648148148148
0 0.5265770833333333 0.6727629629629629 0.5325411458333333 0.663924074074074 0.5404932291666668 0.655749074074074 0.5526697916666666 0.6458064814814815 0.5695677083333333 0.6321064814814814 0.5803776041666667 0.6237101851851852 0.5857208333333334 0.6106740740740741 0.5909390625000001 0.6047083333333334 0.5975244791666667 0.6000675925925926 0.5982697916666667 0.5932185185185186 0.5976489583333334 0.5885777777777778 0.5944182291666666 0.5865898148148149 0.5855963541666667 0.5916712962962963 0.5785760416666667 0.5936555555555556 0.5724880208333333 0.5958648148148148 0.5624234375 0.6040398148148148 0.5458671875000001 0.6195074074074074 0.5349328124999999 0.6344166666666666 0.5243713541666667 0.6452435185185186 0.5156739583333334 0.650874074074074 0.5095854166666667 0.655513888888889 0.5033729166666666 0.6616425925925925 0.4944270833333333 0.6729120370370371 0.49020260416666667 0.6821916666666668 0.48759322916666664 0.6830759259259259 0.48200208333333333 0.6815287037037038 0.47168906250000003 0.68175 0.46398541666666665 0.6821916666666668 0.46671875 0.6855064814814814 0.475540625 0.6868324074074074 0.48647500000000005 0.6883787037037037 0.48871145833333335 0.690587962962963 0.4906994791666667 0.6963333333333332 0.4935572916666667 0.703625 0.49206614583333336 0.709149074074074 0.4884630208333334 0.7266046296296296 0.48883541666666663 0.7341166666666666 0.49281145833333334 0.7215222222222223 0.49604218749999995 0.7062759259259259 0.5007328125 0.7065694444444445 0.5048328125 0.7010453703703704 0.5156427083333334 0.6924277777777778 0.5216067708333333 0.6835898148148148 0.5265770833333333 0.6727629629629629
0 0.48073177083333335 0.510287037037037 0.48375677083333335 0.517387962962963 0.48496718749999995 0.5281472222222222 0.48605624999999997 0.5408916666666667 0.4865401041666667 0.5660694444444445 0.48726614583333333 0.6004824074074073 0.4895651041666667 0.6243685185185185 0.4931953125 0.6327611111111111 0.49525260416666667 0.6424444444444445 0.4963416666666667 0.6532037037037037 0.5002140625 0.6635333333333333 0.5019083333333333 0.6631027777777777 0.5074744791666667 0.6585833333333333 0.5083213541666667 0.6536342592592592 0.5052963541666666 0.6347074074074074 0.5042072916666667 0.6103435185185185 0.50215 0.543437037037037 0.4994880208333334 0.4989592592592592 0.4997302083333333 0.4806685185185185 0.4975520833333333 0.47227592592592593 0.49295364583333334 0.45592222222222223 0.48678229166666664 0.4430101851851852 0.4875083333333333 0.4365546296296296 0.48920208333333337 0.42493425925925926 0.4904125 0.4124537037037037 0.48920208333333337 0.41611203703703703 0.48460416666666667 0.4290231481481482 0.4835151041666667 0.4359092592592592 0.48024791666666666 0.4372 0.47528645833333333 0.44322592592592597 0.4723822916666667 0.44279537037037037 0.4683890625 0.4361240740740741 0.4601604166666667 0.4337574074074074 0.4531421875 0.4316055555555556 0.44612395833333335 0.43440277777777775 0.44104166666666667 0.4419342592592592 0.4438244791666667 0.44171944444444444 0.4489067708333333 0.4389222222222222 0.45798229166666665 0.439137037037037 0.4640328125 0.44171944444444444 0.4561671875 0.44709907407407407 0.4513270833333333 0.45376944444444445 0.4559255208333333 0.4526935185185185 0.4628229166666667 0.44645370370370374 0.4708697916666667 0.44778055555555557 0.47177708333333335 0.44762222222222225 0.47165625 0.45257222222222226 0.4721401041666667 0.4603185185185185 0.47310833333333335 0.4809768518518519 0.48073177083333335 0.510287037037037
0 0.6452411458333334 0.6144916666666667 0.6511708333333334 0.6166435185185185 0.653590625 0.6119092592592592 0.6491135416666667 0.6112638888888888 0.6433052083333333 0.6106185185185184 0.6447572916666666 0.6073898148148148 0.6419739583333333 0.5994287037037037 0.63265625 0.5875925925925927 0.6237020833333333 0.5768333333333333 0.6123270833333333 0.5662888888888888 0.6005895833333333 0.5499351851851851 0.585221875 0.5314287037037037 0.5692484375000001 0.5180870370370371 0.5479515625 0.5043148148148148 0.5383916666666667 0.5021629629629629 0.5285901041666666 0.49312500000000004 0.521571875 0.48882129629629634 0.5156421875 0.4937712962962963 0.517215625 0.5017324074074074 0.5226609375 0.5081888888888889 0.5310104166666666 0.5159351851851852 0.5351244791666667 0.5247583333333333 0.5484354166666667 0.5357324074074075 0.5680385416666667 0.5543351851851852 0.5876416666666666 0.5747787037037037 0.59478125 0.5823101851851852 0.6002265625 0.5952092592592593 0.6051880208333333 0.6091962962962963 0.6137791666666667 0.6208166666666667 0.6247911458333333 0.6285629629629629 0.6319302083333334 0.6296388888888889 0.6320515624999999 0.635449074074074 0.6327776041666666 0.656537962962963 0.6338666666666666 0.6815 0.6355604166666667 0.6909675925925925 0.637496875 0.6584740740740741 0.6364984375 0.6314435185185184 0.6370125000000001 0.6319212962962963 0.6370125000000001 0.6293398148148148 0.6406432291666667 0.6243898148148148 0.6433052083333333 0.6155675925925925 0.6452411458333334 0.6144916666666667
0 0.7172838541666666 0.5949916666666667 0.6971916666666667 0.5973962962962963 0.6801906249999999 0.5998009259259259 0.6767130208333333 0.5901814814814814 0.6618369791666667 0.5716296296296296 0.650825 0.5657888888888889 0.6374942708333333 0.555825925925926 0.6189479166666667 0.534525 0.6071630208333333 0.5190648148148148 0.5961510416666667 0.5049787037037037 0.5880364583333333 0.5005120370370371 0.5839796875 0.49810740740740744 0.5774109374999999 0.48470833333333335 0.5712286458333333 0.4826472222222222 0.5681375000000001 0.48711388888888885 0.5692968749999999 0.4970768518518518 0.5752859375 0.5066962962962963 0.5797291666666666 0.5115064814814815 0.5816609375 0.5235305555555556 0.586684375 0.5300583333333333 0.5998213541666666 0.5448314814814815 0.6096744791666667 0.5613222222222222 0.6300562500000001 0.5817537037037037 0.6410687500000001 0.5975574074074074 0.6505348958333333 0.607863888888889 0.6553651041666666 0.6154222222222222 0.6611609375 0.6216064814814816 0.6685020833333333 0.6233240740740741 0.6721729166666666 0.6322564814814815 0.6808666666666666 0.6611157407407408 0.6885942708333334 0.6896314814814815 0.6872421875000001 0.6796675925925927 0.6824125 0.6484037037037037 0.6744911458333332 0.6230314814814815 0.6765197916666666 0.6176666666666667 0.6786447916666667 0.6077027777777777 0.6840541666666666 0.6056416666666666 0.7051125 0.6015194444444444 0.7172838541666666 0.5949916666666667
0 0.2671015625 0.4794027777777778 0.27010260416666665 0.46252037037037036 0.2741427083333334 0.4380935185185185 0.28568541666666664 0.4165407407407407 0.2896104166666667 0.4060722222222222 0.29191875 0.39498796296296296 0.2966515625 0.38841944444444443 0.3012682291666666 0.379387037037037 0.30253802083333337 0.37425555555555556 0.30069114583333334 0.3650185185185185 0.293765625 0.3670712962962963 0.2869552083333333 0.37507685185185186 0.2811838541666667 0.3822611111111111 0.2757588541666667 0.38862407407407407 0.2707953125 0.40442962962962964 0.2635234375 0.4268037037037037 0.2568286458333333 0.4567046296296296 0.24909479166666668 0.48441574074074073 0.24182291666666667 0.499837962962963 0.23928333333333332 0.5121537037037037 0.23801354166666666 0.5355546296296296 0.23893697916666667 0.5466388888888889 0.24009114583333335 0.5593657407407407 0.23870624999999998 0.5636759259259259 0.23443541666666665 0.5696287037037037 0.23097239583333332 0.569012962962963 0.22935624999999998 0.5505388888888889 0.22750989583333334 0.5681916666666668 0.22831770833333334 0.5764027777777778 0.2316651041666667 0.5788657407407407 0.23697500000000002 0.57435 0.24366979166666666 0.565112962962963 0.24828697916666667 0.5679870370370371 0.25463541666666667 0.5692185185185185 0.25694374999999997 0.5761972222222222 0.26202291666666666 0.5926185185185185 0.2652546875 0.6037037037037037 0.27056458333333333 0.6172509259259259 0.27010260416666665 0.6096564814814814 0.26329270833333335 0.5852296296296297 0.2571171875 0.5664203703703704 0.26040677083333336 0.5637814814814816 0.26687083333333333 0.5520814814814815 0.26860208333333335 0.5297833333333334 0.26733229166666667 0.5045351851851853 0.2671015625 0.4794027777777778
0 0.32181458333333335 0.25945555555555555 0.32354635416666666 0.25042314814814814 0.33266510416666667 0.2524759259259259 0.343284375 0.2613027777777778 0.35401927083333334 0.2613027777777778 0.3437463541666667 0.25329722222222223 0.33428125000000003 0.24631759259259262 0.3216994791666667 0.24385462962962962 0.31823645833333336 0.23728611111111111 0.312234375 0.23194907407407406 0.3116572916666666 0.2307175925925926 0.30565468749999997 0.21675925925925926 0.29422708333333336 0.2005435185185185 0.2848776041666667 0.18694444444444444 0.28199166666666664 0.1926898148148148 0.2839541666666667 0.19658981481481483 0.29157239583333333 0.21403796296296296 0.3002296875 0.21916944444444444 0.308425 0.23086944444444443 0.3051932291666667 0.23477037037037035 0.29388125 0.2505101851851852 0.28937916666666663 0.27165277777777774 0.28718645833333334 0.2856111111111111 0.279221875 0.3135277777777778 0.2597140625 0.37836574074074075 0.25405833333333333 0.3984814814814815 0.25198072916666664 0.41120833333333334 0.24805572916666666 0.43235092592592594 0.24724791666666668 0.4489777777777778 0.2504796875 0.45718796296296293 0.2541734375 0.461087962962963 0.2562515625 0.4545194444444444 0.2605223958333333 0.43501944444444446 0.2667552083333333 0.4144925925925926 0.27114166666666667 0.39396574074074076 0.2763072916666667 0.3753222222222222 0.28603177083333337 0.3481166666666667 0.2997677083333333 0.32040555555555555 0.31154166666666666 0.29599259259259264 0.3174286458333333 0.2849083333333334 0.32181458333333335 0.25945555555555555
0 0.7091833333333334 0.26204814814814814 0.7003395833333333 0.2765962962962963 0.6891739583333333 0.2937 0.6717067708333333 0.31119722222222224 0.6621994791666667 0.3261648148148148 0.6499281250000001 0.34051574074074076 0.6465010416666667 0.35388425925925926 0.644621875 0.3641074074074074 0.63843125 0.37629537037037036 0.6362197916666666 0.38809166666666667 0.6389838541666666 0.3963481481481481 0.6452848958333333 0.3892712962962963 0.6515864583333334 0.3735435185185185 0.6621994791666667 0.3662694444444445 0.6749130208333334 0.341662037037037 0.6859401041666667 0.3284972222222222 0.6946739583333332 0.31630925925925923 0.7105932291666667 0.30235092592592594 0.7164520833333333 0.2970425925925926 0.7248541666666667 0.29429074074074074 0.7338088541666666 0.282887962962963 0.7383411458333333 0.27069907407407406 0.7397786458333333 0.26539074074074076 0.7449744791666667 0.2669638888888889 0.7511651041666667 0.2744342592592593 0.7558083333333333 0.28151203703703703 0.7582406249999999 0.29488055555555553 0.7615567708333334 0.30805185185185185 0.761778125 0.2938972222222222 0.760009375 0.2765972222222222 0.7516072916666666 0.26598055555555555 0.7417682291666666 0.26047592592592594 0.7412432291666666 0.2567407407407407 0.7391427083333333 0.24730370370370372 0.7322885416666666 0.24101296296296296 0.7211229166666667 0.24789351851851854 0.7091833333333334 0.26204814814814814
0 0.7657854166666667 0.11414166666666667 0.76246875 0.13871574074074072 0.7576598958333334 0.1627 0.7539015625 0.1617175925925926 0.743509375 0.16604259259259257 0.7313489583333334 0.17792222222222223 0.7234999999999999 0.19522314814814815 0.7045958333333334 0.22864351851851852 0.6872390625 0.2542009259259259 0.66855625 0.27447962962962963 0.6391494791666666 0.3006268518518519 0.62743125 0.3069175925925926 0.618034375 0.310062962962963 0.6130593750000001 0.3196962962962963 0.6130593750000001 0.3291324074074074 0.6167078125 0.3362101851851852 0.6310791666666666 0.3393555555555556 0.6389286458333333 0.3334574074074074 0.6437927083333334 0.3334574074074074 0.6528578125000001 0.33522685185185186 0.6619505208333333 0.3230398148148148 0.6758802083333334 0.3069185185185185 0.6920203125000001 0.28526296296296294 0.701859375 0.27130462962962965 0.7119197916666666 0.25361111111111106 0.7328135416666667 0.23965277777777777 0.735909375 0.24201666666666666 0.7421000000000001 0.23297407407407406 0.7558083333333333 0.2172462962962963 0.7678583333333333 0.19601388888888888 0.7739385416666666 0.19896296296296295 0.7836671875000001 0.21056203703703705 0.7884208333333333 0.21881944444444443 0.7928427083333334 0.22058796296296299 0.7992546875 0.21980185185185186 0.80058125 0.20741666666666667 0.7962697916666667 0.19483425925925926 0.7992546875 0.20761296296296297 0.7967119791666666 0.21783611111111112 0.7919583333333333 0.21311759259259258 0.7881994791666667 0.20525370370370372 0.775596875 0.19345833333333334 0.7705390624999999 0.1833175925925926 0.7688807291666666 0.17390648148148147 0.7635744791666668 0.16427314814814814 0.7652328125000001 0.1505111111111111 0.7682177083333334 0.12613425925925925 0.7657854166666667 0.11414166666666667
0 0.625475 0.21128240740740742 0.6246072916666667 0.2171462962962963 0.6140213541666667 0.22918148148148149 0.6049973958333333 0.24893240740740738 0.5958 0.2628194444444445 0.5886848958333334 0.2841138888888889 0.5787932291666666 0.3023212962962963 0.5645630208333333 0.3313990740740741 0.5543244791666667 0.35115 0.5458208333333334 0.37990555555555555 0.5480770833333334 0.3891638888888889 0.5432182291666667 0.40119907407407407 0.5394 0.416937962962963 0.5400942708333333 0.42496203703703705 0.5439119791666667 0.4231101851851852 0.5480770833333334 0.4175555555555555 0.555365625 0.4008907407407407 0.5595307291666667 0.3934842592592593 0.5640427083333334 0.3916324074074074 0.5704635416666667 0.3805222222222222 0.576884375 0.36354907407407405 0.5886848958333334 0.33608333333333335 0.60690625 0.3027546296296296 0.625475 0.2746712962962963 0.6358875 0.2598583333333333 0.6391843749999999 0.22714629629629632 0.65515 0.22138611111111112 0.6700744791666666 0.20595648148148146 0.6685125000000001 0.19145185185185185 0.6640005208333334 0.2016361111111111 0.6581005208333334 0.21367129629629628 0.6508114583333333 0.21830000000000002 0.6388375 0.22297777777777777 0.6338046875 0.21560370370370371 0.6301604166666667 0.21313425925925927 0.63068125 0.1825824074074074 0.6247807291666666 0.14369814814814813 0.625475 0.18134814814814815 0.625475 0.21128240740740742
0 0.5600510416666666 0.23619907407407406 0.5520682291666666 0.22292962962962964 0.5392265625 0.20287037037037037 0.5293348958333334 0.18527962962962963 0.5176213541666667 0.15305000000000002 0.5098119791666667 0.12867037037037038 0.5040848958333333 0.11848611111111111 0.500440625 0.11138888888888888 0.4961026041666667 0.0904037037037037 0.49211093749999996 0.08453981481481482 0.4881197916666667 0.08176296296296297 0.4846489583333333 0.08546574074074074 0.48378125 0.09132962962962962 0.48569010416666664 0.10768518518518519 0.492284375 0.12620185185185184 0.4931520833333333 0.13391666666666666 0.49540833333333334 0.15860462962962962 0.5077291666666667 0.18915648148148148 0.5214390625 0.21446203703703703 0.5280333333333334 0.22279444444444443 0.5337604166666666 0.2376074074074074 0.5393135416666667 0.25705 0.543478125 0.27494907407407404 0.5498989583333334 0.29223055555555555 0.5589234375000001 0.3076611111111111 0.564303125 0.31074722222222223 0.5618734375 0.33295462962962963 0.5658645833333333 0.32523981481481484 0.5676 0.31351203703703706 0.5729796875000001 0.3082666666666667 0.5785328125 0.2966342592592593 0.5848671875 0.2920564814814815 0.5810494791666667 0.28958796296296296 0.5780989583333334 0.28804537037037037 0.5754958333333333 0.2686027777777778 0.5676869791666667 0.24422314814814816 0.5600510416666666 0.23619907407407406
0 0.5317046875 0.2380787037037037 0.5297369791666667 0.22711666666666666 0.5237041666666666 0.21848703703703704 0.5201630208333333 0.21592129629629628 0.5086213541666667 0.20799166666666666 0.4922265625 0.19866203703703705 0.498784375 0.20799166666666666 0.516490625 0.21778703703703706 0.5082276041666667 0.22851666666666667 0.5052109375 0.24460925925925925 0.5041619791666666 0.26000277777777775 0.5028505208333333 0.275862962962963 0.5006208333333333 0.30221851851851855 0.4978666666666667 0.32694166666666663 0.49117760416666667 0.3436509259259259 0.4882921875 0.36207685185185184 0.48868541666666665 0.3753712962962963 0.48868541666666665 0.38516666666666666 0.48619375 0.39542962962962963 0.4842260416666667 0.40615833333333334 0.4876364583333333 0.4122222222222222 0.4922265625 0.4105898148148148 0.49458749999999996 0.4012601851851852 0.4979973958333333 0.38423425925925925 0.5010140625 0.3844675925925926 0.5070473958333334 0.3665083333333333 0.5111786458333333 0.323575 0.5126869791666667 0.3145796296296296 0.5143921875 0.3005861111111111 0.5217369791666667 0.277262037037037 0.529475 0.2523064814814815 0.5317046875 0.2380787037037037
0 0.4809802083333333 0.13003518518518517 0.48084895833333335 0.10344629629629629 0.4774390625 0.08478796296296297 0.48320989583333335 0.07592499999999999 0.492653125 0.07126018518518519 0.4996041666666667 0.07709074074074074 0.5070802083333333 0.0812888888888889 0.50550625 0.07545833333333334 0.4954072916666667 0.06846111111111111 0.5056375 0.06356296296296296 0.5213760416666667 0.07709074074074074 0.5194088541666667 0.07032685185185185 0.5116703125000001 0.058432407407407405 0.5001286458333333 0.05889814814814815 0.48898072916666663 0.06519629629629631 0.47573385416666664 0.07872314814814815 0.4719302083333333 0.07965648148148148 0.46563489583333334 0.08198888888888889 0.45973281250000003 0.07242592592592592 0.4519947916666667 0.05353425925925926 0.4428140625 0.037907407407407404 0.43638750000000004 0.03884074074074074 0.43428854166666664 0.051668518518518516 0.43428854166666664 0.0637962962962963 0.43691197916666663 0.061697222222222216 0.4408463541666666 0.053300925925925925 0.448846875 0.06146388888888889 0.4619625 0.08222222222222222 0.4565854166666667 0.09575 0.455503125 0.13810462962962963 0.460225 0.1530314814814815 0.4666515625 0.2050435185185185 0.47124166666666667 0.24181018518518516 0.47609479166666663 0.2646675925925926 0.47989791666666665 0.29172314814814815 0.4846197916666667 0.2975537037037037 0.48776718750000003 0.31481296296296296 0.4922265625 0.33067314814814813 0.49445625 0.33440462962962964 0.49642395833333336 0.3309064814814815 0.498653125 0.316212962962963 0.5002270833333333 0.30571666666666664 0.4962598958333333 0.29034907407407406 0.4975057291666667 0.2842194444444444 0.49514479166666664 0.24697129629629627 0.48819375 0.2207925925925926 0.4820291666666667 0.17561018518518517 0.4809802083333333 0.13003518518518517
