0 0.21354166666666666 0.49722222222222223 0.21145833333333333 0.5194444444444445 0.21354166666666666 0.5277777777777778 0.21875 0.5342592592592592 0.22552083333333334 0.5333333333333333 0.23385416666666667 0.5175925925925926 0.24010416666666667 0.4981481481481482 0.240625 0.45092592592592595 0.24479166666666666 0.41944444444444445 0.24427083333333333 0.38981481481481484 0.246875 0.3768518518518518 0.24427083333333333 0.3648148148148148 0.24010416666666667 0.36666666666666664 0.23802083333333332 0.37222222222222223 0.23177083333333334 0.4 0.22291666666666668 0.47129629629629627 0.22135416666666666 0.4777777777777778 0.215625 0.48518518518518516
0 0.6697916666666667 0.25 0.6729166666666667 0.26666666666666666 0.6822916666666666 0.28425925925925927 0.7098958333333333 0.3074074074074074 0.7458333333333333 0.3527777777777778 0.7520833333333333 0.3527777777777778 0.7510416666666667 0.3388888888888889 0.7291666666666666 0.3055555555555556 0.7098958333333333 0.28425925925925927 0.6927083333333334 0.25 0.678125 0.2351851851851852
0 0.79375 0.3212962962962963 0.7942708333333334 0.3611111111111111 0.8 0.375 0.8020833333333334 0.39444444444444443 0.8041666666666667 0.48518518518518516 0.8067708333333333 0.4925925925925926 0.8104166666666667 0.49444444444444446 0.8151041666666666 0.4861111111111111 0.8151041666666666 0.4601851851851852 0.8182291666666667 0.4398148148148148 0.81875 0.35185185185185186 0.8151041666666666 0.3333333333333333 0.80625 0.31203703703703706 0.7984375 0.31296296296296294
0 0.7348958333333333 0.38981481481481484 0.7354166666666667 0.42407407407407405 0.7489583333333333 0.48148148148148145 0.7494791666666667 0.5018518518518519 0.75625 0.5462962962962963 0.7614583333333333 0.5657407407407408 0.7635416666666667 0.5833333333333334 0.7671875 0.5898148148148148 0.7713541666666667 0.5888888888888889 0.7729166666666667 0.5796296296296296 0.7703125 0.5777777777777777 0.7703125 0.5740740740740741 0.7729166666666667 0.562962962962963 0.7729166666666667 0.5314814814814814 0.7635416666666667 0.45555555555555555 0.7630208333333334 0.425 0.7609375 0.412962962962963 0.7546875 0.3925925925925926 0.7479166666666667 0.3814814814814815 0.7421875 0.3814814814814815
0 0.7145833333333333 0.837037037037037 0.7135416666666666 0.8472222222222222 0.7151041666666667 0.8527777777777777 0.7286458333333333 0.8648148148148148 0.7489583333333333 0.8148148148148148 0.7713541666666667 0.7703703703703704 0.7817708333333333 0.7379629629629629 0.7817708333333333 0.7287037037037037 0.7796875 0.725925925925926 0.7755208333333333 0.7277777777777777 0.7677083333333333 0.7509259259259259 0.7541666666666667 0.7768518518518519 0.7401041666666667 0.799074074074074 0.7239583333333334 0.812037037037037
0 0.5723958333333333 0.674074074074074 0.5739583333333333 0.6796296296296296 0.5942708333333333 0.6907407407407408 0.6197916666666666 0.687962962962963 0.6661458333333333 0.6981481481481482 0.6703125 0.6981481481481482 0.6739583333333333 0.6935185185185185 0.6734375 0.687037037037037 0.6703125 0.6824074074074075 0.6526041666666667 0.6731481481481482 0.6109375 0.6620370370370371 0.5916666666666667 0.6518518518518519 0.5770833333333333 0.6574074074074074
0 0.4583333333333333 0.5638888888888889 0.4583333333333333 0.575 0.5145833333333333 0.6657407407407407 0.528125 0.6787037037037037 0.5328125 0.6787037037037037 0.5359375 0.6731481481481482 0.5375 0.6666666666666666 0.5364583333333334 0.6583333333333333 0.5286458333333334 0.637962962962963 0.4973958333333333 0.6148148148148148 0.4640625 0.5657407407407408
0 0.9973958333333334 0.023148148148148147 0.9963541666666667 0.028703703703703703 0.9994791666666667 0.03148148148148148 0.9994791666666667 0.022222222222222223
0 0.5333333333333333 0.5296296296296297 0.5338541666666666 0.5370370370370371 0.540625 0.537962962962963 0.5786458333333333 0.5212962962962963 0.5958333333333333 0.5101851851851852 0.6078125 0.5092592592592593 0.6213541666666667 0.4935185185185185 0.6208333333333333 0.48148148148148145 0.6229166666666667 0.4777777777777778 0.60625 0.4759259259259259 0.5994791666666667 0.48148148148148145 0.596875 0.4888888888888889 0.5604166666666667 0.5064814814814815
0 0.45416666666666666 0.18703703703703703 0.45364583333333336 0.20833333333333334 0.459375 0.2462962962962963 0.4609375 0.2833333333333333 0.4661458333333333 0.33240740740740743 0.4671875 0.3388888888888889 0.4713541666666667 0.3425925925925926 0.4744791666666667 0.3351851851851852 0.47291666666666665 0.24166666666666667 0.47552083333333334 0.2074074074074074 0.4671875 0.17777777777777778 0.4583333333333333 0.17777777777777778
0 0.3703125 0.43148148148148147 0.3697916666666667 0.4351851851851852 0.3723958333333333 0.4361111111111111 0.37395833333333334 0.4425925925925926 0.37135416666666665 0.44537037037037036 0.37135416666666665 0.45925925925925926 0.37864583333333335 0.4787037037037037 0.384375 0.5462962962962963 0.390625 0.575 0.3963541666666667 0.5777777777777777 0.3984375 0.5740740740740741 0.39895833333333336 0.5638888888888889 0.39166666666666666 0.4666666666666667 0.3921875 0.4537037037037037 0.3953125 0.44722222222222224 0.39166666666666666 0.44166666666666665 0.38958333333333334 0.43148148148148147 0.3854166666666667 0.42685185185185187
0 0.5203125 0.27870370370370373 0.5197916666666667 0.2861111111111111 0.5286458333333334 0.3490740740740741 0.5354166666666667 0.3648148148148148 0.54375 0.40925925925925927 0.5515625 0.42407407407407405 0.5567708333333333 0.42592592592592593 0.5630208333333333 0.4101851851851852 0.5604166666666667 0.38981481481481484 0.5416666666666666 0.3490740740740741 0.5265625 0.27870370370370373
0 0.4979166666666667 0.6537037037037037 0.5026041666666666 0.6925925925925925 0.5119791666666667 0.7425925925925926 0.5145833333333333 0.7814814814814814 0.5223958333333333 0.8046296296296296 0.5302083333333333 0.8074074074074075 0.5364583333333334 0.7972222222222223 0.5348958333333333 0.7759259259259259 0.5067708333333333 0.6611111111111111
0 0.428125 0.13703703703703704 0.4234375 0.14814814814814814 0.4161458333333333 0.1537037037037037 0.41822916666666665 0.16574074074074074 0.4234375 0.1675925925925926 0.4375 0.16203703703703703 0.46145833333333336 0.14629629629629629 0.48125 0.14814814814814814 0.490625 0.1527777777777778 0.49375 0.15833333333333333 0.5067708333333333 0.1574074074074074 0.521875 0.14814814814814814 0.525 0.13333333333333333 0.5302083333333333 0.12685185185185185 0.5229166666666667 0.11944444444444445 0.49375 0.10833333333333334 0.4859375 0.11851851851851852 0.4666666666666667 0.12129629629629629
0 0.39479166666666665 0.1388888888888889 0.3963541666666667 0.17314814814814813 0.4078125 0.21574074074074073 0.41354166666666664 0.28703703703703703 0.41510416666666666 0.2953703703703704 0.4192708333333333 0.2972222222222222 0.42135416666666664 0.2916666666666667 0.421875 0.24074074074074073 0.4161458333333333 0.19074074074074074 0.4166666666666667 0.15462962962962962 0.41041666666666665 0.13148148148148148 0.40677083333333336 0.1259259259259259 0.3984375 0.12777777777777777
0 0.4739583333333333 0.45925925925925926 0.47291666666666665 0.4685185185185185 0.4744791666666667 0.475 0.509375 0.4601851851851852 0.5296875 0.45740740740740743 0.5588541666666667 0.475 0.571875 0.4759259259259259 0.5822916666666667 0.4685185185185185 0.584375 0.44907407407407407 0.5671875 0.4324074074074074 0.5416666666666666 0.42962962962962964 0.4979166666666667 0.4361111111111111 0.4817708333333333 0.4462962962962963
0 0.409375 0.35555555555555557 0.409375 0.3648148148148148 0.4161458333333333 0.3824074074074074 0.4322916666666667 0.3990740740740741 0.4427083333333333 0.4166666666666667 0.45989583333333334 0.46296296296296297 0.46197916666666666 0.4824074074074074 0.4703125 0.49166666666666664 0.471875 0.4898148148148148 0.471875 0.4703703703703704 0.465625 0.4462962962962963 0.46458333333333335 0.43425925925925923 0.44479166666666664 0.3851851851851852 0.4317708333333333 0.3574074074074074 0.4203125 0.3425925925925926 0.415625 0.3435185185185185
0 0.5354166666666667 0.8314814814814815 0.534375 0.837037037037037 0.5364583333333334 0.8453703703703703 0.540625 0.850925925925926 0.55625 0.8583333333333333 0.56875 0.8564814814814815 0.5760416666666667 0.8611111111111112 0.5947916666666667 0.8611111111111112 0.6135416666666667 0.8574074074074074 0.6307291666666667 0.8592592592592593 0.6333333333333333 0.8546296296296296 0.6302083333333334 0.8462962962962963 0.60625 0.8342592592592593 0.565625 0.825925925925926 0.5572916666666666 0.8212962962962963 0.5447916666666667 0.8222222222222222
0 0.9973958333333334 0.003703703703703704 0.9973958333333334 0.012962962962962963 0.9994791666666667 0.012962962962962963 0.9994791666666667 0.002777777777777778
0 0.33958333333333335 0.26666666666666666 0.3390625 0.28425925925925927 0.340625 0.29074074074074074 0.34479166666666666 0.2953703703703704 0.35052083333333334 0.29444444444444445 0.35885416666666664 0.2759259259259259 0.3645833333333333 0.24074074074074073 0.3765625 0.1935185185185185 0.38125 0.13796296296296295 0.3802083333333333 0.12685185185185185 0.37552083333333336 0.1259259259259259 0.3729166666666667 0.13055555555555556 0.36354166666666665 0.1925925925925926 0.346875 0.24537037037037038 0.3421875 0.2518518518518518
0 0.3767166666666667 0.37291111111111114 0.3649442708333333 0.3957425925925926 0.369225 0.4185740740740741 0.3809973958333333 0.42047685185185185 0.38741875000000003 0.3900351851851852 0.39491041666666665 0.37291111111111114 0.4088229166666667 0.3538851851851852 0.421665625 0.33105370370370374 0.4387890625 0.3063203703703704 0.43129791666666667 0.29870925925925923 0.4173848958333333 0.3177361111111111 0.40347187500000004 0.3405666666666667 0.3970505208333333 0.3576907407407407
0 0.476246875 0.8390509259259259 0.48480833333333334 0.8580768518518518 0.4976510416666667 0.8542712962962964 0.51049375 0.8428555555555556 0.5233364583333333 0.8371481481481482 0.5426005208333333 0.8295379629629629 0.5597239583333333 0.8124138888888889 0.5682854166666667 0.802900925925926 0.5479515625 0.8067064814814815 0.5340385416666666 0.8105111111111111 0.5179854166666666 0.8219268518518519 0.5051427083333333 0.8257324074074075 0.494440625 0.8219268518518519
