0 0.6473958333333333 0.23703703703703705 0.6822916666666666 0.23981481481481481 0.6916666666666667 0.2462962962962963 0.696875 0.24444444444444444 0.6979166666666666 0.23981481481481481 0.696875 0.23148148148148148 0.6932291666666667 0.22685185185185186 0.6671875 0.21574074074074073 0.6375 0.21574074074074073 0.6286458333333333 0.21851851851851853 0.61875 0.21296296296296297 0.596875 0.23055555555555557 0.596875 0.25092592592592594 0.6010416666666667 0.25555555555555554 0.6088541666666667 0.2574074074074074 0.6229166666666667 0.25555555555555554 0.6380208333333334 0.24074074074074073 0.6473958333333333 0.23703703703703705
0 0.8041666666666667 0.47962962962962963 0.8088541666666667 0.5083333333333333 0.809375 0.525 0.8140625 0.5314814814814814 0.8182291666666667 0.525 0.8171875 0.5018518518518519 0.81875 0.4740740740740741 0.815625 0.42777777777777776 0.8161458333333333 0.3888888888888889 0.8067708333333333 0.35648148148148145 0.7958333333333333 0.3611111111111111 0.7921875 0.3648148148148148 0.7942708333333334 0.37037037037037035 0.7942708333333334 0.40370370370370373 0.7989583333333333 0.41574074074074074 0.8020833333333334 0.43333333333333335 0.8041666666666667 0.47962962962962963
0 0.7192708333333333 0.5305555555555556 0.725 0.5333333333333333 0.7276041666666667 0.5287037037037037 0.7265625 0.525 0.73125 0.5212962962962963 0.7302083333333333 0.49444444444444446 0.7270833333333333 0.4824074074074074 0.7192708333333333 0.4703703703703704 0.7098958333333333 0.44537037037037036 0.6984375 0.3731481481481482 0.696875 0.34814814814814815 0.69375 0.3435185185185185 0.6890625 0.34629629629629627 0.6885416666666667 0.4009259259259259 0.6927083333333334 0.43425925925925923 0.7026041666666667 0.4740740740740741 0.7026041666666667 0.4824074074074074 0.7125 0.5175925925925926 0.7192708333333333 0.5305555555555556
0 0.6828125 0.4861111111111111 0.6890625 0.47962962962962963 0.6994791666666667 0.4777777777777778 0.6932291666666667 0.46944444444444444 0.6848958333333334 0.47129629629629627 0.6557291666666667 0.5018518518518519 0.6432291666666666 0.5111111111111111 0.6380208333333334 0.5111111111111111 0.63125 0.5194444444444445 0.6276041666666666 0.5296296296296297 0.6276041666666666 0.5481481481481482 0.6302083333333334 0.5518518518518518 0.6380208333333334 0.55 0.6479166666666667 0.5407407407407407 0.6614583333333334 0.5166666666666667 0.6828125 0.4861111111111111
0 0.7359375 0.562037037037037 0.7479166666666667 0.5435185185185185 0.746875 0.5296296296296297 0.7432291666666667 0.524074074074074 0.7359375 0.5212962962962963 0.7317708333333334 0.5287037037037037 0.7192708333333333 0.5361111111111111 0.70625 0.5592592592592592 0.6739583333333333 0.5990740740740741 0.6619791666666667 0.6194444444444445 0.6619791666666667 0.6296296296296297 0.6671875 0.6305555555555555 0.6807291666666667 0.6101851851851852 0.6901041666666666 0.6037037037037037 0.7182291666666667 0.5694444444444444 0.7359375 0.562037037037037
0 0.7802083333333333 0.6138888888888889 0.7765625 0.6037037037037037 0.7614583333333333 0.6018518518518519 0.7401041666666667 0.6111111111111112 0.7208333333333333 0.6083333333333333 0.6890625 0.6101851851851852 0.6854166666666667 0.6175925925925926 0.6807291666666667 0.6175925925925926 0.68125 0.6222222222222222 0.703125 0.6287037037037037 0.7651041666666667 0.6361111111111111 0.7739583333333333 0.6296296296296297 0.7791666666666667 0.6212962962962963 0.7802083333333333 0.6138888888888889
0 0.28177083333333336 0.5675925925925925 0.2838541666666667 0.5462962962962963 0.28802083333333334 0.5287037037037037 0.2869791666666667 0.5231481481481481 0.2828125 0.5231481481481481 0.28072916666666664 0.5268518518518519 0.2713541666666667 0.5546296296296296 0.25677083333333334 0.6212962962962963 0.24895833333333334 0.6407407407407407 0.24635416666666668 0.6537037037037037 0.246875 0.6759259259259259 0.2520833333333333 0.6824074074074075 0.25833333333333336 0.6796296296296296 0.2671875 0.6611111111111111 0.2713541666666667 0.6083333333333333 0.28177083333333336 0.5675925925925925
0 0.21458333333333332 0.5842592592592593 0.21666666666666667 0.5888888888888889 0.2234375 0.5935185185185186 0.22916666666666666 0.5888888888888889 0.23697916666666666 0.575 0.24114583333333334 0.5611111111111111 0.24479166666666666 0.4824074074074074 0.24427083333333333 0.44537037037037036 0.240625 0.4388888888888889 0.23802083333333332 0.4425925925925926 0.22916666666666666 0.5231481481481481 0.22552083333333334 0.5388888888888889 0.22083333333333333 0.5444444444444444 0.22135416666666666 0.5481481481481482 0.2140625 0.5685185185185185 0.21458333333333332 0.5842592592592593
0 0.5911458333333334 0.775 0.5916666666666667 0.7842592592592592 0.5875 0.7953703703703704 0.59375 0.8111111111111111 0.6020833333333333 0.850925925925926 0.6114583333333333 0.8518518518518519 0.61875 0.8453703703703703 0.6213541666666667 0.8203703703703704 0.6197916666666666 0.7907407407407407 0.5958333333333333 0.7481481481481481 0.5802083333333333 0.7388888888888889 0.5645833333333333 0.7351851851851852 0.5484375 0.7388888888888889 0.5286458333333334 0.762962962962963 0.528125 0.7703703703703704 0.5328125 0.7722222222222223 0.5442708333333334 0.7555555555555555 0.5609375 0.7555555555555555 0.5828125 0.7620370370370371 0.5911458333333334 0.775
0 0.803125 0.7759259259259259 0.8125 0.7518518518518519 0.8130208333333333 0.7435185185185185 0.8109375 0.7407407407407407 0.8067708333333333 0.7416666666666667 0.7984375 0.7583333333333333 0.7869791666666667 0.7666666666666667 0.771875 0.7925925925925926 0.7515625 0.8157407407407408 0.7421875 0.8305555555555556 0.7364583333333333 0.85 0.7354166666666667 0.8611111111111112 0.740625 0.8712962962962963 0.7479166666666667 0.875 0.7567708333333333 0.8648148148148148 0.771875 0.825925925925926 0.803125 0.7759259259259259
0 0.3074223958333333 0.09503425925925926 0.31264322916666665 0.07289537037037037 0.3226833333333333 0.060755555555555556 0.33473125 0.05432777777777778 0.34758229166666665 0.053613888888888885 0.3680640625 0.05147129629629629 0.36967031250000004 0.04361574074074074 0.3648515625 0.04147314814814815 0.34878750000000003 0.04004537037037037 0.3287072916666667 0.04004537037037037 0.3178640625 0.05004259259259259 0.3062171875 0.062183333333333334 0.29537395833333335 0.07003888888888889 0.287121875 0.08353888888888888 0.2853338541666667 0.08432222222222222 0.2785067708333333 0.09146296296296297 0.28131822916666666 0.10646018518518519 0.29135833333333333 0.11431574074074075 0.3074223958333333 0.09503425925925926
0 0.28412916666666665 0.18358796296296298 0.29135833333333333 0.20429814814814815 0.29497239583333335 0.2464324074074074 0.2973822916666667 0.2785685185185185 0.3038078125 0.3014212962962963 0.3050125 0.31927500000000003 0.31183958333333334 0.34284166666666666 0.31906874999999996 0.3371287037037037 0.3154541666666667 0.31498981481481486 0.3106348958333333 0.28785277777777774 0.31023333333333336 0.265 0.30943020833333335 0.24143333333333333 0.30782395833333337 0.21715277777777778 0.3018 0.1950138888888889 0.2997916666666667 0.1721611111111111 0.30099635416666665 0.1571648148148148 0.2993901041666666 0.1357398148148148 0.29216145833333335 0.12145740740740742 0.2816619791666667 0.11608333333333334 0.2748921875 0.1200287037037037 0.2716796875 0.14431018518518518 0.27730208333333334 0.17144722222222222 0.27690052083333333 0.18430185185185186 0.28412916666666665 0.18358796296296298
0 0.3074223958333333 0.17430370370370368 0.3122416666666667 0.14502407407407408 0.3218796875 0.12502777777777777 0.3323213541666667 0.11788611111111111 0.3399520833333333 0.08860648148148148 0.33794375 0.069325 0.333125 0.05647037037037037 0.3226833333333333 0.05789814814814815 0.31264322916666665 0.07575185185185185 0.3082255208333333 0.09360555555555555 0.30220156249999997 0.12431388888888888 0.29818541666666665 0.14645185185185186 0.2993901041666666 0.1585925925925926 0.3030046875 0.19215740740740742 0.3074223958333333 0.2242935185185185 0.30661875 0.20715462962962963 0.3074223958333333 0.17430370370370368
0 0.3074223958333333 0.2150101851851852 0.3098317708333333 0.24857500000000002 0.30902864583333334 0.28071111111111113 0.3146510416666667 0.30499166666666666 0.3178640625 0.3014212962962963 0.31826562500000005 0.28856666666666664 0.31746250000000004 0.2728555555555556 0.31987187499999997 0.24428981481481485 0.32228124999999996 0.2121537037037037 0.32469114583333336 0.18572962962962963 0.33071510416666666 0.16859074074074074 0.3359359375 0.14716666666666667 0.3359359375 0.12645648148148148 0.3308 0.11950925925925926 0.3275020833333333 0.11788611111111111 0.3162572916666667 0.13216944444444445 0.30862708333333333 0.1578787037037037 0.3062171875 0.18858703703703705 0.3074223958333333 0.2150101851851852
0 0.23312552083333332 0.19858425925925927 0.22910989583333335 0.2328638888888889 0.23352760416666665 0.23857685185185187 0.2403546875 0.2471462962962963 0.2435671875 0.22072314814814814 0.24517395833333333 0.18358796296296298 0.25200104166666665 0.1557361111111111 0.258025 0.1385962962962963 0.26003333333333334 0.11288796296296295 0.2584265625 0.09217777777777779 0.2495453125 0.08924814814814816 0.243165625 0.09431944444444444 0.2387484375 0.11431574074074075 0.239953125 0.13716851851851852 0.2387484375 0.1557361111111111 0.23312552083333332 0.19858425925925927
0 0.255615625 0.14073888888888889 0.24919010416666668 0.16716203703703703 0.24477239583333335 0.20072685185185185 0.24758333333333335 0.22357962962962963 0.2515994791666667 0.20144166666666666 0.2576234375 0.17430370370370368 0.2644505208333333 0.15645 0.272884375 0.1357398148148148 0.28131822916666666 0.11288796296296295 0.28212135416666667 0.09717685185185185 0.28453072916666666 0.08003703703703703 0.27890833333333337 0.07075277777777778 0.27328593749999996 0.0678962962962963 0.26977864583333333 0.05841666666666667 0.2700734375 0.07218148148148149 0.26605729166666664 0.07718055555555556 0.2584265625 0.09289166666666666 0.25963177083333333 0.11502962962962963 0.255615625 0.14073888888888889
0 0.22910989583333335 0.29964814814814816 0.23433072916666667 0.3189296296296296 0.24075625 0.34035462962962965 0.25280416666666666 0.36606388888888886 0.2640489583333333 0.387487962962963 0.27328593749999996 0.40605555555555556 0.2805151041666667 0.4010564814814815 0.27690052083333333 0.3867731481481481 0.26766354166666667 0.37249074074074073 0.2692697916666667 0.3617787037037037 0.25280416666666666 0.34035462962962965 0.24517395833333333 0.3182157407407407 0.24276406250000002 0.2903638888888889 0.24276406250000002 0.2760814814814815 0.239953125 0.2568 0.23392916666666666 0.24108888888888888 0.22320989583333334 0.23313055555555556 0.21545520833333331 0.23751759259259259 0.2138489583333333 0.24822962962962966 0.21545520833333331 0.26037037037037036 0.21826666666666666 0.2760814814814815 0.2238890625 0.29250648148148145 0.22910989583333335 0.29964814814814816
0 0.6124848958333333 0.5148805555555556 0.6124848958333333 0.5424925925925926 0.6128223958333333 0.5815111111111112 0.6182234375 0.5917157407407407 0.6199114583333334 0.5635027777777778 0.6182234375 0.528687037037037 0.6182234375 0.5082768518518518 0.6199114583333334 0.48546666666666666 0.6209239583333334 0.46385648148148145 0.6212614583333332 0.44704814814814814 0.6182234375 0.4260388888888889 0.6124848958333333 0.42243703703703706 0.606328125 0.4258453703703704 0.6030328125000001 0.43744351851851854 0.6033703125 0.45545277777777776 0.6064083333333333 0.46865833333333334 0.6097838541666667 0.4866666666666667 0.6124848958333333 0.5148805555555556
0 0.6229494791666668 0.6019203703703704 0.624975 0.5923166666666667 0.6239619791666667 0.5695055555555556 0.6276755208333333 0.5575 0.6293630208333333 0.5334888888888889 0.6297005208333334 0.5148805555555556 0.6307135416666667 0.49927314814814816 0.6354395833333334 0.48546666666666666 0.6384776041666667 0.476462037037037 0.6388151041666668 0.4656574074074074 0.6391526041666666 0.45425185185185185 0.6364520833333334 0.4434472222222222 0.6290255208333334 0.43984537037037036 0.6219364583333333 0.4488490740740741 0.6195734374999999 0.46205555555555555 0.6202489583333333 0.48306574074074077 0.6188984375000001 0.5058759259259259 0.6172104166666668 0.5292870370370371 0.6199114583333334 0.5526981481481481 0.6185609375 0.5731074074074074 0.6175484375 0.5941175925925927 0.6229494791666668 0.6019203703703704
0 0.6948229166666666 0.8344518518518518 0.7066796875 0.8189898148148148 0.7165604166666667 0.8063388888888889 0.7169557291666667 0.7880657407407408 0.7118177083333334 0.7873629629629629 0.707075 0.8000138888888889 0.6940322916666666 0.8168814814814814 0.68555625 0.8188675925925926 0.6738755208333332 0.8161787037037037 0.6612281249999999 0.8232064814814815 0.6533234375 0.8400740740740741 0.66201875 0.8583472222222223 0.6805942708333333 0.8499129629629629 0.6948229166666666 0.8344518518518518
0 0.6280286458333334 0.8646722222222222 0.6430473958333334 0.85905 0.6549041666666666 0.8548333333333333 0.6541140624999999 0.8442907407407407 0.6363286458333334 0.8471018518518518 0.6197286458333333 0.8499129629629629 0.6098479166666666 0.852725 0.5940385416666667 0.8597527777777778 0.5857390625 0.8625638888888888 0.5719057291666666 0.8688888888888888 0.5724031249999999 0.870562962962963 0.5667677083333333 0.880837037037037 0.5715104166666667 0.8970018518518518 0.5825770833333334 0.8991101851851852 0.5972005208333333 0.8885685185185185 0.6122192708333334 0.874512037037037 0.6280286458333334 0.8646722222222222
0 0.7066796875 0.8836481481481482 0.71379375 0.8913796296296297 0.7209078125 0.8948935185185185 0.7284171875 0.8927851851851851 0.7351364583333333 0.8829453703703704 0.7351364583333333 0.8738092592592593 0.7335552083333333 0.8660777777777778 0.7319744791666667 0.8618611111111111 0.7276270833333334 0.856238888888889 0.7201177083333333 0.8513194444444444 0.7122130208333334 0.8506157407407408 0.70549375 0.8506157407407408 0.6967989583333334 0.8506157407407408 0.6888942708333333 0.8499129629629629 0.6813848958333334 0.8485074074074075 0.6671567708333334 0.852725 0.6604375 0.8569416666666666 0.6509520833333333 0.865375 0.6422567708333333 0.8688888888888888 0.6418619791666667 0.8695925925925926 0.647 0.8752148148148148 0.6513473958333333 0.8794314814814814 0.6632041666666667 0.8702953703703703 0.6711088541666667 0.8695925925925926 0.6801989583333333 0.8695925925925926 0.6853369791666667 0.8709981481481481 0.7027276041666667 0.8766203703703703 0.7066796875 0.8836481481481482
