0 0.30364583333333334 0.13703703703703704 0.3026041666666667 0.14629629629629629 0.30625 0.15555555555555556 0.3177083333333333 0.16944444444444445 0.3927083333333333 0.22870370370370371 0.40677083333333336 0.2388888888888889 0.41875 0.24166666666666667 0.425 0.23703703703703705 0.4265625 0.23148148148148148 0.4244791666666667 0.22407407407407406 0.36666666666666664 0.1787037037037037 0.34739583333333335 0.1574074074074074 0.3296875 0.13148148148148148 0.3104166666666667 0.12407407407407407
0 0.2390625 0.4425925925925926 0.23958333333333334 0.45925925925925926 0.24375 0.46296296296296297 0.24739583333333334 0.4601851851851852 0.2520833333333333 0.44537037037037036 0.2635416666666667 0.42314814814814816 0.2786458333333333 0.37037037037037035 0.30625 0.3175925925925926 0.3140625 0.3111111111111111 0.3229166666666667 0.27870370370370373 0.32447916666666665 0.25925925925925924 0.3223958333333333 0.25555555555555554 0.3104166666666667 0.24537037037037038 0.29322916666666665 0.2740740740740741 0.2890625 0.2851851851851852 0.28854166666666664 0.2962962962962963 0.2838541666666667 0.3148148148148148 0.25104166666666666 0.3907407407407407 0.24479166666666666 0.42407407407407405
0 0.4354166666666667 0.30277777777777776 0.4322916666666667 0.3148148148148148 0.4125 0.3472222222222222 0.42083333333333334 0.37962962962962965 0.4234375 0.37962962962962965 0.4265625 0.3712962962962963 0.44166666666666665 0.362962962962963 0.44947916666666665 0.35462962962962963 0.5020833333333333 0.2777777777777778 0.515625 0.24444444444444444 0.5166666666666667 0.225 0.5213541666666667 0.20092592592592592 0.5197916666666667 0.18888888888888888 0.5177083333333333 0.18611111111111112 0.5125 0.18888888888888888 0.5041666666666667 0.2222222222222222 0.4713541666666667 0.2851851851851852 0.4479166666666667 0.30925925925925923 0.44375 0.3111111111111111 0.4390625 0.30185185185185187
0 0.5203125 0.24351851851851852 0.5197916666666667 0.25462962962962965 0.5229166666666667 0.2638888888888889 0.5401041666666667 0.27314814814814814 0.5610322916666667 0.26851851851851855 0.6072916666666667 0.26851851851851855 0.6192708333333333 0.26666666666666666 0.621875 0.26296296296296295 0.6536458333333334 0.26481481481481484 0.6614583333333334 0.25555555555555554 0.6578125 0.25555555555555554 0.6557291666666667 0.25 0.6505208333333333 0.24722222222222223 0.5677083333333334 0.2351851851851852 0.5479166666666667 0.225 0.5302083333333333 0.22777777777777777 0.5223958333333333 0.23425925925925925
0 0.5609375 0.08703703703703704 0.5604166666666667 0.11388888888888889 0.5635416666666667 0.13425925925925927 0.6161458333333333 0.2462962962962963 0.6182291666666667 0.25 0.6385416666666667 0.2564814814814815 0.65 0.2722222222222222 0.6536458333333334 0.2712962962962963 0.6552083333333333 0.2675925925925926 0.6536458333333334 0.2611111111111111 0.6479166666666667 0.24814814814814815 0.6260416666666667 0.2074074074074074 0.6098958333333333 0.18611111111111112 0.5979166666666667 0.16018518518518518 0.5859375 0.1037037037037037 0.5755208333333334 0.07777777777777778 0.5682291666666667 0.07962962962962963
0 0.5947916666666667 0.12314814814814815 0.5927083333333333 0.12685185185185185 0.5932291666666667 0.13425925925925927 0.5973958333333333 0.1388888888888889 0.6109375 0.1259259259259259 0.615625 0.12685185185185185 0.65 0.11203703703703703 0.6880208333333333 0.11296296296296296 0.703125 0.10185185185185185 0.7072916666666667 0.09444444444444444 0.7083333333333334 0.08333333333333333 0.70625 0.07407407407407407 0.703125 0.0712962962962963 0.6770833333333334 0.07222222222222222 0.6661458333333333 0.0824074074074074 0.6307291666666667 0.08981481481481482 0.615625 0.09722222222222222 0.6083333333333333 0.10277777777777777
0 0.659375 0.21851851851851853 0.6588541666666666 0.225 0.6614583333333334 0.23333333333333334 0.6682291666666667 0.2324074074074074 0.6796875 0.2101851851851852 0.7223958333333333 0.14722222222222223 0.7395833333333334 0.13240740740740742 0.7609375 0.12407407407407407 0.7682291666666666 0.11574074074074074 0.7802083333333333 0.09259259259259259 0.7765625 0.07592592592592592 0.7666666666666667 0.06574074074074074 0.7520833333333333 0.07777777777777778 0.7223958333333333 0.11018518518518519 0.7140625 0.12314814814814815 0.6895833333333333 0.14722222222222223 0.6734375 0.17685185185185184 0.66875 0.19722222222222222
0 0.6307291666666667 0.6129629629629629 0.6302083333333334 0.6222222222222222 0.6354166666666666 0.6212962962962963 0.6635416666666667 0.5953703703703703 0.6984375 0.5518518518518518 0.725 0.5296296296296297 0.7338541666666667 0.512962962962963 0.7380208333333333 0.49907407407407406 0.728125 0.48055555555555557 0.7161458333333334 0.4898148148148148 0.6838541666666667 0.5361111111111111 0.6536458333333334 0.5703703703703704
0 0.8255208333333334 0.5287037037037037 0.8166666666666667 0.6435185185185185 0.8109375 0.6851851851851852 0.8078125 0.6944444444444444 0.8010416666666667 0.7518518518518519 0.8135416666666667 0.7648148148148148 0.8296875 0.7592592592592593 0.8401041666666667 0.7055555555555556 0.8401041666666667 0.6648148148148149 0.8473958333333333 0.5814814814814815 0.8489583333333334 0.5083333333333333 0.8520833333333333 0.4861111111111111 0.8494791666666667 0.46944444444444444 0.8453125 0.46944444444444444 0.8369791666666667 0.4861111111111111 0.83125 0.512962962962963
0 0.2869791666666667 0.5314814814814814 0.290625 0.5546296296296296 0.3109375 0.5574074074074075 0.3359375 0.5435185185185185 0.36666666666666664 0.5407407407407407 0.3885416666666667 0.5333333333333333 0.39427083333333335 0.5268518518518519 0.40989583333333335 0.5194444444444445 0.41302083333333334 0.5083333333333333 0.4114583333333333 0.5046296296296297 0.4041666666666667 0.5027777777777778 0.3796875 0.5055555555555555 0.3489583333333333 0.5185185185185185 0.3125 0.5157407407407407 0.3020833333333333 0.5185185185185185
0 0.2453125 0.5685185185185185 0.24479166666666666 0.5842592592592593 0.24635416666666668 0.587037037037037 0.26666666666666666 0.6027777777777777 0.28020833333333334 0.6037037037037037 0.3260416666666667 0.6203703703703703 0.33880208333333334 0.6185185185185185 0.3489583333333333 0.625 0.353125 0.6203703703703703 0.3536458333333333 0.6148148148148148 0.3494791666666667 0.6064814814814815 0.3390625 0.6027777777777777 0.32708333333333334 0.5916666666666667 0.2859375 0.5777777777777777 0.2786458333333333 0.5675925925925925 0.24791666666666667 0.5583333333333333
0 0.5166666666666667 0.6546296296296297 0.5161458333333333 0.6611111111111111 0.525 0.6759259259259259 0.5328125 0.6824074074074075 0.5442708333333334 0.6851851851851852 0.5609375 0.700925925925926 0.5723958333333333 0.7166666666666667 0.5921875 0.7324074074074074 0.6109375 0.7398148148148148 0.6109375 0.7342592592592593 0.6072916666666667 0.7287037037037037 0.6036458333333333 0.7277777777777777 0.5916666666666667 0.7083333333333334 0.5598958333333334 0.6768518518518518 0.5479166666666667 0.6601851851851852 0.5442708333333334 0.6509259259259259 0.5286458333333334 0.6425925925925926 0.5208333333333334 0.6435185185185185
0 0.4432291666666667 0.5814814814814815 0.4427083333333333 0.5907407407407408 0.45 0.6138888888888889 0.4515625 0.6333333333333333 0.47291666666666665 0.7425925925925926 0.47239583333333335 0.7703703703703704 0.4744791666666667 0.7861111111111111 0.4859375 0.8194444444444444 0.4973958333333333 0.8175925925925925 0.5036458333333333 0.8092592592592592 0.5020833333333333 0.7787037037037037 0.5 0.762962962962963 0.49114583333333334 0.7351851851851852 0.47604166666666664 0.6425925925925926 0.4552083333333333 0.5842592592592593 0.4484375 0.5777777777777777
0 0.4041666666666667 0.8824074074074074 0.4046875 0.8962962962962963 0.40677083333333336 0.9 0.41875 0.9037037037037037 0.428125 0.9 0.43854166666666666 0.8898148148148148 0.4828125 0.8805555555555555 0.48802083333333335 0.8722222222222222 0.48802083333333335 0.8648148148148148 0.47552083333333334 0.8629629629629629 0.4296875 0.8675925925925926 0.42604166666666665 0.8648148148148148 0.4119791666666667 0.8731481481481481
0 0.26145833333333335 0.7981481481481482 0.26458333333333334 0.8185185185185185 0.2869791666666667 0.8583333333333333 0.321875 0.8907407407407407 0.3729166666666667 0.9212962962962963 0.3927083333333333 0.9212962962962963 0.4036458333333333 0.9296296296296296 0.41458333333333336 0.9287037037037037 0.4171875 0.924074074074074 0.4161458333333333 0.9148148148148149 0.4114583333333333 0.9064814814814814 0.39791666666666664 0.8972222222222223 0.3875 0.8842592592592593 0.3453125 0.8629629629629629 0.32083333333333336 0.8351851851851851 0.30364583333333334 0.8037037037037037 0.2833333333333333 0.7796296296296297 0.2713541666666667 0.7759259259259259 0.26510416666666664 0.7851851851851852
0 0.2682291666666667 0.7194444444444444 0.2677083333333333 0.7351851851851852 0.27395833333333336 0.7490740740740741 0.28854166666666664 0.7555555555555555 0.30520833333333336 0.7555555555555555 0.31979166666666664 0.7509259259259259 0.3416666666666667 0.7518518518518519 0.3651041666666667 0.7675925925925926 0.38229166666666664 0.7870370370370371 0.3890625 0.8018518518518518 0.3927083333333333 0.8027777777777778 0.3890625 0.7824074074074074 0.3765625 0.7518518518518519 0.3572916666666667 0.7342592592592593 0.3302083333333333 0.7194444444444444 0.3171875 0.7185185185185186 0.3026041666666667 0.7074074074074074 0.2703125 0.712037037037037
0 0.4734375 0.8953703703703704 0.47291666666666665 0.9046296296296297 0.48125 0.9046296296296297 0.4984375 0.887962962962963 0.5171875 0.8564814814814815 0.5395833333333333 0.7925925925925926 0.55 0.7722222222222223 0.5541666666666667 0.7518518518518519 0.553125 0.7351851851851852 0.5447916666666667 0.725925925925926 0.540625 0.725925925925926 0.5302083333333333 0.7435185185185185 0.5234375 0.762962962962963 0.5213541666666667 0.787962962962963 0.5130208333333334 0.8194444444444444 0.4890625 0.8648148148148148 0.4822916666666667 0.8824074074074074
0 0.7720197916666667 0.8694583333333333 0.7945130208333333 0.8228101851851852 0.8047875 0.7880527777777777 0.8008104166666666 0.7809833333333334 0.8077708333333333 0.7792166666666667 0.8193713541666666 0.7621324074074074 0.8319661458333333 0.7615435185185185 0.8395890625 0.773325 0.8435661458333333 0.7615435185185185 0.841909375 0.7250185185185185 0.8482067708333333 0.7574194444444444 0.8435661458333333 0.7750925925925927 0.8521838541666666 0.7851074074074075 0.847875 0.8251666666666666 0.8468807291666667 0.786875 0.8438979166666667 0.7874638888888889 0.8458864583333334 0.8110277777777778 0.8389260416666667 0.8151518518518519 0.8412463541666667 0.7839296296296296 0.8256687500000001 0.8122064814814814 0.8071078125 0.8363592592592592 0.7892098958333332 0.8669925925925925 0.766671875 0.9123537037037037 0.7434708333333333 0.929437962962963 0.734521875 0.9241361111111112 0.7643515625 0.8929138888888889 0.7746265625 0.8675824074074074
0 0.7252411458333333 0.8858444444444444 0.7196067708333334 0.8988046296296296 0.7232526041666667 0.9152990740740741 0.7292187499999999 0.9235472222222223 0.7394932291666667 0.938275 0.7570598958333333 0.9423981481481482 0.7457906249999999 0.9359185185185186 0.735184375 0.9206018518518518 0.76136875 0.8946805555555556 0.7746265625 0.8634583333333333 0.7961703124999999 0.8175083333333333 0.8037932291666666 0.7909981481481482 0.7951755208333334 0.7833398148148147 0.7998161458333333 0.7538851851851852 0.7928557291666666 0.7468157407407408 0.7865583333333334 0.759187037037037 0.7855640625 0.7856962962962963 0.7812552083333333 0.7980675925925926 0.771975 0.8381268518518519 0.7640203125 0.8569777777777777 0.7484421875 0.8681712962962963 0.7255729166666666 0.8882009259259259
0 0.5933536458333334 0.8484768518518518 0.6051494791666666 0.8649083333333333 0.6149473958333334 0.8751175925925926 0.6173125 0.8817231481481481 0.6132583333333332 0.8919324074074074 0.6176505208333333 0.9045435185185186 0.6068385416666667 0.9285648148148148 0.5902828125 0.9345703703703704 0.6081901041666666 0.9357712962962963 0.614271875 0.9435777777777777 0.6146098958333333 0.9279648148148149 0.6196776041666666 0.9123509259259259 0.6497484375 0.9237601851851851 0.6632635416666666 0.9291657407407408 0.6615739583333333 0.9189564814814815 0.7038083333333333 0.9033425925925926 0.7227291666666668 0.8865277777777778 0.7487453125 0.8673101851851852 0.7653010416666667 0.854099074074074 0.7808432291666667 0.8210694444444444 0.7778026041666667 0.813262037037037 0.7686796875 0.8156648148148148 0.7578677083333333 0.8312787037037036 0.7480697916666668 0.8294768518518519 0.7223911458333333 0.8601037037037037 0.6980645833333334 0.869112037037037 0.6592088541666666 0.8685111111111111 0.6625875 0.8480935185185186 0.6473833333333334 0.8637074074074074 0.6294760416666667 0.8673101851851852 0.6210291666666666 0.8715138888888889 0.608528125 0.8553000000000001 0.6004192708333334 0.8438898148148147 0.6048114583333334 0.8607046296296297
0 0.5163010416666667 0.8619944444444444 0.5176401041666667 0.8751175925925926 0.5223703125 0.8817231481481481 0.5311552083333333 0.8733157407407408 0.5453458333333334 0.8685111111111111 0.5544682291666666 0.8679111111111112 0.5561578125000001 0.8739166666666667 0.5740651041666667 0.8715138888888889 0.5906208333333333 0.8727157407407408 0.6037979166666666 0.8709138888888889 0.6098796875 0.8703129629629629 0.6183260416666666 0.8799212962962963 0.6102171875 0.897937962962963 0.5929859375 0.9015407407407408 0.5737270833333333 0.9021416666666666 0.557509375 0.9093481481481481 0.5598744791666667 0.9183555555555555 0.5497380208333333 0.9159537037037038 0.5372369791666666 0.9153527777777778 0.5274385416666667 0.9129509259259259 0.5243973958333333 0.9099481481481482 0.5254109375 0.9195564814814815 0.5328442708333333 0.9411759259259259 0.5250734375 0.939975 0.5193296875000001 0.9171546296296297 0.5213567708333333 0.9057444444444444 0.5173020833333334 0.8943342592592592 0.5183156250000001 0.8847259259259259 0.5129098958333334 0.8703129629629629
