0 0.28177083333333336 0.47685185185185186 0.278125 0.48518518518518516 0.2786458333333333 0.4935185185185185 0.284375 0.5009259259259259 0.2947916666666667 0.49907407407407406 0.31354166666666666 0.4824074074074074 0.3359375 0.4703703703703704 0.3494791666666667 0.4583333333333333 0.3619791666666667 0.4546296296296296 0.3640625 0.44722222222222224 0.3614583333333333 0.44351851851851853 0.35885416666666664 0.44351851851851853 0.3458333333333333 0.44907407407407407 0.3416666666666667 0.44722222222222224 0.3145833333333333 0.46296296296296297 0.3046875 0.4648148148148148 0.2984375 0.4601851851851852 0.28177083333333336 0.47685185185185186
0 0.23854166666666668 0.75 0.23645833333333333 0.7601851851851852 0.23645833333333333 0.7657407407407407 0.23958333333333334 0.7731481481481481 0.24791666666666667 0.7759259259259259 0.25885416666666666 0.7620370370370371 0.26510416666666664 0.7490740740740741 0.26614583333333336 0.737037037037037 0.27395833333333336 0.7138888888888889 0.28854166666666664 0.6888888888888889 0.29583333333333334 0.6703703703703704 0.30625 0.6537037037037037 0.30625 0.6462962962962963 0.303125 0.6425925925925926 0.3020833333333333 0.6425925925925926 0.2984375 0.6453703703703704 0.284375 0.6694444444444444 0.2786458333333333 0.6731481481481482 0.2515625 0.725925925925926 0.24739583333333334 0.7277777777777777 0.23854166666666668 0.75
0 0.3328125 0.6805555555555556 0.3333333333333333 0.6925925925925925 0.3375 0.6990740740740741 0.34270833333333334 0.7 0.3458333333333333 0.6972222222222222 0.35520833333333335 0.6731481481481482 0.35572916666666665 0.6527777777777778 0.3619791666666667 0.6231481481481481 0.3723958333333333 0.5925925925925926 0.3765625 0.5851851851851851 0.378125 0.5712962962962963 0.38333333333333336 0.5555555555555556 0.384375 0.5472222222222223 0.3807291666666667 0.5416666666666666 0.3802083333333333 0.5416666666666666 0.3770833333333333 0.5444444444444444 0.37083333333333335 0.5657407407407408 0.3578125 0.5953703703703703 0.3463541666666667 0.637962962962963 0.3375 0.6537037037037037 0.3328125 0.6805555555555556
0 0.22135416666666666 0.5157407407407407 0.22291666666666668 0.5287037037037037 0.2265625 0.5398148148148149 0.23177083333333334 0.5481481481481482 0.23645833333333333 0.549074074074074 0.24010416666666667 0.5472222222222223 0.24270833333333333 0.5416666666666666 0.24375 0.5157407407407407 0.23489583333333333 0.4703703703703704 0.234375 0.44814814814814813 0.23020833333333332 0.41203703703703703 0.23072916666666668 0.3990740740740741 0.228125 0.3925925925925926 0.228125 0.3768518518518518 0.225 0.37407407407407406 0.22291666666666668 0.37407407407407406 0.21979166666666666 0.3787037037037037 0.22083333333333333 0.40185185185185185 0.21927083333333333 0.41944444444444445 0.21979166666666666 0.46111111111111114 0.221875 0.48703703703703705 0.22135416666666666 0.5157407407407407
0 0.23541666666666666 0.3972222222222222 0.23802083333333332 0.40185185185185185 0.24322916666666666 0.4046296296296296 0.253125 0.39814814814814814 0.2546875 0.39351851851851855 0.25833333333333336 0.39537037037037037 0.2578125 0.3990740740740741 0.2546875 0.4 0.30104166666666665 0.4046296296296296 0.31302083333333336 0.3962962962962963 0.3177083333333333 0.38796296296296295 0.3171875 0.375 0.3145833333333333 0.3685185185185185 0.3098958333333333 0.3648148148148148 0.30520833333333336 0.3648148148148148 0.2953125 0.36944444444444446 0.2833333333333333 0.3814814814814815 0.2682291666666667 0.38796296296296295 0.2640625 0.38425925925925924 0.2557291666666667 0.3861111111111111 0.23541666666666666 0.3972222222222222
0 0.3958333333333333 0.8481481481481481 0.4 0.8537037037037037 0.4083333333333333 0.8518518518518519 0.41354166666666664 0.837037037037037 0.4161458333333333 0.8175925925925925 0.4161458333333333 0.7768518518518519 0.4234375 0.7333333333333333 0.42604166666666665 0.6935185185185185 0.425 0.6851851851851852 0.421875 0.6851851851851852 0.4192708333333333 0.6898148148148148 0.41822916666666665 0.700925925925926 0.4140625 0.7157407407407408 0.3963541666666667 0.8157407407407408 0.39479166666666665 0.8425925925925926 0.3958333333333333 0.8481481481481481
0 0.4973958333333333 0.7111111111111111 0.5052083333333334 0.7166666666666667 0.5109375 0.7092592592592593 0.5166666666666667 0.6861111111111111 0.5166666666666667 0.6388888888888888 0.5223958333333333 0.5777777777777777 0.5255208333333333 0.5592592592592592 0.525 0.549074074074074 0.5229166666666667 0.5472222222222223 0.5208333333333334 0.5472222222222223 0.5171875 0.5564814814814815 0.5166666666666667 0.5666666666666667 0.5088541666666667 0.6055555555555555 0.50625 0.6351851851851852 0.49583333333333335 0.6842592592592592 0.4973958333333333 0.7111111111111111
0 0.6057291666666667 0.762962962962963 0.6078125 0.7546296296296297 0.6078125 0.7509259259259259 0.6010416666666667 0.7388888888888889 0.5947916666666667 0.7324074074074074 0.5755208333333334 0.725925925925926 0.5515625 0.712037037037037 0.5302083333333333 0.7064814814814815 0.5268229166666667 0.7064814814814815 0.5213541666666667 0.7074074074074074 0.5213541666666667 0.7157407407407408 0.5692708333333333 0.7444444444444445 0.5869791666666667 0.7648148148148148 0.6020833333333333 0.7675925925925926 0.6057291666666667 0.762962962962963
0 0.4453125 0.6194444444444445 0.45 0.6268518518518519 0.45625 0.6259259259259259 0.46927083333333336 0.5990740740740741 0.46770833333333334 0.587037037037037 0.48385416666666664 0.5092592592592593 0.4869791666666667 0.48703703703703705 0.4864583333333333 0.47685185185185186 0.4859375 0.4759259259259259 0.4822916666666667 0.4777777777777778 0.48020833333333335 0.4824074074074074 0.46041666666666664 0.5638888888888889 0.4484375 0.5916666666666667 0.44583333333333336 0.6046296296296296 0.4453125 0.6194444444444445
0 0.6776041666666667 0.712037037037037 0.6770833333333334 0.7416666666666667 0.6755208333333333 0.7509259259259259 0.6755208333333333 0.7601851851851852 0.6770833333333334 0.7638888888888888 0.68125 0.7638888888888888 0.684375 0.7546296296296297 0.6854166666666667 0.7435185185185185 0.6916666666666667 0.7231481481481481 0.7010416666666667 0.6638888888888889 0.7088541666666667 0.6351851851851852 0.709375 0.6083333333333333 0.7072916666666667 0.5990740740740741 0.7036458333333333 0.5953703703703703 0.7010416666666667 0.5953703703703703 0.6958333333333333 0.5953703703703703 0.6932291666666667 0.5990740740740741 0.6932291666666667 0.6046296296296296 0.6869791666666667 0.6277777777777778 0.6880208333333333 0.6537037037037037 0.6776041666666667 0.712037037037037
0 0.5880208333333333 0 0.5859375 0.004629629629629629 0.5791666666666667 0.04537037037037037 0.5802083333333333 0.06018518518518518 0.571875 0.13703703703703704 0.5703125 0.17037037037037037 0.5682291666666667 0.1787037037037037 0.5708333333333333 0.20277777777777778 0.5692708333333333 0.22685185185185186 0.571875 0.23333333333333334 0.575 0.2351851851851852 0.578125 0.23333333333333334 0.5807291666666666 0.22592592592592592 0.5807291666666666 0.2037037037037037 0.5838541666666667 0.1935185185185185 0.5885416666666666 0.12962962962962962 0.5921875 0.10185185185185185 0.6052083333333333 0.04814814814814815 0.60625 0.024074074074074074 0.6046875 0.005555555555555556 0.6 0 0.5970052083333334 0 0.5880208333333333 0
0 0.5567708333333333 0.4148148148148148 0.5598958333333334 0.40925925925925927 0.5598958333333334 0.39351851851851855 0.5588541666666667 0.3592592592592593 0.5546875 0.33055555555555555 0.5552083333333333 0.2777777777777778 0.5515625 0.2574074074074074 0.5484375 0.25555555555555554 0.546875 0.25555555555555554 0.5411458333333333 0.2574074074074074 0.5390625 0.262037037037037 0.5369791666666667 0.29907407407407405 0.5416666666666666 0.3111111111111111 0.5526041666666667 0.4101851851851852 0.5567708333333333 0.4148148148148148
0 0.43645833333333334 0.48703703703703705 0.4390625 0.4898148148148148 0.4427083333333333 0.48518518518518516 0.47760416666666666 0.4074074074074074 0.48489583333333336 0.39444444444444443 0.5 0.3768518518518518 0.5057291666666667 0.36018518518518516 0.5078125 0.3416666666666667 0.5026041666666666 0.3333333333333333 0.4984375 0.33240740740740743 0.4979166666666667 0.3314814814814815 0.49166666666666664 0.337037037037037 0.4822916666666667 0.35185185185185186 0.4765625 0.37407407407407406 0.4666666666666667 0.39444444444444443 0.4359375 0.4787037037037037 0.43645833333333334 0.48703703703703705
0 0.4005208333333333 0.4787037037037037 0.40520833333333334 0.4787037037037037 0.409375 0.4740740740740741 0.4109375 0.4666666666666667 0.4088541666666667 0.44722222222222224 0.40572916666666664 0.4351851851851852 0.39739583333333334 0.41759259259259257 0.38177083333333334 0.3574074074074074 0.37604166666666666 0.34629629629629627 0.3692708333333333 0.32592592592592595 0.3671875 0.32592592592592595 0.3645833333333333 0.3296296296296296 0.3651041666666667 0.3351851851851852 0.38385416666666666 0.4212962962962963 0.38958333333333334 0.45925925925925926 0.3963541666666667 0.4740740740740741 0.4005208333333333 0.4787037037037037
0 0.5916666666666667 0.48333333333333334 0.5880208333333333 0.4898148148148148 0.5911458333333334 0.4935185185185185 0.6338541666666667 0.4861111111111111 0.6541666666666667 0.4861111111111111 0.6614583333333334 0.49074074074074076 0.6723958333333333 0.4898148148148148 0.6822916666666666 0.48148148148148145 0.684375 0.4759259259259259 0.684375 0.4685185185185185 0.6817708333333333 0.46111111111111114 0.671875 0.4564814814814815 0.6685765625 0.4564814814814815 0.6619791666666667 0.4564814814814815 0.6494791666666667 0.4638888888888889 0.6270833333333333 0.4703703703703704 0.6145833333333334 0.4703703703703704 0.6026041666666667 0.47962962962962963 0.5916666666666667 0.48333333333333334
0 0.40625 0.1814814814814815 0.40729166666666666 0.19166666666666668 0.40989583333333335 0.1962962962962963 0.4192708333333333 0.19814814814814816 0.425 0.18518518518518517 0.43697916666666664 0.12314814814814815 0.4421875 0.1111111111111111 0.44166666666666665 0.10648148148148148 0.44427083333333334 0.10277777777777777 0.44375 0.09907407407407408 0.4473958333333333 0.08796296296296297 0.44895833333333335 0.075 0.45677083333333335 0.05555555555555555 0.4552083333333333 0.04537037037037037 0.45364583333333336 0.04537037037037037 0.4510416666666667 0.04722222222222222 0.4395833333333333 0.07962962962962963 0.4348958333333333 0.08703703703703704 0.4244791666666667 0.12407407407407407 0.4109375 0.1574074074074074 0.40625 0.1814814814814815
0 0.45416666666666666 0.23981481481481481 0.4588541666666667 0.2361111111111111 0.4583333333333333 0.22870370370370371 0.4552083333333333 0.22407407407407406 0.44635416666666666 0.2212962962962963 0.4390625 0.21296296296296297 0.425 0.2074074074074074 0.4171875 0.2 0.39895833333333336 0.19907407407407407 0.3734375 0.18518518518518517 0.3703125 0.18518518518518517 0.36302083333333335 0.1962962962962963 0.3625 0.20555555555555555 0.36614583333333334 0.21574074074074073 0.37447916666666664 0.22314814814814815 0.40572916666666664 0.22407407407407406 0.45416666666666666 0.23981481481481481
0 0.3489583333333333 0.22314814814814815 0.3494791666666667 0.23055555555555557 0.353125 0.23333333333333334 0.35885416666666664 0.2212962962962963 0.35833333333333334 0.21481481481481482 0.3625 0.20925925925925926 0.3651041666666667 0.19722222222222222 0.365625 0.17314814814814813 0.3697916666666667 0.13796296296296295 0.3807291666666667 0.0962962962962963 0.3796875 0.07037037037037037 0.3776041666666667 0.06481481481481481 0.3729166666666667 0.062037037037037036 0.3692708333333333 0.062037037037037036 0.3645833333333333 0.06944444444444445 0.35989583333333336 0.09537037037037037 0.3609375 0.11666666666666667 0.3536458333333333 0.16944444444444445 0.35260416666666666 0.2064814814814815 0.3489583333333333 0.22314814814814815
0 0.6932291666666667 0.287962962962963 0.7015625 0.28425925925925927 0.703125 0.2740740740740741 0.6989583333333333 0.25833333333333336 0.6890625 0.24166666666666667 0.6848958333333334 0.24074074074074073 0.6697916666666667 0.2212962962962963 0.6588541666666666 0.1962962962962963 0.6536458333333334 0.18981481481481483 0.6463541666666667 0.16111111111111112 0.64375 0.15925925925925927 0.6421875 0.15925925925925927 0.6401041666666667 0.16944444444444445 0.6458333333333334 0.20555555555555555 0.6552083333333333 0.22777777777777777 0.6630208333333333 0.23796296296296296 0.6864583333333333 0.28055555555555556 0.6932291666666667 0.287962962962963
0 0.6682291666666667 0.8157407407407408 0.6734375 0.8212962962962963 0.7322916666666667 0.8240740740740741 0.7515625 0.8314814814814815 0.7671875 0.8287037037037037 0.76875 0.8212962962962963 0.7671875 0.8055555555555556 0.7583333333333333 0.7972222222222223 0.7484375 0.7944444444444444 0.7447916666666666 0.7944444444444444 0.728125 0.8009259259259259 0.6921875 0.8018518518518518 0.68125 0.8074074074074075 0.6708333333333333 0.8083333333333333 0.66875 0.8101851851851852 0.6682291666666667 0.8157407407407408
0 0.74348125 0.33540740740740743 0.7492338541666667 0.3431703703703704 0.7597473958333333 0.3622268518518518 0.7676817708333333 0.37881296296296296 0.7772036458333333 0.39751574074074075 0.7906927083333334 0.42962962962962964 0.7964453125 0.4437453703703704 0.8069588541666667 0.4680944444444444 0.8164802083333333 0.4776222222222222 0.8230265625000001 0.47303518518518517 0.8262005208333334 0.45891944444444444 0.8216380208333334 0.44409814814814813 0.8168770833333333 0.4313935185185185 0.8077520833333334 0.41516111111111115 0.7918828125 0.38269444444444445 0.7805760416666666 0.36116851851851856 0.7666901041666667 0.3445824074074074 0.7551848958333333 0.33008333333333334 0.7533994791666667 0.32482037037037037 0.7516140625 0.3198796296296297 0.7416958333333333 0.313175 0.7365380208333333 0.32376203703703704 0.74348125 0.33540740740740743
0 0.8162817708333333 0.5252629629629629 0.8194557291666666 0.5019722222222223 0.8109260416666667 0.4769166666666667 0.804975 0.4638601851851852 0.7946598958333334 0.4430388888888889 0.7861302083333332 0.418337037037037 0.7779968749999999 0.3968101851851852 0.7692687500000001 0.37881296296296296 0.7605406250000001 0.3629324074074074 0.7537963541666667 0.34775833333333334 0.7549864583333333 0.3594037037037037 0.7595489583333334 0.3671675925925926 0.7645083333333333 0.3781074074074074 0.7655 0.38269444444444445 0.7772036458333333 0.4250416666666667 0.7873203125 0.4613898148148148 0.7926760416666667 0.48715092592592596 0.7980322916666667 0.5104416666666667 0.8073552083333334 0.5284388888888889 0.8162817708333333 0.5252629629629629
0 0.6985510416666667 0.31952685185185187 0.6862520833333333 0.3209388888888889 0.6735567708333333 0.3357601851851852 0.6600677083333333 0.3594037037037037 0.6477687499999999 0.3781074074074074 0.6336848958333333 0.3961046296296296 0.6251552083333334 0.4112787037037037 0.6194020833333334 0.42045370370370366 0.6180135416666667 0.4261 0.6209890625 0.4299824074074074 0.6253531250000001 0.4303351851851852 0.6311057291666666 0.4215129629629629 0.6318994791666667 0.4172777777777778 0.6332880208333334 0.41763055555555556 0.6507442708333334 0.39892777777777777 0.6713744791666667 0.3749314814814815 0.6846651041666667 0.3597564814814815 0.6931947916666666 0.3541101851851852 0.7019229166666666 0.33540740740740743 0.6985510416666667 0.31952685185185187
0 0.6975588541666667 0.311625 0.705890625 0.3010379629629629 0.7185859375 0.2936268518518519 0.7267192708333333 0.2893925925925926 0.7312817708333333 0.28304074074074076 0.7207682291666667 0.2816287037037037 0.7108494791666666 0.2879805555555556 0.6949802083333334 0.29468611111111115 0.6824833333333333 0.30386111111111114 0.67435 0.31233055555555556 0.6657803875 0.3208 0.6642333333333333 0.3208 0.6644317708333334 0.3200324074074074 0.652728125 0.3317398148148148 0.6451901041666667 0.3518546296296296 0.6485625 0.3592648148148148 0.6545135416666666 0.362087962962963 0.6650265625 0.3504425925925926 0.6808963541666666 0.32679907407407405 0.6975588541666667 0.311625
0 0.4934630208333333 0.6955212962962963 0.48987552083333336 0.6795898148148148 0.48947708333333334 0.664699074074074 0.48190364583333334 0.657962962962963 0.476721875 0.672499074074074 0.4815052083333333 0.6859722222222222 0.48409583333333334 0.712562962962963 0.48967656249999997 0.7547537037037038 0.49525677083333336 0.7799268518518518 0.4982463541666667 0.8008453703703704 0.49904322916666666 0.8242453703703703 0.501634375 0.8370092592592593 0.5066166666666666 0.8547370370370371 0.5102041666666667 0.862537037037037 0.5147880208333333 0.8660824074074074 0.5177776041666667 0.8599064814814814 0.5221619791666667 0.8423046296296296 0.5173786458333333 0.8093314814814815 0.5070151041666667 0.7788407407407407 0.5032286458333333 0.7611129629629629 0.4976484375 0.7192759259259259 0.4934630208333333 0.6955212962962963
