0 0.5104166666666666 0.5574074074074075 0.509375 0.5675925925925925 0.5114583333333333 0.575 0.5239583333333333 0.5953703703703703 0.5322916666666667 0.6 0.5604166666666667 0.6407407407407407 0.5697916666666667 0.6481481481481481 0.5760416666666667 0.6583333333333333 0.58125 0.662962962962963 0.5854166666666667 0.6611111111111111 0.5838541666666667 0.6518518518518519 0.5479166666666667 0.5972222222222222 0.5302083333333333 0.5601851851851852 0.51875 0.5518518518518518 0.5135416666666667 0.5518518518518518
0 0.4588541666666667 0.524074074074074 0.4583333333333333 0.5324074074074074 0.4630208333333333 0.5388888888888889 0.48020833333333335 0.5425925925925926 0.5552083333333333 0.5296296296296297 0.559375 0.525 0.5598958333333334 0.5175925925925926 0.5567708333333333 0.5138888888888888 0.5192708333333333 0.5157407407407407 0.4895833333333333 0.512962962962963 0.48072916666666665 0.5083333333333333 0.465625 0.512962962962963
0 0.5822916666666667 0.5694444444444444 0.5817708333333333 0.587037037037037 0.5869791666666667 0.5935185185185186 0.5911458333333334 0.5944444444444444 0.5994791666666667 0.5824074074074074 0.6041666666666666 0.5666666666666667 0.6088541666666667 0.5296296296296297 0.6307291666666667 0.4462962962962963 0.6302083333333334 0.4361111111111111 0.6265625 0.4361111111111111 0.6229166666666667 0.44166666666666665 0.6072916666666667 0.4824074074074074
0 0.7890625 0.6564814814814814 0.7885416666666667 0.6694444444444444 0.7911458333333333 0.6888888888888889 0.7958333333333333 0.6935185185185185 0.8041666666666667 0.6925925925925925 0.8088541666666667 0.6833333333333333 0.8114583333333333 0.662962962962963 0.8104166666666667 0.5518518518518518 0.8125 0.5194444444444445 0.8104166666666667 0.5092592592592593 0.80625 0.5101851851851852 0.803125 0.5166666666666667 0.8020833333333334 0.5370370370370371 0.7958333333333333 0.5787037037037037 0.7916666666666666 0.6435185185185185
0 0.50625 0.3990740740740741 0.5052083333333334 0.40555555555555556 0.5088541666666667 0.4101851851851852 0.5614583333333333 0.4166666666666667 0.5786458333333333 0.425 0.5921875 0.42407407407407405 0.5994791666666667 0.412962962962963 0.5984375 0.4009259259259259 0.5953125 0.39537037037037037 0.5875 0.3907407407407407 0.5494791666666666 0.3962962962962963 0.509375 0.3962962962962963
0 0.4661458333333333 0.10740740740740741 0.4625 0.2037037037037037 0.45625 0.23981481481481481 0.4583333333333333 0.2712962962962963 0.46510416666666665 0.2759259259259259 0.4708333333333333 0.2712962962962963 0.4744791666666667 0.25833333333333336 0.47552083333333334 0.20277777777777778 0.4786458333333333 0.16574074074074074 0.478125 0.13425925925925927 0.47552083333333334 0.125 0.4744791666666667 0.10277777777777777 0.46927083333333336 0.09814814814814815
0 0.21822916666666667 0.5 0.21666666666666667 0.5009259259259259 0.21666666666666667 0.5138888888888888 0.21979166666666666 0.5231481481481481 0.2375 0.525 0.2671875 0.5018518518518519 0.2875 0.49722222222222223 0.2984375 0.48703703703703705 0.3145833333333333 0.4824074074074074 0.31666666666666665 0.4740740740740741 0.3104166666666667 0.4675925925925926 0.2828125 0.4740740740740741 0.259375 0.48703703703703705 0.234375 0.49166666666666664
0 0.2630208333333333 0.575 0.2630208333333333 0.5907407407407408 0.2671875 0.5962962962962963 0.2713541666666667 0.5962962962962963 0.28229166666666666 0.5851851851851851 0.2942708333333333 0.5453703703703704 0.3182291666666667 0.49722222222222223 0.32083333333333336 0.4842592592592593 0.328125 0.4722222222222222 0.32864583333333336 0.46296296296296297 0.3260416666666667 0.45925925925925926 0.3229166666666667 0.46111111111111114 0.30625 0.4842592592592593 0.28489583333333335 0.5324074074074074 0.2682291666666667 0.5601851851851852
0 0.3536458333333333 0.5962962962962963 0.35208333333333336 0.5990740740740741 0.353125 0.6083333333333333 0.3625 0.6212962962962963 0.3734375 0.6435185185185185 0.39739583333333334 0.6722222222222223 0.4119791666666667 0.6962962962962963 0.4234375 0.7064814814814815 0.4296875 0.7055555555555556 0.43333333333333335 0.6981481481481482 0.43385416666666665 0.6907407407407408 0.4270833333333333 0.6722222222222223 0.3885416666666667 0.6388888888888888 0.3796875 0.6231481481481481 0.36770833333333336 0.612037037037037 0.3609375 0.5981481481481481
0 0.46510416666666665 0.5722222222222222 0.4640625 0.5833333333333334 0.4661458333333333 0.5953703703703703 0.46458333333333335 0.6101851851851852 0.4661458333333333 0.6462962962962963 0.47604166666666664 0.7074074074074074 0.47760416666666666 0.7342592592592593 0.48072916666666665 0.7490740740740741 0.48802083333333335 0.7666666666666667 0.4973958333333333 0.7685185185185185 0.5010416666666667 0.7638888888888888 0.5020833333333333 0.75 0.5 0.7157407407407408 0.49270833333333336 0.7055555555555556 0.484375 0.675 0.4786458333333333 0.6083333333333333 0.4734375 0.5722222222222222 0.4708333333333333 0.5694444444444444
0 0.45208333333333334 0.850925925925926 0.45260416666666664 0.8611111111111112 0.4583333333333333 0.8759259259259259 0.4661458333333333 0.8731481481481481 0.4822916666666667 0.8564814814814815 0.49583333333333335 0.8324074074074074 0.5020833333333333 0.8268518518518518 0.5317708333333333 0.7824074074074074 0.54375 0.7518518518518519 0.5416666666666666 0.7472222222222222 0.5505208333333333 0.7324074074074074 0.5510416666666667 0.7203703703703703 0.5453125 0.7157407407407408 0.5411458333333333 0.7194444444444444 0.534375 0.737037037037037 0.521875 0.7555555555555555 0.5208333333333334 0.7611111111111111 0.503125 0.7962962962962963 0.4864583333333333 0.812962962962963 0.47604166666666664 0.8166666666666667 0.4744791666666667 0.812037037037037 0.4708333333333333 0.8157407407407408 0.4583333333333333 0.8342592592592593
0 0.5682291666666667 0.8194444444444444 0.5677083333333334 0.8333333333333334 0.5744791666666667 0.8416666666666667 0.5802083333333333 0.8379629629629629 0.5875 0.825 0.5984375 0.7731481481481481 0.6046875 0.7555555555555555 0.6067708333333334 0.7212962962962963 0.6057291666666667 0.7138888888888889 0.6083333333333333 0.6990740740740741 0.6072916666666667 0.6842592592592592 0.603125 0.6842592592592592 0.6015625 0.6888888888888889 0.5994791666666667 0.7083333333333334 0.5963541666666666 0.7157407407407408 0.5895833333333333 0.7611111111111111 0.5838541666666667 0.7833333333333333 0.5796875 0.7916666666666666 0.5744791666666667 0.7953703703703704
0 0.6057291666666667 0.7546296296296297 0.6046875 0.7592592592592593 0.60625 0.7703703703703704 0.6125 0.7861111111111111 0.625 0.812037037037037 0.6505208333333333 0.8555555555555555 0.6609375 0.8648148148148148 0.6661458333333333 0.8629629629629629 0.6713541666666667 0.8564814814814815 0.671875 0.8481481481481481 0.6697916666666667 0.8407407407407408 0.6614583333333334 0.8277777777777777 0.6390625 0.8074074074074075 0.6208333333333333 0.775 0.6161458333333333 0.7712962962962963 0.6072916666666667 0.7518518518518519
0 0.7817666666666666 0.0828212962962963 0.7735927083333334 0.08819814814814815 0.7707703124999999 0.11228703703703703 0.7764151041666667 0.1373787037037037 0.7865765625000001 0.1644787037037037 0.7944796875000001 0.19057407407407406 0.793915625 0.22269166666666668 0.7933510416666666 0.25079537037037036 0.8006895833333334 0.25481018518518517 0.8063348958333333 0.2006111111111111 0.808028125 0.17551851851851852 0.80181875 0.14038981481481483 0.7984317708333334 0.10526111111111111
0 0.8066572916666667 0.1902851851851852 0.8136734375 0.18455185185185186 0.8243994791666667 0.1965962962962963 0.8232703125 0.22771018518518518 0.8148026041666667 0.26083240740740743 0.8097218749999999 0.2939537037037037 0.8040765625 0.3260712962962963 0.7989958333333332 0.36621851851851855 0.792221875 0.36922962962962963 0.7877057291666667 0.3531712962962963 0.7973026041666667 0.3351046296296296 0.8006895833333334 0.2899388888888889 0.7984317708333334 0.2638425925925926 0.8029479166666668 0.22469907407407408 0.8035119791666666 0.1945888888888889
0 0.681696875 0.026831481481481484 0.6697213541666667 0.04604351851851852 0.6725442708333333 0.07314259259259259 0.6764958333333334 0.10626481481481483 0.6697213541666667 0.1293490740740741 0.6691572916666666 0.1644787037037037 0.666334375 0.1976 0.6725442708333333 0.20562962962962963 0.6781890625 0.18555555555555556 0.6748020833333332 0.17049999999999998 0.6821411458333333 0.1303527777777778 0.6855281249999999 0.09522407407407407 0.6894796875 0.07314259259259259 0.6945604166666667 0.05206574074074074 0.6923020833333333 0.03299537037037037 0.6843989583333333 0.024965740740740743
0 0.6735692708333333 0.21376481481481482 0.6764958333333334 0.23188796296296296 0.6832697916666667 0.25597592592592594 0.6860927083333334 0.2820722222222222 0.6883505208333334 0.3031490740740741 0.6900442708333333 0.3212157407407408 0.6906088541666667 0.3352675925925926 0.6928666666666667 0.3483148148148148 0.6951250000000001 0.35534074074074073 0.7007697916666668 0.3583518518518518 0.7041572916666666 0.36136296296296294 0.7098020833333333 0.35734814814814814 0.7098020833333333 0.34931851851851853 0.7092380208333334 0.3312527777777778 0.7081088541666667 0.32221944444444445 0.703028125 0.310175 0.6985119791666666 0.29813055555555557 0.6956895833333333 0.2810685185185185 0.6945604166666667 0.2670166666666667 0.6894796875 0.2499537037037037 0.6860927083333334 0.2359027777777778 0.6827052083333334 0.2138212962962963 0.6810119791666666 0.20579166666666665 0.67593125 0.20077314814814815
0 0.567403125 0.2083462962962963 0.5585114583333334 0.22486203703703703 0.5607697916666667 0.2449361111111111 0.5607697916666667 0.25999074074074074 0.559640625 0.27605 0.5579468750000001 0.29311296296296296 0.5534307291666667 0.3051564814814815 0.5376244791666667 0.33024907407407406 0.5268984375 0.3473111111111111 0.5240760416666667 0.3583518518518518 0.5319791666666667 0.3563444444444444 0.5410114583333333 0.3382787037037037 0.5489145833333333 0.3252305555555556 0.5590760416666666 0.30917129629629625 0.5635921875 0.2941166666666667 0.5698020833333334 0.27605 0.5748828125000001 0.25597592592592594 0.5799630208333333 0.2359027777777778 0.5793989583333333 0.21783611111111112 0.5777052083333333 0.20880277777777778 0.5709307291666667 0.20679537037037038
0 0.5420046875 0.34380555555555553 0.5523020833333334 0.33426388888888886 0.5635921875 0.3252305555555556 0.5703666666666667 0.3212157407407408 0.578834375 0.3141898148148148 0.5856083333333333 0.3131861111111111 0.5957697916666667 0.3111787037037037 0.6048020833333333 0.310175 0.6081890624999999 0.30214537037037037 0.6110119791666667 0.29311296296296296 0.6110119791666667 0.2850833333333333 0.6042375 0.27605 0.596334375 0.2740425925925926 0.5867375 0.2850833333333333 0.5731890624999999 0.2941166666666667 0.5686729166666668 0.29612314814814816 0.5641567708333334 0.30013796296296297 0.5613343749999999 0.3051564814814815 0.5573828125 0.31619722222222224 0.5517375 0.32422685185185185 0.5477859375 0.3332601851851852
0 0.28410833333333335 0.28342685185185185 0.29343697916666667 0.29255185185185184 0.30046510416666666 0.3050481481481481 0.30316822916666664 0.3175444444444444 0.30911562499999995 0.3242731481481481 0.3129 0.3348462962962963 0.31884687500000003 0.3502268518518519 0.3242536458333333 0.3627222222222222 0.32533489583333336 0.3790638888888889 0.3312817708333334 0.39540462962962963 0.34101354166666664 0.40021111111111113 0.35182604166666664 0.398287962962963 0.34912291666666667 0.38290833333333335 0.34155416666666666 0.36464537037037037 0.33560677083333335 0.3521490740740741 0.3237130208333333 0.3338851851851852 0.317765625 0.31850555555555554 0.31452187499999995 0.3079324074074074 0.30641250000000003 0.2954361111111111 0.30208697916666666 0.2906296296296296 0.29505885416666666 0.27909537037037035 0.29235572916666663 0.27236666666666665 0.28694895833333334 0.27140462962962963 0.28532708333333334 0.2771722222222222
0 0.35173020833333335 0.3275351851851852 0.3442572916666667 0.33004074074074075 0.3420947916666667 0.34253611111111115 0.3404729166666666 0.3598388888888889 0.34317604166666665 0.3723351851851852 0.3502041666666667 0.38386944444444443 0.35182604166666664 0.40021111111111113 0.3534479166666667 0.41655185185185184 0.35669218750000004 0.43673796296296297 0.3615578125 0.4501953703703704 0.36858593749999996 0.46172962962962966 0.37399270833333337 0.4713425925925926 0.37939895833333337 0.48095462962962965 0.38426458333333335 0.48383796296296294 0.38534583333333333 0.4780703703703704 0.37831770833333334 0.4598074074074074 0.37345208333333335 0.4473111111111111 0.36750468750000004 0.43097037037037034 0.3648015625 0.41655185185185184 0.36209843750000004 0.40597777777777777 0.3604765625 0.3915592592592593 0.3599359375 0.37617962962962964 0.3610171875 0.3665675925925926 0.3615578125 0.3559935185185185 0.36209843750000004 0.34638148148148146 0.3593953125 0.3377305555555556 0.3572328125 0.33004074074074075
0 0.27583802083333336 0.06548055555555556 0.2691078125 0.06842870370370371 0.2637015625 0.08284722222222221 0.2620796875 0.08861481481481481 0.2604578125 0.10303333333333332 0.2582953125 0.1145675925925926 0.25396979166666667 0.1289861111111111 0.25018541666666666 0.1405212962962963 0.24640104166666665 0.1491722222222222 0.24423854166666667 0.15301759259259257 0.23829114583333333 0.16455185185185187 0.23558802083333333 0.17031944444444444 0.23234427083333334 0.18666018518518518 0.224775 0.19819537037037036 0.224775 0.20780740740740739 0.23396614583333333 0.21165277777777777 0.23775052083333334 0.19146666666666665 0.24261666666666667 0.1732027777777778 0.25018541666666666 0.16551296296296295 0.25505104166666664 0.15878425925925926 0.2577546875 0.15109444444444442 0.2664046875 0.12514166666666665 0.2728921875 0.11360648148148147 0.2777583333333334 0.10591666666666667 0.28208333333333335 0.09822685185185184 0.28803020833333337 0.080925 0.28857083333333333 0.07131203703703703 0.28694895833333334 0.058815740740740745 0.27992083333333334 0.058815740740740745
0 0.24713541666666666 0.09315648148148148 0.24099479166666665 0.10591666666666667 0.2366692708333333 0.1155287037037037 0.23450677083333332 0.12994722222222221 0.22964114583333334 0.15109444444444442 0.22855989583333333 0.16262962962962962 0.22423437499999999 0.18089351851851854 0.21720625 0.19723425925925928 0.20855572916666668 0.21261388888888888 0.20369010416666666 0.21453611111111112 0.20531197916666669 0.2251101851851852 0.216665625 0.2068462962962963 0.22369375 0.2010787037037037 0.23504739583333334 0.18281574074074075 0.23720989583333332 0.16455185185185187 0.24694166666666667 0.1414824074074074 0.2528885416666667 0.13187037037037036 0.2577546875 0.11649074074074074 0.2615390625 0.10303333333333332 0.2577546875 0.09245925925925925 0.25396979166666667 0.08861481481481481
