0 0.8166666666666667 0.47129629629629627 0.8171875 0.4546296296296296 0.8151041666666666 0.44907407407407407 0.7953125 0.4361111111111111 0.7916666666666666 0.44166666666666665 0.784375 0.4444444444444444 0.7744791666666667 0.44351851851851853 0.7598958333333333 0.4351851851851852 0.7244791666666667 0.42777777777777776 0.7229166666666667 0.4305555555555556 0.7244791666666667 0.4388888888888889 0.7364583333333333 0.44907407407407407 0.79375 0.48055555555555557 0.8140625 0.48055555555555557 0.8166666666666667 0.47129629629629627
0 0.8135416666666667 0.6083333333333333 0.8203125 0.5888888888888889 0.8239583333333333 0.5675925925925925 0.8229166666666666 0.5564814814814815 0.8140625 0.5453703703703704 0.8057291666666667 0.5481481481481482 0.7947916666666667 0.587037037037037 0.7911458333333333 0.7101851851851851 0.7911458333333333 0.7157407407407408 0.7942708333333334 0.7203703703703703 0.7984375 0.7175925925925926 0.8010416666666667 0.7074074074074074 0.8135416666666667 0.6083333333333333
0 0.6083333333333333 0.5527777777777778 0.5989583333333334 0.5138888888888888 0.5875 0.48703703703703705 0.5723958333333333 0.47129629629629627 0.5640625 0.4722222222222222 0.5583333333333333 0.4861111111111111 0.5588541666666667 0.49537037037037035 0.5625 0.5018518518518519 0.5729166666666666 0.5148148148148148 0.5864583333333333 0.5222222222222223 0.6026041666666667 0.5546296296296296 0.6083333333333333 0.5527777777777778
0 0.7317708333333334 0.662962962962963 0.7359375 0.6537037037037037 0.7333333333333333 0.6296296296296297 0.7213541666666666 0.5907407407407408 0.7119791666666667 0.5435185185185185 0.7015625 0.5314814814814814 0.6885416666666667 0.5296296296296297 0.6875 0.5351851851851852 0.7 0.5435185185185185 0.7078125 0.5638888888888889 0.7140625 0.6388888888888888 0.721875 0.6657407407407407 0.7317708333333334 0.662962962962963
0 0.5234375 0.10462962962962963 0.5291666666666667 0.1259259259259259 0.5401041666666667 0.15 0.540625 0.16111111111111112 0.5463541666666667 0.16203703703703703 0.5421875 0.12037037037037036 0.5328125 0.09259259259259259 0.5096875 0.054259259259259264 0.5020833333333333 0.037037037037037035 0.4901041666666667 0.025 0.48072916666666665 0.032407407407407406 0.4791666666666667 0.04814814814814815 0.484375 0.062037037037037036 0.4921875 0.07314814814814814 0.49895833333333334 0.075 0.5140625 0.08796296296296297 0.5234375 0.10462962962962963
0 0.5994791666666667 0.4083333333333333 0.6057291666666667 0.40370370370370373 0.6067708333333334 0.39444444444444443 0.6036458333333333 0.38796296296296295 0.59375 0.37962962962962965 0.5895833333333333 0.3685185185185185 0.5515625 0.3175925925925926 0.54375 0.30185185185185187 0.5328125 0.26944444444444443 0.515625 0.25092592592592594 0.5135416666666667 0.24537037037037038 0.5072916666666667 0.24814814814814815 0.5020833333333333 0.2675925925925926 0.5052083333333334 0.2824074074074074 0.5140625 0.30277777777777776 0.5739583333333333 0.3851851851851852 0.5880208333333333 0.39444444444444443 0.5994791666666667 0.4083333333333333
0 0.3703125 0.11944444444444445 0.37395833333333334 0.10648148148148148 0.3729166666666667 0.10277777777777777 0.36822916666666666 0.10185185185185185 0.35520833333333335 0.11388888888888889 0.3260416666666667 0.13055555555555556 0.3151041666666667 0.13518518518518519 0.2942708333333333 0.13425925925925927 0.2828125 0.14629629629629629 0.284375 0.15092592592592594 0.28229166666666666 0.1537037037037037 0.2869791666666667 0.16574074074074074 0.303125 0.16574074074074074 0.3536458333333333 0.13796296296296295 0.3703125 0.11944444444444445
0 0.30572916666666666 0.45092592592592595 0.309375 0.4074074074074074 0.3098958333333333 0.3675925925925926 0.3140625 0.3194444444444444 0.31197916666666664 0.30185185185185187 0.3067708333333333 0.2833333333333333 0.29791666666666666 0.28425925925925927 0.2921875 0.29444444444444445 0.2916666666666667 0.31851851851851853 0.29635416666666664 0.3453703703703704 0.29635416666666664 0.45092592592592595 0.2989583333333333 0.4583333333333333 0.303125 0.4583333333333333 0.30572916666666666 0.45092592592592595
0 0.5989583333333334 0.8583333333333333 0.6036458333333333 0.8490740740740741 0.6036458333333333 0.8388888888888889 0.5994791666666667 0.8287037037037037 0.5828125 0.8287037037037037 0.5635416666666667 0.8425925925925926 0.5359375 0.8490740740740741 0.5088541666666667 0.8657407407407407 0.5072916666666667 0.8731481481481481 0.509375 0.875 0.5723958333333333 0.8759259259259259 0.5755208333333334 0.8712962962962963 0.5796875 0.8722222222222222 0.5989583333333334 0.8583333333333333
0 0.5192708333333333 0.6981481481481482 0.525 0.6944444444444444 0.5276041666666667 0.675 0.5255208333333333 0.6259259259259259 0.5296875 0.5694444444444444 0.5291666666666667 0.5185185185185185 0.525 0.5120370370370371 0.5203125 0.525 0.5197916666666667 0.5472222222222223 0.5171875 0.5583333333333333 0.5104166666666666 0.6407407407407407 0.5052083333333334 0.6620370370370371 0.5083333333333333 0.6925925925925925 0.5192708333333333 0.6981481481481482
0 0.24322916666666666 0.5601851851851852 0.24322916666666666 0.5194444444444445 0.2265625 0.4 0.22135416666666666 0.3907407407407407 0.2171875 0.39166666666666666 0.21510416666666668 0.3972222222222222 0.21510416666666668 0.4666666666666667 0.21822916666666667 0.5416666666666666 0.228125 0.562962962962963 0.2328125 0.5675925925925925 0.23854166666666668 0.5666666666666667 0.24322916666666666 0.5601851851851852
0 0.3328125 0.475 0.3307291666666667 0.46574074074074073 0.3140625 0.4527777777777778 0.30520833333333336 0.4527777777777778 0.2989583333333333 0.44814814814814813 0.2947916666666667 0.4527777777777778 0.28958333333333336 0.4527777777777778 0.2677083333333333 0.4425925925925926 0.2515625 0.4444444444444444 0.2421875 0.45092592592592595 0.24322916666666666 0.45925925925925926 0.275 0.4666666666666667 0.3098958333333333 0.49537037037037035 0.3296875 0.49444444444444446 0.33229166666666665 0.4861111111111111 0.3328125 0.475
0 0.29270833333333335 0.5611111111111111 0.3020833333333333 0.55 0.3145833333333333 0.5481481481481482 0.315625 0.5407407407407407 0.3140625 0.5370370370370371 0.30572916666666666 0.5361111111111111 0.2890625 0.5435185185185185 0.2682291666666667 0.5768518518518518 0.2635416666666667 0.5953703703703703 0.2635416666666667 0.6157407407407407 0.26875 0.6212962962962963 0.27447916666666666 0.6203703703703703 0.28229166666666666 0.6027777777777777 0.2869791666666667 0.575925925925926 0.29270833333333335 0.5611111111111111
0 0.26614583333333336 0.7555555555555555 0.27239583333333334 0.7324074074074074 0.2864583333333333 0.7046296296296296 0.29270833333333335 0.6861111111111111 0.3026041666666667 0.6712962962962963 0.303125 0.6611111111111111 0.2953125 0.6611111111111111 0.2833333333333333 0.6833333333333333 0.2791666666666667 0.6861111111111111 0.2453125 0.7555555555555555 0.23958333333333334 0.7731481481481481 0.23854166666666668 0.7898148148148149 0.240625 0.7953703703703704 0.24791666666666667 0.8 0.2552083333333333 0.7935185185185185 0.26458333333333334 0.7703703703703704 0.26614583333333336 0.7555555555555555
0 0.38229166666666664 0.8222222222222222 0.3765625 0.8194444444444444 0.359375 0.837037037037037 0.3494791666666667 0.8305555555555556 0.33645833333333336 0.8305555555555556 0.3296875 0.8361111111111111 0.32916666666666666 0.8462962962962963 0.3338541666666667 0.8601851851851852 0.353125 0.8648148148148148 0.3619791666666667 0.8592592592592593 0.3692708333333333 0.8490740740740741 0.38229166666666664 0.8222222222222222
0 0.5651041666666666 0.7666666666666667 0.5703125 0.7555555555555555 0.5703125 0.7509259259259259 0.5614583333333333 0.7287037037037037 0.5307291666666667 0.7083333333333334 0.521875 0.6953703703703704 0.509375 0.6935185185185185 0.503125 0.6962962962962963 0.48333333333333334 0.6851851851851852 0.4791666666666667 0.6898148148148148 0.4786458333333333 0.6925925925925925 0.48489583333333336 0.700925925925926 0.5328125 0.7342592592592593 0.5432291666666667 0.7518518518518519 0.55625 0.7648148148148148 0.5651041666666666 0.7666666666666667
0 0.6932291666666667 0.8768518518518519 0.6991317708333333 0.8712962962962963 0.7083333333333334 0.875 0.7255208333333333 0.8546296296296296 0.7322916666666667 0.8379629629629629 0.7322916666666667 0.8296296296296296 0.7286458333333333 0.8240740740740741 0.7255208333333333 0.825 0.7192708333333333 0.8166666666666667 0.715625 0.8166666666666667 0.7057291666666666 0.8240740740740741 0.696875 0.8222222222222222 0.6953125 0.8351851851851851 0.6890625 0.8435185185185186 0.6802083333333333 0.850925925925926 0.6713541666666667 0.850925925925926 0.6567708333333333 0.8407407407407408 0.6442708333333333 0.825925925925926 0.6229166666666667 0.8148148148148148 0.6244791666666667 0.8212962962962963 0.6364583333333333 0.8305555555555556 0.6598958333333333 0.8611111111111112 0.6708333333333333 0.8685185185185185 0.6760416666666667 0.8768518518518519 0.6932291666666667 0.8768518518518519
0 0.3453125 0.7870370370370371 0.35260416666666666 0.7962962962962963 0.36666666666666664 0.7888888888888889 0.375 0.7796296296296297 0.38177083333333334 0.7472222222222222 0.38125 0.725925925925926 0.3770833333333333 0.7055555555555556 0.36875 0.6824074074074075 0.36666666666666664 0.687962962962963 0.37135416666666665 0.7345675925925925 0.3689234375 0.7469138888888889 0.3651041666666667 0.7537037037037037 0.3567708333333333 0.7574074074074074 0.3458333333333333 0.775 0.3453125 0.7870370370370371
0 0.44114583333333335 0.4703703703703704 0.44583333333333336 0.4527777777777778 0.440625 0.44351851851851853 0.4276041666666667 0.4462962962962963 0.4119791666666667 0.4675925925925926 0.40260416666666665 0.475 0.3723958333333333 0.48703703703703705 0.37083333333333335 0.4898148148148148 0.3729166666666667 0.5009259259259259 0.37604166666666666 0.5037037037037037 0.4083333333333333 0.49444444444444446 0.4359375 0.4787037037037037 0.44114583333333335 0.4703703703703704
0 0.44375 0.5527777777777778 0.4395833333333333 0.5462962962962963 0.4270833333333333 0.5388888888888889 0.4161458333333333 0.5370370370370371 0.3984375 0.5212962962962963 0.3921875 0.5083333333333333 0.384375 0.5055555555555555 0.3729166666666667 0.5092592592592593 0.3723958333333333 0.5185185185185185 0.3765625 0.5314814814814814 0.3807291666666667 0.5398148148148149 0.38958333333333334 0.5472222222222223 0.43645833333333334 0.5583333333333333 0.44375 0.5527777777777778
0 0.6651041666666667 0.07314814814814814 0.6671875 0.05185185185185185 0.6572916666666667 0.046296296296296294 0.6479166666666667 0.05277777777777778 0.6421875 0.06666666666666667 0.6239583333333333 0.09166666666666666 0.6119791666666666 0.11481481481481481 0.5994791666666667 0.14166666666666666 0.6005208333333333 0.15 0.603125 0.15185185185185185 0.6072916666666667 0.14814814814814814 0.6447916666666667 0.09074074074074075 0.6651041666666667 0.07314814814814814
0 0.6958333333333333 0.06851851851851852 0.7046875 0.06759259259259259 0.7072916666666667 0.06388888888888888 0.7078125 0.049074074074074076 0.7052083333333333 0.037037037037037035 0.6989583333333333 0.028703703703703703 0.6885416666666667 0.023148148148148147 0.6541666666666667 0.018518518518518517 0.6166666666666667 0.027777777777777776 0.6166666666666667 0.03611111111111111 0.6203125 0.03981481481481482 0.6322916666666667 0.03888888888888889 0.6526041666666667 0.046296296296296294 0.6677083333333333 0.04722222222222222 0.6958333333333333 0.06851851851851852
0 0.74375 0.2 0.7463541666666667 0.19537037037037036 0.7463541666666667 0.18796296296296297 0.7390625 0.12962962962962962 0.7317708333333334 0.09259259259259259 0.7307291666666667 0.05185185185185185 0.721875 0.02962962962962963 0.7135416666666666 0.032407407407407406 0.709375 0.03888888888888889 0.7088541666666667 0.058333333333333334 0.7114583333333333 0.0787037037037037 0.7213541666666666 0.09907407407407408 0.7270833333333333 0.12129629629629629 0.7390625 0.1925925925925926 0.74375 0.2
0 0.7875 0.7805555555555556 0.7630208333333334 0.7796296296296297 0.746875 0.8009259259259259 0.7369791666666666 0.8083333333333333 0.7197916666666667 0.812962962962963 0.728125 0.8185185185185185 0.7515625 0.8185185185185185 0.78125 0.8083333333333333 0.7864583333333334 0.8037037037037037 0.790625 0.7935185185185185 0.7875 0.7805555555555556
0 0.7911458333333333 0.7675925925925926 0.7875 0.7435185185185185 0.7885416666666667 0.7361111111111112 0.7869791666666667 0.7277777777777777 0.7838541666666666 0.7240740740740741 0.7796875 0.7342592592592593 0.7744791666666667 0.7361111111111112 0.7713541666666667 0.7333333333333333 0.7385416666666667 0.7537037037037037 0.728125 0.7481481481481481 0.7255208333333333 0.7555555555555555 0.7333333333333333 0.7666666666666667 0.771875 0.7777777777777778 0.775 0.7842592592592592 0.7880208333333333 0.7759259259259259 0.7911458333333333 0.7675925925925926
0 0.8089296874999999 0.17197500000000002 0.8239708333333333 0.1496898148148148 0.8156145833333334 0.1259185185185185 0.7922171875 0.1006611111111111 0.7713265625 0.09471851851851852 0.75795625 0.06054814814814814 0.7346265625 0.04640092592592593 0.7312166666666666 0.06797592592592593 0.7445864583333334 0.08283333333333333 0.7629703125 0.1140324074074074 0.783025 0.14226111111111112 0.8089296874999999 0.17197500000000002
0 0.818309375 0.20404907407407408 0.8101677083333333 0.1779925925925926 0.7927973958333333 0.1529 0.7765135416666666 0.13745925925925925 0.7613151041666666 0.11429722222222223 0.7515442708333333 0.09596018518518519 0.7419302083333333 0.08745092592592593 0.7542583333333333 0.11719259259259258 0.7672859375000001 0.13842407407407406 0.7803130208333333 0.16834166666666667 0.7927973958333333 0.19439907407407406 0.807453125 0.2137 0.818309375 0.20404907407407408
