0 0.7385416666666667 0.08611111111111111 0.7380208333333333 0.09259259259259259 0.7473958333333334 0.12777777777777777 0.7583333333333333 0.14074074074074075 0.7713541666666667 0.18888888888888888 0.7864583333333334 0.22592592592592592 0.7901041666666667 0.2324074074074074 0.7947916666666667 0.2324074074074074 0.7942708333333334 0.22037037037037038 0.7661458333333333 0.10185185185185185 0.7520833333333333 0.07592592592592592 0.74375 0.07685185185185185
0 0.7932291666666667 0.45092592592592595 0.7932291666666667 0.487962962962963 0.7994791666666666 0.5120370370370371 0.8026041666666667 0.5648148148148148 0.8098958333333334 0.5944444444444444 0.8109375 0.6083333333333333 0.8145833333333333 0.6148148148148148 0.8182291666666667 0.6157407407407407 0.8203125 0.6083333333333333 0.8151041666666666 0.5398148148148149 0.8140625 0.47129629629629627 0.80625 0.44537037037037036 0.7984375 0.4444444444444444
0 0.7380208333333333 0.8527777777777777 0.7390625 0.862037037037037 0.7442708333333333 0.862037037037037 0.7703125 0.8296296296296296 0.7989583333333333 0.7768518518518519 0.8114583333333333 0.7601851851851852 0.8177083333333334 0.7398148148148148 0.815625 0.7305555555555555 0.8104166666666667 0.7212962962962963 0.8057291666666667 0.7212962962962963 0.7854166666666667 0.7453703703703703 0.7822916666666667 0.7518518518518519 0.7838541666666666 0.7648148148148148 0.7786458333333334 0.7666666666666667 0.7661458333333333 0.8
0 0.6880208333333333 0.44722222222222224 0.6885416666666667 0.49074074074074076 0.6927083333333334 0.49537037037037035 0.696875 0.49444444444444446 0.7057291666666666 0.4824074074074074 0.7078125 0.45092592592592595 0.7057291666666666 0.4388888888888889 0.7072916666666667 0.40185185185185185 0.7145833333333333 0.3712962962962963 0.7229166666666667 0.35 0.7307291666666667 0.337037037037037 0.7302083333333333 0.3333333333333333 0.7265625 0.3333333333333333 0.7166666666666667 0.3425925925925926 0.7046875 0.3638888888888889 0.7005208333333334 0.3768518518518518
0 0.6651041666666667 0.32592592592592595 0.6635416666666667 0.33796296296296297 0.665625 0.3453703703703704 0.6854166666666667 0.35 0.7203125 0.32407407407407407 0.7515625 0.30648148148148147 0.7557291666666667 0.30277777777777776 0.7588541666666667 0.29444444444444445 0.7552083333333334 0.29259259259259257 0.7484375 0.29907407407407405 0.7369791666666666 0.30092592592592593 0.7036458333333333 0.31666666666666665 0.6927083333333334 0.3175925925925926 0.68125 0.31296296296296294
0 0.6630208333333333 0.5138888888888888 0.6640625 0.5203703703703704 0.6708333333333333 0.5212962962962963 0.7197916666666667 0.49907407407407406 0.7401041666666667 0.4962962962962963 0.7541666666666667 0.4824074074074074 0.7578125 0.4703703703703704 0.7552083333333334 0.45925925925925926 0.740625 0.4601851851851852 0.7286458333333333 0.46574074074074073 0.7270833333333333 0.4703703703703704 0.7130208333333333 0.4824074074074074 0.7046875 0.48333333333333334 0.6963541666666667 0.4925925925925926 0.6895833333333333 0.4925925925925926 0.6786458333333333 0.49907407407407406
0 0.6453125 0.6037037037037037 0.6442708333333333 0.6111111111111112 0.6473958333333333 0.6148148148148148 0.6869791666666667 0.5768518518518518 0.7208333333333333 0.5601851851851852 0.7328125 0.5425925925925926 0.7333333333333333 0.5296296296296297 0.7286458333333333 0.5185185185185185 0.7166666666666667 0.524074074074074 0.6942708333333333 0.5518518518518518 0.6625 0.5796296296296296
0 0.7197916666666667 0.6527777777777778 0.7192708333333333 0.6620370370370371 0.7260416666666667 0.6638888888888889 0.7515625 0.6388888888888888 0.7703125 0.5953703703703703 0.7859375 0.5666666666666667 0.7901041666666667 0.55 0.7895833333333333 0.5370370370370371 0.7828125 0.5287037037037037 0.7697916666666667 0.5444444444444444 0.7645833333333333 0.5564814814814815 0.7609375 0.5814814814814815 0.7520833333333333 0.6092592592592593 0.7302083333333333 0.6435185185185185
0 0.43072916666666666 0.07777777777777778 0.42916666666666664 0.09166666666666666 0.4317708333333333 0.09907407407407408 0.4552083333333333 0.1 0.4671875 0.08981481481481482 0.5020833333333333 0.08055555555555556 0.5083333333333333 0.075 0.521875 0.0712962962962963 0.5244791666666667 0.06296296296296296 0.5223958333333333 0.05925925925925926 0.4453125 0.06296296296296296
0 0.3380208333333333 0.42592592592592593 0.3380208333333333 0.43333333333333335 0.3453125 0.43148148148148147 0.36041666666666666 0.41203703703703703 0.3802083333333333 0.37777777777777777 0.4005208333333333 0.35555555555555557 0.40677083333333336 0.33425925925925926 0.4046875 0.3212962962962963 0.39947916666666666 0.31851851851851853 0.3885416666666667 0.3296296296296296 0.37395833333333334 0.3638888888888889
0 0.33541666666666664 0.2953703703703704 0.3307291666666667 0.31851851851851853 0.3307291666666667 0.36666666666666664 0.3260416666666667 0.39537037037037037 0.31614583333333335 0.4203703703703704 0.30364583333333334 0.42777777777777776 0.3026041666666667 0.4351851851851852 0.30625 0.4361111111111111 0.3223958333333333 0.42407407407407405 0.33229166666666665 0.40370370370370373 0.33958333333333335 0.3768518518518518 0.3494791666666667 0.3314814814814815 0.35 0.30092592592592593 0.34322916666666664 0.2935185185185185
0 0.35885416666666664 0.5259259259259259 0.3572916666666667 0.5342592592592592 0.3609375 0.5388888888888889 0.36875 0.5277777777777778 0.40260416666666665 0.4462962962962963 0.4119791666666667 0.4287037037037037 0.41458333333333336 0.40925925925925927 0.4125 0.39166666666666666 0.4036458333333333 0.387037037037037 0.39739583333333334 0.3962962962962963 0.39166666666666666 0.41574074074074074 0.39166666666666666 0.42962962962962964 0.38697916666666665 0.44907407407407407
0 0.3484375 0.6462962962962963 0.34791666666666665 0.6518518518518519 0.3515625 0.6611111111111111 0.35833333333333334 0.6620370370370371 0.3645833333333333 0.6583333333333333 0.3880208333333333 0.6324074074074074 0.4166666666666667 0.6111111111111112 0.4296875 0.5953703703703703 0.43385416666666665 0.5879629629629629 0.434375 0.5796296296296296 0.428125 0.5787037037037037 0.3734375 0.6212962962962963 0.3609375 0.6240740740740741
0 0.4270833333333333 0.7620370370370371 0.42291666666666666 0.8351851851851851 0.4234375 0.8555555555555555 0.428125 0.875 0.4359375 0.8907407407407407 0.43854166666666666 0.9027777777777778 0.4421875 0.9064814814814814 0.446875 0.9055555555555556 0.4484375 0.9 0.4390625 0.8824074074074074 0.43333333333333335 0.8518518518518519 0.43385416666666665 0.8296296296296296 0.4375 0.8083333333333333 0.44895833333333335 0.7685185185185185 0.44947916666666665 0.7509259259259259 0.446875 0.7333333333333333 0.4421875 0.7296296296296296 0.4354166666666667 0.7314814814814815 0.42864583333333334 0.7509259259259259
0 0.478125 0.7935185185185185 0.47760416666666666 0.8037037037037037 0.48125 0.8083333333333333 0.4864583333333333 0.8083333333333333 0.5447916666666667 0.7796296296296297 0.5703125 0.7722222222222223 0.5890625 0.7712962962962963 0.603125 0.7592592592592593 0.6104166666666667 0.7472222222222222 0.6104166666666667 0.7416666666666667 0.60625 0.7240740740740741 0.5885416666666666 0.7287037037037037 0.5713541666666667 0.7194444444444444 0.5666666666666667 0.7379629629629629 0.5625 0.7425925925925926 0.5140625 0.7583333333333333 0.5020833333333333 0.7666666666666667 0.49322916666666666 0.7796296296296297 0.4817708333333333 0.7870370370370371
0 0.5875 0.7046296296296296 0.5875 0.7138888888888889 0.5994791666666667 0.7138888888888889 0.6114583333333333 0.7074074074074074 0.6328125 0.7027777777777777 0.6489583333333333 0.7018518518518518 0.6619791666666667 0.7055555555555556 0.6739583333333333 0.6962962962962963 0.6786458333333333 0.6888888888888889 0.6786458333333333 0.6805555555555556 0.6776041666666667 0.675 0.6734375 0.6712962962962963 0.6604166666666667 0.6712962962962963 0.640625 0.6833333333333333 0.6125 0.6888888888888889
0 0.5192708333333333 0.49074074074074076 0.5182291666666666 0.5055555555555555 0.5244791666666667 0.5333333333333333 0.5359375 0.549074074074074 0.5713541666666667 0.6333333333333333 0.5760416666666667 0.6351851851851852 0.578125 0.6305555555555555 0.5765625 0.6185185185185185 0.5635416666666667 0.575925925925926 0.5432291666666667 0.5287037037037037 0.5364583333333334 0.5009259259259259 0.5286458333333334 0.4861111111111111
0 0.571875 0.40555555555555556 0.571875 0.42685185185185187 0.5739583333333333 0.4388888888888889 0.5713541666666667 0.5564814814814815 0.5734375 0.5888888888888889 0.5760416666666667 0.5935185185185186 0.5802083333333333 0.5935185185185186 0.5838541666666667 0.5833333333333334 0.5880208333333333 0.5453703703703704 0.5916666666666667 0.475 0.5947916666666667 0.4388888888888889 0.5979166666666667 0.42777777777777776 0.5979166666666667 0.3962962962962963 0.5916666666666667 0.3675925925925926 0.5760416666666667 0.3675925925925926
0 0.4828125 0.2574074074074074 0.4822916666666667 0.26666666666666666 0.48541666666666666 0.28703703703703703 0.4864583333333333 0.3638888888888889 0.490625 0.40555555555555556 0.4953125 0.4101851851851852 0.4984375 0.4046296296296296 0.49895833333333334 0.3055555555555556 0.5026041666666666 0.2675925925925926 0.5020833333333333 0.25277777777777777 0.4979166666666667 0.23333333333333334 0.4864583333333333 0.23333333333333334
0 0.22083333333333333 0.6472222222222223 0.22135416666666666 0.6527777777777778 0.23229166666666667 0.6722222222222223 0.24375 0.6805555555555556 0.2609375 0.7027777777777777 0.2916666666666667 0.7555555555555555 0.29583333333333334 0.7574074074074074 0.29791666666666666 0.7546296296296297 0.29739583333333336 0.7462962962962963 0.28125 0.7037037037037037 0.25885416666666666 0.6694444444444444 0.2520833333333333 0.6527777777777778 0.22916666666666666 0.6314814814814815 0.2234375 0.637962962962963
0 0.5828125 0.1175925925925926 0.5802083333333333 0.11851851851851852 0.5822916666666667 0.1259259259259259 0.5807291666666666 0.15648148148148147 0.5927083333333333 0.20092592592592592 0.5953125 0.21388888888888888 0.5942708333333333 0.22037037037037038 0.6 0.22777777777777777 0.5994791666666667 0.23425925925925925 0.6026041666666667 0.2388888888888889 0.6020833333333333 0.24722222222222223 0.6067708333333334 0.2777777777777778 0.6109375 0.2833333333333333 0.6119791666666666 0.2740740740740741 0.6098958333333333 0.25462962962962965 0.6119791666666666 0.24722222222222223 0.6072916666666667 0.23425925925925925 0.6010416666666667 0.20092592592592592 0.6015625 0.14537037037037037 0.5973958333333333 0.11944444444444445 0.5942708333333333 0.11574074074074074
0 0.6270833333333333 0.24166666666666667 0.6265625 0.25555555555555554 0.6307291666666667 0.2824074074074074 0.6364583333333333 0.29444444444444445 0.6463541666666667 0.3333333333333333 0.6494791666666667 0.33240740740740743 0.6463541666666667 0.30648148148148147 0.6359375 0.27870370370370373 0.634375 0.2518518518518518 0.6411458333333333 0.23148148148148148 0.65 0.2222222222222222 0.6578125 0.2212962962962963 0.6744791666666666 0.1935185185185185 0.6744791666666666 0.1824074074074074 0.6703125 0.1712962962962963 0.6619791666666667 0.17222222222222222 0.64375 0.18796296296296297 0.6307291666666667 0.225
0 0.5345645833333333 0.14757685185185185 0.5234286458333333 0.15746574074074074 0.5310213541666667 0.18263703703703701 0.5467125 0.19791944444444443 0.5553177083333334 0.19791944444444443 0.5765770833333334 0.21679814814814816 0.5887255208333334 0.23567685185185186 0.6018864583333333 0.24646481481481483 0.5927749999999999 0.2176972222222222 0.5902442708333333 0.20241481481481483 0.5725281249999999 0.19072777777777777 0.5583546875 0.17634444444444444 0.5512682291666666 0.15926388888888887 0.5350708333333334 0.14487962962962964
0 0.5121515625 0.18320925925925927 0.5193791666666666 0.17184907407407407 0.525453125 0.17095 0.5370953125 0.18713148148148148 0.5446880208333333 0.20061666666666667 0.5431692708333333 0.215 0.5502557291666667 0.24017222222222223 0.5634166666666667 0.2644444444444445 0.5735401041666666 0.2788277777777778 0.5826515625 0.2977064814814815 0.59328125 0.3093935185185185 0.5917625 0.3192824074074074 0.5760713541666667 0.304 0.5664536458333332 0.3031009259259259 0.5507619791666667 0.28062592592592595 0.5441817708333333 0.2536564814814815 0.5320333333333334 0.2311824074074074 0.5173541666666667 0.20421296296296299
0 0.5132651041666667 0.20893981481481483 0.5062182291666667 0.21589907407407408 0.5092552083333334 0.24196944444444443 0.5168479166666666 0.27073703703703705 0.5284901041666666 0.3004037037037037 0.5401322916666668 0.34625185185185187 0.5487375 0.36243333333333333 0.5537994791666667 0.3534435185185185 0.5462067708333334 0.3192824074074074 0.5406385416666667 0.29231296296296294 0.5289963541666667 0.269837962962963 0.527478125 0.2311824074074074 0.5239348958333333 0.21949537037037037
0 0.37743333333333334 0.5256333333333333 0.3887848958333333 0.5057416666666666 0.4019453125 0.4949537037037037 0.41915572916666666 0.48056944444444444 0.43180989583333335 0.46169074074074073 0.44395833333333334 0.4473074074074074 0.45357552083333336 0.44461018518518514 0.4586375 0.46079166666666665 0.4500322916666667 0.47787314814814813 0.435353125 0.4832666666666667 0.4181432291666667 0.4949537037037037 0.4034640625 0.507538888888889 0.3882786458333333 0.5273166666666667 0.38271041666666666 0.5372055555555556
0 0.4420088541666667 0.4771398148148148 0.43434114583333333 0.4877620370370371 0.437378125 0.5084379629629631 0.45306979166666667 0.5084379629629631 0.4626869791666667 0.49675185185185183 0.4869833333333334 0.49944814814814814 0.5097614583333333 0.49225648148148143 0.527478125 0.47787314814814813 0.525959375 0.46528703703703705 0.5102677083333333 0.47607499999999997 0.4925515625 0.47787314814814813 0.47635364583333334 0.48416574074074076 0.4606619791666667 0.47967037037037036 0.45357552083333336 0.4724787037037037
0 0.4019276041666667 0.5335500000000001 0.41864947916666667 0.5408018518518519 0.43180989583333335 0.5228222222222223 0.45306979166666667 0.5201250000000001 0.479896875 0.5138324074074073 0.48850208333333334 0.5066398148148149 0.47534166666666666 0.5003472222222223 0.45458802083333333 0.5030444444444444 0.4383901041666666 0.5129333333333334 0.4257359375 0.5084379629629631 0.4146 0.5003472222222223 0.4019453125 0.5111351851851852 0.39992083333333334 0.5237212962962963
0 0.23166406250000002 0.7893972222222222 0.228453125 0.8113944444444445 0.2362515625 0.8268740740740741 0.24955416666666666 0.8431675925925926 0.2619401041666667 0.8374648148148148 0.29038072916666663 0.8529444444444444 0.31331666666666663 0.8619055555555555 0.3289135416666667 0.8586472222222222 0.3472619791666667 0.859462037037037 0.353684375 0.8570175925925926 0.3472619791666667 0.845612037037037 0.3348765625 0.8472407407407407 0.3284546875 0.8390944444444445 0.3128578125 0.8431675925925926 0.2986375 0.8390944444444445 0.28258229166666665 0.8252444444444444 0.26973802083333337 0.8056916666666667 0.25689375 0.7918416666666667 0.2449671875 0.7893972222222222 0.233040625 0.7893972222222222
0 0.31790416666666665 0.8643500000000001 0.30597708333333334 0.8790148148148148 0.31239947916666666 0.9010111111111111 0.3279958333333333 0.9107879629629629 0.34175729166666663 0.8896055555555555 0.36561093749999996 0.8757555555555556 0.3899234375 0.8627203703703704 0.40322604166666665 0.8553879629629629 0.4004739583333333 0.8447972222222222 0.38395989583333334 0.8521296296296296 0.3624 0.8578324074074074 0.34084010416666666 0.8602759259259258
0 0.5552682291666666 0.801962962962963 0.546434375 0.8107675925925926 0.5489661458333334 0.8300370370370371 0.5612630208333333 0.8396722222222223 0.5742828125 0.8390296296296297 0.5948979166666667 0.823613888888889 0.6086416666666667 0.8030592592592593 0.6274484375 0.7825046296296296 0.592728125 0.8152638888888889 0.5807932291666666 0.8159055555555556 0.5713895833333333 0.8088407407407407 0.5637947916666667 0.803701851851852
0 0.6585520833333334 0.7079944444444445 0.644446875 0.713775925925926 0.6556583333333333 0.7201990740740741 0.6393833333333333 0.7433231481481481 0.6202151041666667 0.7574537037037037 0.61045 0.7728703703703704 0.5974296875 0.7780083333333333 0.5948979166666667 0.7889277777777778 0.5750062499999999 0.7979203703703703 0.5760911458333333 0.8094824074074074 0.5909197916666666 0.8075555555555555 0.5894729166666667 0.8159055555555556 0.6223848958333333 0.7844314814814816 0.6495098958333333 0.7638768518518518 0.6679552083333333 0.7484611111111111 0.6741036458333334 0.7561694444444444 0.6849536458333334 0.7388268518518518 0.6929104166666666 0.7150601851851852 0.6867619791666667 0.6912944444444444 0.6712104166666666 0.6945055555555556
