0 0.2862411458333333 0.7390703703703704 0.2888453125 0.7684111111111112 0.29448802083333336 0.7915749999999999 0.3079427083333333 0.8093342592592593 0.3213973958333333 0.8101064814814815 0.3287760416666667 0.7938916666666667 0.3200953125 0.774587962962963 0.30707447916666664 0.7514240740740741 0.3009984375 0.7398425925925926 0.2975260416666667 0.714362037037037 0.29535572916666664 0.6657185185185185 0.2892796875 0.6170740740740741 0.2805989583333333 0.5929787037037038 0.2810328125 0.6255675925925926 0.2823348958333333 0.6440990740740741 0.2840713541666667 0.6688064814814815 0.2849390625 0.6881101851851852 0.2845052083333333 0.7159064814814815 0.2862411458333333 0.7390703703703704
0 0.3439671875 0.6193907407407407 0.3600260416666667 0.596999074074074 0.3747828125 0.583100925925926 0.3634984375 0.5792398148148148 0.3522135416666667 0.5908222222222221 0.3365885416666667 0.6093527777777777 0.32269947916666664 0.6348333333333334 0.3157552083333333 0.6564527777777778 0.3020833333333333 0.6832564814814815 0.3044703125 0.7058685185185185 0.3131510416666667 0.7058685185185185 0.3200953125 0.6927425925925926 0.3244359375 0.6587694444444444 0.3313802083333333 0.6379222222222223 0.3439671875 0.6193907407407407
0 0.4142796875 0.6363777777777778 0.41753489583333336 0.6143712962962963 0.45355885416666664 0.6012453703703704 0.41362864583333336 0.6012453703703704 0.4014755208333333 0.5363861111111111 0.4049479166666667 0.6020166666666666 0.39691822916666664 0.6116694444444444 0.3878036458333333 0.6356055555555555 0.3799911458333333 0.6549083333333334 0.3682723958333333 0.687337962962963 0.349609375 0.7236277777777778 0.34136302083333336 0.7537407407407407 0.3365885416666667 0.7908027777777777 0.3359375 0.7943675925925926 0.3487411458333333 0.7722722222222222 0.3582901041666667 0.7583731481481482 0.3700088541666667 0.7182231481481481 0.3865015625 0.6842490740740741 0.40082447916666664 0.6634018518518519 0.4142796875 0.6363777777777778
0 0.4229598958333333 0.8572055555555556 0.4342447916666667 0.8656990740740741 0.4466145833333333 0.8614518518518519 0.4518229166666667 0.8815268518518519 0.4513890625 0.8545027777777778 0.46484375 0.8066305555555555 0.4518229166666667 0.8305666666666666 0.43901927083333336 0.8240046296296296 0.42730052083333336 0.8224601851851852 0.4095052083333333 0.8193712962962963 0.39301197916666664 0.81165 0.3817276041666667 0.8047009259259259 0.3778213541666667 0.7969796296296296 0.369140625 0.7715000000000001 0.3626302083333333 0.7573305555555556 0.3552515625 0.774587962962963 0.369140625 0.7977518518518518 0.38042552083333336 0.8209157407407408 0.40386302083333336 0.841762962962963 0.4229598958333333 0.8572055555555556
0 0.5766057291666667 0.8672435185185186 0.5870223958333334 0.8795972222222223 0.5963541666666666 0.8768583333333333 0.5963541666666666 0.9054268518518518 0.6072046875 0.865275925925926 0.6343317708333333 0.8235638888888889 0.6065536458333334 0.8498166666666667 0.6009114583333334 0.8402194444444444 0.583984375 0.8309537037037037 0.5713973958333334 0.8170555555555555 0.5496963541666666 0.7938916666666667 0.5275609375 0.7653231481481482 0.5093317708333334 0.7560574074074075 0.49848072916666664 0.7498805555555556 0.48285572916666664 0.7398425925925926 0.4776473958333333 0.7460194444444445 0.498046875 0.7707277777777778 0.5145401041666667 0.7861703703703703 0.5444880208333333 0.8278648148148149 0.5631510416666666 0.8518009259259259 0.5766057291666667 0.8672435185185186
0 0.6187067708333333 0.6958314814814816 0.6312932291666667 0.7344379629629629 0.6382380208333333 0.7467916666666666 0.6447484375 0.7653231481481482 0.650390625 0.7660944444444444 0.6447484375 0.744475 0.646484375 0.731349074074074 0.6408421875 0.7105018518518519 0.6304255208333333 0.6788444444444445 0.6195744791666667 0.63715 0.6195744791666667 0.6224796296296297 0.611328125 0.5954546296296296 0.6009114583333334 0.5742787037037037 0.6082901041666666 0.5410657407407408 0.5944010416666666 0.5789111111111112 0.5753036458333334 0.5688731481481482 0.591796875 0.5866324074074074 0.5974390625 0.6232509259259259 0.6065536458333334 0.6317444444444444 0.6126302083333334 0.6564527777777778 0.6187067708333333 0.6958314814814816
0 0.5366755208333333 0.5197861111111112 0.5544703125 0.5221027777777778 0.5653213541666666 0.5290518518518519 0.5770401041666666 0.5267351851851853 0.5874567708333333 0.5136092592592593 0.6002604166666666 0.4777583333333334 0.5894098958333333 0.4978333333333333 0.5792098958333334 0.492762037037037 0.5627171875 0.4881287037037037 0.5457901041666666 0.4873574074074074 0.5388453125 0.49121759259259257 0.5219182291666666 0.47886388888888887 0.49457447916666664 0.46959814814814815 0.482421875 0.4688259259259259 0.47894947916666664 0.47500277777777783 0.466796875 0.4711425925925926 0.4615885416666667 0.4783953703703704 0.4646265625 0.4873574074074074 0.4776473958333333 0.4873574074074074 0.4932723958333333 0.4966222222222222 0.5201822916666666 0.505887962962963 0.5366755208333333 0.5197861111111112
0 0.33832447916666664 0.5082046296296296 0.3565536458333333 0.5020277777777779 0.3661026041666667 0.4896731481481481 0.3721786458333333 0.47423055555555554 0.36870677083333336 0.45492777777777776 0.3556859375 0.4634212962962963 0.3322484375 0.475775 0.3200953125 0.4680537037037037 0.30316822916666664 0.4448898148148148 0.2892796875 0.42172592592592595 0.2701822916666667 0.4239972222222222 0.2862411458333333 0.4340805555555556 0.2940536458333333 0.45106666666666667 0.3040364583333333 0.4804083333333333 0.3231338541666667 0.505887962962963 0.33832447916666664 0.5082046296296296
0 0.634765625 0.4966222222222222 0.6486546875 0.46959814814814815 0.6540796875 0.4630870370370371 0.6950953125 0.4561425925925926 0.6486546875 0.4561425925925926 0.6456161458333334 0.44378888888888884 0.630859375 0.37120925925925924 0.6399739583333334 0.4445611111111111 0.6343317708333333 0.44952314814814814 0.6213109375 0.46419351851851853 0.615234375 0.47731944444444446 0.6104598958333334 0.48581296296296295 0.5926651041666666 0.5151537037037037 0.5700953125 0.5313685185185185 0.5483942708333333 0.5468111111111111 0.5353734375 0.5553046296296297 0.52734375 0.5721453703703704 0.5523005208333333 0.5668861111111111 0.5861546875 0.5553046296296297 0.607421875 0.5313685185185185 0.6278213541666666 0.5074324074074075 0.634765625 0.4966222222222222
0 0.7662760416666666 0.6128194444444445 0.7779947916666666 0.6375268518518519 0.7782119791666666 0.6495694444444444 0.7647567708333334 0.671188888888889 0.7829859375 0.6518861111111112 0.796875 0.6426203703703703 0.7927515625 0.6274898148148148 0.7888453125 0.6066416666666666 0.7814671875 0.58425 0.7697484375 0.5672638888888889 0.7606338541666666 0.5363787037037037 0.7406682291666667 0.49313981481481484 0.7200520833333334 0.4783953703703704 0.7180989583333334 0.4900509259259259 0.7280817708333333 0.5054935185185185 0.7337239583333334 0.5263407407407408 0.7467447916666666 0.5502768518518518 0.759765625 0.58425 0.7662760416666666 0.6128194444444445
0 0.8287760416666666 0.6367546296296297 0.8400609375 0.6498814814814814 0.8517796875 0.6398435185185185 0.8474390625 0.6159074074074073 0.8335505208333333 0.588111111111111 0.8200953125 0.5634027777777778 0.7983942708333333 0.5263407407407408 0.7897135416666666 0.48232962962962966 0.7890625 0.43094166666666667 0.7862411458333334 0.46688703703703704 0.7836369791666667 0.4900509259259259 0.7840713541666666 0.5286574074074074 0.8023005208333333 0.5579981481481482 0.8174911458333334 0.6004648148148147 0.8287760416666666 0.6367546296296297
0 0.8057723958333334 0.8398240740740741 0.8053385416666666 0.8483175925925925 0.8088109375 0.8861518518518519 0.8131510416666666 0.8637601851851852 0.8170572916666666 0.8506342592592592 0.8235677083333334 0.8243814814814815 0.8318140625 0.7834592592592592 0.8383244791666667 0.7579787037037037 0.8409286458333334 0.7340425925925925 0.8444010416666666 0.7178287037037037 0.8409286458333334 0.6853990740740741 0.833984375 0.6599185185185185 0.8235677083333334 0.6543212962962963 0.818359375 0.6707287037037036 0.8196614583333334 0.6938925925925926 0.8200953125 0.7139675925925927 0.8187932291666667 0.7440805555555555 0.8161890625 0.7811425925925926 0.8057723958333334 0.8398240740740741
0 0.8615453125 0.3397148148148148 0.859375 0.31500648148148147 0.8559026041666667 0.2802611111111111 0.8563369791666666 0.25400833333333334 0.8485244791666666 0.23084444444444446 0.8439671875 0.22344814814814815 0.8561197916666666 0.18561388888888888 0.8352864583333334 0.229625 0.8192276041666666 0.22344814814814815 0.8014322916666666 0.23811851851851853 0.8196614583333334 0.23116944444444446 0.8335505208333333 0.23889074074074074 0.8246526041666667 0.2524648148148148 0.8363713541666667 0.2895268518518519 0.8415796875 0.303425 0.8441838541666667 0.3273611111111111 0.8467880208333334 0.35592962962962965 0.8328994791666666 0.4138388888888889 0.8355036458333333 0.4261925925925926 0.8346354166666666 0.4552472222222222 0.8459203125 0.43623055555555557 0.8498265625 0.4308259259259259 0.85546875 0.3922194444444444 0.8585067708333334 0.3667388888888889 0.8615453125 0.3397148148148148
0 0.7712671875 0.31500648148148147 0.7712671875 0.3397148148148148 0.7743057291666666 0.3709101851851852 0.7352432291666666 0.38480833333333336 0.7801651041666666 0.3763287037037037 0.7962239583333334 0.4342388888888889 0.7862411458333334 0.3786453703703704 0.7903645833333334 0.3682833333333333 0.7999130208333334 0.32967685185185186 0.7934026041666667 0.2995638888888889 0.7960067708333334 0.2764 0.7994791666666666 0.2401101851851852 0.8025171875 0.19223888888888888 0.8020833333333334 0.16753055555555554 0.8046875 0.139275 0.7916666666666666 0.15980925925925926 0.7855901041666667 0.17679629629629628 0.7790796875 0.21694629629629628 0.7786458333333334 0.24397129629629627 0.7782119791666666 0.28798240740740744 0.7712671875 0.31500648148148147
0 0.7855901041666667 0.12120277777777778 0.7999130208333334 0.12583518518518516 0.8103296875 0.11888611111111111 0.8346354166666666 0.09576481481481482 0.8142359375 0.10503055555555556 0.7994791666666666 0.08722962962962963 0.7842880208333334 0.07719166666666667 0.7638890625 0.07950833333333333 0.7404515625 0.06020462962962963 0.7222223958333333 0.048623148148148145 0.7037760416666666 0.036265740740740744 0.7118057291666666 0.05788796296296296 0.72265625 0.07950833333333333 0.7482640625 0.09649444444444444 0.7604166666666666 0.10884907407407407 0.7855901041666667 0.12120277777777778
0 0.6312932291666667 0.19846111111111112 0.6625432291666667 0.1976888888888889 0.6312932291666667 0.1853351851851852 0.6282552083333334 0.13977962962962961 0.6234807291666667 0.18147407407407407 0.6115453125 0.18223703703703703 0.6050348958333333 0.20231203703703704 0.5985244791666666 0.2285648148148148 0.5824651041666667 0.2586777777777778 0.5729166666666666 0.28261296296296295 0.5594619791666666 0.2972833333333333 0.5345052083333334 0.3047842592592592 0.5603296875 0.3080935185185185 0.5746526041666667 0.29110648148148144 0.5985244791666666 0.2640824074074074 0.6085067708333334 0.24169074074074076 0.6241317708333334 0.2200712962962963 0.6312932291666667 0.19846111111111112
0 0.5095484375 0.08958148148148148 0.5199651041666666 0.09112592592592593 0.5329859375 0.10270740740740741 0.53125 0.08649351851851851 0.51953125 0.07259444444444445 0.5104166666666666 0.06024074074074074 0.4891494791666667 0.05020277777777778 0.47265625 0.04016574074074074 0.4453125 0.029355555555555555 0.42925364583333336 0.02549537037037037 0.421875 0.040895370370370374 0.4309895833333333 0.05638055555555555 0.4509546875 0.06332962962962962 0.4609375 0.06410185185185185 0.49652760416666664 0.08186018518518519 0.5095484375 0.08958148148148148
0 0.6462671875 0.0903537037037037 0.6618921875 0.08494907407407408 0.6681859375 0.0822611111111111 0.6881510416666666 0.12896944444444444 0.6694880208333333 0.0660462962962963 0.6716578125 0.023960185185185185 0.6453994791666666 0.04248148148148148 0.6271703125 0.050975 0.6037328125 0.06101296296296297 0.5802953125 0.06410185185185185 0.5525171875 0.05406388888888889 0.5368921875 0.06641759259259258 0.5221354166666666 0.07182314814814815 0.5390625 0.0826324074074074 0.5546875 0.09267037037037038 0.6119791666666666 0.08649351851851851 0.6245661458333333 0.09730277777777778 0.6462671875 0.0903537037037037
0 0.26801197916666664 0.2660277777777778 0.263671875 0.22896574074074072 0.2606338541666667 0.20194074074074075 0.2697484375 0.1803212962962963 0.2641057291666667 0.1641064814814815 0.263671875 0.1448037037037037 0.2554255208333333 0.12163981481481483 0.2567276041666667 0.152525 0.2541234375 0.16796759259259259 0.2541234375 0.21429537037037036 0.2554255208333333 0.2474962962962963 0.2513020833333333 0.30383055555555555 0.2513020833333333 0.3177287037037037 0.2541234375 0.3216203703703704 0.2608505208333333 0.35015833333333335 0.24739583333333334 0.36096759259259265 0.2703994791666667 0.35865185185185183 0.2955729166666667 0.37872685185185184 0.2782119791666667 0.3578796296296296 0.2784286458333333 0.3223925925925926 0.2727864583333333 0.31235555555555555 0.2684463541666667 0.29614074074074076 0.26801197916666664 0.2660277777777778
0 0.2957901041666667 0.17646111111111112 0.31011302083333336 0.17954907407407408 0.3287760416666667 0.16951203703703704 0.3342015625 0.16291203703703702 0.35112864583333336 0.18955555555555556 0.3279078125 0.14017037037037036 0.3118489583333333 0.13322129629629628 0.2805989583333333 0.15792962962962961 0.271484375 0.17723333333333333 0.2649739583333333 0.1965361111111111 0.2649739583333333 0.23437037037037037 0.2688802083333333 0.25753425925925927 0.27191822916666664 0.27374907407407406 0.279296875 0.31751574074074074 0.2801651041666667 0.3000009259259259 0.275390625 0.2722046296296296 0.27495677083333336 0.2513574074074074 0.2766927083333333 0.22201666666666667 0.2784286458333333 0.19267499999999999 0.2957901041666667 0.17646111111111112
0 0.37651927083333336 0.1285888888888889 0.3869359375 0.12704444444444443 0.3938802083333333 0.11469074074074075 0.3856338541666667 0.10233703703703703 0.373046875 0.10079259259259259 0.3504776041666667 0.10774166666666667 0.3253036458333333 0.11932314814814815 0.3079427083333333 0.1285888888888889 0.2936197916666667 0.14390462962962963 0.31488697916666664 0.13244907407407405 0.33441822916666664 0.13785462962962963 0.3448348958333333 0.13167777777777775 0.361328125 0.12627222222222223 0.37651927083333336 0.1285888888888889
