0 0.7598958333333333 0.8814814814814815 0.759375 0.8953703703703704 0.7630208333333334 0.9037037037037037 0.7802083333333333 0.9157407407407407 0.778125 0.9111111111111111 0.7901041666666667 0.8833333333333333 0.8296875 0.7490740740740741 0.83125 0.7379629629629629 0.8302083333333333 0.7194444444444444 0.8333333333333334 0.6990740740740741 0.8333333333333334 0.687962962962963 0.8307291666666666 0.6814814814814815 0.8265625 0.6851851851851852 0.8197916666666667 0.712037037037037 0.8114583333333333 0.7277777777777777 0.8005208333333333 0.7888888888888889 0.7869791666666667 0.8185185185185185 0.7713541666666667 0.837037037037037
0 0.6973958333333333 0.875 0.6927083333333334 0.8953703703703704 0.7010416666666667 0.9074074074074074 0.7135416666666666 0.912962962962963 0.7125 0.9083333333333333 0.7145833333333333 0.9009259259259259 0.7255208333333333 0.887962962962963 0.7442708333333333 0.8472222222222222 0.7708333333333334 0.774074074074074 0.7838541666666666 0.7231481481481481 0.7822916666666667 0.7092592592592593 0.778125 0.7083333333333334 0.771875 0.7166666666666667 0.7677083333333333 0.7324074074074074 0.7552083333333334 0.7518518518518519 0.7489583333333333 0.7759259259259259 0.7338541666666667 0.8157407407407408 0.7244791666666667 0.8268518518518518 0.7208333333333333 0.8407407407407408 0.7098958333333333 0.8527777777777777
0 0.6109375 0.6240740740740741 0.6104166666666667 0.6324074074074074 0.6171875 0.6518518518518519 0.6192708333333333 0.6685185185185185 0.640625 0.7111111111111111 0.6630208333333333 0.7712962962962963 0.6734375 0.7851851851851852 0.6817708333333333 0.7805555555555556 0.6848958333333334 0.774074074074074 0.684375 0.7620370370370371 0.6755208333333333 0.7314814814814815 0.665625 0.7231481481481481 0.653125 0.700925925925926 0.6380208333333334 0.6592592592592592 0.6255208333333333 0.6398148148148148 0.6223958333333334 0.6305555555555555 0.6161458333333333 0.6222222222222222
0 0.6791666666666667 0.5990740740740741 0.6807291666666667 0.6064814814814815 0.6854166666666667 0.6064814814814815 0.7005208333333334 0.5916666666666667 0.7083333333333334 0.5907407407407408 0.7203125 0.5796296296296296 0.7708333333333334 0.5037037037037037 0.7875 0.487962962962963 0.7984375 0.487962962962963 0.8140625 0.46944444444444444 0.8229166666666666 0.4546296296296296 0.8239583333333333 0.4462962962962963 0.8291666666666667 0.4425925925925926 0.8265625 0.42685185185185187 0.8182291666666667 0.4027777777777778 0.815625 0.41203703703703703 0.7958333333333333 0.4212962962962963 0.7807291666666667 0.4361111111111111 0.73125 0.5268518518518519 0.7036458333333333 0.5564814814814815 0.6817708333333333 0.5898148148148148
0 0.7572916666666667 0.09537037037037037 0.7552083333333334 0.12314814814814815 0.7697916666666667 0.23425925925925925 0.7708333333333334 0.2861111111111111 0.7817708333333333 0.3351851851851852 0.7496244791666666 0.3919472222222222 0.7947916666666667 0.337037037037037 0.8346583333333334 0.37317685185185184 0.8164786458333333 0.37421944444444444 0.803125 0.31851851851851853 0.8041666666666667 0.27870370370370373 0.8010416666666667 0.25555555555555554 0.7932291666666667 0.225 0.78125 0.13518518518518519 0.7791666666666667 0.08796296296296297 0.7760416666666666 0.06388888888888888 0.778125 0.04814814814814815 0.775 0.041666666666666664 0.7703125 0.040740740740740744 0.7635416666666667 0.049074074074074076 0.7614583333333333 0.07962962962962963
0 0.6041666666666666 0.11203703703703703 0.6041666666666666 0.12037037037037036 0.609375 0.125 0.6432291666666666 0.12314814814814815 0.6802083333333333 0.11481481481481481 0.7057291666666666 0.11481481481481481 0.7125 0.12037037037037036 0.725 0.11851851851851852 0.7463541666666667 0.10277777777777777 0.7473958333333334 0.075 0.7364583333333333 0.06759259259259259 0.7125 0.06759259259259259 0.6979166666666666 0.0787037037037037 0.6364583333333333 0.08703703703703704 0.61875 0.10092592592592593 0.6098958333333333 0.10277777777777777
0 0.378125 0.5407407407407407 0.3765625 0.5555555555555556 0.3796875 0.562037037037037 0.3859375 0.5722222222222222 0.3984375 0.5824074074074074 0.4114583333333333 0.587037037037037 0.44583333333333336 0.6111111111111112 0.46875 0.6222222222222222 0.5057291666666667 0.6268518518518519 0.5109375 0.6212962962962963 0.5088541666666667 0.6111111111111112 0.4921875 0.6027777777777777 0.48489583333333336 0.5944444444444444 0.4479166666666667 0.5814814814814815 0.4328125 0.5694444444444444 0.4197916666666667 0.5546296296296296 0.4161458333333333 0.5407407407407407 0.4015625 0.5333333333333333 0.39010416666666664 0.5166666666666667 0.3875 0.5175925925925926
0 0.2760416666666667 0.49907407407407406 0.2765625 0.512962962962963 0.2869791666666667 0.5416666666666666 0.2994791666666667 0.5537037037037037 0.30885416666666665 0.5685185185185185 0.32890625 0.6041666666666666 0.35572916666666665 0.6620370370370371 0.36041666666666666 0.6657407407407407 0.36302083333333335 0.6638888888888889 0.365625 0.6574074074074074 0.3651041666666667 0.6509259259259259 0.3578125 0.6268518518518519 0.3572916666666667 0.6175925925925926 0.34375 0.5833333333333334 0.3234375 0.5518518518518518 0.296875 0.49907407407407406 0.2864583333333333 0.48703703703703705 0.2791666666666667 0.49166666666666664
0 0.2682291666666667 0.3416666666666667 0.265625 0.3509259259259259 0.26614583333333336 0.3638888888888889 0.2828125 0.38425925925925924 0.29739583333333336 0.3907407407407407 0.33541666666666664 0.43148148148148147 0.3411458333333333 0.43425925925925923 0.3463541666666667 0.43148148148148147 0.35104166666666664 0.43703703703703706 0.36041666666666666 0.44074074074074077 0.36666666666666664 0.4388888888888889 0.36822916666666666 0.4351851851851852 0.365625 0.42777777777777776 0.3109375 0.37962962962962965 0.2875 0.34444444444444444 0.271875 0.3388888888888889
0 0.28020833333333334 0.1175925925925926 0.26522552083333334 0.13746203703703705 0.2787135416666667 0.13329074074074074 0.2942708333333333 0.1537037037037037 0.3260416666666667 0.1787037037037037 0.365625 0.22407407407407406 0.38125 0.2361111111111111 0.390625 0.23703703703703705 0.4 0.24537037037037038 0.4083333333333333 0.24537037037037038 0.4119791666666667 0.24166666666666667 0.4119791666666667 0.2324074074074074 0.4088541666666667 0.22685185185185186 0.3953125 0.21851851851851853 0.38697916666666665 0.20462962962962963 0.3421875 0.1638888888888889 0.32395833333333335 0.13796296296296295 0.31666666666666665 0.12222222222222222 0.309375 0.11481481481481481 0.29791666666666666 0.10648148148148148 0.2869791666666667 0.1037037037037037 0.2951338541666667 0.08740648148148149 0.2951338541666667 0.0686712962962963 0.2886828125 0.0748925925925926
0 0.24114583333333334 0.1 0.23958333333333334 0.10740740740740741 0.24583333333333332 0.11574074074074074 0.2578125 0.17037037037037037 0.2625 0.2101851851851852 0.26197916666666665 0.25925925925925924 0.265625 0.28703703703703703 0.26979166666666665 0.29814814814814816 0.28229166666666666 0.2972222222222222 0.284375 0.27685185185185185 0.2828125 0.23796296296296296 0.2713541666666667 0.14722222222222223 0.259375 0.11388888888888889 0.24791666666666667 0.09907407407407408
0 0.23541666666666666 0.6194444444444445 0.23489583333333333 0.6333333333333333 0.23854166666666668 0.6481481481481481 0.23802083333333332 0.6777777777777778 0.24739583333333334 0.7398148148148148 0.2640625 0.7953703703703704 0.27708333333333335 0.8175925925925925 0.2869791666666667 0.8231481481481482 0.296875 0.8055555555555556 0.2828125 0.7685185185185185 0.28125 0.7555555555555555 0.27395833333333336 0.7453703703703703 0.2708333333333333 0.7342592592592593 0.2713541666666667 0.7287037037037037 0.259375 0.6898148148148148 0.2557291666666667 0.6861111111111111 0.24427083333333333 0.6222222222222222 0.24010416666666667 0.6175925925925926
0 0.23541666666666666 0.5398148148148149 0.2359375 0.5703703703703704 0.24010416666666667 0.5935185185185186 0.2453125 0.600925925925926 0.2484375 0.6157407407407407 0.2557291666666667 0.6768518518518518 0.2671875 0.7166666666666667 0.27447916666666666 0.7314814814814815 0.2796875 0.7342592592592593 0.28229166666666666 0.7472222222222222 0.2869791666666667 0.7537037037037037 0.2942708333333333 0.75 0.2947916666666667 0.7425925925925926 0.2833333333333333 0.7111111111111111 0.26666666666666666 0.637962962962963 0.26510416666666664 0.5861111111111111 0.2671875 0.5722222222222222 0.26197916666666665 0.5444444444444444 0.25625 0.5277777777777778 0.24947916666666667 0.5203703703703704 0.24114583333333334 0.525
0 0.23177083333333334 0.33611111111111114 0.2328125 0.362962962962963 0.24114583333333334 0.39537037037037037 0.24895833333333334 0.475 0.2604166666666667 0.5462962962962963 0.2671875 0.5388888888888889 0.26875 0.5055555555555555 0.2682291666666667 0.48148148148148145 0.2598958333333333 0.4111111111111111 0.2604166666666667 0.3574074074074074 0.25 0.32037037037037036 0.2359375 0.32314814814814813
0 0.3375 0.31666666666666665 0.3416666666666667 0.34629629629629627 0.3375 0.362962962962963 0.32864583333333336 0.3768518518518518 0.3260416666666667 0.38796296296296295 0.3296875 0.387037037037037 0.33645833333333336 0.37592592592592594 0.3411458333333333 0.3768518518518518 0.3609375 0.4027777777777778 0.36614583333333334 0.40185185185185185 0.3723958333333333 0.4064814814814815 0.39375 0.42962962962962964 0.40625 0.4546296296296296 0.42291666666666666 0.4787037037037037 0.4484375 0.5009259259259259 0.4552083333333333 0.5027777777777778 0.4588541666666667 0.5 0.45729166666666665 0.487962962962963 0.4453125 0.4740740740740741 0.434375 0.45092592592592595 0.40677083333333336 0.412962962962963 0.37447916666666664 0.35648148148148145 0.36875 0.3509259259259259 0.34739583333333335 0.3425925925925926 0.3404989583333334 0.30438425925925927 0.34127135416666665 0.27417037037037034
0 0.36752968750000004 0.33665833333333334 0.369846875 0.3497046296296296 0.3798869791666667 0.3668712962962963 0.394946875 0.384725 0.3995807291666667 0.3778583333333333 0.4096208333333333 0.3840388888888889 0.42815624999999996 0.39914537037037034 0.4439885416666666 0.4121925925925926 0.45789010416666664 0.42386574074074074 0.46561354166666663 0.43416574074074077 0.47024739583333336 0.43073240740740737 0.4806734375 0.447212962962963 0.4922583333333333 0.4430925925925926 0.48916875 0.43073240740740737 0.47488125000000003 0.4121925925925926 0.461365625 0.4012055555555556 0.4393546875 0.3785453703703704 0.4157994791666667 0.3586314814814815 0.40382864583333333 0.3407777777777778 0.3879958333333333 0.3256712962962963 0.38297604166666666 0.32292407407407403 0.38374843750000004 0.3064444444444444 0.3802729166666667 0.32429814814814817 0.3756390625 0.3236111111111111 0.3686880208333333 0.3002638888888889 0.3617375 0.27760370370370374 0.3540145833333333 0.2583768518518519 0.3605791666666667 0.2865305555555555 0.36559895833333333 0.30507129629629626
0 0.40825052083333335 0.34329722222222225 0.41888854166666667 0.3517648148148148 0.43781041666666665 0.3620648148148148 0.45943489583333336 0.37305185185185186 0.4768119791666667 0.3819787037037037 0.48801041666666667 0.3812916666666667 0.49920885416666666 0.39090555555555556 0.508090625 0.3977722222222222 0.5061598958333333 0.4128787037037037 0.513496875 0.43347962962962966 0.5127244791666666 0.4478990740740741 0.5077046875 0.4245527777777778 0.5015260416666666 0.41631203703703706 0.48916875 0.41699907407407405 0.47488125000000003 0.4128787037037037 0.455959375 0.39296574074074075 0.4366515625 0.37717222222222224 0.41270989583333334 0.35931851851851854 0.40807604166666667 0.3455851851851852
0 0.4131916666666667 0.3169444444444445 0.4076901041666667 0.322237962962963 0.41386875 0.3428379629629629 0.4258395833333333 0.353825 0.4366515625 0.36000462962962965 0.45711822916666667 0.37305185185185186 0.47990104166666664 0.384725 0.4980505208333333 0.38335185185185183 0.5092489583333334 0.3902185185185185 0.5250812499999999 0.39914537037037034 0.5347354166666667 0.40257870370370374 0.5413 0.40395185185185184 0.5397552083333333 0.42180555555555554 0.5478645833333334 0.40257870370370374 0.5671723958333333 0.40257870370370374 0.5830046875 0.395025 0.5957479166666667 0.41150555555555557 0.6030848958333334 0.4224925925925926 0.5965203124999999 0.40601203703703703 0.6150557291666666 0.4272990740740741 0.6019265625 0.40601203703703703 0.5891833333333333 0.3943388888888889 0.5860942708333333 0.38884537037037037 0.5899557291666666 0.3661851851851852 0.5876385416666667 0.3627518518518518 0.6030848958333334 0.343525 0.6181453124999999 0.31949074074074074 0.6181453124999999 0.3126240740740741 0.6081052083333333 0.32979166666666665 0.5957479166666667 0.3442111111111111 0.6026989583333333 0.3133111111111111 0.5926588541666666 0.343525 0.5822328124999999 0.3558851851851852 0.5748958333333333 0.343525 0.5671723958333333 0.34215092592592594 0.5517260416666667 0.33940462962962964 0.5470921875 0.3380314814814815 0.5355078125 0.3249842592592593 0.5374385416666667 0.3448981481481482 0.5227645833333333 0.35107777777777777 0.49920885416666666 0.3558851851851852 0.48028750000000003 0.35313796296296296 0.45750416666666666 0.3448981481481482 0.4447609375 0.33459814814814814 0.43742395833333336 0.33459814814814814 0.4258395833333333 0.3249842592592593
0 0.49657083333333335 0.2263601851851852 0.49380260416666666 0.2504685185185185 0.4822182291666667 0.2703814814814815 0.4679302083333334 0.2875490740740741 0.4605932291666667 0.27450185185185183 0.461365625 0.29166851851851855 0.4528703125 0.2930425925925926 0.44862239583333335 0.31089537037037035 0.43819635416666664 0.30471574074074076 0.44630572916666666 0.3157027777777778 0.4501671875 0.32531574074074077 0.45480104166666663 0.3431694444444444 0.4551869791666666 0.3294361111111111 0.4663859375 0.32256944444444446 0.4756536458333333 0.3136425925925926 0.4806734375 0.2964759259259259 0.49071354166666664 0.2834287037037037 0.4980505208333333 0.2628287037037037 0.5015260416666666 0.24772129629629627
0 0.44561666666666666 0.1692638888888889 0.444375 0.18317407407407407 0.44669166666666665 0.18935462962962962 0.4424442708333334 0.19210092592592592 0.4385822916666667 0.2092675925925926 0.43742395833333336 0.2250611111111111 0.4420578125 0.20102777777777778 0.44900885416666664 0.19278796296296297 0.4501671875 0.20102777777777778 0.455959375 0.19965462962962963 0.4663859375 0.20102777777777778 0.477584375 0.20446111111111112 0.4860796875 0.20514814814814816 0.49380260416666666 0.21613425925925928 0.4980505208333333 0.2326148148148148 0.49998125000000004 0.25115462962962964 0.5053875 0.2724416666666667 0.5096354166666667 0.2930425925925926 0.5127244791666666 0.29510185185185184 0.5142692708333334 0.3067759259259259 0.5158135416666666 0.3211962962962963 0.5212197916666667 0.3273759259259259 0.5246953125 0.31776203703703704 0.5212197916666667 0.2930425925925926 0.524309375 0.28411574074074075 0.522378125 0.25939537037037036 0.5169723958333333 0.224375 0.5092489583333334 0.20583425925925924 0.49341666666666667 0.17768055555555556 0.48028750000000003 0.1625740740740741 0.4698609375 0.15982685185185186 0.4551869791666666 0.16120092592592594
0 0.3977609375 0.18963981481481482 0.403625 0.16982592592592594 0.415940625 0.1614833333333333 0.4147677083333334 0.15314074074074074 0.4352927083333333 0.14271203703703703 0.4546453125 0.13958333333333334 0.4698927083333333 0.13854074074074074 0.48044895833333334 0.12185555555555556 0.49100468750000004 0.12185555555555556 0.5085979166666666 0.11977037037037037 0.5150484375000001 0.11038425925925927 0.5138760416666667 0.08431388888888888 0.507425 0.0634574074074074 0.5203265625 0.10099907407407407 0.5150484375000001 0.13124074074074074 0.5197401041666666 0.14062685185185186 0.5349875 0.15418333333333334 0.54554375 0.17399722222222222 0.5320552083333333 0.15939722222222222 0.5168078125 0.14584074074074074 0.512703125 0.15731203703703703 0.49804166666666666 0.16565462962962965 0.4845536458333333 0.1677398148148148 0.4646151041666667 0.15939722222222222 0.44408958333333337 0.17295462962962962 0.42590989583333333 0.17921111111111113 0.41711354166666664 0.1865111111111111 0.40714375 0.1938111111111111
