0 0.28211614583333333 0.7915861111111111 0.2896239583333333 0.7707259259259259 0.29196979166666664 0.754037962962963 0.2921265625 0.7401305555555555 0.2957234375 0.7245555555555555 0.30291822916666666 0.7089796296296296 0.3151182291666667 0.685637962962963 0.3257536458333333 0.6664472222222223 0.3271609375 0.6589370370370371 0.3296635416666666 0.6505935185185184 0.33779687500000005 0.6422490740740741 0.34076822916666666 0.6358518518518519 0.3388916666666667 0.6258388888888888 0.3351380208333333 0.6255611111111111 0.32872500000000004 0.6300111111111112 0.32293802083333334 0.6386333333333334 0.31715104166666663 0.6447518518518518 0.31230260416666666 0.6414148148148148 0.30714114583333335 0.6558777777777778 0.29932083333333337 0.6739564814814816 0.28884166666666666 0.6989888888888889 0.27695520833333337 0.7268027777777778 0.27054218750000003 0.7429342592592593 0.26350416666666665 0.7724166666666668 0.2614708333333333 0.7913185185185185 0.25224270833333334 0.7946564814814815 0.24551770833333333 0.7979944444444443 0.2544328125 0.7966037037037037 0.2619401041666667 0.7935435185185186 0.26444270833333333 0.7999407407407407 0.2722630208333333 0.8057824074074074 0.2727322916666666 0.8043416666666666 0.2783625 0.8196777777777777 0.2871213541666667 0.8397037037037037 0.2860265625 0.829412962962963 0.28055260416666666 0.817175 0.2755473958333334 0.802712037037037 0.28211614583333333 0.7915861111111111
0 0.49045833333333333 0.7678833333333333 0.4785739583333333 0.7502074074074074 0.46323177083333333 0.724462037037037 0.45134739583333333 0.7098592592592593 0.44940260416666666 0.6856509259259259 0.4617192708333333 0.6637481481481481 0.4803026041666667 0.656062037037037 0.4926192708333333 0.647224074074074 0.489378125 0.6418444444444444 0.47295572916666667 0.64415 0.459990625 0.6522194444444445 0.443784375 0.6718175925925925 0.43816614583333335 0.6941046296296297 0.43816614583333335 0.730225925925926 0.44832187500000004 0.7648092592592592 0.4697145833333333 0.809 0.4822473958333333 0.8220648148148149 0.4885140625 0.8247546296296296 0.4818151041666667 0.8420472222222222 0.4774932291666667 0.8574175925925925 0.48829791666666666 0.8339768518518519 0.49369999999999997 0.8189907407407407 0.501046875 0.8124583333333334 0.5015869791666667 0.8062361111111112 0.5155244791666667 0.7928611111111111 0.5310822916666667 0.7836388888888889 0.5198463541666667 0.7840231481481481 0.5049364583333333 0.795550925925926 0.5006145833333333 0.7943981481481482 0.49045833333333333 0.7678833333333333
0 0.5438317708333333 0.6315916666666667 0.5505302083333333 0.5939342592592592 0.5498817708333333 0.5574287037037037 0.548153125 0.5359101851851852 0.5457760416666667 0.5124694444444444 0.5403739583333333 0.49671481481481483 0.5360526041666667 0.4978675925925926 0.5358364583333334 0.516312037037037 0.5373489583333334 0.5373398148148149 0.5336755208333333 0.5842194444444444 0.5280572916666667 0.6264888888888889 0.520278125 0.6464703703703704 0.5140119791666666 0.6626101851851852 0.5053682291666667 0.6860499999999999 0.5034234375 0.711412037037037 0.5032078125 0.7244768518518518 0.49024270833333333 0.7233240740740742 0.474684375 0.7210185185185186 0.4870010416666667 0.7283194444444445 0.5045041666666666 0.7283194444444445 0.5062328125 0.7340833333333333 0.514228125 0.7363888888888889 0.5189817708333334 0.7429212962962963 0.5263286458333334 0.7575231481481481 0.5358364583333334 0.764824074074074 0.5287057291666667 0.7556018518518518 0.5196838541666666 0.7357444444444445 0.5271932291666667 0.722662962962963 0.5315145833333333 0.7026805555555555 0.5343239583333333 0.6738611111111111 0.5351880208333333 0.6519583333333333 0.5438317708333333 0.6315916666666667
0 0.6080630208333333 0.39386018518518523 0.6030927083333334 0.4234481481481482 0.600715625 0.43881944444444443 0.5916401041666667 0.44150925925925927 0.5793234374999999 0.4591851851851852 0.5702479166666666 0.48416203703703703 0.5559864583333333 0.5210518518518519 0.5527447916666667 0.5425712962962963 0.550584375 0.5671638888888889 0.5525291666666666 0.5863768518518518 0.5482072916666667 0.6125074074074074 0.5441015625 0.634025925925926 0.538915625 0.6509333333333334 0.5447500000000001 0.6590027777777777 0.5490713541666667 0.6528546296296296 0.5518807291666668 0.6297990740740741 0.5559864583333333 0.613275925925926 0.5611723958333333 0.590987962962963 0.56398125 0.5548842592592592 0.5708963541666667 0.5276009259259259 0.582996875 0.5095407407407407 0.5966104166666667 0.49186481481481487 0.6084947916666666 0.47764629629629624 0.6117359375 0.46535 0.6143291666666666 0.4630444444444445 0.6184348958333333 0.4630444444444445 0.6134109375 0.4577157407407408 0.6076307291666667 0.44996296296296295 0.6039572916666667 0.43881944444444443 0.6104395833333334 0.4003925925925926 0.6121682291666667 0.3738787037037037 0.6080630208333333 0.39386018518518523
0 0.6266458333333333 0.49079629629629623 0.6396109375000001 0.46543425925925924 0.6424203125 0.4492953703703704 0.6484708333333333 0.43085092592592594 0.6473901041666666 0.4174009259259259 0.6422041666666666 0.41432685185185186 0.6378822916666667 0.42355000000000004 0.6335609375 0.43085092592592594 0.6264302083333334 0.44468425925925925 0.6169223958333333 0.46197592592592596 0.6089270833333333 0.4785 0.5935848958333333 0.5007870370370371 0.5832130208333334 0.5134675925925926 0.5741375000000001 0.5269166666666667 0.5676546874999999 0.543825 0.5650619791666667 0.5622694444444444 0.566790625 0.5745657407407407 0.5721927083333332 0.5791768518518519 0.5724088541666668 0.597237962962963 0.5743536458333334 0.619525 0.5750015625 0.5999277777777778 0.5750557291666667 0.5825648148148148 0.5810520833333332 0.5780240740740741 0.5892635416666666 0.5630379629629629 0.5979067708333333 0.5415194444444444 0.6074145833333334 0.5165416666666667 0.6266458333333333 0.49079629629629623
0 0.29375 0.32407407407407407 0.3125 0.325 0.3484375 0.337037037037037 0.37395833333333334 0.34074074074074073 0.38333333333333336 0.34629629629629627 0.38958333333333334 0.34629629629629627 0.39166666666666666 0.3425925925925926 0.3921875 0.3333333333333333 0.39010416666666664 0.32592592592592595 0.3776041666666667 0.3212962962962963 0.3671875 0.3101851851851852 0.3463541666666667 0.30277777777777776 0.30885416666666665 0.2962962962962963 0.2953125 0.2916666666666667 0.2833333333333333 0.2824074074074074 0.2677083333333333 0.28703703703703703 0.25358177083333333 0.293337037037037 0.24012135416666666 0.2655472222222222 0.2520833333333333 0.3148148148148148 0.25271354166666665 0.38210925925925926 0.2592265625 0.33424907407407406 0.2734375 0.3333333333333333 0.28541666666666665 0.33055555555555555 0.29375 0.32407407407407407
0 0.39947916666666666 0.4583333333333333 0.40989583333333335 0.4666666666666667 0.4234375 0.46944444444444444 0.440625 0.4583333333333333 0.4510416666666667 0.44722222222222224 0.4546875 0.4305555555555556 0.4510416666666667 0.43148148148148147 0.4354166666666667 0.4546296296296296 0.41875 0.45925925925925926 0.409375 0.45 0.40208333333333335 0.4305555555555556 0.4010416666666667 0.4148148148148148 0.40260416666666665 0.4 0.41875 0.3398148148148148 0.42239583333333336 0.33425925925925926 0.4244791666666667 0.31666666666666665 0.42423020833333336 0.2820648148148148 0.43216302083333336 0.27266203703703706 0.4442515625 0.29213796296296296 0.4363182291666667 0.2639314814814815 0.4495401041666666 0.24848518518518517 0.43405208333333334 0.2505 0.42083333333333334 0.2657407407407407 0.4110083333333333 0.26326018518518524 0.4113859375 0.23975462962962962 0.4026973958333333 0.21020555555555553 0.4040234375 0.2519675925925926 0.3940255208333333 0.23628425925925928 0.38720885416666667 0.24042592592592596 0.4041666666666667 0.2657407407407407 0.3963541666666667 0.2898148148148148 0.39166666666666666 0.32222222222222224 0.39166666666666666 0.3648148148148148 0.3880208333333333 0.3888888888888889 0.3875 0.41944444444444445 0.39166666666666666 0.4425925925925926 0.3953125 0.45092592592592595 0.39947916666666666 0.4583333333333333
0 0.6380208333333334 0.44537037037037036 0.6432291666666666 0.44351851851851853 0.6484375 0.4212962962962963 0.6546875 0.4083333333333333 0.6546875 0.4009259259259259 0.6578125 0.3972222222222222 0.6755208333333333 0.2972222222222222 0.6833333333333333 0.2814814814814815 0.6904177083333334 0.27014722222222226 0.6927770833333333 0.23239351851851853 0.7154291666666667 0.207225 0.6848958333333334 0.22407407407407406 0.6772036458333334 0.2164537037037037 0.668709375 0.1979962962962963 0.6734286458333333 0.22903796296296294 0.6606864583333334 0.2609185185185185 0.6545515625 0.31712962962962965 0.6458333333333334 0.36203703703703705 0.6403942708333333 0.38340833333333335 0.63850625 0.4035435185185185 0.640625 0.4148148148148148 0.6348958333333333 0.4351851851851852 0.6348958333333333 0.4425925925925926 0.6380208333333334 0.44537037037037036
0 0.5830322916666667 0.12928703703703703 0.5698098958333334 0.11386111111111111 0.5631984375 0.12341018518518518 0.5425380208333334 0.11606481481481482 0.5322078125 0.13222592592592594 0.5503890625000001 0.12194166666666667 0.5611322916666667 0.13442962962962962 0.5685703125 0.1579361111111111 0.5702229166666667 0.1821777777777778 0.5739416666666667 0.17115833333333333 0.5809661458333333 0.18805462962962963 0.587990625 0.24388240740740738 0.5991473958333333 0.2747351851851852 0.6144359375 0.29677314814814815 0.6082380208333333 0.2637166666666667 0.6003869791666666 0.22919074074074075 0.5950151041666667 0.19686944444444446 0.5900567708333334 0.15426296296296296 0.5830322916666667 0.12928703703703703
0 0.6189812499999999 0.23580277777777778 0.642946875 0.21964166666666665 0.6681526041666667 0.2020111111111111 0.6892260416666667 0.19172685185185184 0.6941843750000001 0.20788796296296297 0.6987296875 0.18952314814814816 0.7111260416666667 0.17777037037037036 0.7152578125000001 0.1652824074074074 0.7222822916666666 0.16895462962962962 0.7214557291666667 0.18731944444444446 0.723521875 0.17777037037037036 0.7338520833333334 0.20127685185185185 0.7268276041666667 0.17336203703703704 0.7177369791666667 0.15646666666666667 0.7156708333333334 0.14691759259259257 0.7119520833333334 0.14104074074074074 0.7127786458333334 0.12781851851851853 0.7069937500000001 0.10945370370370369 0.6933578125000001 0.09770000000000001 0.7078203125000001 0.12120648148148147 0.7078203125000001 0.13296018518518518 0.69955625 0.1373675925925926 0.6842677083333334 0.14765185185185184 0.6743505208333332 0.14985555555555555 0.6801354166666667 0.1579361111111111 0.67021875 0.1674861111111111 0.6528640625000001 0.18438148148148148 0.6301375 0.19172685185185184 0.6032791666666667 0.20862222222222224 0.5999734375 0.22037592592592592 0.5999734375 0.22257962962962963 0.6008 0.23580277777777778 0.6086510416666666 0.23580277777777778 0.6148489583333333 0.23139444444444446 0.6189812499999999 0.23580277777777778
0 0.5966682291666667 0.09916944444444444 0.613609375 0.09696574074074074 0.6272453124999999 0.08668148148148148 0.6375755208333334 0.06831666666666666 0.6636072916666667 0.059501851851851854 0.639228125 0.062439814814814816 0.6350963541666667 0.04701388888888889 0.6268317708333334 0.033056481481481485 0.6074114583333333 0.033056481481481485 0.6218734375 0.03599444444444445 0.6322036458333333 0.047748148148148144 0.6193942708333334 0.05288981481481482 0.6152625 0.062439814814814816 0.6069979166666666 0.055094444444444446 0.6115432291666667 0.06611296296296297 0.5974942708333334 0.07786574074074074 0.5789000000000001 0.07713148148148148 0.5627854166666667 0.08521203703703703 0.5487364583333334 0.09696574074074074 0.5429515625000001 0.0999037037037037 0.5359270833333334 0.10063796296296296 0.5317947916666667 0.11239166666666667 0.5359270833333334 0.11973796296296298 0.5495625000000001 0.11239166666666667 0.5706359375000001 0.11092222222222223 0.5966682291666667 0.09916944444444444
0 0.7479010416666667 0.04334074074074074 0.7313729166666667 0.05729814814814815 0.7177369791666667 0.04995185185185185 0.7065807291666667 0.05435925925925926 0.6966635416666667 0.047748148148148144 0.6983166666666667 0.060236111111111115 0.6710447916666666 0.06537777777777778 0.6503848958333334 0.06464351851851852 0.6342697916666666 0.07125462962962963 0.6160885416666667 0.09402685185185186 0.6123697916666667 0.10725 0.6239395833333333 0.10725 0.6322036458333333 0.10210740740740741 0.6421208333333334 0.10357685185185185 0.6603015625 0.09402685185185186 0.6846807291666667 0.08814999999999999 0.69955625 0.09182314814814814 0.6983166666666667 0.10284259259259258 0.7136052083333334 0.09549629629629629 0.7293067708333333 0.08814999999999999 0.7350916666666667 0.10945370370370369 0.7479010416666667 0.12928703703703703 0.737984375 0.10284259259259258 0.7330255208333334 0.08521203703703703 0.7330255208333334 0.06464351851851852 0.7479010416666667 0.04334074074074074
0 0.7434270833333334 0.26449814814814815 0.7515078125 0.20957037037037038 0.7619651041666666 0.16393888888888888 0.7738484375 0.13182685185185183 0.7795526041666666 0.15379814814814816 0.780028125 0.12422129629629629 0.7857317708333333 0.09548981481481482 0.7895348958333333 0.07267407407407407 0.8028442708333333 0.07267407407407407 0.7985661458333334 0.06253333333333333 0.7843057291666666 0.06506851851851853 0.7733734375 0.054082407407407405 0.7614895833333333 0.03802685185185185 0.7519828125 0.045632407407407406 0.7458036458333334 0.07520925925925925 0.7548348958333333 0.05154722222222222 0.7662432291666667 0.06084351851851852 0.7610145833333333 0.07858888888888889 0.7534088541666667 0.10647592592592593 0.740575 0.10816574074074074 0.7510322916666666 0.12084166666666665 0.7400994791666666 0.1749240740740741 0.7329697916666666 0.2137962962962963 0.7248890625000001 0.24844259259259258 0.7244135416666667 0.28139907407407405 0.7206109375 0.30168055555555556 0.7267901041666666 0.31858148148148147 0.7324942708333333 0.3253416666666667 0.7348708333333334 0.29914537037037037 0.7353463541666667 0.27970925925925927 0.7434270833333334 0.26449814814814815
0 0.7829473958333334 0.11043611111111111 0.7821661458333333 0.11529722222222222 0.7884171875 0.11738148148148149 0.7888078125 0.13474537037037038 0.798184375 0.16461203703703703 0.7919333333333333 0.17989166666666664 0.7934963541666666 0.18683796296296296 0.8044354166666667 0.18197592592592593 0.8142026041666667 0.19656203703703704 0.8204536458333334 0.22365 0.8282677083333333 0.26393425925925923 0.8384255208333333 0.30352407407407406 0.8450677083333333 0.3243611111111111 0.851709375 0.3521444444444444 0.8567880208333333 0.35561666666666664 0.8614765625 0.34380925925925926 0.8563973958333333 0.30908148148148146 0.8599140625 0.3021351851851852 0.8560067708333333 0.24795925925925924 0.8462395833333333 0.2139259259259259 0.8345187500000001 0.1729462962962963 0.8290489583333333 0.14863703703703704 0.8231885416666667 0.1236324074074074 0.8071703125 0.10418425925925927 0.8079515625 0.09029351851851851 0.816546875 0.08334814814814816 0.8235796875 0.10626851851851851 0.8282677083333333 0.09098796296296296 0.8192817708333333 0.06667777777777778 0.8091239583333334 0.06945648148148148 0.8001380208333334 0.09654444444444445 0.7985749999999999 0.0944611111111111 0.7923239583333334 0.07918055555555556 0.7942776041666666 0.10140648148148149 0.7884171875 0.111825 0.7829473958333334 0.11043611111111111
0 0.7590239583333334 0.35067592592592595 0.7681140625 0.37734074074074075 0.779021875 0.4169324074074074 0.7831125 0.4484453703703704 0.7772041666666667 0.4468287037037037 0.7799307291666667 0.4597574074074074 0.790384375 0.4864212962962963 0.8008380208333333 0.5009657407407407 0.7844760416666666 0.5478305555555556 0.7935661458333333 0.528437962962963 0.8062921875 0.5025814814814815 0.8185640625 0.4872296296296296 0.8162911458333333 0.46137314814814817 0.8090192708333334 0.4330925925925926 0.8040197916666667 0.4169324074074074 0.7958385416666667 0.40804444444444443 0.790384375 0.3821879629629629 0.7853848958333334 0.3571398148148148 0.7772041666666667 0.32805185185185187 0.77175 0.32481944444444444 0.7626598958333334 0.30865925925925924 0.7572057291666667 0.3054277777777778 0.7526604166666666 0.30865925925925924 0.7549333333333333 0.32077962962962964 0.7612963541666667 0.33532407407407405 0.7590239583333334 0.33532407407407405 0.7590239583333334 0.35067592592592595
0 0.829471875 0.6253990740740741 0.8340171875000001 0.663375925925926 0.8349260416666666 0.6617592592592593 0.8399255208333333 0.697312037037037 0.8462885416666667 0.7037759259259259 0.8394713541666667 0.6811518518518519 0.8453796874999999 0.6706481481481481 0.8453796874999999 0.6569111111111111 0.8481067708333333 0.634287037037037 0.8476520833333333 0.6068148148148148 0.8435614583333333 0.5680305555555555 0.8399255208333333 0.533286111111111 0.8435614583333333 0.510662037037037 0.8431072916666668 0.48238148148148147 0.8362895833333333 0.4484453703703704 0.8481067708333333 0.4242046296296296 0.8671958333333334 0.43228518518518516 0.8621963541666666 0.4145083333333333 0.8467432291666667 0.41774074074074075 0.8335625 0.4427888888888889 0.8258359375000001 0.43874907407407404 0.8217453124999999 0.4452129629629629 0.8135645833333334 0.4419814814814815 0.8162911458333333 0.4532935185185185 0.8144734375 0.47672592592592594 0.8185640625 0.5138935185185185 0.8226546875 0.5502546296296296 0.82538125 0.5785342592592593 0.829471875 0.6253990740740741
0 0.7190270833333333 0.9275944444444445 0.7431161458333333 0.9146666666666667 0.7172093749999999 0.9090101851851852 0.7126640625 0.9009305555555556 0.7167546875 0.89285 0.7349348958333334 0.9017379629629629 0.7417526041666667 0.904162037037037 0.756296875 0.8847703703703704 0.7840213541666666 0.8742657407407407 0.8090192708333334 0.8532574074074074 0.8321989583333332 0.8217453703703704 0.8435614583333333 0.807200925925926 0.8508338541666667 0.7853851851851852 0.8585604166666666 0.7659925925925927 0.8535609375 0.7571046296296297 0.837653125 0.7668009259259259 0.8267447916666666 0.7845768518518518 0.8022015625000001 0.8112416666666666 0.7635687499999999 0.8330574074074074 0.7499338541666667 0.8419453703703704 0.7458432291666667 0.8177055555555555 0.7349348958333334 0.8459861111111111 0.7199364583333333 0.8467935185185186 0.7053921875 0.850025925925926 0.6922114583333333 0.8362898148148148 0.6763036458333332 0.8201296296296297 0.6881208333333333 0.8387138888888889 0.7085734375 0.8605296296296296 0.7044833333333334 0.8718416666666667 0.7076645833333333 0.8880018518518519 0.7035739583333334 0.9106268518518519 0.7190270833333333 0.9275944444444445
0 0.8103828125 0.7296324074074074 0.7999291666666667 0.7288240740740741 0.8058380208333333 0.7506407407407407 0.8076557291666667 0.7764972222222222 0.8122010416666666 0.7910407407407407 0.7985656250000001 0.8128574074074074 0.8158369791666666 0.7910407407407407 0.82538125 0.7910407407407407 0.8349260416666666 0.7837694444444444 0.8412890625 0.7837694444444444 0.8331083333333333 0.769225 0.8335625 0.7433685185185185 0.8412890625 0.7223601851851852 0.8299265625000001 0.7336722222222222 0.8299265625000001 0.6940796296296297 0.8303812500000001 0.6585277777777778 0.8267447916666666 0.6197435185185185 0.8199276041666667 0.5793425925925927 0.8103828125 0.55995 0.8085645833333334 0.5591425925925926 0.8022015625000001 0.5704546296296297 0.8081104166666666 0.5906546296296297 0.8076557291666667 0.6060074074074074 0.8135645833333334 0.6383277777777778 0.81401875 0.6924638888888889 0.8103828125 0.7296324074074074
0 0.45334010416666665 0.25342314814814815 0.45261614583333337 0.2868703703703704 0.45912864583333335 0.3035935185185185 0.459490625 0.32932129629629625 0.46455572916666665 0.33575370370370367 0.47034479166666665 0.3267490740740741 0.46962135416666667 0.3003777777777778 0.47287708333333334 0.29201574074074077 0.46998281249999996 0.23412685185185186 0.46708854166666663 0.20646944444444443 0.4667265625 0.18009814814814815 0.4714302083333333 0.17045000000000002 0.4674505208333333 0.1511537037037037 0.469259375 0.12671203703703704 0.466003125 0.11127500000000001 0.4493598958333333 0.10741574074074074 0.443209375 0.125425 0.4428473958333334 0.1492240740740741 0.44140052083333337 0.17881111111111112 0.4489984375 0.17559537037037037 0.449721875 0.20582592592592594 0.45334010416666665 0.25342314814814815
0 0.30845677083333334 0.12017314814814815 0.31557239583333335 0.12207037037037038 0.3244666666666667 0.12143796296296296 0.3287364583333333 0.12586574074074075 0.337275 0.130925 0.3305151041666667 0.11701018518518518 0.34332291666666664 0.11068518518518519 0.3571984375 0.11068518518518519 0.36965052083333333 0.11637777777777777 0.38530468749999996 0.12207037037037038 0.4030932291666666 0.12902777777777777 0.4087854166666667 0.12649814814814814 0.4219494791666667 0.13788240740740743 0.4319109375 0.12649814814814814 0.42621875000000004 0.11321574074074074 0.4109203125 0.11195092592592593 0.40593958333333335 0.10246296296296296 0.38743906250000004 0.09234351851851852 0.37534270833333333 0.08728333333333334 0.3586213541666667 0.08285648148148148 0.34367864583333335 0.08032592592592593 0.32731302083333336 0.07842870370370371 0.33478437499999997 0.06451388888888888 0.32126510416666665 0.07842870370370371 0.31059166666666665 0.07589907407407408 0.3013416666666667 0.08728333333333334 0.2984953125 0.07463333333333333 0.3048994791666667 0.06704351851851852 0.31664010416666666 0.06388148148148148 0.31165885416666667 0.06135185185185186 0.297428125 0.06008611111111111 0.29102395833333333 0.0657787037037037 0.29244739583333335 0.07716388888888889 0.29707239583333334 0.08981388888888889 0.2956489583333333 0.09930092592592593 0.2995625 0.10878796296296296 0.2977838541666667 0.11764259259259259 0.29991822916666666 0.12902777777777777 0.30596666666666666 0.13914722222222223 0.31343802083333333 0.15432777777777779 0.3244666666666667 0.16255 0.32517864583333334 0.16128425925925927 0.31379375000000004 0.1499 0.3070338541666667 0.13345555555555555 0.30276458333333334 0.12017314814814815 0.30845677083333334 0.12017314814814815
0 0.50093125 0.10309537037037038 0.50555625 0.09424074074074074 0.5012869791666666 0.08348888888888889 0.49132552083333336 0.08728333333333334 0.48385416666666664 0.0777962962962963 0.46072864583333334 0.07336851851851851 0.45219010416666666 0.07716388888888889 0.4390265625 0.07526574074074074 0.423728125 0.06704351851851852 0.41590104166666664 0.06388148148148148 0.40736249999999996 0.05565925925925926 0.39882395833333334 0.06261666666666667 0.3945546875 0.06388148148148148 0.3941989583333333 0.049966666666666666 0.4013140625 0.044906481481481485 0.4087854166666667 0.0531287037037037 0.41590104166666664 0.059453703703703696 0.41518958333333333 0.04933425925925926 0.40665104166666666 0.03984722222222222 0.3966890625 0.03921388888888889 0.3906411458333333 0.047437037037037035 0.39028541666666666 0.05818888888888889 0.390996875 0.06704351851851852 0.38992968749999996 0.07969351851851852 0.38921770833333336 0.09234351851851852 0.4006026041666667 0.10309537037037038 0.40842968749999997 0.10246296296296296 0.42052604166666663 0.10752314814814815 0.4198145833333333 0.09930092592592593 0.43404583333333335 0.09677037037037037 0.4411609375 0.10056574074074075 0.4507671875 0.11068518518518519 0.46286354166666666 0.10815555555555556 0.4689114583333333 0.10625833333333333 0.48243125000000003 0.10689074074074073 0.49025833333333335 0.09866851851851852 0.50093125 0.10309537037037038
