0 0.7375 0.8 0.7079817708333334 0.8244805555555555 0.740625 0.8212962962962963 0.7472145833333333 0.8481305555555555 0.7552083333333334 0.8194444444444444 0.7651041666666667 0.8027777777777778 0.7734375 0.774074074074074 0.7828125 0.7546296296296297 0.8255208333333334 0.687962962962963 0.8364583333333333 0.6768518518518518 0.8390625 0.6657407407407407 0.8359375 0.6620370370370371 0.8270833333333333 0.6638888888888889 0.8046875 0.6805555555555556 0.7854166666666667 0.7037037037037037 0.7604166666666666 0.7481481481481481 0.7515625 0.7546296296296297
0 0.5072916666666667 0.7944444444444444 0.5052083333333334 0.8018518518518518 0.50625 0.8157407407407408 0.5161458333333333 0.8342592592592593 0.5270833333333333 0.8462962962962963 0.5432291666666667 0.850925925925926 0.5614583333333333 0.850925925925926 0.5833333333333334 0.8388888888888889 0.5984375 0.8203703703703704 0.6020833333333333 0.8101851851851852 0.6015625 0.8046296296296296 0.6036458333333333 0.8027777777777778 0.5911458333333334 0.8027777777777778 0.5677083333333334 0.825 0.5588541666666667 0.8268518518518518 0.5447916666666667 0.8166666666666667 0.5328125 0.7944444444444444 0.5229166666666667 0.7870370370370371 0.5130208333333334 0.7861111111111111
0 0.3109375 0.8101851851851852 0.31145833333333334 0.8268518518518518 0.3255208333333333 0.8462962962962963 0.36770833333333336 0.8685185185185185 0.3958333333333333 0.8768518518518519 0.4125 0.8768518518518519 0.4276041666666667 0.8740740740740741 0.43333333333333335 0.8694444444444445 0.434375 0.8648148148148148 0.43020833333333336 0.8592592592592593 0.41354166666666664 0.8564814814814815 0.40208333333333335 0.85 0.3848958333333333 0.850925925925926 0.3734375 0.8472222222222222 0.3546875 0.8324074074074074 0.3458333333333333 0.8203703703703704 0.3453125 0.8101851851851852 0.32916666666666666 0.8027777777777778 0.3182291666666667 0.799074074074074
0 0.6619791666666667 0.43148148148148147 0.6557291666666667 0.44351851851851853 0.6729166666666667 0.4388888888888889 0.6880208333333333 0.4212962962962963 0.7046875 0.4111111111111111 0.7333333333333333 0.3814814814814815 0.753125 0.36944444444444446 0.7640625 0.35462962962962963 0.7741572916666667 0.3494861111111111 0.7966041666666667 0.3627916666666667 0.7671875 0.33055555555555555 0.7709510416666667 0.2592027777777778 0.7602619791666666 0.32097592592592594 0.7495734375 0.320025
0 0.27291666666666664 0.5574074074074075 0.2703125 0.575925925925926 0.27447916666666666 0.5851851851851851 0.27708333333333335 0.6055555555555555 0.28854166666666664 0.6240740740740741 0.30416666666666664 0.6398148148148148 0.3223958333333333 0.65 0.3333333333333333 0.6518518518518519 0.340625 0.6462962962962963 0.33697916666666666 0.637962962962963 0.32395833333333335 0.6324074074074074 0.3104166666666667 0.6212962962962963 0.30364583333333334 0.6027777777777777 0.3 0.575 0.2875 0.5444444444444444 0.28125 0.5444444444444444
0 0.596875 0.9037037037037037 0.5984375 0.9111111111111111 0.6135416666666667 0.9120370370370371 0.61875 0.9166666666666666 0.6713541666666667 0.9055555555555556 0.696875 0.9120370370370371 0.7088541666666667 0.9083333333333333 0.7130208333333333 0.8916666666666667 0.7119791666666667 0.8851851851851852 0.7046875 0.875 0.6697916666666667 0.8731481481481481 0.6270833333333333 0.8824074074074074
0 0.8487130208333333 0.36510092592592597 0.8470583333333334 0.4046314814814815 0.8430411458333332 0.4201814814814815 0.8364239583333333 0.4538027777777778 0.83240625 0.49498888888888887 0.8269708333333334 0.5382759259259259 0.8241348958333333 0.561675925925926 0.8208260416666667 0.5784861111111111 0.8201171875 0.5910944444444444 0.8194083333333333 0.6087453703703705 0.8142088541666667 0.6230342592592593 0.807828125 0.6192518518518518 0.8028651041666667 0.5973981481481482 0.8035744791666667 0.5810074074074074 0.7995567708333333 0.573862962962963 0.7993203125 0.5423435185185185 0.8005020833333333 0.5188083333333333 0.8054651041666666 0.49233240740740747 0.8120822916666667 0.4534916666666667 0.8151541666666666 0.4232324074074074 0.8149182291666667 0.40095925925925924 0.8144453125 0.38120648148148145 0.8160994791666667 0.3589324074074074 0.819171875 0.3374990740740741 0.8186994791666666 0.32741296296296296 0.8113729166666667 0.29937777777777774 0.8045197916666668 0.2821472222222222 0.8023927083333333 0.27500277777777776 0.8101916666666666 0.2884509259259259 0.8151541666666666 0.30232037037037035 0.8184630208333333 0.3090444444444444 0.8160994791666667 0.29685648148148147 0.8125546875 0.2796259259259259 0.8087734375 0.258612037037037 0.8031015625 0.22835370370370373 0.80971875 0.24852592592592593 0.8165723958333333 0.2817268518518518 0.8222442708333334 0.30778333333333335 0.8231895833333333 0.31072500000000003 0.8286250000000001 0.3103046296296296 0.8361875 0.31408703703703705 0.8397322916666667 0.31997129629629634 0.8446953125000001 0.3329990740740741 0.8489489583333333 0.3477083333333333
0 0.8131744791666667 0.11836666666666666 0.8209916666666667 0.13967870370370372 0.8260234375 0.15821481481481484 0.8288989583333334 0.18314074074074074 0.8342901041666667 0.22085092592592592 0.8418375 0.26303518518518515 0.8490260416666667 0.29563148148148144 0.8486666666666667 0.3103314814814815 0.8529796875 0.3301453703703704 0.8504635416666667 0.3403722222222222 0.8454317708333333 0.33845462962962963 0.8389624999999999 0.317362037037037 0.8310552083333334 0.3084138888888889 0.8271015625 0.2975490740740741 0.8224291666666667 0.2726222222222222 0.8166786458333333 0.24066481481481483 0.8148817708333334 0.20934629629629628 0.8120062499999999 0.1933675925925926 0.8048182291666667 0.1741935185185185 0.7983484375 0.1562972222222222 0.7954734375 0.14031851851851854 0.7951135416666666 0.12689629629629628 0.7875661458333333 0.11986574074074076 0.7785807291666667 0.11027777777777777 0.7915197916666667 0.11411296296296297 0.8005052083333334 0.11475185185185185 0.8044583333333333 0.11219537037037038 0.812725 0.0936601851851852 0.8224291666666667 0.07065092592592592 0.8224291666666667 0.0891861111111111 0.8112875 0.1070824074074074
0 0.8077833333333333 0.1942435185185185 0.81056875 0.2112638888888889 0.810209375 0.22212962962962962 0.8030208333333333 0.2087074074074074 0.7958328125 0.18569814814814814 0.7861286458333333 0.16588425925925926 0.7760651041666667 0.14734907407407408 0.7627666666666666 0.13264814814814813 0.7584536458333333 0.12689629629629628 0.7465927083333334 0.11922592592592593 0.7386859375 0.1249787037037037 0.7340135416666667 0.11283518518518518 0.7311380208333333 0.09621666666666667 0.7297005208333334 0.08151666666666667 0.7347322916666666 0.0744861111111111 0.7379671875 0.05850740740740741 0.7512651041666667 0.03869351851851852 0.7595317708333333 0.04764166666666667 0.7491088541666666 0.057867592592592595 0.7437177083333334 0.0744861111111111 0.7473119791666666 0.08151666666666667 0.7602505208333333 0.09685648148148149 0.7706734375 0.11219537037037038 0.7836125 0.12817407407407408 0.7936760416666666 0.1422351851851852 0.8026614583333332 0.16716203703703703 0.8066151041666667 0.18697592592592593
0 0.7348203125 0.1253138888888889 0.7222630208333333 0.15296203703703704 0.7106026041666667 0.15987314814814815 0.6947567708333333 0.17369722222222223 0.67651875 0.20240833333333333 0.6600750000000001 0.23537222222222223 0.6490130208333333 0.26780462962962964 0.6409401041666667 0.2768435185185185 0.6340635416666667 0.29970555555555556 0.6271869791666667 0.3044907407407408 0.6262901041666668 0.2869453703703704 0.62898125 0.27046296296296296 0.6340635416666667 0.25398055555555554 0.6334656249999999 0.2406888888888889 0.64363125 0.21357314814814815 0.6549921875 0.18911574074074075 0.6699416666666667 0.1662537037037037 0.6881791666666667 0.13966944444444443 0.701334375 0.11361759259259259 0.7150875 0.09660370370370369 0.7240567708333334 0.09022314814814815 0.7297375 0.09713518518518519 0.7327276041666667 0.11308611111111111
0 0.5387713541666667 0.0890462962962963 0.5261151041666666 0.10645833333333332 0.52215 0.12447870370370372 0.5027640625 0.14054074074074074 0.4849197916666667 0.1487675925925926 0.46531354166666666 0.15386018518518518 0.4494520833333333 0.1710972222222222 0.4333708333333333 0.1801074074074074 0.41861093749999995 0.18285 0.41464531250000003 0.18245833333333333 0.4106802083333333 0.16404629629629627 0.41552656250000003 0.14994259259259257 0.4291848958333333 0.13270555555555555 0.43953906249999997 0.12761296296296296 0.45143489583333335 0.12839629629629631 0.4659744791666667 0.12291203703703704 0.49549427083333336 0.10489074074074074 0.5133380208333334 0.0903962962962963 0.518184375 0.08726203703703703 0.5267760416666667 0.07707685185185184 0.5364692708333333 0.07041666666666667 0.5406546875 0.08060277777777777
0 0.41457916666666667 0.189925 0.40246302083333335 0.21264629629629628 0.38439843749999997 0.23184259259259257 0.3689776041666667 0.24202777777777776 0.347609375 0.265925 0.3348317708333333 0.2953064814814815 0.32491875000000003 0.3098018518518519 0.3134630208333334 0.32743055555555556 0.3090572916666667 0.32860555555555554 0.31104010416666666 0.3129351851851852 0.3207328125 0.2909972222222222 0.3302057291666667 0.2721925925925926 0.3451859375 0.24477037037037036 0.3652328125 0.22322407407407407 0.3742651041666667 0.2048111111111111 0.38219583333333335 0.18404814814814813 0.3984973958333333 0.16759444444444446 0.40907187500000003 0.16994537037037036 0.41413854166666664 0.1797388888888889
0 0.39446250000000005 0.11937962962962964 0.40003958333333334 0.14604814814814815 0.4079703125 0.16563611111111112 0.3969552083333333 0.17112037037037037 0.3905666666666667 0.15545 0.3872625 0.1440898148148148 0.3764677083333333 0.13390370370370372 0.3553192708333333 0.116275 0.3410005208333333 0.11510000000000001 0.3224953125 0.12763611111111112 0.31015885416666666 0.14683148148148148 0.2998046875 0.1589759259259259 0.28223125 0.16265185185185185 0.2727583333333333 0.15285833333333332 0.2718770833333333 0.1407138888888889 0.2798078125 0.116425 0.29765156249999997 0.09957962962962963 0.3108692708333333 0.09527037037037037 0.33994843750000003 0.08586851851851852 0.3705697916666667 0.08155925925925926 0.3873125 0.10506481481481482
0 0.625 0.5064814814814815 0.6244791666666667 0.5583333333333333 0.6265625 0.5648148148148148 0.63125 0.5666666666666667 0.634375 0.562962962962963 0.6369791666666667 0.5518518518518518 0.6375 0.5324074074074074 0.64375 0.5101851851851852 0.6510416666666666 0.4527777777777778 0.6546875 0.44351851851851853 0.6572916666666667 0.4425925925925926 0.6578125 0.4351851851851852 0.6552083333333333 0.43148148148148147 0.659375 0.40925925925925927 0.66875 0.3851851851851852 0.6734375 0.3824074074074074 0.6755208333333333 0.3768518518518518 0.6880208333333333 0.3314814814814815 0.7281796875000001 0.28755555555555556 0.6854166666666667 0.3194444444444444 0.6791666666666667 0.3037037037037037 0.6776041666666667 0.2490740740740741 0.675 0.29259259259259257 0.6677083333333333 0.31666666666666665 0.6557291666666667 0.33796296296296297 0.6510416666666666 0.3527777777777778 0.6510416666666666 0.3638888888888889 0.6401041666666667 0.4074074074074074 0.6385416666666667 0.43425925925925923
0 0.5348958333333333 0.26666666666666666 0.5328125 0.27314814814814814 0.5447916666666667 0.2712962962962963 0.5484375 0.2740740740740741 0.55625 0.29814814814814816 0.5786458333333333 0.3314814814814815 0.609375 0.3925925925925926 0.6328125 0.4148148148148148 0.6369791666666667 0.41574074074074074 0.640625 0.41203703703703703 0.640625 0.40370370370370373 0.6322916666666667 0.39351851851851855 0.625 0.37592592592592594 0.5942708333333333 0.32314814814814813 0.5828125 0.2935185185185185 0.578125 0.2740740740740741 0.5630208333333333 0.25462962962962965 0.5614583333333333 0.24675925925925926 0.5630208333333333 0.2222222222222222 0.5604166666666667 0.2222222222222222 0.5541666666666667 0.2537037037037037 0.546875 0.26296296296296295 0.5390625 0.26296296296296295
0 0.4703125 0.34074074074074073 0.4588541666666667 0.3453703703703704 0.42239583333333336 0.3731481481481482 0.4125 0.37777777777777777 0.4 0.37592592592592594 0.3729166666666667 0.4046296296296296 0.359375 0.39166666666666666 0.3536458333333333 0.3787037037037037 0.353125 0.3824074074074074 0.3567708333333333 0.38796296296296295 0.35625 0.39351851851851855 0.3723958333333333 0.4166666666666667 0.37864583333333335 0.43425925925925923 0.3807291666666667 0.4564814814814815 0.384375 0.46574074074074073 0.3921875 0.4666666666666667 0.396875 0.462037037037037 0.390625 0.45925925925925926 0.390625 0.4546296296296296 0.38697916666666665 0.44814814814814813 0.3859375 0.44351851851851853 0.38958333333333334 0.43333333333333335 0.4078125 0.4203703703703704 0.4265625 0.39814814814814814 0.46875 0.37592592592592594 0.49947916666666664 0.3472222222222222 0.49947916666666664 0.34074074074074073 0.49583333333333335 0.337037037037037
0 0.43645833333333334 0.537962962962963 0.4348958333333333 0.55 0.4390625 0.5546296296296296 0.459375 0.5203703703703704 0.4869791666666667 0.44907407407407407 0.4947916666666667 0.4351851851851852 0.5010416666666667 0.4305555555555556 0.5098958333333333 0.412962962962963 0.5171875 0.38425925925925924 0.5401041666666667 0.37222222222222223 0.5197916666666667 0.375 0.5130208333333334 0.3731481481481482 0.509375 0.3675925925925926 0.5098958333333333 0.3175925925925926 0.5005208333333333 0.36944444444444446 0.49635416666666665 0.3731481481481482 0.4822916666666667 0.4 0.48020833333333335 0.4166666666666667 0.475 0.43148148148148147 0.4505208333333333 0.4842592592592593 0.4432291666666667 0.5064814814814815 0.44114583333333335 0.525
0 0.33360520833333335 0.47504166666666664 0.34010416666666665 0.525 0.3385416666666667 0.5444444444444444 0.334375 0.5537037037037037 0.3296875 0.5574074074074075 0.319640625 0.5779157407407407 0.3415848958333333 0.5625435185185186 0.36419375 0.5826462962962964 0.3821479166666667 0.5802805555555556 0.40989583333333335 0.5944444444444444 0.44479166666666664 0.6157407407407407 0.4713541666666667 0.6203703703703703 0.47708333333333336 0.6148148148148148 0.47708333333333336 0.6074074074074074 0.4739583333333333 0.6027777777777777 0.4625 0.5972222222222222 0.44947916666666665 0.5833333333333334 0.4197916666666667 0.5712962962962963 0.390625 0.5518518518518518 0.38229166666666664 0.5444444444444444 0.3776041666666667 0.5305555555555556 0.3697916666666667 0.5305555555555556 0.346875 0.5203703703703704 0.3453125 0.5074074074074074
0 0.6689802083333334 0.8643805555555555 0.6727385416666666 0.8587722222222223 0.6940171875 0.86705 0.7305906249999999 0.872962037037037 0.7571890625000001 0.8623194444444444 0.7698234374999999 0.8540425925925926 0.7664989583333334 0.8398527777777778 0.7944276041666666 0.8303935185185186 0.8037369791666666 0.8280277777777778 0.806396875 0.7901888888888889 0.806396875 0.8363055555555556 0.8097218749999999 0.849312962962963 0.8044020833333333 0.8859694444444445 0.7944276041666666 0.9155305555555556 0.803071875 0.8635018518518518 0.7857828125 0.8836046296296296 0.755859375 0.8883342592592592 0.7252708333333333 0.8966111111111111 0.7099765625 0.8824212962962963 0.6946822916666666 0.8717796296296296 0.6753984375000001 0.8694148148148148
0 0.27333541666666666 0.20260833333333333 0.28306770833333333 0.20185092592592593 0.29570208333333337 0.1699240740740741 0.3050114583333333 0.15573425925925927 0.2890520833333333 0.20303333333333334 0.28506250000000005 0.2172222222222222 0.2897171875 0.24914907407407408 0.29636718749999996 0.2692509259259259 0.2863921875 0.2621564814814815 0.29104739583333333 0.31536759259259256 0.2983619791666667 0.36384814814814814 0.29769687499999997 0.3993222222222222 0.29171197916666664 0.40405277777777776 0.29104739583333333 0.4347962962962963 0.28506250000000005 0.4418916666666667 0.28173750000000003 0.42770185185185183 0.28306770833333333 0.3993222222222222 0.2744229166666667 0.37094351851851853 0.2717630208333333 0.3070898148148148 0.2637833333333333 0.26570370370370366 0.26245364583333336 0.23968981481481483
0 0.2642947916666667 0.14115833333333333 0.25247916666666664 0.1734712962962963 0.247159375 0.23495925925925926 0.24250468749999998 0.2787111111111111 0.23186510416666667 0.31655 0.22920520833333333 0.3141851851851852 0.2298703125 0.3413814814814815 0.22854010416666667 0.37330833333333335 0.23253020833333335 0.4123296296296296 0.22654531249999998 0.41942407407407406 0.21989583333333332 0.3910453703703704 0.22122552083333333 0.4182416666666667 0.23186510416666667 0.425337037037037 0.24117447916666668 0.4146944444444444 0.25114895833333334 0.4206074074074074 0.27907760416666666 0.45608055555555554 0.25646875 0.4076 0.26710833333333334 0.3839509259259259 0.26710833333333334 0.3567537037037037 0.272428125 0.33073981481481485 0.26311875 0.33192222222222223 0.26311875 0.2834407407407407 0.26311875 0.23968981481481483 0.2730932291666667 0.20539814814814816 0.28373281250000004 0.18056574074074075 0.28439739583333334 0.16046388888888888 0.2744229166666667 0.13799722222222222
0 0.26908125 0.6242518518518518 0.28373281250000004 0.6613 0.2863921875 0.673125 0.28439739583333334 0.6861324074074074 0.28173750000000003 0.7015046296296297 0.2730932291666667 0.7145111111111111 0.2897171875 0.7038694444444444 0.3063416666666667 0.7216064814814815 0.3356 0.7287009259259258 0.35687916666666664 0.7287009259259258 0.3774927083333333 0.7417083333333333 0.4040916666666667 0.7558981481481482 0.4320203125 0.7618101851851852 0.4439895833333333 0.7535324074074075 0.40874635416666666 0.734612962962963 0.3761630208333333 0.710963888888889 0.3342703125 0.6814027777777777 0.32429531250000004 0.673125 0.32695520833333336 0.6648481481481481 0.31565104166666663 0.6707601851851852 0.2996916666666667 0.6683953703703703 0.29104739583333333 0.6636657407407408
0 0.36799218749999996 0.7386435185185185 0.3748328125 0.7547157407407407 0.37549791666666665 0.770087037037037 0.37017812499999997 0.7736351851851851 0.3814828125 0.7795472222222222 0.40741666666666665 0.7842768518518518 0.42869531250000004 0.7807296296296297 0.4599489583333333 0.7736351851851851 0.4885427083333333 0.7653574074074074 0.5005119791666667 0.7535324074074075 0.5111515624999999 0.7298833333333333 0.5151411458333334 0.7121462962962963 0.5005119791666667 0.7357953703703703 0.47324843749999995 0.7547157407407407 0.4360098958333333 0.7535324074074075 0.39943697916666665 0.7511675925925926 0.3814828125 0.7464379629629629 0.37815781249999997 0.7511675925925926
0 0.23876979166666665 0.5438935185185185 0.24449947916666667 0.5749805555555556 0.24050989583333332 0.5832574074074074 0.243834375 0.6187314814814815 0.24981927083333336 0.6589351851851851 0.2484890625 0.673125 0.24649427083333333 0.6920444444444445 0.2551390625 0.7263361111111111 0.2657786458333333 0.7310657407407408 0.275753125 0.7216064814814815 0.2810729166666667 0.710963888888889 0.27109791666666666 0.7121462962962963 0.2704333333333333 0.6873148148148148 0.2730932291666667 0.667212962962963 0.2664432291666667 0.6743074074074074 0.2604588541666667 0.6305564814814815 0.25979375 0.6021768518518519 0.2544739583333333 0.5667027777777778 0.25247916666666664 0.5702509259259259 0.24782447916666667 0.5477833333333333 0.24449947916666667 0.5347768518518519
0 0.2531276041666667 0.7414796296296297 0.2531442708333333 0.7535324074074075 0.25580416666666667 0.7547157407407407 0.2571338541666667 0.7783648148148148 0.2611234375 0.7570805555555556 0.27774791666666665 0.7582629629629629 0.28439739583333334 0.7452555555555556 0.2990265625 0.7417083333333333 0.31764583333333335 0.7393435185185185 0.332275 0.734612962962963 0.338925 0.7298833333333333 0.31764583333333335 0.7298833333333333 0.3023515625 0.7192416666666667 0.29104739583333333 0.7192416666666667 0.27641770833333335 0.7227888888888888 0.2684385416666667 0.7216064814814815 0.25779895833333333 0.7298833333333333 0.24981927083333336 0.7251537037037038 0.24183958333333333 0.6944092592592592 0.24516458333333332 0.7192416666666667 0.24782447916666667 0.7393435185185185 0.23519010416666666 0.7322481481481481 0.24449947916666667 0.7464379629629629
0 0.26376302083333336 0.7745685185185185 0.2684385416666667 0.8067435185185186 0.2770828125 0.8292111111111111 0.294371875 0.8575898148148148 0.3129911458333333 0.8871518518518519 0.31897604166666665 0.8966111111111111 0.3223005208333333 0.8966111111111111 0.3356 0.9048888888888889 0.3409197916666667 0.9025240740740741 0.33759479166666667 0.8800564814814815 0.3302802083333333 0.878874074074074 0.3216359375 0.8575898148148148 0.3023515625 0.8339407407407406 0.29104739583333333 0.8020138888888888 0.28173750000000003 0.7748175925925926 0.2704333333333333 0.7641749999999999 0.26311875 0.7653574074074074 0.25114895833333334 0.7665398148148148 0.2484890625 0.7901888888888889 0.2551390625 0.772451851851852
0 0.2834390625 0.7584962962962963 0.2897171875 0.7488027777777778 0.3036817708333333 0.7476203703703703 0.3129911458333333 0.7440731481481482 0.32296562500000003 0.7547157407407407 0.34889947916666664 0.7689046296296297 0.3721734375 0.7748175925925926 0.39810677083333335 0.7854592592592593 0.4153958333333333 0.7866416666666667 0.41938593750000003 0.7925546296296295 0.4260354166666667 0.7961018518518518 0.41805572916666667 0.8079259259259258 0.4027614583333333 0.8043787037037038 0.3947822916666667 0.8102916666666666 0.37283802083333334 0.8091083333333333 0.351559375 0.8043787037037038 0.3316104166666667 0.7925546296296295 0.31565104166666663 0.7925546296296295 0.31698072916666664 0.8031962962962963 0.3063416666666667 0.7961018518518518 0.2930421875 0.7878240740740741 0.28306770833333333 0.776
