0 0.6854166666666667 0.35185185185185186 0.678125 0.3296296296296296 0.6760416666666667 0.30648148148148147 0.66875 0.2861111111111111 0.653125 0.2175925925925926 0.65 0.1935185185185185 0.65 0.1648148148148148 0.64375 0.14074074074074075 0.634375 0.12222222222222222 0.6401041666666667 0.0712962962962963 0.634375 0.08425925925925926 0.6270833333333333 0.11574074074074074 0.6140625 0.11851851851851852 0.603125 0.10555555555555556 0.6515625 0.3138888888888889 0.6588541666666666 0.3314814814814815 0.6661458333333333 0.33796296296296297 0.6760416666666667 0.35833333333333334 0.6838541666666667 0.3611111111111111 0.6854166666666667 0.35185185185185186
0 0.7661458333333333 0.3453703703703704 0.7973958333333333 0.25277777777777777 0.8273739583333334 0.2030601851851852 0.8310838541666666 0.16238333333333332 0.85 0.15 0.8453125 0.14629629629629629 0.8255208333333334 0.14537037037037037 0.8135416666666667 0.13518518518518519 0.7942708333333334 0.16574074074074074 0.7875 0.18425925925925926 0.7807291666666667 0.18703703703703703 0.7807291666666667 0.1925925925925926 0.7848958333333333 0.19444444444444445 0.7864583333333334 0.2064814814814815 0.7697916666666667 0.27870370370370373 0.7567708333333333 0.30648148148148147 0.7401041666666667 0.3333333333333333 0.7317708333333334 0.35555555555555557 0.715625 0.3787037037037037 0.715625 0.39537037037037037 0.7234375 0.39814814814814814 0.7317708333333334 0.3925925925925926 0.7411458333333333 0.37777777777777777 0.7520833333333333 0.3712962962962963 0.7661458333333333 0.3453703703703704
0 0.7869791666666667 0.11851851851851852 0.7958333333333333 0.11203703703703703 0.7979166666666667 0.10092592592592593 0.7963541666666667 0.08611111111111111 0.7833333333333333 0.07685185185185185 0.7703125 0.07407407407407407 0.7578125 0.0787037037037037 0.7255208333333333 0.07222222222222222 0.7161458333333334 0.07222222222222222 0.7109375 0.0787037037037037 0.703125 0.08148148148148149 0.696875 0.08055555555555556 0.6859375 0.08796296296296297 0.6807291666666667 0.0962962962962963 0.68125 0.1037037037037037 0.6942708333333333 0.09907407407407408 0.7319442708333334 0.09907407407407408 0.75 0.1037037037037037 0.7755208333333333 0.11944444444444445 0.7869791666666667 0.11851851851851852
0 0.559375 0.2638888888888889 0.5796875 0.26666666666666666 0.5875 0.27314814814814814 0.6020833333333333 0.30925925925925923 0.603125 0.3175925925925926 0.60625 0.3148148148148148 0.5901041666666667 0.25833333333333336 0.59375 0.2361111111111111 0.6161458333333333 0.18888888888888888 0.6083333333333333 0.19722222222222222 0.5924395833333332 0.22614814814814815 0.5609093749999999 0.19976203703703704 0.5491625 0.21845185185185184 0.5182291666666666 0.20277777777777778 0.5046875 0.18425925925925926 0.4864583333333333 0.13518518518518519 0.48072916666666665 0.11481481481481481 0.4786458333333333 0.09814814814814815 0.47604166666666664 0.10462962962962963 0.4734375 0.13055555555555556 0.4786458333333333 0.16574074074074074 0.4822916666666667 0.1814814814814815 0.49583333333333335 0.20925925925925926 0.5140625 0.22870370370370371 0.559375 0.2638888888888889
0 0.3880208333333333 0.22870370370370371 0.41302083333333334 0.23981481481481481 0.4161458333333333 0.23981481481481481 0.421875 0.2324074074074074 0.4203125 0.22407407407407406 0.40520833333333334 0.21574074074074073 0.3927083333333333 0.1962962962962963 0.3807291666666667 0.18703703703703703 0.35208333333333336 0.1537037037037037 0.33229166666666665 0.12222222222222222 0.31197916666666664 0.11018518518518519 0.3086640625 0.07496296296296295 0.3015625 0.12222222222222222 0.2783697916666667 0.15521759259259257 0.3012447916666667 0.13872685185185185 0.31197916666666664 0.15092592592592594 0.32760416666666664 0.16666666666666666 0.35 0.1814814814814815 0.3880208333333333 0.22870370370370371
0 0.24322916666666666 0.6185185185185185 0.2557291666666667 0.6268518518518519 0.259375 0.6527777777777778 0.2635416666666667 0.6212962962962963 0.2703125 0.6083333333333333 0.27239583333333334 0.5990740740740741 0.27447916666666666 0.5722222222222222 0.278125 0.5574074074074075 0.30885416666666665 0.48055555555555557 0.3104166666666667 0.4722222222222222 0.303125 0.4722222222222222 0.28958333333333336 0.48703703703703705 0.28125 0.5018518518518519 0.2640625 0.5592592592592592 0.2515625 0.5824074074074074 0.24635416666666668 0.6064814814814815 0.24114583333333334 0.6092592592592593 0.23541666666666666 0.6064814814814815 0.24322916666666666 0.6185185185185185
0 0.3927083333333333 0.7175925925925926 0.4140625 0.7083333333333334 0.41875 0.7018518518518518 0.41875 0.6953703703703704 0.4166666666666667 0.6925925925925925 0.3645833333333333 0.6861111111111111 0.3411458333333333 0.6777777777777778 0.334375 0.6731481481481482 0.3296875 0.6648148148148149 0.3020833333333333 0.6648148148148149 0.30104166666666665 0.6685185185185185 0.29739583333333336 0.7027777777777777 0.3072916666666667 0.7018518518518518 0.3177083333333333 0.7083333333333334 0.3411458333333333 0.7074074074074074 0.3703125 0.7166666666666667 0.3927083333333333 0.7175925925925926
0 0.521875 0.7268518518518519 0.5255208333333333 0.7231481481481481 0.5260416666666666 0.7083333333333334 0.5213541666666667 0.7101851851851851 0.49895833333333334 0.7351851851851852 0.4708333333333333 0.7796296296296297 0.45989583333333334 0.7870370370370371 0.4484375 0.8101851851851852 0.44947916666666665 0.8222222222222222 0.4546875 0.8287037037037037 0.4703125 0.8185185185185185 0.48385416666666664 0.7916666666666666 0.5171875 0.7398148148148148 0.521875 0.7268518518518519
0 0.5442708333333334 0.7185185185185186 0.55625 0.6231481481481481 0.5557291666666667 0.6027777777777777 0.5583333333333333 0.5888888888888889 0.55625 0.5731481481481482 0.5520833333333334 0.5731481481481482 0.5479166666666667 0.5796296296296296 0.5447916666666667 0.5981481481481481 0.5369791666666667 0.6231481481481481 0.5317708333333333 0.6583333333333333 0.5302083333333333 0.6916666666666667 0.5270833333333333 0.7046296296296296 0.5197916666666667 0.7166666666666667 0.5213541666666667 0.725925925925926 0.51875 0.7314814814814815 0.515625 0.7888888888888889 0.5203125 0.7944444444444444 0.5296875 0.7962962962962963 0.5375 0.7870370370370371 0.5447916666666667 0.7527777777777778 0.5442708333333334 0.7185185185185186
0 0.27096927083333333 0.8032935185185185 0.2847822916666667 0.8322425925925926 0.2724494791666666 0.8418925925925926 0.28922239583333337 0.8322425925925926 0.29760885416666666 0.8225925925925925 0.2990890625 0.7927657407407408 0.30303541666666667 0.7796074074074074 0.28971562500000003 0.7655712962962963 0.28034270833333336 0.7436398148148148 0.2714625 0.7111814814814815 0.260609375 0.6822324074074074 0.2541963541666667 0.6778462962962962 0.24630312499999998 0.6611787037037037 0.23828958333333333 0.6581018518518519 0.23791614583333331 0.6743370370370371 0.24383645833333334 0.6892509259259259 0.25074270833333334 0.7182 0.26159635416666666 0.7559212962962962 0.26751614583333333 0.7787305555555556 0.27096927083333333 0.8032935185185185
0 0.31487552083333337 0.8822462962962964 0.3212885416666667 0.878737037037037 0.326715625 0.8761046296296296 0.3459552083333334 0.8734731481481481 0.3721015625 0.8761046296296296 0.4095942708333334 0.8875092592592593 0.4165010416666667 0.8778592592592592 0.43130104166666666 0.8769824074074074 0.44610052083333335 0.8629462962962963 0.42587447916666665 0.8585601851851852 0.39232812499999997 0.845400925925926 0.36371510416666664 0.8348740740740741 0.33954166666666663 0.8296111111111111 0.31980885416666666 0.830487962962963 0.30303541666666667 0.830487962962963 0.29312760416666667 0.8390537037037037 0.28922239583333337 0.8497879629629629 0.29316927083333333 0.8831231481481482 0.29316927083333333 0.9111953703703703 0.30451562499999996 0.9015453703703703 0.2951421875 0.8752277777777777 0.31487552083333337 0.8822462962962964
0 0.34743489583333337 0.830487962962963 0.3696348958333333 0.8357518518518519 0.39282135416666664 0.8471555555555556 0.41896770833333336 0.8585601851851852 0.44807395833333336 0.8585601851851852 0.46386041666666666 0.8585601851851852 0.47175364583333335 0.8436472222222222 0.464846875 0.8366287037037037 0.4475807291666667 0.8462787037037037 0.43672760416666667 0.8471555555555556 0.41255416666666667 0.8436472222222222 0.3933145833333333 0.8322425925925926 0.3750614583333334 0.8182064814814815 0.3597682291666667 0.8032935185185185 0.34496875 0.7901342592592593 0.34743489583333337 0.7752212962962963 0.3385552083333333 0.7831166666666667 0.3168489583333333 0.7866249999999999 0.3041739583333333 0.7871527777777778 0.3035291666666666 0.7927657407407408 0.2981026041666667 0.8103111111111111 0.3035291666666666 0.8296111111111111 0.32326197916666666 0.8313648148148148 0.34743489583333337 0.830487962962963
0 0.43072916666666666 0.2824074074074074 0.4354166666666667 0.2740740740740741 0.44166666666666665 0.2518518518518518 0.440625 0.24722222222222223 0.4432291666666667 0.24351851851851852 0.4432291666666667 0.2324074074074074 0.4473958333333333 0.2212962962962963 0.4479166666666667 0.2064814814814815 0.4552083333333333 0.18333333333333332 0.45677083333333335 0.17037037037037037 0.4796875 0.11944444444444445 0.48125 0.08425925925925926 0.47604166666666664 0.07592592592592592 0.4666666666666667 0.04814814814814815 0.4625 0.04814814814814815 0.4588541666666667 0.04351851851851852 0.4473958333333333 0.044444444444444446 0.45364583333333336 0.05277777777777778 0.4583333333333333 0.05185185185185185 0.46770833333333334 0.06759259259259259 0.465625 0.07685185185185185 0.4578125 0.08703703703703704 0.4484375 0.11018518518518519 0.440625 0.15555555555555556 0.42135416666666664 0.2351851851851852 0.41822916666666665 0.26296296296296295 0.4192708333333333 0.27314814814814814 0.41510416666666666 0.2935185185185185 0.41510416666666666 0.30648148148148147 0.4166666666666667 0.3111111111111111 0.4244791666666667 0.31203703703703706 0.43072916666666666 0.2824074074074074
0 0.3696348958333333 0.3887462962962963 0.4007145833333333 0.3554111111111111 0.42390104166666664 0.37295555555555554 0.4441276041666667 0.38611481481481486 0.4776734375 0.39664166666666667 0.5023401041666667 0.40716851851851854 0.5274994791666666 0.4238361111111111 0.5516729166666666 0.3975185185185185 0.5516729166666666 0.3799740740740741 0.5314463541666666 0.3773416666666667 0.5107265625 0.37558703703703705 0.4905 0.36330555555555555 0.4559671875 0.3396203703703704 0.464846875 0.32470648148148146 0.4569536458333333 0.31768888888888885 0.43870052083333333 0.32470648148148146 0.4229140625 0.31944351851851854 0.4145276041666667 0.31944351851851854 0.40712760416666666 0.2940027777777778 0.3949135416666667 0.2702453703703704 0.40022135416666665 0.29488055555555553 0.40910104166666666 0.3211981481481482 0.4056479166666667 0.3326018518518518 0.4051546875 0.3483925925925926 0.38098125 0.3641833333333333 0.3696348958333333 0.3887462962962963
0 0.47718020833333336 0.4273453703703704 0.4890203125 0.44050370370370373 0.5028333333333334 0.44489074074074075 0.5186197916666667 0.4334861111111111 0.5186197916666667 0.4150638888888889 0.5057932291666667 0.40453703703703703 0.4865536458333333 0.39488703703703704 0.46879374999999995 0.38786851851851856 0.4436338541666667 0.37909629629629626 0.4268609375 0.3720787037037037 0.39964791666666666 0.3565138888888889 0.3967677083333333 0.36330555555555555 0.4095942708333334 0.3773416666666667 0.4174875 0.3905009259259259 0.4317942708333333 0.39664166666666667 0.45498072916666665 0.41243240740740744 0.47718020833333336 0.4273453703703704
0 0.4678072916666667 0.46243518518518517 0.4520208333333333 0.4510314814814815 0.4411671875 0.4571722222222222 0.4692869791666666 0.4712083333333333 0.472246875 0.48612129629629625 0.4569536458333333 0.5334925925925926 0.47718020833333336 0.4896305555555556 0.4924734375 0.48612129629629625 0.509246875 0.4712083333333333 0.5329265625 0.44927685185185184 0.5551260416666667 0.4247138888888889 0.5714057291666667 0.40453703703703703 0.5827526041666666 0.38611481481481486 0.5807791666666666 0.3720787037037037 0.5714057291666667 0.3799740740740741 0.5635125 0.3773416666666667 0.5535098958333333 0.3866722222222222 0.5472328125 0.4010277777777778 0.5334197916666666 0.41945 0.508753125 0.43524074074074076 0.487046875 0.4361175925925926 0.4678072916666667 0.46243518518518517
0 0.75 0.8861111111111111 0.759375 0.8861111111111111 0.7817708333333333 0.8629629629629629 0.7888046875000001 0.848537037037037 0.8040442708333334 0.8593768518518518 0.7957713541666667 0.846987962962963 0.7895833333333333 0.8416666666666667 0.7828125 0.8148148148148148 0.7770833333333333 0.8222222222222222 0.7536458333333333 0.837037037037037 0.7416666666666667 0.8518518518518519 0.7182291666666667 0.8638888888888889 0.7052083333333333 0.8629629629629629 0.678125 0.8722222222222222 0.6697916666666667 0.8824074074074074 0.6541666666666667 0.8935185185185185 0.6510416666666666 0.9 0.6510416666666666 0.9074074074074074 0.6541666666666667 0.9101851851851852 0.6703125 0.9037037037037037 0.6911458333333333 0.9064814814814814 0.7296875 0.8972222222222223 0.75 0.8861111111111111
0 0.7291515625 0.752499074074074 0.7221848958333333 0.7703074074074074 0.7234911458333334 0.7950842592592593 0.7361182291666667 0.8036018518518518 0.7504875 0.7834703703703704 0.7591958333333333 0.7555962962962963 0.76224375 0.7161074074074074 0.7591958333333333 0.6905564814814815 0.7504875 0.6704249999999999 0.7304578125 0.6673277777777779 0.7156536458333334 0.6789425925925926 0.7078161458333334 0.7029444444444444 0.7117348958333333 0.737787962962963 0.7139119791666667 0.7137851851851852 0.7243619791666667 0.6890074074074074 0.7378598958333333 0.683587962962963 0.74656875 0.7037194444444445 0.7409078124999999 0.7308194444444445 0.7291515625 0.752499074074074
0 0.7840145833333333 0.6309370370370371 0.7892401041666666 0.6634564814814815 0.7879338541666667 0.6967509259259259 0.7866276041666667 0.7192046296296296 0.7892401041666666 0.7555962962962963 0.7996901041666666 0.7672101851851851 0.8105755208333334 0.7749527777777777 0.8118817708333333 0.7602416666666667 0.8083984375 0.7199787037037036 0.8101401041666667 0.6797166666666667 0.8123171874999999 0.643325 0.8153651041666666 0.6216453703703704 0.8118817708333333 0.5929972222222223 0.8053505208333332 0.5782851851851852 0.8136234375 0.5535083333333333 0.8301697916666666 0.5279574074074074 0.8171067708333334 0.5403453703703703 0.8066567708333333 0.5573796296296296 0.8005609375 0.5697685185185185 0.7901109374999999 0.5720907407407407 0.7835791666666666 0.563574074074074 0.7692104166666667 0.5504111111111111 0.7584046875 0.5430935185185186 0.7661625 0.5597027777777778 0.7783541666666667 0.5666712962962963 0.7879338541666667 0.5852537037037037 0.7857567708333334 0.5945453703703704 0.7840145833333333 0.6309370370370371
0 0.7374244791666666 0.6363564814814815 0.7496166666666666 0.6495194444444444 0.7561479166666667 0.6688768518518518 0.768775 0.6781675925925926 0.7792250000000001 0.6696509259259259 0.7757416666666667 0.6634564814814815 0.7761770833333334 0.6394537037037037 0.7713875 0.6200962962962963 0.75963125 0.6046111111111111 0.7513583333333334 0.5798342592592592 0.7461333333333333 0.5535083333333333 0.7487458333333333 0.5256342592592592 0.7561479166666667 0.5132453703703703 0.74099375 0.5276175925925926 0.7356828125 0.5511851851851851 0.7365536458333334 0.5682194444444445 0.7400369791666667 0.5914481481481482 0.74656875 0.6100305555555555 0.7474395833333334 0.6262907407407408 0.7374244791666666 0.6363564814814815
0 0.7670333333333333 0.6832138888888889 0.7524848958333333 0.6730925925925927 0.75963125 0.6863111111111111 0.75963125 0.711087962962963 0.76224375 0.7319935185185186 0.7709520833333333 0.7498027777777778 0.7792250000000001 0.7730305555555556 0.7857567708333334 0.8001305555555556 0.7931588541666666 0.8171648148148148 0.8027380208333333 0.8311018518518519 0.8023026041666667 0.8698157407407408 0.8066567708333333 0.831875925925926 0.8140750270833333 0.8192578768518518 0.8153651041666666 0.8009046296296296 0.8097046875 0.7823222222222223 0.8018671875 0.7714824074074075 0.7901109374999999 0.7552222222222222 0.7870630208333333 0.7443824074074074 0.7805312499999999 0.7219277777777778 0.7731291666666666 0.6987 0.7670333333333333 0.6832138888888889
