0 0.5255208333333333 0.4740740740740741 0.5114583333333333 0.4703703703703704 0.5072916666666667 0.475 0.50625 0.48333333333333334 0.5088541666666667 0.49074074074074076 0.5177083333333333 0.49444444444444446 0.559375 0.49166666666666664 0.5817708333333333 0.4981481481481482 0.5953125 0.5092592592592593 0.5973958333333333 0.512962962962963 0.5958333333333333 0.5222222222222223 0.5973958333333333 0.5259259259259259 0.6057291666666667 0.5194444444444445 0.63125 0.5203703703703704 0.6348958333333333 0.5037037037037037 0.634375 0.4888888888888889 0.6088541666666667 0.47129629629629627 0.6067708333333334 0.462037037037037 0.603125 0.462037037037037 0.6015625 0.4722222222222222 0.5963541666666666 0.47685185185185186 0.5567708333333333 0.4666666666666667 0.5427083333333333 0.46574074074074073 0.5296875 0.46944444444444444 0.5255208333333333 0.4740740740740741
0 0.39114583333333336 0.3037037037037037 0.40677083333333336 0.30462962962962964 0.4203125 0.3101851851851852 0.45364583333333336 0.33425925925925926 0.4588541666666667 0.33425925925925926 0.46041666666666664 0.33055555555555555 0.4588541666666667 0.31851851851851853 0.44479166666666664 0.30833333333333335 0.4390625 0.29814814814814816 0.421875 0.2898148148148148 0.3885416666666667 0.2814814814814815 0.3765625 0.2712962962962963 0.3729166666666667 0.2712962962962963 0.3645833333333333 0.2722222222222222 0.3541666666666667 0.2777777777777778 0.353125 0.29814814814814816 0.3572916666666667 0.3037037037037037 0.3729166666666667 0.31296296296296294 0.39114583333333336 0.3037037037037037
0 0.4666666666666667 0.8814814814814815 0.4666666666666667 0.9027777777777778 0.46458333333333335 0.9092592592592592 0.4765625 0.9148148148148149 0.4869791666666667 0.9120370370370371 0.4869791666666667 0.9 0.4947916666666667 0.8648148148148148 0.49270833333333336 0.8546296296296296 0.4921875 0.837037037037037 0.49635416666666665 0.8064814814814815 0.5005208333333333 0.7981481481481482 0.5005208333333333 0.7898148148148149 0.5036458333333333 0.7796296296296297 0.5114583333333333 0.762962962962963 0.5203125 0.7472222222222222 0.5244791666666667 0.7444444444444445 0.534375 0.7287037037037037 0.5338541666666666 0.7203703703703703 0.5296875 0.7157407407407408 0.528125 0.7157407407407408 0.5067708333333333 0.7361111111111112 0.4979166666666667 0.7509259259259259 0.4901041666666667 0.7703703703703704 0.478125 0.825925925925926 0.46979166666666666 0.8537037037037037 0.4666666666666667 0.8814814814814815
0 0.6171875 0.35 0.621875 0.34074074074074073 0.63125 0.3398148148148148 0.6375 0.35185185185185186 0.6380208333333334 0.36574074074074076 0.6447916666666667 0.39537037037037037 0.6479166666666667 0.3990740740740741 0.6536458333333334 0.39814814814814814 0.6598958333333333 0.3861111111111111 0.6588541666666666 0.35648148148148145 0.65 0.337037037037037 0.6421875 0.3277777777777778 0.6354166666666666 0.32407407407407407 0.6328125 0.32407407407407407 0.6244791666666667 0.325 0.6140625 0.3333333333333333 0.6104166666666667 0.3453703703703704 0.6109375 0.3638888888888889 0.6151041666666667 0.362962962962963 0.6171875 0.35
0 0.7703125 0.8398148148148148 0.7713541666666667 0.8472222222222222 0.775 0.8472222222222222 0.7786458333333334 0.8416666666666667 0.7817708333333333 0.8314814814814815 0.7869791666666667 0.8240740740740741 0.8057291666666667 0.7685185185185185 0.8177083333333334 0.7509259259259259 0.8270833333333333 0.7305555555555555 0.8265625 0.7231481481481481 0.8229166666666666 0.7148148148148148 0.8145833333333333 0.7092592592592593 0.8135416666666667 0.7092592592592593 0.8104166666666667 0.7111111111111111 0.8010416666666667 0.7314814814814815 0.7927083333333333 0.7657407407407407 0.7786458333333334 0.8055555555555556 0.7760416666666666 0.8222222222222222 0.7703125 0.8398148148148148
0 0.684375 0.18055555555555555 0.6911458333333333 0.20277777777777778 0.6927083333333334 0.24351851851851852 0.690625 0.26481481481481484 0.6927083333333334 0.26851851851851855 0.6984375 0.23981481481481481 0.7 0.2212962962962963 0.696875 0.18518518518518517 0.6890625 0.1537037037037037 0.6859375 0.13055555555555556 0.6817708333333333 0.11851851851851852 0.6776041666666667 0.11018518518518519 0.6666666666666666 0.10462962962962963 0.6645833333333333 0.10462962962962963 0.6619791666666667 0.10740740740740741 0.6598958333333333 0.1175925925925926 0.6635416666666667 0.14166666666666666 0.6692708333333334 0.15648148148148147 0.6755208333333333 0.1638888888888889 0.684375 0.18055555555555555
0 0.7567708333333333 0.23148148148148148 0.7635416666666667 0.23425925925925925 0.7651041666666667 0.23148148148148148 0.7645833333333333 0.22592592592592592 0.7520833333333333 0.1925925925925926 0.7442708333333333 0.16018518518518518 0.7421875 0.14444444444444443 0.7421875 0.12685185185185185 0.7447916666666666 0.11481481481481481 0.7442708333333333 0.08888888888888889 0.7421875 0.07962962962962963 0.7359375 0.075 0.7322916666666667 0.075 0.7291666666666666 0.07685185185185185 0.7276041666666667 0.08148148148148149 0.7244791666666667 0.1175925925925926 0.7322916666666667 0.175 0.7395833333333334 0.2 0.7567708333333333 0.23148148148148148
0 0.7947916666666667 0.23425925925925925 0.8104166666666667 0.25925925925925924 0.8192708333333333 0.25462962962962965 0.8234375 0.24351851851851852 0.8234375 0.23425925925925925 0.8140625 0.2074074074074074 0.8109375 0.20555555555555555 0.7828125 0.16111111111111112 0.7651041666666667 0.14166666666666666 0.7520833333333333 0.13148148148148148 0.7510416666666667 0.13148148148148148 0.7489583333333333 0.13518518518518519 0.7505208333333333 0.14444444444444443 0.7572916666666667 0.15 0.7833333333333333 0.1925925925925926 0.7901041666666667 0.2101851851851852 0.7947916666666667 0.23425925925925925
0 0.5369791666666667 0.09259259259259259 0.565625 0.09351851851851851 0.5822916666666667 0.10925925925925926 0.5994791666666667 0.11481481481481481 0.603125 0.10925925925925926 0.6041666666666666 0.09537037037037037 0.6005208333333333 0.08611111111111111 0.5916666666666667 0.07314814814814814 0.5473958333333333 0.07222222222222222 0.5333333333333333 0.06944444444444445 0.5322916666666667 0.06944444444444445 0.5067708333333333 0.0787037037037037 0.5052083333333334 0.07962962962962963 0.5052083333333334 0.08425925925925926 0.509375 0.08796296296296297 0.5291666666666667 0.08888888888888889 0.5369791666666667 0.09259259259259259
0 0.6536458333333334 0.0962962962962963 0.6651041666666667 0.10555555555555556 0.6755208333333333 0.11018518518518519 0.68125 0.11666666666666667 0.6927083333333334 0.11203703703703703 0.6947916666666667 0.10462962962962963 0.6932291666666667 0.09074074074074075 0.68125 0.07592592592592592 0.6723958333333333 0.07314814814814814 0.659375 0.07407407407407407 0.6244791666666667 0.06388888888888888 0.6211807291666667 0.06388888888888888 0.6005208333333333 0.06666666666666667 0.5973958333333333 0.06851851851851852 0.5958333333333333 0.07407407407407407 0.6130208333333333 0.07685185185185185 0.6270833333333333 0.08703703703703704 0.6536458333333334 0.0962962962962963
0 0.232753125 0.2587657407407407 0.2314145833333333 0.2929074074074074 0.232753125 0.331812962962963 0.23632395833333333 0.3683361111111111 0.24078697916666666 0.39771388888888887 0.24971302083333333 0.38501018518518515 0.2416796875 0.354837962962963 0.240340625 0.32069722222222224 0.240340625 0.2976712962962963 0.24703541666666667 0.26064814814814813 0.260425 0.24050462962962962 0.27024375 0.21827314814814816 0.2644416666666667 0.19604166666666667 0.24971302083333333 0.20636296296296297 0.2416796875 0.2349462962962963 0.232753125 0.2587657407407407
0 0.22248802083333336 0.4231212962962963 0.2372166666666667 0.4151814814814815 0.2367703125 0.3802462962962963 0.22962916666666666 0.3326064814814815 0.222934375 0.2856416666666667 0.2215953125 0.3032296296296296 0.222934375 0.32863703703703706 0.22204166666666666 0.3683361111111111 0.21936406249999998 0.40485925925925925 0.22248802083333336 0.4231212962962963
0 0.2291828125 0.3556324074074074 0.2340921875 0.3413407407407408 0.232753125 0.2825851851851852 0.2372166666666667 0.23891666666666664 0.23855520833333335 0.22065462962962962 0.22739739583333335 0.21112685185185184 0.21891770833333332 0.23565462962962963 0.21713229166666667 0.24209259259259258 0.21668593749999998 0.2627361111111111 0.21981041666666667 0.2849675925925926 0.22338072916666668 0.31275740740740743 0.2291828125 0.3556324074074074
0 0.34477812500000005 0.457262962962963 0.3586140625 0.4659962962962963 0.367540625 0.45408611111111113 0.35504375 0.45091018518518516 0.33674479166666665 0.44217685185185185 0.31264375 0.43582499999999996 0.2938984375 0.4294731481481482 0.2818479166666667 0.4262972222222222 0.27336822916666664 0.43423703703703703 0.272921875 0.455675 0.28497239583333334 0.45885092592592597 0.30014687500000004 0.45885092592592597 0.3233552083333333 0.45249814814814815 0.34477812500000005 0.457262962962963
0 0.2787239583333333 0.477112037037037 0.2930057291666667 0.4794944444444445 0.31487552083333337 0.477112037037037 0.33986875 0.46679074074074073 0.3443322916666667 0.45964444444444447 0.33183541666666666 0.45249814814814815 0.3162140625 0.4532925925925926 0.2916666666666667 0.457262962962963 0.2773848958333333 0.4580564814814815 0.265334375 0.4493222222222222 0.25194479166666667 0.45011666666666666 0.2398942708333333 0.4659962962962963 0.24078697916666666 0.47869999999999996 0.25105208333333334 0.49140370370370373 0.26176354166666665 0.4921981481481481 0.2787239583333333 0.477112037037037
