0 0.23958333333333334 0.14722222222222223 0.2390625 0.16111111111111112 0.246875 0.18611111111111112 0.25052083333333336 0.1935185185185185 0.25677083333333334 0.19814814814814816 0.2796875 0.24259259259259258 0.2984375 0.2638888888888889 0.3177083333333333 0.2759259259259259 0.3223958333333333 0.275 0.32395833333333335 0.2675925925925926 0.321875 0.262037037037037 0.309375 0.2518518518518518 0.2760416666666667 0.20833333333333334 0.26927083333333335 0.18425925925925926 0.2671875 0.16574074074074074 0.2552083333333333 0.14537037037037037 0.24791666666666667 0.1388888888888889
0 0.22083333333333333 0.2175925925925926 0.221875 0.24444444444444444 0.23020833333333332 0.26851851851851855 0.25416666666666665 0.37592592592592594 0.259375 0.37962962962962965 0.26145833333333335 0.37407407407407406 0.25885416666666666 0.3537037037037037 0.259375 0.3388888888888889 0.2557291666666667 0.3138888888888889 0.2453125 0.2712962962962963 0.2421875 0.2324074074074074 0.23229166666666667 0.20925925925925926 0.22447916666666667 0.2101851851851852
0 0.28072916666666664 0.36203703703703705 0.28125 0.37222222222222223 0.3203125 0.45740740740740743 0.3255208333333333 0.48148148148148145 0.33958333333333335 0.5055555555555555 0.3494791666666667 0.5064814814814815 0.3536458333333333 0.49907407407407406 0.3541666666666667 0.4925925925925926 0.35052083333333334 0.47685185185185186 0.34375 0.4601851851851852 0.3296875 0.44074074074074077 0.3098958333333333 0.3925925925925926 0.3020833333333333 0.38055555555555554 0.2953125 0.37592592592592594 0.2869791666666667 0.3611111111111111
0 0.3640625 0.19444444444444445 0.36354166666666665 0.21296296296296297 0.37083333333333335 0.2361111111111111 0.37916666666666665 0.2490740740740741 0.403125 0.30925925925925923 0.4114583333333333 0.3212962962962963 0.4197916666666667 0.3398148148148148 0.4244791666666667 0.34074074074074073 0.4265625 0.337037037037037 0.425 0.32592592592592595 0.39895833333333336 0.2675925925925926 0.39114583333333336 0.2361111111111111 0.39010416666666664 0.21944444444444444 0.384375 0.20555555555555555 0.3802083333333333 0.1962962962962963 0.3729166666666667 0.18888888888888888 0.36770833333333336 0.18888888888888888
0 0.39895833333333336 0.05925925925925926 0.39895833333333336 0.06759259259259259 0.403125 0.07962962962962963 0.415625 0.0962962962962963 0.428125 0.09907407407407408 0.440625 0.10648148148148148 0.47239583333333335 0.13518518518518519 0.48333333333333334 0.15092592592592594 0.4859375 0.15185185185185185 0.4890625 0.14629629629629629 0.4869791666666667 0.13518518518518519 0.4703125 0.10740740740740741 0.4348958333333333 0.075 0.4192708333333333 0.05277777777777778 0.4078125 0.046296296296296294 0.4015625 0.05185185185185185
0 0.471875 0.4777777777777778 0.471875 0.49166666666666664 0.4822916666666667 0.5037037037037037 0.49947916666666664 0.5055555555555555 0.50625 0.5111111111111111 0.5322916666666667 0.5212962962962963 0.5552083333333333 0.5222222222222223 0.5588541666666667 0.5175925925925926 0.55625 0.5101851851851852 0.553125 0.5083333333333333 0.5161458333333333 0.4962962962962963 0.4895833333333333 0.4722222222222222 0.47708333333333336 0.4722222222222222
0 0.3984375 0.475 0.39114583333333336 0.5009259259259259 0.39166666666666666 0.5287037037037037 0.38958333333333334 0.5435185185185185 0.38645833333333335 0.5509259259259259 0.3692708333333333 0.5685185185185185 0.3411458333333333 0.5787037037037037 0.3385416666666667 0.5833333333333334 0.3411458333333333 0.5916666666666667 0.365625 0.587037037037037 0.3802083333333333 0.5796296296296296 0.3921875 0.5666666666666667 0.4015625 0.5481481481481482 0.4114583333333333 0.5175925925925926 0.4140625 0.48703703703703705 0.4119791666666667 0.4740740740740741 0.4083333333333333 0.4703703703703704 0.403125 0.46944444444444444
0 0.3875 0.5842592592592593 0.3859375 0.587037037037037 0.3875 0.5916666666666667 0.3953125 0.5925925925925926 0.428125 0.5787037037037037 0.4427083333333333 0.5685185185185185 0.4703125 0.5657407407407408 0.48020833333333335 0.5555555555555556 0.48072916666666665 0.5407407407407407 0.478125 0.5370370370370371 0.4666666666666667 0.5333333333333333 0.4578125 0.5342592592592592 0.4421875 0.5509259259259259 0.4125 0.5638888888888889
0 0.3963541666666667 0.5953703703703703 0.39427083333333335 0.5990740740740741 0.3953125 0.6148148148148148 0.40677083333333336 0.6268518518518519 0.4203125 0.6305555555555555 0.4546875 0.65 0.46875 0.6518518518518519 0.4744791666666667 0.6564814814814814 0.4822916666666667 0.6555555555555556 0.48385416666666664 0.6527777777777778 0.48333333333333334 0.6462962962962963 0.48125 0.6444444444444445 0.4546875 0.6333333333333333 0.4322916666666667 0.6175925925925926 0.4119791666666667 0.5944444444444444
0 0.33645833333333336 0.7129629629629629 0.33489583333333334 0.7296296296296296 0.3416666666666667 0.7388888888888889 0.3541666666666667 0.7277777777777777 0.36770833333333336 0.6851851851851852 0.3880208333333333 0.6333333333333333 0.39375 0.612037037037037 0.3921875 0.6037037037037037 0.3885416666666667 0.6064814814814815 0.3880208333333333 0.6111111111111112 0.36822916666666666 0.6481481481481481 0.3619791666666667 0.6666666666666666
0 0.4109375 0.7666666666666667 0.409375 0.7777777777777778 0.4109375 0.7805555555555556 0.415625 0.7796296296296297 0.42291666666666666 0.762962962962963 0.4270833333333333 0.7592592592592593 0.4395833333333333 0.7351851851851852 0.4546875 0.7157407407407408 0.4734375 0.7018518518518518 0.4822916666666667 0.6814814814814815 0.4817708333333333 0.6712962962962963 0.4786458333333333 0.6666666666666666 0.4708333333333333 0.6666666666666666 0.4578125 0.6796296296296296 0.44947916666666665 0.6962962962962963 0.421875 0.7379629629629629 0.41770833333333335 0.7527777777777778
0 0.5317708333333333 0.6694444444444444 0.5317708333333333 0.6777777777777778 0.5375 0.674074074074074 0.5755208333333334 0.6138888888888889 0.59375 0.5953703703703703 0.6041666666666666 0.5712962962962963 0.6005208333333333 0.5564814814814815 0.5916666666666667 0.5555555555555556 0.5828125 0.562962962962963 0.5682291666666667 0.5972222222222222 0.54375 0.6407407407407407
0 0.4942708333333333 0.7074074074074074 0.49375 0.7129629629629629 0.49635416666666665 0.7194444444444444 0.5036458333333333 0.7203703703703703 0.5125 0.7148148148148148 0.5328125 0.7101851851851851 0.5671875 0.6962962962962963 0.5953125 0.6962962962962963 0.6119791666666666 0.6851851851851852 0.6182291666666667 0.6759259259259259 0.61875 0.662962962962963 0.6151041666666667 0.6546296296296297 0.6026041666666667 0.6518518518518519 0.5911458333333334 0.6537037037037037 0.56875 0.6703703703703704 0.5213541666666667 0.6833333333333333 0.5088541666666667 0.6981481481481482 0.5 0.700925925925926
0 0.7010416666666667 0.549074074074074 0.6973958333333333 0.5555555555555556 0.7 0.562962962962963 0.7203125 0.549074074074074 0.7536458333333333 0.5064814814814815 0.7723958333333333 0.4935185185185185 0.7822916666666667 0.4777777777777778 0.7807291666666667 0.462037037037037 0.7776041666666667 0.45740740740740743 0.7703125 0.45740740740740743 0.7526041666666666 0.4703703703703704 0.7505208333333333 0.48055555555555557 0.7416666666666667 0.4981481481481482 0.725 0.5222222222222223
0 0.515625 0.887962962962963 0.5135416666666667 0.8944444444444445 0.5161458333333333 0.8981481481481481 0.553125 0.9 0.5760416666666667 0.8944444444444445 0.584375 0.9 0.5890625 0.8944444444444445 0.5989583333333334 0.8916666666666667 0.609375 0.8712962962962963 0.6067708333333334 0.8555555555555555 0.5994791666666667 0.8546296296296296 0.5786458333333333 0.8592592592592593 0.5651041666666666 0.8712962962962963 0.559375 0.8694444444444445 0.5401041666666667 0.8740740740740741
0 0.6505208333333333 0.8592592592592593 0.6505208333333333 0.8657407407407407 0.6536458333333334 0.8703703703703703 0.6677083333333333 0.8703703703703703 0.6817708333333333 0.8759259259259259 0.7088541666666667 0.8759259259259259 0.7208333333333333 0.8833333333333333 0.7229166666666667 0.8870370370370371 0.7213541666666666 0.8925925925925926 0.7333333333333333 0.8962962962962963 0.7489583333333333 0.8935185185185185 0.7520833333333333 0.8722222222222222 0.7510416666666667 0.8675925925925926 0.7395833333333334 0.8555555555555555 0.7244791666666667 0.8481481481481481 0.7057291666666666 0.8518518518518519 0.659375 0.8537037037037037 0.6526041666666667 0.8555555555555555
0 0.5746942708333334 0.2986037037037037 0.5835958333333333 0.26696851851851855 0.5945859375 0.2354861111111111 0.611071875 0.21594537037037037 0.6245046875 0.2029185185185185 0.648928125 0.1736074074074074 0.6660244791666667 0.16492314814814815 0.6764041666666666 0.16383703703703703 0.6843416666666666 0.17795 0.6818994791666667 0.19423425925925925 0.6721302083333334 0.2137740740740741 0.6525916666666667 0.2170314814814815 0.63 0.22028796296296296 0.6202307291666667 0.2311435185185185 0.6092401041666666 0.25068425925925925 0.6025239583333334 0.2680537037037037 0.595196875 0.28759444444444443 0.5829848958333332 0.31256296296296293 0.5756583333333333 0.31581944444444443
0 0.619746875 0.23902222222222222 0.6324421875 0.23765740740740743 0.6434328125000001 0.23765740740740743 0.6611395833333333 0.2409138888888889 0.672740625 0.24308518518518518 0.6867838541666667 0.24634166666666665 0.6989958333333333 0.24959907407407408 0.7081541666666666 0.25177037037037037 0.7295250000000001 0.22897222222222222 0.7270822916666667 0.2116037037037037 0.7112072916666666 0.20074722222222222 0.6935005208333334 0.19749074074074074 0.6800677083333333 0.2105175925925926 0.66785625 0.2170314814814815 0.6532020833333333 0.22028796296296296 0.6367161458333332 0.22137314814814815 0.6202307291666667 0.23440092592592593
0 0.44560416666666663 0.41026574074074074 0.4602583333333333 0.38746851851851855 0.47063802083333334 0.3668416666666667 0.479796875 0.3549009259259259 0.4810177083333333 0.3386166666666667 0.4816286458333333 0.3255898148148148 0.48651302083333337 0.3103916666666667 0.4932296875 0.3017064814814815 0.49872500000000003 0.2995361111111111 0.5029989583333333 0.3060490740740741 0.5048307291666666 0.32667500000000005 0.5029989583333333 0.3342740740740741 0.49567187500000004 0.348387037037037 0.487734375 0.3559861111111111 0.4822390625 0.3679277777777778 0.471859375 0.3831259259259259 0.4645322916666667 0.3928962962962963 0.45232031250000004 0.4113509259259259 0.4474359375 0.4167787037037037
0 0.47085364583333333 0.38846481481481476 0.4712484375 0.40375185185185186 0.4810177083333333 0.3820398148148148 0.48407083333333334 0.37444074074074074 0.4932296875 0.3679277777777778 0.5170421875 0.3592425925925926 0.5249796875 0.3527296296296296 0.54635 0.3516435185185185 0.549403125 0.3516435185185185 0.5585619791666667 0.3353601851851852 0.5585619791666667 0.32124722222222224 0.5445182291666666 0.31581944444444443 0.5365807291666667 0.31799074074074074 0.5170421875 0.3353601851851852 0.5054411458333333 0.3397027777777778 0.4999458333333333 0.34404444444444443 0.4901765625 0.34947222222222224 0.4816286458333333 0.3679277777777778
0 0.7395208333333334 0.6560935185185185 0.7484526041666667 0.6375046296296296 0.7582223958333334 0.6125361111111111 0.7698234374999999 0.5962527777777777 0.7814244791666667 0.583225 0.7887510416666667 0.5701981481481481 0.7942463541666667 0.5582564814814815 0.8034052083333333 0.5517435185185185 0.810121875 0.5441444444444444 0.8150062499999999 0.5528287037037036 0.8162276041666666 0.5712842592592592 0.8076791666666666 0.5853962962962963 0.7905828125000001 0.5995092592592592 0.7686020833333332 0.6233916666666667 0.7594432291666667 0.6353333333333333 0.7515057291666667 0.6494462962962964 0.7472317708333333 0.6581305555555556
0 0.7983088541666666 0.5896750000000001 0.7942463541666667 0.6125361111111111 0.7942463541666667 0.6299055555555556 0.7942463541666667 0.6505314814814814 0.7942463541666667 0.6711574074074075 0.7948572916666666 0.6841851851851851 0.7985208333333333 0.703725 0.8095109375 0.717837962962963 0.8174484375 0.7134953703703704 0.8162276041666666 0.6982972222222221 0.8156166666666667 0.6787564814814815 0.810121875 0.6657296296296297 0.8076791666666666 0.647275 0.8070687499999999 0.6233916666666667 0.8070687499999999 0.6060222222222222 0.8089005208333333 0.5886537037037037 0.8125640625 0.5745407407407408
