0 0.2677083333333333 0.22592592592592592 0.2796875 0.19722222222222222 0.284375 0.17777777777777778 0.296875 0.14907407407407408 0.3260416666666667 0.09444444444444444 0.3411458333333333 0.05185185185185185 0.3333333333333333 0.05185185185185185 0.3098958333333333 0.0712962962962963 0.2947916666666667 0.0962962962962963 0.2713541666666667 0.14722222222222223 0.25104166666666666 0.18425925925925926 0.24739583333333334 0.19722222222222222 0.24375 0.2212962962962963 0.22353541666666665 0.20762037037037037 0.24791666666666667 0.23981481481481481 0.2704244791666667 0.30037962962962966 0.25919739583333334 0.24636759259259258 0.2677083333333333 0.22592592592592592
0 0.37916666666666665 0.38796296296296295 0.409375 0.38796296296296295 0.43802083333333336 0.3787037037037037 0.44635416666666666 0.36944444444444446 0.4609375 0.3611111111111111 0.4640625 0.35648148148148145 0.46458333333333335 0.34814814814814815 0.45729166666666665 0.34444444444444444 0.428125 0.3490740740740741 0.4046875 0.36018518518518516 0.38697916666666665 0.36203703703703705 0.37447916666666664 0.35648148148148145 0.36875 0.3472222222222222 0.35208333333333336 0.3509259259259259 0.3384463541666667 0.35556574074074077 0.32920052083333334 0.3285601851851852 0.334375 0.38055555555555554 0.33118177083333333 0.4166222222222222 0.33910677083333335 0.3919648148148148 0.35052083333333334 0.39444444444444443 0.3651041666666667 0.39444444444444443 0.37916666666666665 0.38796296296296295
0 0.3223958333333333 0.6398148148148148 0.346875 0.65 0.3536458333333333 0.65 0.35625 0.6462962962962963 0.3567708333333333 0.6425925925925926 0.353125 0.6351851851851852 0.31666666666666665 0.612037037037037 0.29635416666666664 0.5907407407407408 0.26249947916666666 0.5283583333333333 0.25721614583333335 0.523662037037037 0.25677083333333334 0.49907407407407406 0.2421875 0.5314814814814814 0.23958333333333334 0.549074074074074 0.23541666666666666 0.5601851851851852 0.24375 0.5527777777777778 0.259375 0.5833333333333334 0.26979166666666665 0.5898148148148148 0.3223958333333333 0.6398148148148148
0 0.4609375 0.649074074074074 0.478125 0.65 0.4875 0.6425925925925926 0.5130208333333334 0.6361111111111111 0.5317708333333333 0.6351851851851852 0.55625 0.6416666666666667 0.5760416666666667 0.6416666666666667 0.5864583333333333 0.6342592592592593 0.603125 0.637962962962963 0.6052083333333333 0.6324074074074074 0.6036458333333333 0.6259259259259259 0.5791666666666667 0.6037037037037037 0.565625 0.5990740740740741 0.5333333333333333 0.6046296296296296 0.5010416666666667 0.6046296296296296 0.49270833333333336 0.6 0.49270833333333336 0.5907407407407408 0.4837354166666667 0.5788481481481481 0.46986666666666665 0.5917638888888889 0.4520359375 0.5917638888888889 0.42495937500000003 0.5917638888888889 0.434865625 0.611725 0.43750677083333334 0.6410787037037037 0.415053125 0.6739555555555555 0.43882760416666666 0.6563435185185185 0.4505208333333333 0.6453703703703704 0.4609375 0.649074074074074
0 0.634375 0.712037037037037 0.6432291666666666 0.6666666666666666 0.6395833333333333 0.575 0.6364583333333333 0.5527777777777778 0.6307291666666667 0.55 0.6244791666666667 0.5527777777777778 0.6229166666666667 0.5814814814814815 0.6276041666666666 0.6370370370370371 0.6223958333333334 0.65 0.6213541666666667 0.6907407407407408 0.6239583333333333 0.7018518518518518 0.6322916666666667 0.7064814814814815 0.634375 0.712037037037037
0 0.5328125 0.8962962962962963 0.5411458333333333 0.8851851851851852 0.5390625 0.8638888888888889 0.5416666666666666 0.8490740740740741 0.5395833333333333 0.8435185185185186 0.5421875 0.8407407407407408 0.540625 0.8379629629629629 0.5416666666666666 0.8324074074074074 0.5326052083333334 0.8598546296296297 0.5028869791666667 0.8539842592592592 0.4956229166666667 0.8715962962962962 0.47239583333333335 0.8740740740740741 0.4276041666666667 0.8777777777777778 0.4046875 0.887962962962963 0.39947916666666666 0.8962962962962963 0.39947916666666666 0.9037037037037037 0.40208333333333335 0.9074074074074074 0.4296875 0.9120370370370371 0.5057291666666667 0.9083333333333333 0.5197916666666667 0.9046296296296297 0.5328125 0.8962962962962963
0 0.5598958333333334 0.925 0.565625 0.9074074074074074 0.5723958333333333 0.899074074074074 0.5828125 0.9074074074074074 0.5947916666666667 0.9111111111111111 0.6166666666666667 0.9083333333333333 0.6651041666666667 0.9259259259259259 0.678125 0.924074074074074 0.6890625 0.9296296296296296 0.6958333333333333 0.9259259259259259 0.6927083333333334 0.9138888888888889 0.6776041666666667 0.9018518518518519 0.6708333333333333 0.8925925925925926 0.6458333333333334 0.8805555555555555 0.6302083333333334 0.8787037037037037 0.6265625 0.8722222222222222 0.6234375 0.8759259259259259 0.6067708333333334 0.8703703703703703 0.6005208333333333 0.8629629629629629 0.5713541666666667 0.8657407407407407 0.5583333333333333 0.8472222222222222 0.55625 0.8398148148148148 0.5541666666666667 0.8407407407407408 0.5557291666666667 0.8490740740740741 0.5677083333333334 0.8722222222222222 0.5661458333333333 0.8916666666666667 0.5598958333333334 0.9037037037037037 0.5598958333333334 0.925
0 0.8104166666666667 0.8333333333333334 0.8203125 0.8055555555555556 0.8260416666666667 0.7768518518518519 0.8354166666666667 0.7675925925925926 0.8223958333333333 0.7712962962962963 0.8130208333333333 0.7638888888888888 0.8104166666666667 0.7361111111111112 0.8028645833333333 0.7754629629629629 0.7828125 0.8148148148148148 0.7828125 0.8222222222222222 0.7776041666666667 0.8379629629629629 0.7354166666666667 0.8898148148148148 0.7098958333333333 0.937037037037037 0.7088541666666667 0.9425925925925925 0.7109375 0.9462962962962963 0.7208333333333333 0.9462962962962963 0.74375 0.9259259259259259 0.7859375 0.875 0.8104166666666667 0.8333333333333334
0 0.8171875 0.5342592592592592 0.8239583333333333 0.537962962962963 0.8348958333333333 0.5564814814814815 0.8411458333333334 0.5537037037037037 0.8395833333333333 0.5407407407407407 0.8270833333333333 0.5111111111111111 0.8182291666666667 0.49722222222222223 0.8015625 0.48055555555555557 0.7630208333333334 0.4601851851851852 0.759375 0.45092592592592595 0.7411458333333333 0.44814814814814813 0.7228911458333334 0.4477351851851852 0.713053125 0.43549074074074073 0.7197916666666667 0.462037037037037 0.71875 0.4722222222222222 0.7265625 0.4861111111111111 0.7338541666666667 0.49166666666666664 0.7765625 0.49722222222222223 0.7953125 0.5101851851851852 0.8171875 0.5342592592592592
0 0.7020833333333333 0.47129629629629627 0.7046875 0.487962962962963 0.709375 0.4981481481481482 0.7140625 0.5 0.7177083333333333 0.49166666666666664 0.7171875 0.4759259259259259 0.7135416666666666 0.46296296296296297 0.7166666666666667 0.44907407407407407 0.7109375 0.4166666666666667 0.7088541666666667 0.3648148148148148 0.7098958333333333 0.32407407407407407 0.7145833333333333 0.30092592592592593 0.7135416666666666 0.275 0.7083333333333334 0.25 0.7332213541666667 0.20343796296296296 0.713053125 0.22880185185185184 0.7017390625 0.24366944444444447 0.6894411458333334 0.23754722222222222 0.6687807291666666 0.22267962962962962 0.6850135416666667 0.24804259259259262 0.6869791666666667 0.26296296296296295 0.6859375 0.2953703703703704 0.690625 0.3388888888888889 0.6901041666666666 0.4083333333333333 0.6932291666666667 0.44351851851851853 0.696875 0.46574074074074073 0.7020833333333333 0.47129629629629627
0 0.7151041666666667 0.11388888888888889 0.7296875 0.1037037037037037 0.7348958333333333 0.1037037037037037 0.7421875 0.11296296296296296 0.7520833333333333 0.13333333333333333 0.7557291666666667 0.13518518518518519 0.7526041666666666 0.13333333333333333 0.7526041666666666 0.12685185185185185 0.734375 0.09074074074074075 0.734375 0.075 0.7427083333333333 0.05740740740740741 0.7432291666666667 0.05185185185185185 0.740625 0.046296296296296294 0.7359375 0.04814814814814815 0.7338541666666667 0.05925925925925926 0.728125 0.06851851851851852 0.7010416666666667 0.07037037037037037 0.6895833333333333 0.07962962962962963 0.6385416666666667 0.08796296296296297 0.6286458333333333 0.09259259259259259 0.60625 0.11481481481481481 0.6057291666666667 0.12685185185185185 0.6109375 0.12962962962962962 0.6213541666666667 0.12314814814814815 0.68125 0.11203703703703703 0.7005208333333334 0.11574074074074074 0.7151041666666667 0.11388888888888889
0 0.5299541666666666 0.3190101851851852 0.5512119791666666 0.30281296296296295 0.5585869791666667 0.28430092592592593 0.5724697916666667 0.29818425925925923 0.5902567708333333 0.32441018518518516 0.5720359375 0.28121574074074074 0.5607562500000001 0.2704166666666667 0.5568515625 0.2627037037037037 0.5538151041666667 0.2511333333333333 0.555984375 0.21719444444444444 0.5494765625 0.19791111111111112 0.5499104166666666 0.2303074074074074 0.54600625 0.2573037037037037 0.5299541666666666 0.2688740740740741 0.5095640625000001 0.2750444444444444 0.5191083333333333 0.2866148148148148 0.5043583333333334 0.3105259259259259 0.4822328125 0.34369351851851854 0.46748229166666666 0.36683333333333334 0.456203125 0.3946009259259259 0.4505630208333333 0.41619814814814815 0.47789427083333336 0.39151574074074075 0.4974166666666667 0.36837592592592594 0.5117333333333334 0.34137962962962964 0.5299541666666666 0.3190101851851852
0 0.4974166666666667 0.3946009259259259 0.5082625000000001 0.37608888888888886 0.5073947916666667 0.36220555555555556 0.49090937500000004 0.3753175925925926 0.45793802083333335 0.41002777777777777 0.4423203125 0.4254546296296296 0.4306067708333333 0.4254546296296296 0.42193020833333333 0.431625 0.41535937500000003 0.45228888888888885 0.4171578125 0.46325 0.4271359375 0.4678777777777778 0.44752604166666665 0.45013703703703706 0.45490156249999997 0.43779537037037036 0.47876197916666663 0.42159814814814817 0.4974166666666667 0.3946009259259259
0 0.2748260416666667 0.5155879629629629 0.2805239583333333 0.5250425925925927 0.2949583333333334 0.5344981481481482 0.30597447916666665 0.5419268518518519 0.30559427083333335 0.5351731481481481 0.3173697916666667 0.535849074074074 0.34016145833333333 0.5432777777777777 0.35991406249999996 0.5473305555555555 0.3796661458333333 0.5554342592592593 0.384984375 0.5513824074074074 0.39524062499999996 0.5567851851851852 0.40169791666666665 0.5493564814814814 0.3967598958333333 0.5338231481481481 0.3827052083333333 0.5284194444444444 0.3819453125 0.5236925925925926 0.37282916666666666 0.5176138888888889 0.35953385416666667 0.514237037037037 0.34547916666666667 0.5135620370370371 0.332184375 0.5135620370370371 0.3169901041666667 0.5061324074074075 0.29913697916666665 0.4933009259259259 0.28660156249999996 0.4858722222222222 0.27900468749999996 0.4858722222222222 0.2733067708333333 0.4575064814814815 0.2755859375 0.49195000000000005 0.2733067708333333 0.5014055555555555 0.27406614583333333 0.5115361111111111 0.26570937499999997 0.5209907407407407 0.26570937499999997 0.5250425925925927 0.2748260416666667 0.5155879629629629
0 0.38004635416666666 0.4824953703703704 0.3978994791666667 0.4730398148148148 0.4009385416666667 0.47979351851851854 0.4085354166666667 0.4669611111111111 0.4203109375 0.44062222222222225 0.41993125000000003 0.4271148148148148 0.41347343750000004 0.41563333333333335 0.41347343750000004 0.4082046296296296 0.409675 0.3913203703703704 0.4054963541666667 0.39064537037037034 0.40891510416666665 0.4007759259259259 0.4092953125 0.41766018518518516 0.396 0.4264398148148148 0.3880234375 0.4392712962962963 0.37624739583333333 0.45142777777777776 0.36751093749999997 0.4595324074074074 0.36333229166666664 0.4669611111111111 0.34661875000000003 0.4662861111111111 0.3352229166666667 0.47506574074074076 0.31775000000000003 0.48046851851851846 0.315090625 0.4885731481481481 0.30489166666666667 0.4932416666666667 0.31357135416666665 0.5020805555555555 0.32724635416666664 0.5088342592592593 0.3386416666666667 0.5014055555555555 0.3637125 0.49195000000000005 0.38004635416666666 0.4824953703703704
0 0.6984375 0.5444444444444444 0.6828125 0.5416666666666666 0.6703125 0.5342592592592592 0.6401041666666667 0.5305555555555556 0.6088541666666667 0.5157407407407407 0.5947916666666667 0.5157407407407407 0.5890625 0.525 0.5890625 0.5398148148148149 0.6041666666666666 0.5527777777777778 0.6260416666666667 0.55 0.6723958333333333 0.5527777777777778 0.7015625 0.549074074074074 0.6984375 0.5444444444444444
0 0.625715625 0.5229648148148148 0.6466182291666667 0.5301370370370371 0.6656875 0.5320935185185185 0.6858567708333333 0.5249212962962962 0.6983255208333333 0.5366574074074074 0.6957583333333334 0.5164453703703703 0.6964916666666666 0.4929731481481481 0.6986921875000001 0.4688490740740741 0.688790625 0.4858009259259259 0.6763223958333333 0.47667314814814815 0.6612869791666667 0.47276111111111113 0.6444182291666666 0.4551564814814815 0.6506520833333334 0.47667314814814815 0.6290161458333333 0.4818888888888889 0.6070130208333333 0.4851490740740741 0.5894109375000001 0.4792805555555556 0.5765755208333334 0.47276111111111113 0.5600734374999999 0.46754537037037036 0.5527390625 0.46689259259259264 0.5512723958333333 0.47276111111111113 0.5421046875 0.46689259259259264 0.5347703125 0.45841666666666664 0.5240114583333333 0.47265833333333335 0.530003125 0.48971296296296296 0.549071875 0.4916694444444445 0.5527390625 0.5040574074074073 0.5747421875000001 0.5125333333333333 0.5993119791666667 0.5164453703703703 0.625715625 0.5229648148148148
