0 0.65 0.44722222222222224 0.6755208333333333 0.43333333333333335 0.68125 0.4388888888888889 0.7046875 0.4111111111111111 0.7161458333333334 0.3861111111111111 0.7484375 0.387037037037037 0.75 0.38425925925925924 0.72265625 0.3787037037037037 0.7161458333333334 0.3731481481481482 0.7135416666666666 0.36203703703703705 0.7135416666666666 0.3527777777777778 0.73125 0.29814814814814816 0.728125 0.2972222222222222 0.7112593749999999 0.3453935185185185 0.6932291666666667 0.36018518518518516 0.6703125 0.37777777777777777 0.6515625 0.4046296296296296 0.6416666666666667 0.40925925925925927 0.6302083333333334 0.4212962962962963 0.6036458333333333 0.4351851851851852 0.5901041666666667 0.44722222222222224 0.5802083333333333 0.45925925925925926 0.5583333333333333 0.5009259259259259 0.5578125 0.5138888888888888 0.5671875 0.5148148148148148 0.5828125 0.5 0.5958333333333333 0.49444444444444446 0.6182291666666667 0.4703703703703704 0.65 0.44722222222222224
0 0.6776041666666667 0.7564814814814815 0.6802083333333333 0.7212962962962963 0.6838541666666667 0.700925925925926 0.6921875 0.6935185185185185 0.7088541666666667 0.6888888888888889 0.7109375 0.6851851851851852 0.7067708333333333 0.6851851851851852 0.6871473958333334 0.6823750000000001 0.672309375 0.6471944444444445 0.6642723958333333 0.6471944444444445 0.6479166666666667 0.6194444444444445 0.64375 0.6083333333333333 0.6270833333333333 0.5824074074074074 0.60625 0.5666666666666667 0.5979166666666667 0.5666666666666667 0.5984375 0.575 0.6083333333333333 0.5879629629629629 0.6453125 0.6537037037037037 0.6541666666666667 0.6833333333333333 0.6744791666666666 0.7083333333333334 0.6776041666666667 0.7564814814814815
0 0.8098958333333334 0.44537037037037036 0.8119791666666667 0.43148148148148147 0.80625 0.32936481481481483 0.80625 0.2777777777777778 0.809375 0.2462962962962963 0.8083333333333333 0.21944444444444444 0.8036458333333333 0.1962962962962963 0.7984375 0.18425925925925926 0.790625 0.18518518518518517 0.7833333333333333 0.1935185185185185 0.7802083333333333 0.2074074074074074 0.7796875 0.24537037037037038 0.784375 0.2722222222222222 0.7869791666666667 0.30648148148148147 0.7869791666666667 0.38055555555555554 0.8026041666666667 0.4425925925925926 0.8098958333333334 0.44537037037037036
0 0.61875 0.17037037037037037 0.6290666666666667 0.15034537037037035 0.6703125 0.11018518518518519 0.6875 0.07592592592592592 0.6859109375 0.054016666666666664 0.6939484375 0.030929629629629633 0.6760416666666667 0.05648148148148148 0.6609375 0.06388888888888888 0.6354166666666666 0.09537037037037037 0.6171875 0.12222222222222222 0.6145833333333334 0.13055555555555556 0.6114583333333333 0.13055555555555556 0.6088541666666667 0.14629629629629629 0.5994791666666667 0.16944444444444445 0.59375 0.2064814814814815 0.5932291666666667 0.21574074074074073 0.5953125 0.2222222222222222 0.6 0.21574074074074073 0.6041666666666666 0.19907407407407407 0.6135416666666667 0.18518518518518517 0.61875 0.17037037037037037
0 0.24217968750000002 0.20915277777777777 0.2368890625 0.2427527777777778 0.23537760416666667 0.2723203703703704 0.23273229166666667 0.2975324074074074 0.23311041666666668 0.3203796296296296 0.23499947916666666 0.3318037037037037 0.23424375 0.3566675925925926 0.2372671875 0.37682777777777776 0.24293541666666665 0.3781722222222222 0.24444739583333333 0.3674194444444444 0.24784843750000002 0.36607592592592597 0.25087135416666667 0.33314814814814814 0.2584296875 0.3230675925925926 0.260696875 0.2706518518518518 0.260696875 0.23234814814814816 0.266365625 0.2007648148148148 0.2807260416666667 0.1553925925925926 0.28148177083333337 0.1345611111111111 0.2863942708333333 0.125825 0.2784583333333333 0.12448055555555555 0.27808072916666665 0.11641666666666667 0.2731677083333333 0.11305740740740741 0.26749947916666666 0.09356944444444446 0.2584296875 0.07408148148148148 0.25087135416666667 0.08684907407407406 0.2531390625 0.10163333333333333 0.257484375 0.08505555555555555 0.26560989583333333 0.10566481481481481 0.2659875 0.11641666666666667 0.25729583333333333 0.1264972222222222 0.2527609375 0.14464074074074074 0.24558072916666665 0.17420925925925926 0.24217968750000002 0.20915277777777777
0 0.29659791666666663 0.15673703703703704 0.30680104166666666 0.13792129629629632 0.3245625 0.12985740740740742 0.35290520833333333 0.1211212962962963 0.3581958333333333 0.10835277777777778 0.36802135416666665 0.09692870370370371 0.35479479166666666 0.08684907407407406 0.345725 0.09155277777777777 0.3222947916666667 0.10700925925925925 0.30491145833333333 0.11843333333333333 0.29659791666666663 0.12044907407407408 0.28438125 0.12481388888888889 0.2848828125 0.125825 0.28148177083333337 0.13254537037037037 0.2807260416666667 0.15673703703703704 0.2743015625 0.18294444444444447 0.29659791666666663 0.15673703703703704
0 0.30151041666666667 0.2044490740740741 0.31171354166666665 0.18630462962962963 0.32720781250000003 0.17488055555555557 0.3468588541666667 0.1607685185185185 0.361975 0.15001666666666666 0.361975 0.1439685185185185 0.3479921875 0.1392648148148148 0.335521875 0.142625 0.3207833333333333 0.15203333333333333 0.30680104166666666 0.15606481481481482 0.296771875 0.15704907407407406 0.28374895833333336 0.16816111111111112 0.2739234375 0.18160092592592592 0.2735458333333333 0.20176111111111109 0.2848828125 0.20982499999999998 0.30151041666666667 0.2044490740740741
0 0.3593296875 0.20041666666666666 0.3752015625 0.20243240740740742 0.38578281249999996 0.19168055555555555 0.39523020833333333 0.19974444444444445 0.387671875 0.18294444444444447 0.38578281249999996 0.16614444444444446 0.37595729166666664 0.15673703703703704 0.361975 0.1513611111111111 0.33514375 0.16614444444444446 0.31435885416666665 0.18294444444444447 0.30264427083333334 0.2044490740740741 0.2860166666666667 0.20780833333333332 0.26485416666666667 0.2014361111111111 0.266365625 0.21218796296296297 0.29193697916666667 0.21937222222222222 0.30944635416666666 0.21654444444444443 0.32607395833333336 0.1977287037037037 0.34459114583333333 0.193025 0.3551723958333334 0.19840092592592593 0.35479479166666666 0.20915277777777777 0.3593296875 0.20041666666666666
0 0.31813802083333337 0.2941722222222222 0.33816718749999997 0.31164444444444445 0.3532828125 0.3257555555555555 0.3653760416666667 0.3318037037037037 0.35706197916666665 0.31298796296296294 0.335521875 0.28745185185185185 0.3211614583333333 0.2652759259259259 0.31209166666666666 0.2511638888888889 0.2992432291666667 0.2377240740740741 0.2856385416666667 0.21958055555555556 0.27165625000000004 0.21554814814814816 0.26296458333333333 0.2182361111111111 0.25994114583333333 0.22092407407407408 0.261715625 0.2365648148148148 0.2705223958333333 0.2538518518518519 0.27808072916666665 0.26594814814814816 0.28110364583333336 0.2807324074074074 0.2856385416666667 0.2652759259259259 0.29773125 0.274012037037037 0.31813802083333337 0.2941722222222222
0 0.3234286458333333 0.26863611111111113 0.335521875 0.28745185185185185 0.34950416666666667 0.30559629629629625 0.36650937499999997 0.32911574074074074 0.37444531249999996 0.3479314814814815 0.3865385416666667 0.37212407407407405 0.39145104166666667 0.37212407407407405 0.39409635416666666 0.3889240740740741 0.40354375 0.3996759259259259 0.40694531250000004 0.39093981481481477 0.40694531250000004 0.3775 0.398253125 0.3640601851851852 0.4001427083333333 0.35532407407407407 0.3959859375 0.33449166666666663 0.3831375 0.31634814814814816 0.37368958333333335 0.2982037037037037 0.36046302083333337 0.27468425925925927 0.3487484375 0.25721203703703704 0.3415682291666667 0.24242777777777777 0.33400989583333335 0.22697222222222221 0.3222947916666667 0.2182361111111111 0.32569635416666665 0.2034527777777778 0.32002760416666665 0.21487592592592591 0.31360312500000004 0.21689259259259258 0.30944635416666666 0.2303324074074074 0.30160729166666667 0.2311925925925926 0.30831250000000004 0.2343638888888889 0.31209166666666666 0.23906851851851854 0.3132255208333333 0.24578796296296299 0.3162484375 0.24982037037037036 0.3234286458333333 0.26863611111111113
0 0.43453177083333333 0.10195740740740741 0.45493854166666664 0.10464537037037036 0.47269999999999995 0.11539722222222222 0.48554895833333334 0.11203703703703703 0.49197291666666665 0.12950925925925927 0.5014208333333333 0.1221175925925926 0.488571875 0.097925 0.4863046875 0.08582962962962963 0.4696770833333333 0.07642129629629629 0.4504036458333333 0.07574907407407407 0.4281078125 0.07373333333333333 0.40656718750000004 0.07373333333333333 0.41072395833333336 0.06701388888888889 0.4012765625 0.0683574074074074 0.3906953125 0.061637962962962964 0.37898020833333335 0.06970185185185186 0.3729338541666667 0.061637962962962964 0.3729338541666667 0.05222962962962963 0.377090625 0.04819722222222222 0.3718 0.04416574074074074 0.36877708333333337 0.05357314814814815 0.36991093750000004 0.056933333333333336 0.37482343749999997 0.07642129629629629 0.37255625 0.0851574074074074 0.3767130208333333 0.09859722222222222 0.38993958333333334 0.10598981481481481 0.4137473958333333 0.09926944444444444 0.43453177083333333 0.10195740740740741
0 0.4209276041666667 0.12313703703703703 0.4439796875 0.11238518518518519 0.4556942708333333 0.109025 0.4541828125 0.1043212962962963 0.42961927083333334 0.10364907407407407 0.40656718750000004 0.10096111111111111 0.387671875 0.10768055555555556 0.37557916666666663 0.09558518518518519 0.36802135416666665 0.09558518518518519 0.3589515625 0.10163333333333333 0.35086822916666666 0.11836666666666666 0.35441666666666666 0.1345611111111111 0.36424218750000004 0.14598518518518516 0.38238125 0.1439685185185185 0.39711979166666667 0.13993703703703705 0.4020322916666667 0.1338888888888889 0.4209276041666667 0.12313703703703703
0 0.4371770833333333 0.19168055555555555 0.4583395833333333 0.20579259259259258 0.477990625 0.20646481481481482 0.49159531250000005 0.19705648148148147 0.5006645833333333 0.20915277777777777 0.49537395833333336 0.19436851851851852 0.49575208333333337 0.18025648148148146 0.4961302083333334 0.17152037037037035 0.4931067708333333 0.1728648148148148 0.48252552083333333 0.16748888888888888 0.46665364583333335 0.16681666666666667 0.44964791666666665 0.16816111111111112 0.43453177083333333 0.1607685185185185 0.425084375 0.1473287037037037 0.41110208333333337 0.1392648148148148 0.399009375 0.1392648148148148 0.38238125 0.14531296296296295 0.36265416666666667 0.1463037037037037 0.3729338541666667 0.1553925925925926 0.37973593749999995 0.15875277777777777 0.3948520833333333 0.16681666666666667 0.41865989583333335 0.1809287037037037 0.4371770833333333 0.19168055555555555
0 0.45002604166666665 0.22831666666666667 0.467409375 0.23570833333333333 0.48176979166666667 0.24578796296296299 0.49953125000000004 0.2464601851851852 0.5123796875 0.25855648148148147 0.5214494791666666 0.24914814814814815 0.5108682291666666 0.240412037037037 0.5036880208333333 0.23705185185185187 0.49801927083333336 0.22898796296296295 0.46854322916666663 0.21084444444444445 0.4485145833333333 0.2000925925925926 0.430375 0.1879962962962963 0.4084567708333333 0.17455648148148148 0.38993958333333334 0.16514814814814816 0.39196875000000003 0.17155555555555554 0.38993958333333334 0.18127685185185186 0.3910734375 0.1967324074074074 0.4027880208333333 0.2088287037037037 0.4205494791666667 0.21218796296296297 0.4284854166666667 0.21554814814814816 0.45002604166666665 0.22831666666666667
0 0.4027880208333333 0.2538518518518519 0.43490989583333334 0.2531805555555556 0.4655197916666667 0.2538518518518519 0.4927286458333333 0.2565398148148148 0.5112458333333333 0.25586851851851855 0.49915312500000003 0.24914814814814815 0.4738338541666666 0.2431 0.4398223958333333 0.22428425925925927 0.41261354166666664 0.21487592592592591 0.3956078125 0.2034527777777778 0.3850265625 0.20278055555555555 0.3718 0.20748425925925926 0.3634864583333333 0.19942037037037036 0.3671875 0.20916388888888887 0.3631083333333333 0.21958055555555556 0.36386406250000003 0.23638055555555557 0.36235260416666665 0.26124444444444445 0.36953281250000003 0.24377222222222222 0.38691614583333334 0.2518361111111111 0.4027880208333333 0.2538518518518519
0 0.38805 0.30425185185185183 0.39938697916666666 0.31164444444444445 0.41299166666666665 0.30895648148148147 0.4205494791666667 0.31298796296296294 0.43453177083333333 0.32172407407407405 0.43642135416666666 0.3176916666666667 0.4273515625 0.30022037037037036 0.4428458333333333 0.29350000000000004 0.4677875 0.2847638888888889 0.49764166666666665 0.2834203703703704 0.5244723958333333 0.2921564814814815 0.5316526041666667 0.2847638888888889 0.5429895833333334 0.29686018518518514 0.5539489583333334 0.29484444444444446 0.5596177083333332 0.2854361111111111 0.5562166666666666 0.27132407407407405 0.5471468749999999 0.262587962962963 0.5339203124999999 0.26124444444444445 0.5339203124999999 0.2531805555555556 0.5222052083333334 0.25250833333333333 0.5051994791666666 0.2538518518518519 0.48328125 0.25452407407407407 0.4583395833333333 0.25721203703703704 0.4383109375 0.2531805555555556 0.414125 0.24914814814814815 0.3918291666666667 0.2518361111111111 0.38049218749999997 0.26191574074074075 0.3708140625 0.2462351851851852 0.37028854166666664 0.2531805555555556 0.37595729166666664 0.26460462962962966 0.3767130208333333 0.27266851851851853 0.3782244791666667 0.29350000000000004 0.38805 0.30425185185185183
0 0.4688661458333333 0.15044814814814816 0.4852625 0.14509259259259258 0.5093546875 0.13973796296296295 0.5314395833333333 0.11355648148148148 0.5367932291666667 0.1087962962962963 0.5274239583333333 0.10760648148148148 0.5070125 0.12069722222222223 0.4852625 0.13259722222222223 0.4695354166666667 0.12902685185185184 0.46050104166666667 0.11653148148148149 0.44443958333333333 0.11355648148148148 0.4330625 0.11653148148148149 0.43082760416666666 0.11670092592592593 0.4273739583333333 0.13259722222222223 0.42804322916666665 0.14092777777777776 0.4236932291666667 0.14628333333333332 0.4310546875 0.14449814814814815 0.4431010416666667 0.1558037037037037 0.4688661458333333 0.15044814814814816
0 0.5264203125 0.15818333333333331 0.5344510416666667 0.14866296296296297 0.5444895833333334 0.14092777777777776 0.550846875 0.1331925925925926 0.5505125 0.11772222222222223 0.5391354166666668 0.11236666666666666 0.5311046875 0.11117685185185185 0.5123661458333334 0.1331925925925926 0.48258541666666666 0.14568796296296296 0.45514739583333336 0.15401851851851853 0.441428125 0.1569935185185185 0.4353765625 0.15238055555555555 0.4471166666666667 0.16829907407407407 0.47555885416666666 0.1665138888888889 0.49530104166666666 0.1724638888888889 0.5150432291666667 0.15342314814814814 0.5277588541666667 0.15104351851851852 0.5264203125 0.15818333333333331
0 0.5488395833333333 0.18257962962962965 0.5625583333333334 0.17305925925925925 0.5635625 0.18614907407407408 0.5685817708333333 0.1801990740740741 0.5823010416666666 0.1587787037037037 0.5893276041666666 0.15104351851851852 0.5916703125 0.1391425925925926 0.6000354166666667 0.15282777777777778 0.5963546875 0.1433074074074074 0.5920046874999999 0.1331925925925926 0.5879890625 0.12010185185185186 0.5849776041666667 0.10820185185185185 0.5839739583333333 0.11831666666666667 0.5749390625 0.11831666666666667 0.5625583333333334 0.12605185185185186 0.5541932291666666 0.1272425925925926 0.5585432291666667 0.13497777777777778 0.5511817708333333 0.14568796296296296 0.5411432291666666 0.15937314814814815 0.5280932291666667 0.17424907407407406 0.5110281249999999 0.17543888888888887 0.49906406249999996 0.1685546296296296 0.4939625 0.1736537037037037 0.49663958333333336 0.18257962962962965 0.506678125 0.19447962962962964 0.5257510416666666 0.19447962962962964 0.5488395833333333 0.18257962962962965
0 0.5192041666666667 0.11559907407407406 0.5410286458333334 0.11512592592592592 0.5593932291666667 0.11370648148148148 0.5798864583333334 0.1075537037037037 0.5934604166666666 0.11181296296296296 0.5982510416666666 0.12601111111111113 0.6075661458333333 0.11417962962962962 0.6203416666666667 0.11039351851851852 0.6312536458333333 0.10613333333333333 0.6376411458333333 0.09051574074074074 0.6376411458333333 0.08152314814814815 0.637375 0.06874444444444444 0.638971875 0.06401203703703703 0.6434963541666666 0.05217962962962963 0.6426979166666666 0.041294444444444446 0.6336489583333333 0.037981481481481484 0.6379072916666666 0.04555370370370371 0.6360442708333333 0.060225925925925926 0.6301890625 0.06543148148148148 0.6264630208333333 0.06069907407407408 0.6248661458333333 0.06259166666666667 0.6158171874999999 0.0592787037037037 0.6035739583333334 0.06495833333333334 0.5993156249999999 0.05596666666666667 0.5892020833333333 0.05217962962962963 0.5969203125 0.07016481481481482 0.5868067708333334 0.07726388888888888 0.5727005208333333 0.08199629629629629 0.56125625 0.08105000000000001 0.5516744791666667 0.07962962962962963 0.5287859375 0.07915648148148148 0.5114859375 0.08388981481481482 0.5069614583333333 0.09619444444444444 0.4940083333333333 0.10114814814814814 0.493121875 0.09998055555555556 0.48620156249999996 0.11843888888888889 0.4981786458333334 0.12459166666666667 0.5056307291666667 0.11465277777777778 0.5192041666666667 0.11559907407407406
0 0.7433151041666667 0.23277777777777778 0.76281875 0.23215833333333333 0.7683911458333333 0.23091944444444445 0.7774468750000001 0.25321574074074077 0.7798848958333333 0.25073796296296297 0.77048125 0.22844259259259259 0.7729192708333333 0.21172037037037036 0.7798848958333333 0.19066388888888888 0.77048125 0.2011925925925926 0.7523703125 0.18694814814814814 0.7300802083333333 0.18385092592592592 0.7126661458333333 0.18632870370370372 0.6910729166666666 0.16589074074074076 0.6687828125 0.1528851851851852 0.6635583333333333 0.15969722222222224 0.6586828125 0.1578388888888889 0.6531098958333333 0.14916851851851853 0.6461442708333334 0.14669166666666666 0.6430098958333333 0.1535037037037037 0.6411635416666667 0.15513796296296298 0.6503239583333333 0.16836759259259257 0.6593791666666667 0.1788962962962963 0.6726140625 0.18880555555555556 0.6942072916666666 0.20428888888888888 0.71719375 0.22472685185185187 0.7433151041666667 0.23277777777777778
0 0.6820177083333333 0.2160564814814815 0.6980385416666667 0.21729444444444443 0.710925 0.22101111111111113 0.6952520833333333 0.20490833333333333 0.6785348958333334 0.19437962962962962 0.6680859375 0.18632870370370372 0.6593791666666667 0.18694814814814814 0.6492791666666666 0.17518055555555556 0.6478859375 0.16712962962962963 0.6426614583333333 0.16712962962962963 0.6315166666666666 0.1584583333333333 0.6242026041666667 0.1584583333333333 0.6172369791666666 0.1640324074074074 0.6137541666666666 0.16774814814814815 0.6120130208333333 0.18137407407407405 0.6147036458333334 0.18732314814814816 0.62350625 0.20243055555555556 0.6329098958333332 0.20738518518518517 0.6384822916666667 0.21977222222222223 0.6423135416666667 0.2135787037037037 0.6600755208333333 0.2160564814814815 0.6820177083333333 0.2160564814814815
0 0.6771416666666668 0.24114907407407404 0.6917692708333333 0.23867222222222223 0.710228125 0.24734259259259259 0.7245078125000001 0.26344537037037036 0.7210249999999999 0.2708768518518519 0.7307770833333334 0.27830925925925926 0.7565500000000001 0.2937925925925926 0.7610776041666667 0.2925537037037037 0.7656052083333333 0.32537777777777777 0.7701328125 0.3563444444444444 0.7673463541666667 0.31856574074074073 0.76281875 0.2925537037037037 0.76665 0.2814055555555556 0.7697843750000001 0.2671611111111111 0.7774468750000001 0.24982037037037036 0.7680432291666667 0.2603490740740741 0.755853125 0.2399111111111111 0.7335630208333334 0.22814351851851852 0.6987348958333333 0.22071203703703704 0.6611203125 0.21761481481481482 0.6475375 0.21513796296296295 0.6461442708333334 0.21947314814814817 0.630471875 0.2188537037037037 0.6238541666666666 0.2250472222222222 0.6222234375000001 0.2328777777777778 0.6248994791666667 0.24238796296296297 0.6363927083333334 0.24176851851851852 0.6482338541666667 0.24053055555555558 0.6482338541666667 0.2442462962962963 0.6632104166666667 0.2442462962962963 0.6771416666666668 0.24114907407407404
0 0.7304286458333333 0.18694814814814814 0.7520218750000001 0.18323148148148147 0.7711776041666667 0.18199351851851853 0.7920744791666666 0.18694814814814814 0.7892885416666666 0.17518055555555556 0.7676947916666667 0.15969722222222224 0.7412255208333334 0.1547425925925926 0.7213734375 0.14545277777777776 0.7077307291666667 0.14275925925925925 0.7133630208333333 0.14916851851851853 0.7126661458333333 0.1578388888888889 0.7133630208333333 0.16774814814814815 0.7077901041666668 0.17703888888888888 0.7164973958333333 0.1745611111111111 0.7304286458333333 0.18694814814814814
0 0.7690880208333333 0.14793055555555554 0.7760536458333332 0.12439537037037038 0.7645604166666666 0.10643518518518519 0.74261875 0.10024166666666666 0.7196317708333333 0.10643518518518519 0.6949036458333333 0.10953148148148148 0.672265625 0.11324814814814815 0.6520651041666666 0.12811203703703702 0.6328078125 0.1452351851851852 0.6513687499999999 0.1535037037037037 0.6750515625 0.1528851851851852 0.7029145833333333 0.1411175925925926 0.7213734375 0.14173703703703702 0.7401807291666667 0.15722037037037037 0.7690880208333333 0.14793055555555554
0 0.80844375 0.20366944444444443 0.8227234375 0.24330648148148148 0.8359583333333334 0.263125 0.8286442708333334 0.3324898148148148 0.8324755208333333 0.32196111111111114 0.8411822916666666 0.26250555555555555 0.8443166666666666 0.25940925925925923 0.8530239583333333 0.23959074074074072 0.8606859375 0.22224907407407407 0.8655619791666667 0.18261203703703704 0.8558104166666667 0.2148175925925926 0.8519791666666666 0.23711296296296297 0.8474515625 0.21233981481481481 0.8366546874999999 0.18137407407407405 0.81854375 0.162175 0.8004333333333334 0.1411175925925926 0.7737411458333334 0.12740925925925925 0.7708291666666667 0.14607222222222224 0.7502807291666667 0.15164629629629628 0.7683911458333333 0.15536203703703702 0.7899848958333333 0.17703888888888888 0.80844375 0.20366944444444443
0 0.7412255208333334 0.0990037037037037 0.7642119791666667 0.10643518518518519 0.7722223958333333 0.12687314814814815 0.7945125 0.13430462962962963 0.811578125 0.12687314814814815 0.8171510416666667 0.14049814814814815 0.8282958333333333 0.1696064814814815 0.8220265625 0.14359444444444444 0.8147130208333333 0.11820277777777778 0.81854375 0.10457685185185185 0.8171510416666667 0.09342962962962963 0.8220265625 0.0841398148148148 0.8296890625 0.0661787037037037 0.83630625 0.05998611111111111 0.8324755208333333 0.05503148148148148 0.8251614583333333 0.06803703703703703 0.8195890625000001 0.08166203703703703 0.8244645833333333 0.05255370370370371 0.8178473958333333 0.07423055555555555 0.8147130208333333 0.08785555555555556 0.809140625 0.08352037037037037 0.7997369791666666 0.07608796296296295 0.7830192708333333 0.06803703703703703 0.7767499999999999 0.05441203703703704 0.7701328125 0.05007685185185185 0.7701328125 0.06122407407407408 0.7774468750000001 0.07175277777777778 0.7478427083333333 0.07113333333333333 0.7269458333333334 0.07175277777777778 0.6915760416666666 0.07343796296296297 0.6865453125 0.07732685185185185 0.676096875 0.0946675925925926 0.67156875 0.11510555555555554 0.7140593749999999 0.10395833333333333 0.7412255208333334 0.0990037037037037
