0 0.35520833333333335 0.10277777777777777 0.3458333333333333 0.11388888888888889 0.328125 0.12314814814814815 0.3411458333333333 0.12314814814814815 0.365625 0.10462962962962963 0.37395833333333334 0.11296296296296296 0.39166666666666666 0.12037037037037036 0.4041666666666667 0.11388888888888889 0.4348958333333333 0.11666666666666667 0.4588541666666667 0.13055555555555556 0.47239583333333335 0.13055555555555556 0.4859375 0.14444444444444443 0.49270833333333336 0.1425925925925926 0.4942708333333333 0.13796296296296295 0.49375 0.12962962962962962 0.4901041666666667 0.12222222222222222 0.47239583333333335 0.10092592592592593 0.4625 0.09444444444444444 0.4041666666666667 0.0824074074074074 0.4038234375 0.06773148148148149 0.39079687500000004 0.07302407407407407 0.3854166666666667 0.0712962962962963 0.3671875 0.0712962962962963 0.3541666666666667 0.058333333333333334 0.3494791666666667 0.05925925925925926 0.3453125 0.06759259259259259 0.34427083333333336 0.07777777777777778 0.35283489583333333 0.06508518518518519 0.35953385416666667 0.07368611111111112 0.36325572916666665 0.08096388888888889 0.36251145833333337 0.09419629629629629 0.35520833333333335 0.10277777777777777
0 0.384375 0.40555555555555556 0.39340260416666667 0.35708518518518517 0.3921875 0.4046296296296296 0.39375 0.37777777777777777 0.3971239583333333 0.35708518518518517 0.4183385416666667 0.33525185185185186 0.4302479166666667 0.34252962962962963 0.42838750000000003 0.31738796296296296 0.45364583333333336 0.2851851851851852 0.4744791666666667 0.2675925925925926 0.50625 0.20185185185185187 0.5078125 0.18518518518518517 0.5041666666666667 0.18055555555555555 0.4984375 0.1824074074074074 0.4859375 0.20277777777777778 0.4244791666666667 0.27870370370370373 0.41770833333333335 0.28425925925925927 0.4041666666666667 0.2796296296296296 0.4010416666666667 0.29074074074074074 0.3890625 0.3111111111111111 0.38484218750000004 0.3246657407407407 0.38223697916666666 0.3246657407407407 0.37404895833333335 0.31805 0.378125 0.3 0.37135416666666665 0.29814814814814816 0.3640625 0.31203703703703706 0.3651041666666667 0.32407407407407407 0.38177083333333334 0.33425925925925926 0.3880208333333333 0.3490740740740741 0.38697916666666665 0.36574074074074076 0.3796875 0.3990740740740741 0.384375 0.40555555555555556
0 0.5244791666666667 0.5138888888888888 0.53125 0.5046296296296297 0.534375 0.4925925925925926 0.5328125 0.48148148148148145 0.5213541666666667 0.462037037037037 0.5057291666666667 0.4444444444444444 0.49322916666666666 0.4425925925925926 0.4822916666666667 0.4351851851851852 0.45989583333333334 0.4074074074074074 0.446875 0.3962962962962963 0.4322916666666667 0.38981481481481484 0.42864583333333334 0.39166666666666666 0.4265625 0.39814814814814814 0.42916666666666664 0.40370370370370373 0.45625 0.4324074074074074 0.4921875 0.49907407407407406 0.5161458333333333 0.5157407407407407 0.5244791666666667 0.5138888888888888
0 0.28072916666666664 0.5398148148148149 0.2786458333333333 0.5370370370370371 0.27760416666666665 0.5194444444444445 0.28489583333333335 0.5092592592592593 0.30625 0.5046296296296297 0.3104166666666667 0.49537037037037035 0.3359375 0.47129629629629627 0.34479166666666666 0.45740740740740743 0.35 0.4351851851851852 0.35 0.41574074074074074 0.34427083333333336 0.39444444444444443 0.3380208333333333 0.38425925925925924 0.3265625 0.37407407407407406 0.31302083333333336 0.36944444444444446 0.30594010416666667 0.36458888888888885 0.29924114583333333 0.36657407407407405 0.3260416666666667 0.38981481481481484 0.33489583333333334 0.4064814814814815 0.33645833333333336 0.4287037037037037 0.3302083333333333 0.44537037037037036 0.3145833333333333 0.45555555555555555 0.3098958333333333 0.45555555555555555 0.3026041666666667 0.44722222222222224 0.2755208333333333 0.47129629629629627 0.26197916666666665 0.4638888888888889 0.2552083333333333 0.45185185185185184 0.2557291666666667 0.462037037037037 0.2682291666666667 0.4842592592592593 0.27239583333333334 0.5092592592592593 0.275 0.5444444444444444 0.2791666666666667 0.5648148148148148 0.28072916666666664 0.5398148148148149
0 0.28802083333333334 0.33425925925925926 0.28020833333333334 0.3731481481481482 0.2671875 0.40925925925925927 0.265625 0.41944444444444445 0.25677083333333334 0.4351851851851852 0.2557291666666667 0.4398148148148148 0.25833333333333336 0.4444444444444444 0.265625 0.44166666666666665 0.2833333333333333 0.41944444444444445 0.290625 0.4 0.3015625 0.34814814814814815 0.3072916666666667 0.33425925925925926 0.31450052083333335 0.29621666666666663 0.3223958333333333 0.2898148148148148 0.3296875 0.2861111111111111 0.30885416666666665 0.28055555555555556 0.3067708333333333 0.27037037037037037 0.3067708333333333 0.24722222222222223 0.30520833333333336 0.24722222222222223 0.30296249999999997 0.2591657407407407 0.29328593750000004 0.2532111111111111 0.3011020833333333 0.2690898148148148 0.30184635416666666 0.27967592592592594 0.2890625 0.3101851851851852 0.28802083333333334 0.33425925925925926
0 0.5552083333333333 0.6083333333333333 0.5776041666666667 0.5888888888888889 0.6270833333333333 0.5546296296296296 0.634375 0.5546296296296296 0.6552083333333333 0.5231481481481481 0.6598958333333333 0.5101851851851852 0.6765625 0.5148148148148148 0.6838541666666667 0.5212962962962963 0.6854166666666667 0.5268518518518519 0.6854166666666667 0.5166666666666667 0.6755208333333333 0.5055555555555555 0.6619791666666667 0.4981481481481482 0.65625 0.48055555555555557 0.6604166666666667 0.4546296296296296 0.6661458333333333 0.4351851851851852 0.665625 0.42592592592592593 0.6625 0.42685185185185187 0.6476453125 0.4763833333333334 0.6223489583333334 0.4938712962962963 0.6044307291666667 0.4951203703703704 0.6118088541666666 0.5157314814814815 0.5484375 0.5944444444444444 0.5020833333333333 0.6398148148148148 0.5015625 0.6462962962962963 0.5041666666666667 0.649074074074074 0.5145833333333333 0.6472222222222223 0.5223958333333333 0.637962962962963 0.5354166666666667 0.6305555555555555 0.5552083333333333 0.6083333333333333
0 0.3397526041666667 0.8277768518518519 0.32318645833333337 0.8165583333333334 0.31082708333333336 0.8048712962962963 0.3145833333333333 0.7870370370370371 0.3177083333333333 0.7592592592592593 0.3151041666666667 0.7342592592592593 0.3151041666666667 0.6787037037037037 0.31875 0.6361111111111111 0.31979166666666664 0.5805555555555556 0.3171875 0.5722222222222222 0.3140625 0.5722222222222222 0.3104166666666667 0.5796296296296296 0.3026041666666667 0.6175925925925926 0.3 0.6462962962962963 0.3 0.7064814814814815 0.2916666666666667 0.7620370370370371 0.2911458333333333 0.7787037037037037 0.29322916666666665 0.7944444444444444 0.29791666666666666 0.8064814814814815 0.3067708333333333 0.8064814814814815 0.315034375 0.819362962962963 0.3397526041666667 0.8277768518518519
0 0.27296041666666665 0.8356972222222222 0.28237812500000004 0.8467111111111111 0.29600937499999996 0.8859231481481482 0.2803953125 0.8846018518518518 0.29576145833333334 0.8987 0.28485677083333333 0.9282185185185186 0.29229166666666667 0.9207287037037036 0.30146197916666667 0.8916509259259259 0.3118708333333334 0.882838888888889 0.31732343749999997 0.8868046296296297 0.3259979166666667 0.878874074074074 0.31434947916666667 0.8718250000000001 0.31302083333333336 0.8398148148148148 0.3067708333333333 0.812962962962963 0.2947916666666667 0.8018518518518518 0.2760416666666667 0.7462962962962963 0.2713541666666667 0.6888888888888889 0.27291666666666664 0.6675925925925926 0.2713541666666667 0.6546296296296297 0.2671875 0.6527777777777778 0.259375 0.6648148148148149 0.2552083333333333 0.6935185185185185 0.2557291666666667 0.7314814814814815 0.259375 0.7546296296296297 0.26197916666666665 0.7583333333333333 0.275 0.8074074074074075 0.2803953125 0.8308509259259259 0.27296041666666665 0.8356972222222222
0 0.4296875 0.737037037037037 0.4421875 0.7203703703703703 0.4505208333333333 0.6925925925925925 0.4432291666666667 0.6833333333333333 0.43125 0.6888888888888889 0.41875 0.6972222222222222 0.409375 0.7111111111111111 0.3927083333333333 0.7166666666666667 0.3854166666666667 0.7268518518518519 0.365625 0.7398148148148148 0.35970156249999996 0.7454787037037036 0.35260416666666666 0.7555555555555555 0.34974895833333336 0.7552564814814815 0.34634375 0.75805 0.3434630208333333 0.7622398148148148 0.34660572916666665 0.7748111111111111 0.3704401041666667 0.769224074074074 0.4296875 0.737037037037037
0 0.4161458333333333 0.6833333333333333 0.4166666666666667 0.6648148148148149 0.41354166666666664 0.6425925925925926 0.4140625 0.6148148148148148 0.4197916666666667 0.5907407407407408 0.4372755208333333 0.5755324074074074 0.44986822916666663 0.5864527777777778 0.4584682291666667 0.6006490740740741 0.444646875 0.5667972222222222 0.4299041666666667 0.5613370370370371 0.4197916666666667 0.5685185185185185 0.415625 0.5694444444444444 0.4046875 0.5907407407407408 0.39375 0.637962962962963 0.38958333333333334 0.6601851851851852 0.39166666666666666 0.7 0.39479166666666665 0.712037037037037 0.4046875 0.7148148148148148 0.4119791666666667 0.7064814814814815 0.4161458333333333 0.6833333333333333
0 0.40532864583333333 0.5244537037037037 0.4094953125 0.5522314814814815 0.41470364583333336 0.5633425925925926 0.4266828125 0.5614907407407407 0.43084947916666666 0.5476018518518518 0.4282453125 0.5124166666666666 0.42095364583333333 0.4966759259259259 0.4173114583333334 0.47305740740740737 0.401646875 0.4348370370370371 0.386596875 0.4282851851851852 0.37031875 0.43538333333333334 0.34421145833333333 0.4588611111111111 0.34666875 0.46650555555555556 0.37369687500000004 0.448487037037037 0.3936614583333334 0.4495796296296296 0.40441145833333336 0.47141944444444445 0.4063703125 0.494824074074074 0.40532864583333333 0.5244537037037037
0 0.47689687500000005 0.6738129629629629 0.479046875 0.643237037037037 0.4836536458333333 0.6454212962962963 0.48918229166666666 0.6383231481481482 0.5051536458333333 0.6383231481481482 0.48918229166666666 0.6317712962962962 0.48672499999999996 0.5999166666666667 0.4750536458333333 0.571524074074074 0.4541682291666667 0.5365805555555555 0.43512552083333333 0.5027277777777778 0.420996875 0.4721518518518518 0.41792552083333334 0.480887962962963 0.42714166666666664 0.513475925925926 0.44372552083333333 0.5425861111111112 0.453246875 0.5829898148148148 0.45938958333333335 0.607013888888889 0.46860364583333336 0.629587037037037 0.47658958333333334 0.6410527777777778 0.47689687500000005 0.6738129629629629
0 0.46860364583333336 0.5606046296296296 0.48580364583333335 0.5808064814814814 0.497475 0.5879046296296296 0.49839635416666667 0.5829898148148148 0.4962463541666667 0.571524074074074 0.4854963541666667 0.5578740740740741 0.48518958333333334 0.5485925925925926 0.4679895833333333 0.518375 0.4572395833333333 0.49271296296296296 0.4458755208333333 0.45722314814814813 0.4492536458333333 0.4495796296296296 0.4409609375 0.44575740740740744 0.43573958333333335 0.4310148148148148 0.4240682291666667 0.4179111111111111 0.42191822916666666 0.3933407407407407 0.42130416666666665 0.40753703703703703 0.42191822916666666 0.42009537037037037 0.41485416666666663 0.422825 0.4099395833333333 0.4315611111111111 0.402775 0.43266296296296297 0.4127041666666667 0.4393916666666667 0.41331822916666666 0.4481277777777778 0.41853958333333335 0.46669166666666667 0.4406541666666667 0.5103722222222222 0.46860364583333336 0.5606046296296296
0 0.3855296875 0.9143444444444444 0.40810885416666665 0.9076546296296297 0.43633333333333335 0.8987351851851852 0.45075885416666667 0.9043101851851851 0.47020208333333335 0.9015222222222222 0.48305989583333336 0.8892574074074074 0.48901822916666665 0.8976203703703703 0.48933177083333335 0.9065398148148148 0.47490625000000003 0.9182472222222222 0.49309531250000005 0.9121148148148147 0.49466302083333336 0.9037527777777777 0.49309531250000005 0.8976203703703703 0.48556875 0.8814527777777779 0.48462760416666667 0.8736481481481481 0.4824328125 0.8602685185185186 0.48745052083333335 0.8407564814814815 0.48305989583333336 0.812324074074074 0.48368697916666664 0.8441009259259259 0.47835572916666663 0.8602685185185186 0.46675260416666664 0.8563657407407408 0.45389479166666663 0.8574805555555555 0.43319687500000004 0.8658435185185185 0.41155833333333336 0.8758777777777778 0.37674895833333333 0.8870277777777777 0.36890885416666663 0.8992925925925925 0.3560510416666667 0.9143444444444444 0.35511041666666665 0.9271666666666667 0.3616958333333333 0.9293962962962964 0.3736125 0.9176898148148148 0.3770625 0.9176898148148148 0.3855296875 0.9143444444444444
0 0.3607552083333333 0.8820101851851853 0.37643489583333334 0.8853555555555556 0.3958786458333333 0.8820101851851853 0.41563541666666665 0.8730907407407408 0.40967708333333336 0.8585962962962963 0.4005822916666667 0.8485611111111111 0.3864703125 0.8502333333333333 0.3685953125 0.8535787037037037 0.3485244791666667 0.8535787037037037 0.3297083333333333 0.8457740740740741 0.32531822916666664 0.8491185185185185 0.31486562500000004 0.8379768518518519 0.31434218750000004 0.8502333333333333 0.3199869791666667 0.8585962962962963 0.32375000000000004 0.869187962962963 0.3403708333333333 0.8847981481481482 0.3607552083333333 0.8820101851851853
0 0.40152343749999997 0.8383361111111112 0.40309114583333333 0.847812962962963 0.4059135416666667 0.8567333333333333 0.4128130208333333 0.8634231481481481 0.4187713541666667 0.8606351851851852 0.42849322916666666 0.8372212962962963 0.43288333333333334 0.7974490740740741 0.44825 0.7506194444444444 0.4592260416666667 0.7177277777777777 0.468634375 0.6865092592592592 0.46706614583333333 0.6759166666666667 0.4730244791666667 0.6575194444444444 0.47239739583333334 0.6407944444444444 0.465184375 0.6385648148148148 0.4620484375 0.651387037037037 0.46016666666666667 0.6658814814814815 0.452640625 0.6748018518518518 0.4451140625 0.7076935185185185 0.4313182291666667 0.7379944444444444 0.42159375000000004 0.7680925925925925 0.41218593750000004 0.7909490740740741 0.40559999999999996 0.7837018518518519 0.40622708333333335 0.8015416666666666 0.40403229166666665 0.8249564814814815 0.40152343749999997 0.8383361111111112
0 0.441978125 0.8533879629629629 0.4460546875 0.8600777777777778 0.44448697916666663 0.8533879629629629 0.4435458333333333 0.8388935185185186 0.44981822916666664 0.8286675925925926 0.4560901041666667 0.8080407407407407 0.46581197916666667 0.8035814814814816 0.46330312500000004 0.7974490740740741 0.4557765625 0.7946611111111112 0.4570307291666667 0.7762638888888889 0.46424374999999996 0.7517351851851852 0.4780421875 0.7154981481481482 0.49121354166666664 0.6876240740740741 0.49027291666666667 0.6814916666666666 0.5009354166666667 0.6642092592592592 0.5009354166666667 0.6530592592592592 0.4949765625 0.6519444444444444 0.48745052083333335 0.6586342592592593 0.479296875 0.6753592592592593 0.4755333333333333 0.6714564814814815 0.46769635416666666 0.6829851851851853 0.43570572916666667 0.7864898148148148 0.4316291666666666 0.8104611111111111 0.4288067708333333 0.8349907407407408 0.44040989583333334 0.8427953703703704 0.441978125 0.8533879629629629
0 0.8140625 0.6925925925925925 0.828125 0.6574074074074074 0.8333333333333334 0.6277777777777778 0.8359375 0.5944444444444444 0.8510416666666667 0.5361111111111111 0.8530635416666666 0.5139555555555556 0.8590036458333333 0.5225953703703704 0.8627838541666667 0.5393953703703704 0.8625140625000001 0.513475925925926 0.8375 0.5037037037037037 0.8348958333333333 0.49722222222222223 0.8301130208333334 0.48467592592592595 0.8206625 0.4736361111111111 0.83125 0.49907407407407406 0.8307291666666666 0.5101851851851852 0.8260416666666667 0.5222222222222223 0.8203125 0.5509259259259259 0.8151041666666666 0.6277777777777778 0.8109375 0.649074074074074 0.8098958333333334 0.6691361111111112 0.8041666666666667 0.6907407407407408 0.80625 0.6990740740740741 0.8140625 0.6925925925925925
0 0.7848958333333333 0.6444444444444445 0.7765625 0.6537037037037037 0.7786458333333334 0.6648148148148149 0.778125 0.6907407407407408 0.7666666666666667 0.7046296296296296 0.765625 0.7148148148148148 0.7625 0.7185185185185186 0.7583333333333333 0.7361111111111112 0.759375 0.7388888888888889 0.7645833333333333 0.7287037037037037 0.7703125 0.7083333333333334 0.7760416666666666 0.7037037037037037 0.784375 0.712037037037037 0.7963541666666667 0.7157407407407408 0.7994791666666666 0.7240740740740741 0.8145833333333333 0.7398148148148148 0.8140625 0.7351851851851852 0.7989583333333333 0.7129629629629629 0.7984375 0.7046296296296296 0.8036458333333333 0.687962962962963 0.8052083333333333 0.6638888888888889 0.8026041666666667 0.6268518518518519 0.7979166666666667 0.6064814814814815 0.7859375 0.5722222222222222 0.771875 0.5416666666666666 0.7677083333333333 0.5342592592592592 0.7635416666666667 0.5333333333333333 0.759375 0.537962962962963 0.759375 0.5518518518518518 0.778125 0.5879629629629629 0.7791666666666667 0.5953703703703703 0.7833333333333333 0.6027777777777777 0.7864583333333334 0.6324074074074074 0.7848958333333333 0.6444444444444445
0 0.7598958333333333 0.40925925925925927 0.78988125 0.4344287037037037 0.8004114583333333 0.4478685185185185 0.79258125 0.45554814814814815 0.8309229166666667 0.47618796296296295 0.8338541666666667 0.5 0.8385416666666666 0.4675925925925926 0.8427083333333333 0.4546296296296296 0.85819375 0.43730833333333335 0.8635937499999999 0.41090925925925925 0.8525234375 0.4344287037037037 0.8411458333333334 0.4398148148148148 0.8260416666666667 0.41944444444444445 0.8125 0.4064814814814815 0.796875 0.4 0.7515625 0.3675925925925926 0.7276041666666667 0.36203703703703705 0.7223958333333333 0.36666666666666664 0.7036458333333333 0.37037037037037035 0.7005208333333334 0.37592592592592594 0.7010416666666667 0.3824074074074074 0.703125 0.38425925925925924 0.7171875 0.3861111111111111 0.728125 0.3962962962962963 0.7598958333333333 0.40925925925925927
0 0.5705718750000001 0.4189601851851852 0.5568510416666667 0.4707925925925926 0.5499901041666667 0.491525 0.5506765625 0.5049407407407408 0.54553125 0.528112962962963 0.5479322916666667 0.542137962962963 0.5554786458333333 0.5360398148148148 0.561653125 0.5116481481481482 0.573315625 0.4701824074074074 0.5856645833333334 0.4116435185185185 0.5973276041666666 0.3872518518518519 0.6048739583333334 0.3628601851851852 0.6045307291666667 0.33968796296296294 0.5993854166666667 0.32810185185185187 0.5914958333333333 0.32383333333333336 0.5870369791666668 0.32383333333333336 0.5784614583333333 0.34151759259259257 0.5753739583333334 0.35859166666666664 0.5698854166666667 0.3695675925925926 0.5746880208333334 0.36895833333333333 0.5760598958333334 0.38054351851851853 0.5705718750000001 0.4189601851851852
0 0.5585661458333333 0.5140870370370371 0.5678276041666667 0.5085990740740741 0.573315625 0.49274444444444443 0.5818916666666667 0.47750000000000004 0.5873796875 0.4518888888888889 0.5945833333333332 0.4232287037037037 0.6035020833333333 0.4043259259259259 0.6117343749999999 0.398837962962963 0.6216822916666668 0.37810462962962965 0.6237401041666666 0.36590925925925927 0.6209958333333333 0.35432314814814814 0.6134494791666667 0.3488351851851852 0.6062489583333334 0.35595740740740744 0.5993854166666667 0.3793240740740741 0.5887520833333333 0.4043259259259259 0.5832635416666666 0.4250583333333333 0.5729729166666666 0.4762805555555556 0.5585661458333333 0.5140870370370371
0 0.5595947916666667 0.3110277777777778 0.5798333333333333 0.3159064814814815 0.6007578124999999 0.32932129629629625 0.6161937500000001 0.3506638888888889 0.6306005208333333 0.3768851851851852 0.6484380208333334 0.3872518518518519 0.6532401041666667 0.38359259259259254 0.6587286458333333 0.39639814814814817 0.6686760416666666 0.4524990740740741 0.6645598958333333 0.4116435185185185 0.65735625 0.38298333333333334 0.6611296875 0.37810462962962965 0.6642166666666667 0.36225 0.6697052083333334 0.34090740740740744 0.6662750000000001 0.3531037037037037 0.6614729166666666 0.36225 0.65735625 0.3488351851851852 0.6439786458333334 0.3311509259259259 0.6247692708333333 0.31651574074074074 0.6069322916666666 0.30066203703703703 0.5836067708333333 0.2799287037037037 0.5568510416666667 0.27444074074074076 0.5458739583333333 0.27383148148148145 0.5352401041666667 0.26956296296296295 0.5280390625 0.27424074074074073 0.5283796875 0.2841972222222222 0.5324963541666666 0.2896851851851852 0.5462171875 0.29578333333333334 0.5486182291666667 0.3055398148148148 0.5595947916666667 0.3110277777777778
0 0.7333791666666667 0.3213138888888889 0.7606572916666666 0.3081425925925926 0.7626781250000001 0.2979657407407407 0.776821875 0.28838703703703705 0.7795161458333334 0.27342037037037037 0.7758119791666667 0.2674333333333333 0.7609942708333333 0.27820925925925927 0.7535854166666667 0.2794064814814815 0.7320322916666666 0.28599259259259263 0.6902729166666667 0.30095925925925926 0.6754552083333334 0.29557037037037037 0.6616479166666667 0.29616944444444443 0.6464932291666667 0.30874166666666664 0.6252786458333334 0.2764240740740741 0.636053125 0.30514907407407404 0.6451458333333334 0.31652407407407407 0.6458197916666666 0.3338851851851852 0.6539020833333333 0.3446620370370371 0.6741078125000001 0.3428657407407408 0.7333791666666667 0.3213138888888889
0 0.6997026041666667 0.2384925925925926 0.7192348958333333 0.19778333333333334 0.7215921875000001 0.20676296296296295 0.727990625 0.1888037037037037 0.7327057291666667 0.18221759259259257 0.7374203125 0.1594685185185185 0.7407880208333334 0.1480935185185185 0.741125 0.1373175925925926 0.7545953125 0.13192962962962965 0.7761484375 0.1391138888888889 0.7579630208333333 0.12833796296296296 0.7478598958333333 0.1289361111111111 0.7401145833333334 0.1259435185185185 0.7374203125 0.11696296296296296 0.7303484375 0.11396944444444444 0.7269807291666667 0.10858148148148149 0.7104791666666667 0.11456851851851851 0.7229395833333334 0.11396944444444444 0.725296875 0.11995648148148148 0.7155302083333334 0.13133148148148147 0.7074479166666666 0.15248888888888887 0.7003760416666667 0.1572787037037037 0.6926302083333333 0.1686537037037037 0.7054276041666667 0.17104814814814814 0.6899359374999999 0.2069675925925926 0.6680463541666666 0.2500722222222222 0.6468296875 0.28958425925925924 0.6268499999999999 0.3159388888888889 0.6451458333333334 0.32889166666666664 0.6481770833333333 0.3055435185185185 0.6640052083333334 0.29536574074074073 0.6778125 0.2750111111111111 0.6997026041666667 0.2384925925925926
0 0.6656890625 0.11616018518518519 0.6906098958333333 0.1059824074074074 0.71519375 0.09341018518518518 0.7377572916666666 0.09341018518518518 0.7444927083333333 0.08343796296296296 0.7576265625 0.08643148148148148 0.748196875 0.07864814814814815 0.74685 0.07185833333333333 0.7461760416666666 0.05868796296296296 0.7556057291666666 0.04551666666666667 0.7556057291666666 0.03833333333333333 0.74685 0.036537037037037035 0.752575 0.039530555555555555 0.7498807291666666 0.04791203703703704 0.7407880208333334 0.05988518518518519 0.7300114583333334 0.058088888888888884 0.7182244791666667 0.06168148148148148 0.7121630208333334 0.06168148148148148 0.7010494791666667 0.06527314814814815 0.71519375 0.0676675925925926 0.6976817708333333 0.07545092592592592 0.6687197916666666 0.08023981481481482 0.6367270833333334 0.09400925925925926 0.6353796875000001 0.10618703703703704 0.6336958333333332 0.10418611111111112 0.6232562500000001 0.10957499999999999 0.6178697916666667 0.12036203703703705 0.6182046875 0.12933055555555556 0.6239296875 0.12753425925925926 0.6357166666666667 0.11975185185185185 0.6417786458333333 0.12214629629629631 0.6656890625 0.11616018518518519
0 0.785578125 0.15348148148148147 0.7960177083333334 0.17383703703703704 0.7849046875 0.18221759259259257 0.7879354166666667 0.1900009259259259 0.8010692708333333 0.19119814814814814 0.8148770833333334 0.20736203703703704 0.8249796875000001 0.21334907407407408 0.8310416666666666 0.21334907407407408 0.8313786458333333 0.25046574074074074 0.8222859375 0.3007546296296296 0.8209385416666667 0.30434629629629634 0.8270005208333333 0.29117592592592595 0.8323885416666666 0.26363703703703706 0.8354197916666667 0.23609814814814814 0.8384505208333334 0.2833925925925926 0.840134375 0.2684259259259259 0.8394609375000001 0.2384925925925926 0.8371036458333333 0.2193351851851852 0.8424916666666667 0.20676296296296295 0.8468697916666666 0.19598703703703704 0.8519213541666667 0.17204074074074074 0.8539416666666667 0.14629814814814815 0.8448489583333333 0.12534444444444445 0.8253166666666666 0.12714074074074075 0.8428286458333333 0.1307324074074074 0.8502375 0.14629814814814815 0.8505739583333334 0.16365925925925925 0.8451859375 0.15108703703703705 0.8377770833333333 0.13791666666666666 0.8337359375 0.13612037037037036 0.8461963541666666 0.161862962962963 0.845859375 0.17982314814814815 0.8374401041666667 0.1612648148148148 0.8256536458333333 0.14270555555555556 0.822959375 0.1403111111111111 0.8219489583333334 0.12773888888888887 0.8168973958333333 0.11756203703703703 0.8145401041666667 0.13492314814814815 0.7875984375 0.10678611111111111 0.7687395833333334 0.09541111111111111 0.7519015625000001 0.0858324074074074 0.7370833333333333 0.09062222222222223 0.7148567708333334 0.09481296296296296 0.6865713541666667 0.10599259259259258 0.6899359374999999 0.11217407407407406 0.7064374999999999 0.11037777777777778 0.7172140625 0.11456851851851851 0.7421348958333333 0.10918055555555556 0.7667192708333334 0.12654166666666666 0.785578125 0.15348148148148147
