0 0.7088541666666667 0.6231481481481481 0.7067708333333333 0.65 0.7109375 0.6574074074074074 0.7203125 0.6666666666666666 0.7489583333333333 0.6777777777777778 0.7609375 0.6898148148148148 0.7713541666666667 0.6953703703703704 0.7921875 0.6990740740740741 0.796875 0.6935185185185185 0.7947916666666667 0.687037037037037 0.7630208333333334 0.6731481481481482 0.7421875 0.6527777777777778 0.7359375 0.6416666666666667 0.7234375 0.6324074074074074 0.7114583333333333 0.6296296296296297 0.7088541666666667 0.625
0 0.759375 0.16111111111111112 0.7567708333333333 0.16574074074074074 0.759375 0.17592592592592593 0.7661458333333333 0.18611111111111112 0.7729166666666667 0.20092592592592592 0.7729166666666667 0.20462962962962963 0.7796875 0.21574074074074073 0.7796875 0.22037037037037038 0.7901041666666667 0.23981481481481481 0.79375 0.25925925925925924 0.7958333333333333 0.27870370370370373 0.7947916666666667 0.2824074074074074 0.8020833333333334 0.30277777777777776 0.8057291666666667 0.3074074074074074 0.8151041666666666 0.3055555555555556 0.81875 0.29444444444444445 0.8192708333333333 0.2777777777777778 0.8145833333333333 0.2574074074074074 0.7961807291666666 0.21358055555555555 0.7770833333333333 0.1814814814814815 0.771875 0.17685185185185184 0.7630208333333334 0.16203703703703703 0.7604166666666666 0.16111111111111112
0 0.665625 0.05 0.6598958333333333 0.05925925925925926 0.6442708333333333 0.0712962962962963 0.6348958333333333 0.09351851851851851 0.6010416666666667 0.14351851851851852 0.5932291666666667 0.1648148148148148 0.5890625 0.18703703703703703 0.58125 0.2064814814814815 0.5807291666666666 0.21388888888888888 0.5838541666666667 0.22314814814814815 0.5895833333333333 0.225 0.59375 0.22037037037037038 0.6026041666666667 0.18796296296296297 0.6244791666666667 0.13796296296296295 0.6395833333333333 0.12222222222222222 0.6494791666666667 0.1175925925925926 0.65625 0.11851851851851852 0.6578125 0.12129629629629629 0.65625 0.12685185185185185 0.6578125 0.1287037037037037 0.6578125 0.12222222222222222 0.6598958333333333 0.1175925925925926 0.66875 0.11018518518518519 0.678125 0.09537037037037037 0.6828125 0.08333333333333333 0.6833333333333333 0.0712962962962963 0.6776041666666667 0.05740740740740741 0.6661458333333333 0.05092592592592592
0 0.5484375 0.16111111111111112 0.5359375 0.16203703703703703 0.5338541666666666 0.17685185185185184 0.534375 0.2074074074074074 0.5375 0.2222222222222222 0.5364583333333334 0.33240740740740743 0.5369791666666667 0.337037037037037 0.540625 0.3416666666666667 0.54375 0.3388888888888889 0.5453125 0.3296296296296296 0.5484375 0.28703703703703703 0.5505208333333333 0.2212962962962963 0.5536458333333333 0.20185185185185187 0.553125 0.1814814814814815 0.5489583333333333 0.16203703703703703
0 0.7359375 0.28055555555555556 0.7265625 0.29444444444444445 0.709375 0.3101851851851852 0.6739583333333333 0.37407407407407406 0.6677083333333333 0.3814814814814815 0.6598958333333333 0.4074074074074074 0.659375 0.41759259259259257 0.6619791666666667 0.42407407407407405 0.6692708333333334 0.4287037037037037 0.6838541666666667 0.4111111111111111 0.6875 0.40370370370370373 0.6947916666666667 0.3731481481481482 0.7020833333333333 0.35555555555555557 0.7119791666666667 0.337037037037037 0.7411458333333333 0.29444444444444445 0.7421875 0.2861111111111111 0.7395833333333334 0.28055555555555556
0 0.4890625 0.31296296296296294 0.46822916666666664 0.3453703703703704 0.4671875 0.3574074074074074 0.4630208333333333 0.36666666666666664 0.4401041666666667 0.39537037037037037 0.41458333333333336 0.4388888888888889 0.41354166666666664 0.45 0.415625 0.4537037037037037 0.4197916666666667 0.4537037037037037 0.43125 0.43425925925925923 0.44114583333333335 0.42407407407407405 0.46145833333333336 0.39351851851851855 0.478125 0.375 0.48802083333333335 0.3685185185185185 0.5 0.3333333333333333 0.49895833333333334 0.3277777777777778 0.4901041666666667 0.31296296296296294
0 0.5875 0.42314814814814816 0.5557291666666667 0.42777777777777776 0.5317708333333333 0.43703703703703706 0.5234375 0.4361111111111111 0.5213541666666667 0.43333333333333335 0.5083333333333333 0.43703703703703706 0.5020833333333333 0.44351851851851853 0.4979166666666667 0.44351851851851853 0.4979166666666667 0.4638888888888889 0.509375 0.4703703703703704 0.5208333333333334 0.4685185185185185 0.5447916666666667 0.45185185185185184 0.5947916666666667 0.4351851851851852 0.5953125 0.42685185185185187 0.590625 0.42314814814814816
0 0.6182291666666667 0.47129629629629627 0.6145833333333334 0.475 0.6130208333333333 0.4842592592592593 0.6166666666666667 0.49722222222222223 0.6239583333333333 0.5064814814814815 0.6875 0.5296296296296297 0.7046875 0.5324074074074074 0.7104166666666667 0.5296296296296297 0.7088541666666667 0.5194444444444445 0.6703125 0.49907407407407406 0.65 0.4935185185185185 0.6328125 0.475 0.6213541666666667 0.47129629629629627
0 0.6223958333333334 0.5555555555555556 0.6197916666666666 0.5675925925925925 0.6213541666666667 0.5777777777777777 0.6203125 0.6148148148148148 0.6265625 0.6694444444444444 0.6270833333333333 0.6916666666666667 0.6328125 0.7222222222222222 0.6375 0.7296296296296296 0.6427083333333333 0.7296296296296296 0.6484375 0.7212962962962963 0.6489583333333333 0.7 0.6369791666666667 0.6546296296296297 0.6328125 0.6222222222222222 0.63125 0.5879629629629629 0.6276041666666666 0.5592592592592592 0.625 0.5555555555555556
0 0.5125 0.6231481481481481 0.5057291666666667 0.6351851851851852 0.5010416666666667 0.65 0.496875 0.6777777777777778 0.4817708333333333 0.7277777777777777 0.47552083333333334 0.7675925925925926 0.47604166666666664 0.775 0.478125 0.7787037037037037 0.48333333333333334 0.775 0.4859375 0.7601851851851852 0.503125 0.6981481481481482 0.521875 0.6583333333333333 0.5239583333333333 0.6342592592592593 0.5151041666666667 0.6231481481481481
0 0.4432291666666667 0.7027777777777777 0.4390625 0.7092592592592593 0.43802083333333336 0.7296296296296296 0.4348958333333333 0.7398148148148148 0.4354166666666667 0.7898148148148149 0.4421875 0.8231481481481482 0.44166666666666665 0.8305555555555556 0.44895833333333335 0.8527777777777777 0.4510416666666667 0.875 0.45625 0.8962962962962963 0.4588541666666667 0.9203703703703704 0.46197916666666666 0.9231481481481482 0.4739583333333333 0.9212962962962963 0.48072916666666665 0.9120370370370371 0.478125 0.8722222222222222 0.4765625 0.8657407407407407 0.45260416666666664 0.8157407407407408 0.446875 0.7953703703703704 0.4453125 0.7796296296296297 0.4453125 0.7444444444444445 0.4484375 0.7083333333333334 0.446875 0.7037037037037037 0.44375 0.7027777777777777
0 0.5859375 0.7268518518518519 0.5713541666666667 0.7351851851851852 0.5578125 0.7574074074074074 0.525 0.7861111111111111 0.5171875 0.7981481481481482 0.5119791666666667 0.8111111111111111 0.5057291666666667 0.8175925925925925 0.5057291666666667 0.8287037037037037 0.515625 0.8314814814814815 0.5192708333333333 0.8203703703703704 0.5296875 0.812037037037037 0.55 0.7888888888888889 0.5625 0.7777777777777778 0.5755208333333334 0.7722222222222223 0.5859375 0.7638888888888888 0.5963541666666666 0.7398148148148148 0.5932291666666667 0.7296296296296296 0.5885416666666666 0.7268518518518519
0 0.6661458333333333 0.7296296296296296 0.6619791666666667 0.7342592592592593 0.6604166666666667 0.7453703703703703 0.6536458333333334 0.7555555555555555 0.65 0.7657407407407407 0.6432291666666666 0.7962962962962963 0.6302083333333334 0.825 0.6229166666666667 0.8314814814814815 0.6192708333333333 0.8481481481481481 0.6177083333333333 0.8675925925925926 0.61875 0.8731481481481481 0.6291666666666667 0.8759259259259259 0.6338541666666667 0.8731481481481481 0.6385416666666667 0.8564814814814815 0.6416666666666667 0.8314814814814815 0.6515625 0.8018518518518518 0.6578125 0.7888888888888889 0.659375 0.7777777777777778 0.6635416666666667 0.7675925925925926 0.6645833333333333 0.7564814814814815 0.6703125 0.7398148148148148 0.6703125 0.7324074074074074 0.6677083333333333 0.7296296296296296
0 0.592171875 0.8619916666666667 0.6113270833333334 0.8719648148148148 0.6412276041666666 0.8786138888888889 0.6622515625 0.8794453703703704 0.6725296875000001 0.89025 0.6753328125 0.9035481481481481 0.672996875 0.9110277777777778 0.6594479166666667 0.9176768518518519 0.6463666666666666 0.9035481481481481 0.6314161458333333 0.891912037037037 0.6178677083333334 0.886925 0.6001140625 0.880275925925926 0.594040625 0.8736268518518518
0 0.5991796875 0.8870509259259259 0.5926390625 0.9043787037037038 0.5744182291666667 0.8944055555555556 0.5674104166666667 0.8852629629629629 0.5533942708333334 0.8703027777777778 0.5384442708333333 0.8561731481481482 0.5253625000000001 0.8428749999999999 0.5164859375 0.8353953703703704 0.5136828125 0.8220972222222223 0.526296875 0.8279148148148149 0.5505911458333334 0.841212962962963 0.5632057291666667 0.8536796296296296 0.5758197916666667 0.8661472222222222 0.5870328125000001 0.8669777777777777 0.5926390625 0.8727962962962963 0.6019828125 0.886925
