0 0.7604166666666666 0.8574074074074074 0.76875 0.8574074074074074 0.7786458333333334 0.85 0.7828125 0.850925925925926 0.78125 0.825925925925926 0.7692708333333333 0.8203703703703704 0.7572916666666667 0.8212962962962963 0.7286458333333333 0.8453703703703703 0.7052083333333333 0.8527777777777777 0.6854166666666667 0.8722222222222222 0.6854166666666667 0.8814814814814815 0.6916666666666667 0.8842592592592593 0.6994791666666667 0.8768518518518519 0.74375 0.8546296296296296 0.7552083333333334 0.8537037037037037 0.7604166666666666 0.8574074074074074
0 0.8046875 0.7472222222222222 0.8046875 0.7324074074074074 0.8020833333333334 0.7157407407407408 0.8067708333333333 0.6555555555555556 0.8052083333333333 0.6305555555555555 0.8067708333333333 0.6064814814814815 0.8026041666666667 0.5990740740740741 0.7989583333333333 0.6074074074074074 0.7947916666666667 0.6425925925925926 0.7953125 0.6645833333333333 0.7927083333333333 0.6990740740740741 0.784375 0.737037037037037 0.7838541666666666 0.7518518518518519 0.7869791666666667 0.7703703703703704 0.79375 0.774074074074074 0.7989583333333333 0.7722222222222223 0.8026041666666667 0.7620370370370371 0.8046875 0.7472222222222222
0 0.540625 0.7814814814814814 0.5427083333333333 0.762962962962963 0.5484375 0.7425925925925926 0.5458333333333333 0.7333333333333333 0.5411458333333333 0.7361111111111112 0.5364583333333334 0.7555555555555555 0.5286458333333334 0.7694444444444445 0.5223958333333333 0.7907407407407407 0.5182291666666666 0.8148148148148148 0.5067708333333333 0.8425925925925926 0.49895833333333334 0.8768518518518519 0.4984375 0.8888888888888888 0.5005208333333333 0.8935185185185185 0.5104166666666666 0.8962962962962963 0.5208333333333334 0.8731481481481481 0.5244791666666667 0.8388888888888889 0.540625 0.7814814814814814
0 0.46458333333333335 0.8722222222222222 0.4640625 0.8564814814814815 0.4625 0.8481481481481481 0.4609375 0.8527777777777777 0.45625 0.8555555555555555 0.434375 0.8574074074074074 0.4197916666666667 0.8685185185185185 0.396875 0.8731481481481481 0.3729166666666667 0.8907407407407407 0.3734375 0.8981481481481481 0.40625 0.8972222222222223 0.4192708333333333 0.8916666666666667 0.44375 0.8925925925925926 0.46041666666666664 0.8796296296296297 0.46458333333333335 0.8722222222222222
0 0.35260416666666666 0.8629629629629629 0.3640625 0.8611111111111112 0.36770833333333336 0.8555555555555555 0.3645833333333333 0.8472222222222222 0.3140625 0.8425925925925926 0.29270833333333335 0.8314814814814815 0.271875 0.8342592592592593 0.2635416666666667 0.8425925925925926 0.2640625 0.8592592592592593 0.271875 0.8666666666666667 0.2828125 0.8712962962962963 0.296875 0.8675925925925926 0.3380208333333333 0.8703703703703703 0.35260416666666666 0.8629629629629629
0 0.6291666666666667 0.5018518518518519 0.63125 0.4898148148148148 0.6260416666666667 0.4888888888888889 0.6182291666666667 0.49537037037037035 0.609375 0.49722222222222223 0.5854166666666667 0.5148148148148148 0.5734375 0.5185185185185185 0.5598958333333334 0.5166666666666667 0.55 0.5212962962962963 0.540625 0.5370370370370371 0.5401041666666667 0.5444444444444444 0.5442708333333334 0.5537037037037037 0.5609375 0.5518518518518518 0.5723958333333333 0.5407407407407407 0.6067708333333334 0.5231481481481481 0.6291666666666667 0.5018518518518519
0 0.5125 0.6333333333333333 0.5078125 0.6564814814814814 0.5088541666666667 0.6712962962962963 0.5135416666666667 0.6777777777777778 0.5177083333333333 0.6777777777777778 0.5239583333333333 0.6694444444444444 0.5302083333333333 0.6518518518518519 0.5348958333333333 0.612037037037037 0.5348958333333333 0.5861111111111111 0.5317708333333333 0.5703703703703704 0.5255208333333333 0.5555555555555556 0.5088541666666667 0.5287037037037037 0.5046875 0.5296296296296297 0.5052083333333334 0.5398148148148149 0.5197916666666667 0.5601851851851852 0.51875 0.5648148148148148 0.5234375 0.5842592592592593 0.521875 0.6148148148148148 0.5125 0.6333333333333333
0 0.6786458333333333 0.3537037037037037 0.68125 0.34444444444444444 0.6786458333333333 0.34074074074074073 0.6739583333333333 0.3416666666666667 0.6661458333333333 0.3490740740740741 0.6473958333333333 0.3574074074074074 0.6270833333333333 0.3712962962962963 0.6135416666666667 0.3712962962962963 0.6072916666666667 0.3675925925925926 0.5942708333333333 0.37592592592592594 0.5897567708333333 0.3839509259259259 0.5875 0.38796296296296295 0.5895833333333333 0.4046296296296296 0.6046875 0.4074074074074074 0.6197916666666666 0.39537037037037037 0.6572916666666667 0.37592592592592594 0.6786458333333333 0.3537037037037037
0 0.5864583333333333 0.16203703703703703 0.5901041666666667 0.1574074074074074 0.596875 0.1574074074074074 0.5958333333333333 0.1537037037037037 0.6020833333333333 0.14629629629629629 0.6125 0.1425925925925926 0.6302083333333334 0.14537037037037037 0.6328125 0.1398148148148148 0.65 0.12222222222222222 0.65 0.10462962962962963 0.6421875 0.09351851851851851 0.6239583333333333 0.1 0.6130208333333333 0.11481481481481481 0.5916666666666667 0.13425925925925927 0.5765625 0.1574074074074074 0.5661458333333333 0.1814814814814815 0.5604166666666667 0.18888888888888888 0.5609375 0.1935185185185185 0.5645833333333333 0.19537037037037036 0.5708333333333333 0.18888888888888888 0.5864583333333333 0.16203703703703703
0 0.23854166666666668 0.2777777777777778 0.25 0.19722222222222222 0.24895833333333334 0.18888888888888888 0.24479166666666666 0.18981481481481483 0.24114583333333334 0.20092592592592592 0.22447916666666667 0.27870370370370373 0.22083333333333333 0.29074074074074074 0.215625 0.29444444444444445 0.215625 0.30185185185185187 0.21145833333333333 0.31574074074074077 0.21145833333333333 0.3296296296296296 0.21510416666666668 0.33796296296296297 0.21979166666666666 0.34074074074074073 0.228125 0.33425925925925926 0.2359375 0.31574074074074077 0.23854166666666668 0.2777777777777778
0 0.384375 0.11851851851851852 0.38958333333333334 0.11481481481481481 0.3859375 0.10277777777777777 0.35885416666666664 0.08611111111111111 0.32395833333333335 0.07962962962962963 0.3026041666666667 0.06574074074074074 0.29010416666666666 0.06759259259259259 0.2869791666666667 0.07407407407407407 0.2864583333333333 0.08518518518518518 0.28802083333333334 0.09074074074074075 0.3015625 0.1037037037037037 0.3421875 0.10462962962962963 0.3734375 0.1111111111111111 0.384375 0.11851851851851852
0 0.4901041666666667 0.13518518518518519 0.4901041666666667 0.12685185185185185 0.4859375 0.11574074074074074 0.4744791666666667 0.09444444444444444 0.46770833333333334 0.08703703703703704 0.4479166666666667 0.0712962962962963 0.4359375 0.06574074074074074 0.41770833333333335 0.04814814814814815 0.40572916666666664 0.044444444444444446 0.39895833333333336 0.05648148148148148 0.39791666666666664 0.06018518518518518 0.4114583333333333 0.08611111111111111 0.4401041666666667 0.09351851851851851 0.47604166666666664 0.11851851851851852 0.48541666666666666 0.13796296296296295 0.4901041666666667 0.13518518518518519
0 0.4270833333333333 0.2490740740740741 0.4296875 0.24351851851851852 0.42552083333333335 0.2361111111111111 0.42135416666666664 0.2 0.4119791666666667 0.1537037037037037 0.4088541666666667 0.12222222222222222 0.4083333333333333 0.08518518518518518 0.4041666666666667 0.0712962962962963 0.396875 0.06018518518518518 0.3885416666666667 0.06296296296296296 0.3859375 0.06944444444444445 0.3859375 0.09166666666666666 0.39375 0.12222222222222222 0.40625 0.2 0.4140625 0.225 0.4192708333333333 0.25 0.4270833333333333 0.2490740740740741
0 0.7077322916666666 0.44657592592592593 0.7205197916666666 0.4539101851851852 0.7304192708333334 0.46051018518518516 0.7370192708333333 0.46784444444444445 0.74856875 0.4861787037037037 0.7625932291666667 0.49424537037037036 0.7720807291666667 0.49057870370370377 0.7716682291666667 0.4751777777777778 0.7646557291666666 0.45977685185185185 0.7572307291666667 0.4568435185185185 0.74856875 0.4568435185185185 0.74073125 0.44657592592592593 0.7267067708333333 0.43704166666666666 0.7159822916666666 0.42384074074074074 0.7089697916666666 0.4135740740740741 0.6920578125 0.4113731481481482 0.68369375 0.4115601851851852 0.6813333333333333 0.4135740740740741 0.6805083333333334 0.4209074074074074 0.6866958333333333 0.42677499999999996 0.6994828125 0.431175 0.7077322916666666 0.44657592592592593
0 0.7737302083333333 0.5243148148148148 0.7848677083333333 0.513313888888889 0.7910552083333333 0.49791296296296295 0.7972421875 0.4876453703703704 0.8050796874999999 0.47151111111111116 0.8125041666666667 0.4531759259259259 0.8195166666666667 0.43850833333333333 0.8228166666666666 0.4245740740740741 0.8240541666666666 0.4099064814814815 0.8277661458333333 0.3981722222222222 0.8294161458333333 0.38203796296296294 0.8244666666666667 0.38130462962962963 0.8199291666666666 0.3864388888888889 0.8162166666666667 0.3989064814814815 0.8116791666666666 0.41504074074074077 0.8050796874999999 0.433375 0.7972421875 0.4509759259259259 0.7869302083333333 0.4700444444444445 0.7778552083333333 0.4751777777777778 0.7683203125 0.48942314814814813 0.7625932291666667 0.49424537037037036 0.7592932291666667 0.502312962962963 0.7601182291666666 0.5177138888888889 0.7642432291666666 0.5250481481481482 0.7737302083333333 0.5243148148148148
0 0.31081354166666664 0.5995462962962963 0.3251171875 0.5839601851851852 0.34449583333333333 0.5650916666666667 0.36018385416666665 0.5650916666666667 0.3763328125 0.5495046296296296 0.3846380208333333 0.5314574074074074 0.3832536458333333 0.5199722222222223 0.3814083333333333 0.5068462962962963 0.3744869791666667 0.5076666666666666 0.3597223958333334 0.5093074074074074 0.34910989583333335 0.5199722222222223 0.34080468750000004 0.5330981481481482 0.33249947916666667 0.5495046296296296 0.31911875 0.5650916666666667 0.30435364583333335 0.5741157407407407 0.28728177083333334 0.5765768518518518 0.27528541666666667 0.5765768518518518 0.26405833333333334 0.5821546296296296 0.2632890625 0.5970851851851852 0.2674416666666667 0.5995462962962963 0.2775921875 0.601187037037037 0.2923572916666667 0.6052888888888889 0.31081354166666664 0.5995462962962963
0 0.3721802083333333 0.5034324074074074 0.38417656250000004 0.5009712962962963 0.4026328125 0.49440833333333334 0.417859375 0.4919472222222222 0.4317010416666667 0.4894861111111111 0.44139062500000004 0.4788212962962963 0.44969583333333335 0.4788212962962963 0.4487734375 0.46897685185185184 0.42201197916666666 0.4730787037037037 0.3929432291666667 0.47389907407407406 0.37956249999999997 0.4780009259259259 0.36156770833333335 0.4796416666666667 0.3509557291666667 0.4755398148148148 0.3435729166666667 0.47471944444444447 0.3357291666666667 0.47471944444444447 0.3158890625 0.4952287037037037 0.3241942708333333 0.5173777777777778 0.33157656249999995 0.5272222222222221 0.3435729166666667 0.5231203703703704 0.35603125 0.5165574074074074 0.3721802083333333 0.5034324074074074
0 0.42893281250000004 0.4706175925925926 0.44323645833333336 0.4681564814814815 0.45292604166666667 0.4615944444444444 0.46076979166666665 0.4615944444444444 0.4639994791666667 0.45010925925925926 0.44831197916666665 0.4525703703703704 0.42985572916666664 0.45585185185185184 0.416475 0.4509296296296296 0.40355572916666665 0.4509296296296296 0.3934046875 0.44518703703703705 0.38371510416666665 0.4410851851851852 0.37491302083333333 0.43822314814814817 0.3661817708333333 0.4525703703703704 0.3694119791666666 0.4665157407407407 0.37863958333333336 0.48046203703703705 0.391559375 0.47389907407407406 0.4100151041666667 0.47225833333333334 0.42893281250000004 0.4706175925925926
0 0.390175 0.43206111111111106 0.4040171875 0.4238574074074074 0.41832031249999996 0.4090916666666667 0.42708697916666666 0.4025287037037037 0.422934375 0.3828398148148148 0.40863125 0.38201944444444447 0.3961729166666667 0.3951453703703704 0.38925208333333333 0.41319351851851854 0.37587135416666667 0.43042037037037034 0.362490625 0.43862407407407406 0.3495713541666667 0.44026481481481483 0.3311151041666667 0.4443666666666667 0.3238447916666667 0.4552 0.32788541666666665 0.46405555555555555 0.33803645833333335 0.458312962962963 0.351878125 0.45667222222222226 0.3652588541666667 0.4533907407407407 0.3800239583333333 0.4378037037037037 0.390175 0.43206111111111106
0 0.4252416666666667 0.29410925925925924 0.4353927083333333 0.2818037037037037 0.44139062500000004 0.2637555555555556 0.4381609375 0.25145092592592594 0.43262395833333334 0.2465287037037037 0.4288869791666666 0.2522203703703704 0.422934375 0.25883333333333336 0.41832031249999996 0.2793425925925926 0.4118609375 0.2990314814814815 0.4054010416666667 0.3113361111111111 0.41509062500000005 0.30067222222222223 0.4252416666666667 0.29410925925925924
0 0.4630765625 0.30805462962962965 0.470459375 0.28508518518518516 0.47184322916666666 0.26785740740740743 0.459846875 0.26129444444444444 0.4376994791666667 0.27524074074074073 0.41739791666666665 0.30723425925925923 0.39525052083333334 0.3228212962962963 0.3791010416666667 0.3277435185185185 0.3675661458333333 0.33266574074074073 0.3661817708333333 0.34086944444444445 0.35083229166666663 0.3459601851851852 0.35879947916666666 0.36383888888888893 0.37725572916666666 0.34907222222222223 0.40078697916666667 0.337587962962963 0.42201197916666666 0.32528240740740744 0.44277500000000003 0.31625833333333336 0.4630765625 0.30805462962962965
0 0.4681520833333333 0.3113361111111111 0.48614687500000003 0.289187037037037 0.47322760416666665 0.2924685185185185 0.45246458333333334 0.3170787037037037 0.4252416666666667 0.3277435185185185 0.4118609375 0.33594722222222223 0.40273020833333334 0.3407935185185185 0.3984802083333333 0.35727592592592594 0.40494010416666665 0.3736833333333333 0.4197046875 0.3621981481481481 0.4367765625 0.33512685185185187 0.452003125 0.3293842592592593 0.4681520833333333 0.3113361111111111
