0 0.275 0.5703703703703704 0.2786458333333333 0.5805555555555556 0.2828125 0.5814814814814815 0.2864583333333333 0.5731481481481482 0.2875 0.5435185185185185 0.290625 0.5361111111111111 0.2921875 0.5203703703703704 0.2875 0.43703703703703706 0.28854166666666664 0.387037037037037 0.2838541666666667 0.3472222222222222 0.28541666666666665 0.337037037037037 0.2671875 0.3296296296296296 0.25625 0.31296296296296294 0.2515625 0.3138888888888889 0.26666666666666666 0.3398148148148148 0.2635416666666667 0.3611111111111111 0.2630208333333333 0.3888888888888889 0.26875 0.42314814814814816 0.275 0.5703703703703704
0 0.32864583333333336 0.2175925925925926 0.3458333333333333 0.19074074074074074 0.3640625 0.1685185185185185 0.3770833333333333 0.15925925925925927 0.38958333333333334 0.13518518518518519 0.3885416666666667 0.12129629629629629 0.384375 0.11388888888888889 0.3765625 0.11481481481481481 0.3578125 0.12962962962962962 0.34322916666666664 0.1574074074074074 0.2921875 0.23425925925925925 0.28541666666666665 0.24074074074074073 0.28229166666666666 0.24722222222222223 0.28229166666666666 0.25555555555555554 0.28802083333333334 0.25833333333333336 0.3140625 0.23796296296296296 0.3203125 0.22037037037037038 0.32864583333333336 0.2175925925925926
0 0.30416666666666664 0.13055555555555556 0.3265625 0.08981481481481482 0.33229166666666665 0.0712962962962963 0.3380208333333333 0.06388888888888888 0.3416666666666667 0.05185185185185185 0.3338541666666667 0.05092592592592592 0.30625 0.0712962962962963 0.28125 0.11851851851851852 0.265625 0.15833333333333333 0.2552083333333333 0.17407407407407408 0.24375 0.20833333333333334 0.24322916666666666 0.23148148148148148 0.25104166666666666 0.24166666666666667 0.25625 0.24444444444444444 0.26666666666666666 0.22962962962962963 0.2791666666666667 0.20092592592592592 0.30416666666666664 0.13055555555555556
0 0.5958333333333333 0.16111111111111112 0.6114583333333333 0.14537037037037037 0.6161458333333333 0.13796296296296295 0.6171875 0.13055555555555556 0.6307291666666667 0.11018518518518519 0.6328125 0.09444444444444444 0.6265625 0.09166666666666666 0.6145833333333334 0.10925925925925926 0.5557291666666667 0.1527777777777778 0.5354166666666667 0.15555555555555556 0.5286458333333334 0.15 0.5125 0.1574074074074074 0.496875 0.17314814814814813 0.4979166666666667 0.1962962962962963 0.5098958333333333 0.20462962962962963 0.5208333333333334 0.20462962962962963 0.55 0.18888888888888888 0.5640625 0.17592592592592593 0.5958333333333333 0.16111111111111112
0 0.5302083333333333 0.46111111111111114 0.5364583333333334 0.45 0.5520833333333334 0.4351851851851852 0.5666666666666667 0.40370370370370373 0.55625 0.3731481481481482 0.5380208333333333 0.39166666666666666 0.5239583333333333 0.4111111111111111 0.5135416666666667 0.4685185185185185 0.5140625 0.5444444444444444 0.515625 0.5518518518518518 0.5182291666666666 0.5537037037037037 0.5213541666666667 0.549074074074074 0.5239583333333333 0.49537037037037035 0.5302083333333333 0.46111111111111114
0 0.55625 0.6027777777777777 0.5484375 0.587037037037037 0.5411458333333333 0.5796296296296296 0.5375 0.5796296296296296 0.5338541666666666 0.5740740740740741 0.5270833333333333 0.5777777777777777 0.5244791666666667 0.5740740740740741 0.5213541666666667 0.5777777777777777 0.5229166666666667 0.5888888888888889 0.5182291666666666 0.5935185185185186 0.475 0.6 0.4510416666666667 0.6203703703703703 0.4546875 0.6259259259259259 0.49166666666666664 0.6222222222222222 0.5276041666666667 0.6222222222222222 0.5328125 0.625 0.5505208333333333 0.6185185185185185 0.55625 0.6027777777777777
0 0.6302083333333334 0.649074074074074 0.6359375 0.6416666666666667 0.6380208333333334 0.6296296296296297 0.6109375 0.5972222222222222 0.5890625 0.5907407407407408 0.54375 0.5564814814814815 0.525 0.5518518518518518 0.5234375 0.5546296296296296 0.525 0.5638888888888889 0.5390625 0.5833333333333334 0.5859375 0.6212962962962963 0.6057291666666667 0.6435185185185185 0.6255208333333333 0.65 0.6302083333333334 0.649074074074074
0 0.7302083333333333 0.6962962962962963 0.7276041666666667 0.7018518518518518 0.7385416666666667 0.700925925925926 0.7447916666666666 0.7083333333333334 0.753125 0.712037037037037 0.7671875 0.7129629629629629 0.7734375 0.6972222222222222 0.7890625 0.6888888888888889 0.7713541666666667 0.6851851851851852 0.7598958333333333 0.6648148148148149 0.7526041666666666 0.6574074074074074 0.746875 0.6444444444444445 0.7427083333333333 0.6444444444444445 0.7401041666666667 0.6518518518518519 0.7354166666666667 0.6518518518518519 0.7119791666666667 0.6314814814814815 0.6885416666666667 0.6185185185185185 0.6713541666666667 0.6148148148148148 0.653125 0.6194444444444445 0.6442708333333333 0.6231481481481481 0.6375 0.6342592592592593 0.6364583333333333 0.6416666666666667 0.6385416666666667 0.6444444444444445 0.6817708333333333 0.6462962962962963 0.6963541666666667 0.6527777777777778 0.7255208333333333 0.6796296296296296 0.7302083333333333 0.6962962962962963
0 0.6239583333333333 0.4398148148148148 0.6291666666666667 0.45740740740740743 0.6432291666666666 0.4842592592592593 0.6546875 0.48148148148148145 0.6578125 0.4740740740740741 0.6578125 0.4583333333333333 0.6526041666666667 0.44074074074074077 0.6510416666666666 0.425 0.640625 0.4083333333333333 0.6265625 0.37407407407407406 0.6151041666666667 0.35833333333333334 0.6078125 0.35185185185185186 0.6020833333333333 0.35185185185185186 0.6005208333333333 0.3574074074074074 0.603125 0.3648148148148148 0.6114583333333333 0.37777777777777777 0.6192708333333333 0.39814814814814814 0.6229166666666667 0.4166666666666667 0.6239583333333333 0.4398148148148148
0 0.3515625 0.7416666666666667 0.3692708333333333 0.6907407407407408 0.371875 0.6685185185185185 0.37552083333333336 0.6564814814814814 0.3734375 0.6435185185185185 0.36875 0.6462962962962963 0.3572916666666667 0.6712962962962963 0.33229166666666665 0.7462962962962963 0.3229166666666667 0.7555555555555555 0.3171875 0.7703703703703704 0.3098958333333333 0.7907407407407407 0.3182291666666667 0.8064814814814815 0.321875 0.8083333333333333 0.328125 0.8027777777777778 0.34010416666666665 0.7842592592592592 0.3515625 0.7416666666666667
0 0.3296875 0.8898148148148148 0.43125 0.9101851851851852 0.45989583333333334 0.9037037037037037 0.4671875 0.8972222222222223 0.46510416666666665 0.8898148148148148 0.44947916666666665 0.8824074074074074 0.4359375 0.8685185185185185 0.3982640625 0.862037037037037 0.30052083333333335 0.8138888888888889 0.2984375 0.8138888888888889 0.30625 0.8333333333333334 0.30364583333333334 0.8537037037037037 0.30052083333333335 0.8611111111111112 0.31354166666666666 0.8787037037037037 0.3296875 0.8898148148148148
0 0.7229166666666667 0.30277777777777776 0.7255208333333333 0.2916666666666667 0.725 0.2537037037037037 0.7192708333333333 0.22870370370370371 0.7192708333333333 0.20555555555555555 0.721875 0.18425925925925926 0.7380208333333333 0.10833333333333334 0.7473958333333334 0.08611111111111111 0.746875 0.07962962962962963 0.7380208333333333 0.08333333333333333 0.7166666666666667 0.11851851851851852 0.709375 0.15092592592592594 0.7057291666666666 0.1787037037037037 0.7005208333333334 0.24259259259259258 0.696875 0.25462962962962965 0.7036458333333333 0.2962962962962963 0.7083333333333334 0.30833333333333335 0.7135416666666666 0.30925925925925923 0.7229166666666667 0.30277777777777776
0 0.8067708333333333 0.5916666666666667 0.80625 0.5583333333333333 0.8015625 0.5342592592592592 0.79375 0.5185185185185185 0.7859375 0.4861111111111111 0.7776041666666667 0.4398148148148148 0.7692708333333333 0.37222222222222223 0.7640625 0.35462962962962963 0.7614583333333333 0.32314814814814813 0.7557291666666667 0.3148148148148148 0.7515625 0.3175925925925926 0.7473958333333334 0.3287037037037037 0.7479166666666667 0.4083333333333333 0.7765625 0.5777777777777777 0.7885416666666667 0.6101851851851852 0.7989583333333333 0.6092592592592593 0.8046875 0.6027777777777777 0.8067708333333333 0.5916666666666667
0 0.44459635416666665 0.3884388888888889 0.4345489583333333 0.3999666666666667 0.41866770833333333 0.4238851851851852 0.41169947916666666 0.44866944444444445 0.40651354166666664 0.4640824074074074 0.39047031249999997 0.4805092592592593 0.3794505208333333 0.5029870370370371 0.3736166666666667 0.5217194444444444 0.3703755208333333 0.5271944444444444 0.36081406250000003 0.5315175925925926 0.34055729166666665 0.5300768518518518 0.3596796875 0.5369925925925926 0.3731302083333333 0.5312296296296296 0.3788020833333333 0.5427564814814815 0.37831614583333334 0.5534194444444445 0.37280625 0.5727277777777778 0.3711854166666667 0.5851194444444444 0.373940625 0.5753212962962962 0.3822052083333333 0.5463601851851851 0.3857703125 0.5449194444444445 0.40359635416666667 0.5270518518518519 0.40764791666666667 0.5086972222222222 0.42077447916666666 0.47238703703703705 0.43325260416666667 0.4484675925925926 0.4481614583333334 0.4233953703703704 0.4539953125 0.4043759259259259 0.46274635416666665 0.3879490740740741 0.4659875 0.3841157407407408 0.4663114583333333 0.377487962962963 0.46339479166666664 0.37057129629629626 0.45026822916666664 0.38498055555555555 0.44459635416666665 0.3884388888888889
0 0.4672838541666666 0.2870564814814815 0.4685802083333333 0.2680370370370371 0.46825625 0.2536277777777778 0.4700390625 0.2513222222222222 0.4817067708333333 0.24065925925925924 0.49596770833333337 0.23143703703703702 0.4766828125 0.23893055555555556 0.46679791666666665 0.24613425925925925 0.46501510416666664 0.24267685185185187 0.45642604166666667 0.236625 0.4548057291666667 0.21385833333333334 0.4499442708333333 0.18763333333333335 0.45221302083333337 0.23950648148148146 0.44735104166666667 0.2469990740740741 0.44135520833333336 0.2723592592592593 0.43616927083333334 0.30521203703703703 0.42936302083333333 0.3383527777777778 0.41299583333333334 0.3919064814814815 0.4086203125 0.4132324074074074 0.40554114583333334 0.4293703703703704 0.40456875000000003 0.44839074074074076 0.40732395833333335 0.4579 0.40910625 0.4570361111111111 0.41169947916666666 0.44839074074074076 0.4134817708333333 0.43628703703703703 0.42012604166666667 0.42158981481481483 0.42936302083333333 0.40977407407407407 0.4334145833333333 0.3968055555555556 0.43552135416666665 0.3832407407407407 0.4386 0.37751296296296294 0.44492031249999997 0.3527296296296296 0.45205052083333336 0.3288101851851852 0.46112604166666665 0.3017212962962963 0.4672838541666666 0.2870564814814815
0 0.6975427083333333 0.3971648148148148 0.7078125 0.4100824074074074 0.7140744791666667 0.41631851851851853 0.7225911458333333 0.42834537037037035 0.7283526041666666 0.44304537037037034 0.7338630208333333 0.45863611111111113 0.7388729166666667 0.4666537037037037 0.7433817708333332 0.47912592592592596 0.7476395833333334 0.4844712962962963 0.74964375 0.47912592592592596 0.7476395833333334 0.4670990740740741 0.7453854166666667 0.45150833333333334 0.7428807291666666 0.43279999999999996 0.7346145833333334 0.41587314814814813 0.722340625 0.39538333333333336 0.7118203125 0.37355648148148146 0.7076244791666666 0.3652648148148148 0.6962901041666666 0.34504814814814816 0.6840161458333333 0.33925740740740745 0.6818682333333334 0.32283121851851854 0.6807598958333333 0.337475 0.6797578125 0.34682962962962965 0.6747484375 0.36019259259259256 0.6787557291666667 0.37222037037037037 0.6875229166666668 0.38380185185185184 0.6975427083333333 0.3971648148148148
0 0.67900625 0.37400185185185186 0.6762510416666667 0.36152962962962965 0.6714916666666666 0.3530657407407407 0.664478125 0.34192962962962964 0.6562119791666666 0.3214398148148148 0.6491984375000001 0.30718518518518517 0.6361734375 0.29515833333333336 0.6344197916666666 0.2804592592592593 0.635421875 0.2555138888888889 0.6376760416666667 0.23502407407407408 0.6314140625 0.24348703703703706 0.6286588541666667 0.2702138888888889 0.6306625 0.29114907407407403 0.625903125 0.3000583333333333 0.6226468749999999 0.30852129629629627 0.6196411458333333 0.3125305555555556 0.6153828125 0.31297592592592594 0.6091208333333333 0.32500277777777775 0.6013557291666667 0.3365842592592593 0.6061151041666667 0.3330212962962963 0.6163848958333333 0.3209944444444444 0.62415 0.3138666666666667 0.6314140625 0.33391203703703703 0.6406817708333333 0.3486111111111111 0.6622239583333334 0.37667407407407405 0.6760005208333334 0.39805555555555555 0.6855192708333333 0.4181009259259259 0.7030531250000001 0.4301277777777778 0.7108182291666666 0.4323546296296296 0.7218395833333333 0.4359185185185185 0.7198359375 0.42879074074074075 0.7115697916666667 0.4176546296296296 0.6967911458333333 0.4020648148148148 0.6857697916666667 0.38558333333333333 0.67900625 0.37400185185185186
