1 0.63671875 0.7390625 0.1375 0.040625
1 0.22109375 0.70078125 0.0859375 0.0890625
1 0.07734375 0.51796875 0.0875 0.075
1 0.24375 0.60234375 0.0359375 0.0890625
1 0.3203125 0.6078125 0.1203125 0.0609375
1 0.4140625 0.65546875 0.115625 0.0390625
1 0.54921875 0.64375 0.1328125 0.03125
1 0.64609375 0.6046875 0.059375 0.09375
1 0.46875 0.56640625 0.1 0.0640625
1 0.803125 0.58125 0.04375 0.1046875
1 0.52890625 0.52265625 0.0921875 0.0203125
1 0.725 0.484375 0.128125 0.0421875
1 0.71640625 0.3625 0.0359375 0.0921875
1 0.68671875 0.41484375 0.096875 0.0390625
1 0.61640625 0.33125 0.121875 0.0390625
1 0.39375 0.3765625 0.0515625 0.109375
1 0.4078125 0.271875 0.0375 0.1015625
