1 0.42578125 0.83984375 0.059375 0.0875
1 0.28203125 0.7734375 0.0796875 0.0734375
1 0.4515625 0.765625 0.11875 0.05625
1 0.55859375 0.72890625 0.0640625 0.078125
1 0.596875 0.7453125 0.0625 0.09375
1 0.65234375 0.75078125 0.06875 0.0734375
1 0.2640625 0.69921875 0.0484375 0.0875
1 0.33046875 0.68203125 0.05625 0.090625
1 0.38125 0.6734375 0.084375 0.04375
1 0.43671875 0.70390625 0.10625 0.0390625
1 0.81875 0.628125 0.0421875 0.059375
1 0.77421875 0.57890625 0.09375 0.0234375
1 0.65703125 0.5875 0.0859375 0.04375
1 0.55078125 0.615625 0.109375 0.0203125
1 0.4625 0.6109375 0.04375 0.08125
1 0.35703125 0.61328125 0.065625 0.075
1 0.125 0.659375 0.0984375 0.0375
1 0.1453125 0.571875 0.053125 0.0859375
1 0.2140625 0.60859375 0.0953125 0.0703125
1 0.26171875 0.56640625 0.0515625 0.05625
1 0.29296875 0.584375 0.0484375 0.0828125
1 0.35859375 0.5671875 0.1015625 0.05625
1 0.47890625 0.55703125 0.09375 0.0390625
1 0.57265625 0.5546875 0.115625 0.0296875
1 0.55625 0.5125 0.0875 0.0515625
1 0.63046875 0.484375 0.1140625 0.0640625
1 0.7 0.45078125 0.09375 0.0390625
1 0.69609375 0.38515625 0.0390625 0.071875
1 0.640625 0.36484375 0.0546875 0.06875
1 0.584375 0.36875 0.0421875 0.0796875
1 0.50234375 0.40625 0.134375 0.025
1 0.384375 0.490625 0.0453125 0.096875
1 0.440625 0.475 0.0296875 0.0859375
1 0.2828125 0.49375 0.0546875 0.0828125
1 0.21484375 0.50390625 0.125 0.0375
1 0.48671875 0.346875 0.103125 0.046875
1 0.44140625 0.3046875 0.0984375 0.0515625
1 0.34921875 0.3375 0.109375 0.03125
1 0.33984375 0.41171875 0.0703125 0.06875
1 0.25625 0.440625 0.05625 0.046875
1 0.2484375 0.39453125 0.046875 0.0828125
1 0.18125 0.40390625 0.0390625 0.0921875
