1 0.3109375 0.1515625 0.0328125 0.08125
1 0.3578125 0.1328125 0.0609375 0.053125
1 0.42265625 0.17890625 0.06875 0.028125
1 0.41953125 0.16015625 0.0546875 0.0546875
1 0.4484375 0.19375 0.078125 0.025
1 0.50859375 0.1390625 0.1015625 0.03125
1 0.51875 0.203125 0.0859375 0.040625
1 0.51015625 0.19609375 0.028125 0.0796875
1 0.54765625 0.17109375 0.059375 0.0296875
1 0.571875 0.2078125 0.0546875 0.040625
1 0.48984375 0.2640625 0.04375 0.0484375
1 0.628125 0.1390625 0.09375 0.0359375
1 0.62890625 0.2109375 0.01875 0.0671875
1 0.6515625 0.18046875 0.03125 0.04375
1 0.6328125 0.24375 0.0859375 0.021875
1 0.6296875 0.27734375 0.0578125 0.071875
1 0.63828125 0.31171875 0.059375 0.046875
1 0.60625 0.2953125 0.021875 0.0703125
1 0.5625 0.2828125 0.021875 0.0796875
1 0.465625 0.309375 0.059375 0.046875
1 0.51796875 0.346875 0.0671875 0.0671875
1 0.509375 0.325 0.0625 0.0359375
1 0.48125 0.3875 0.0359375 0.078125
1 0.37734375 0.20703125 0.0421875 0.0671875
1 0.32890625 0.2171875 0.0921875 0.0296875
1 0.2296875 0.21640625 0.0375 0.0765625
1 0.246875 0.2109375 0.0375 0.0640625
1 0.20234375 0.203125 0.0296875 0.0609375
1 0.178125 0.22109375 0.0390625 0.0484375
1 0.21953125 0.2671875 0.0703125 0.03125
1 0.25703125 0.29765625 0.05 0.0703125
1 0.340625 0.30546875 0.1046875 0.0265625
1 0.28125 0.33515625 0.0703125 0.0390625
1 0.21328125 0.3140625 0.08125 0.0328125
1 0.16171875 0.29140625 0.0734375 0.0671875
1 0.12265625 0.2796875 0.084375 0.0640625
1 0.190625 0.346875 0.0484375 0.0703125
1 0.20546875 0.3921875 0.075 0.078125
1 0.1890625 0.39140625 0.0765625 0.0421875
1 0.0875 0.37265625 0.0953125 0.0296875
1 0.14453125 0.43125 0.0703125 0.03125
1 0.19453125 0.45 0.021875 0.078125
1 0.196875 0.44296875 0.0140625 0.046875
1 0.10078125 0.44296875 0.06875 0.0421875
1 0.08125 0.48359375 0.040625 0.08125
1 0.12421875 0.48046875 0.078125 0.0171875
1 0.09375 0.5 0.096875 0.034375
1 0.04921875 0.5328125 0.028125 0.0875
1 0.17109375 0.51640625 0.0734375 0.0359375
1 0.23515625 0.4828125 0.015625 0.0625
1 0.2546875 0.4375 0.046875 0.059375
1 0.275 0.39609375 0.0921875 0.028125
1 0.30546875 0.4359375 0.08125 0.03125
1 0.303125 0.421875 0.0875 0.0265625
1 0.290625 0.484375 0.0609375 0.05
1 0.25625 0.5265625 0.0828125 0.05
1 0.115625 0.596875 0.0640625 0.08125
1 0.09296875 0.5890625 0.028125 0.0703125
1 0.17734375 0.61171875 0.0328125 0.0828125
1 0.20859375 0.64375 0.075 0.046875
1 0.1015625 0.6796875 0.0421875 0.071875
1 0.13046875 0.740625 0.0875 0.084375
1 0.15234375 0.721875 0.05 0.0890625
1 0.14453125 0.68359375 0.0484375 0.071875
1 0.2203125 0.72890625 0.075 0.06875
1 0.2765625 0.71015625 0.1046875 0.0546875
1 0.2921875 0.6890625 0.053125 0.046875
1 0.24296875 0.77578125 0.090625 0.0578125
1 0.22578125 0.7984375 0.034375 0.075
1 0.25 0.8421875 0.034375 0.0890625
1 0.365625 0.73984375 0.0515625 0.08125
1 0.3703125 0.76796875 0.078125 0.04375
1 0.4140625 0.775 0.0796875 0.0359375
1 0.409375 0.753125 0.0953125 0.034375
1 0.36171875 0.66484375 0.0625 0.0625
1 0.3015625 0.57421875 0.0609375 0.0734375
1 0.37734375 0.57734375 0.096875 0.028125
1 0.3984375 0.42734375 0.084375 0.0734375
1 0.37265625 0.47109375 0.0546875 0.0453125
1 0.4 0.5125 0.040625 0.0671875
1 0.4953125 0.48828125 0.0234375 0.0984375
1 0.53671875 0.58515625 0.0859375 0.0578125
1 0.54609375 0.57109375 0.0390625 0.1046875
1 0.6 0.55078125 0.028125 0.0875
1 0.5765625 0.440625 0.0484375 0.08125
1 0.54765625 0.67734375 0.034375 0.078125
1 0.53203125 0.7265625 0.0578125 0.0453125
1 0.6078125 0.70390625 0.0484375 0.096875
1 0.6203125 0.7453125 0.0640625 0.071875
1 0.55625 0.78203125 0.06875 0.0703125
1 0.6875 0.7671875 0.078125 0.034375
1 0.68828125 0.7921875 0.0234375 0.059375
1 0.70390625 0.81015625 0.03125 0.0859375
1 0.65625 0.8234375 0.0984375 0.0203125
1 0.63359375 0.8203125 0.0484375 0.0578125
1 0.58359375 0.8359375 0.0640625 0.071875
1 0.65625 0.88125 0.1203125 0.0359375
1 0.61796875 0.88671875 0.078125 0.0328125
1 0.55234375 0.9125 0.125 0.028125
1 0.5171875 0.84921875 0.0703125 0.06875
1 0.4921875 0.8609375 0.090625 0.0296875
1 0.43671875 0.87109375 0.0359375 0.0671875
1 0.4109375 0.8640625 0.1125 0.03125
1 0.390625 0.85078125 0.0265625 0.078125
1 0.359375 0.89375 0.059375 0.06875
1 0.43046875 0.8140625 0.109375 0.025
1 0.72265625 0.18359375 0.0359375 0.096875
1 0.7453125 0.21484375 0.053125 0.034375
1 0.78515625 0.2125 0.0578125 0.0734375
1 0.70234375 0.2609375 0.09375 0.0234375
1 0.78046875 0.31171875 0.09375 0.0234375
1 0.803125 0.31953125 0.0640625 0.05
1 0.815625 0.36953125 0.04375 0.065625
1 0.83359375 0.36015625 0.028125 0.0734375
1 0.9 0.33046875 0.0640625 0.0546875
1 0.69453125 0.378125 0.0515625 0.0390625
1 0.66953125 0.38203125 0.05625 0.0390625
1 0.6171875 0.43125 0.06875 0.046875
1 0.7125 0.40546875 0.1015625 0.025
1 0.61953125 0.50859375 0.0359375 0.0765625
1 0.6484375 0.5 0.040625 0.0640625
1 0.73828125 0.4796875 0.065625 0.0609375
1 0.73828125 0.525 0.0203125 0.0640625
1 0.71484375 0.5140625 0.0984375 0.046875
1 0.83828125 0.478125 0.0515625 0.0546875
1 0.91328125 0.47265625 0.0890625 0.0453125
1 0.915625 0.4578125 0.0859375 0.0296875
1 0.86484375 0.51953125 0.0390625 0.0671875
1 0.87890625 0.49765625 0.0359375 0.0828125
1 0.9515625 0.53671875 0.0828125 0.0359375
1 0.93984375 0.56796875 0.0359375 0.090625
1 0.8625 0.6109375 0.10625 0.0640625
1 0.81796875 0.578125 0.0890625 0.046875
1 0.778125 0.578125 0.0828125 0.103125
1 0.70078125 0.60078125 0.0390625 0.096875
1 0.721875 0.6296875 0.0671875 0.0765625
1 0.72734375 0.5921875 0.0796875 0.03125
1 0.6375 0.59375 0.075 0.0390625
1 0.6703125 0.5953125 0.075 0.0359375
1 0.6734375 0.690625 0.0734375 0.0734375
1 0.74375 0.68671875 0.059375 0.06875
1 0.7484375 0.678125 0.071875 0.040625
1 0.7078125 0.70234375 0.0671875 0.0234375
1 0.7921875 0.7015625 0.0328125 0.078125
1 0.79296875 0.69296875 0.053125 0.0328125
1 0.7546875 0.75234375 0.08125 0.05
1 0.75546875 0.73203125 0.05 0.04375
1 0.82734375 0.703125 0.028125 0.0890625
1 0.8578125 0.74921875 0.0390625 0.115625
1 0.90859375 0.69453125 0.0375 0.0828125
1 0.83046875 0.784375 0.0453125 0.1015625
1 0.79296875 0.78359375 0.0453125 0.1109375
