1 0.4453125 0.79609375 0.1421875 0.0859375
1 0.56484375 0.77734375 0.1140625 0.0640625
1 0.38984375 0.7171875 0.1171875 0.0671875
1 0.4125 0.6984375 0.1359375 0.071875
1 0.73984375 0.73828125 0.1125 0.059375
1 0.87578125 0.66796875 0.078125 0.1
1 0.796875 0.67109375 0.1375 0.0625
1 0.828125 0.61171875 0.053125 0.0984375
1 0.55 0.6296875 0.1328125 0.0453125
1 0.2125 0.6921875 0.08125 0.109375
1 0.1390625 0.66171875 0.071875 0.0984375
1 0.0484375 0.659375 0.0578125 0.103125
1 0.2265625 0.61171875 0.13125 0.0578125
1 0.10390625 0.53515625 0.0515625 0.090625
1 0.07890625 0.48046875 0.078125 0.05625
1 0.240625 0.5203125 0.0703125 0.084375
1 0.3875 0.5390625 0.0953125 0.0765625
1 0.53125 0.52578125 0.1171875 0.065625
1 0.60546875 0.55390625 0.0453125 0.1203125
1 0.6765625 0.5265625 0.0984375 0.053125
1 0.759375 0.53671875 0.0625 0.0875
1 0.9171875 0.48515625 0.115625 0.04375
1 0.77265625 0.44921875 0.09375 0.078125
1 0.596875 0.4078125 0.084375 0.0609375
1 0.50546875 0.4125 0.0515625 0.078125
1 0.39765625 0.4171875 0.0359375 0.084375
1 0.63203125 0.33828125 0.125 0.0390625
1 0.81875 0.38984375 0.1359375 0.0546875
1 0.8046875 0.32265625 0.1328125 0.0375
1 0.75625 0.2984375 0.0671875 0.0625
1 0.634375 0.2640625 0.0515625 0.071875
1 0.5828125 0.23828125 0.059375 0.071875
1 0.48203125 0.2796875 0.0390625 0.0703125
1 0.43515625 0.309375 0.0640625 0.0578125
1 0.384375 0.27890625 0.0828125 0.0515625
1 0.28359375 0.27421875 0.078125 0.0546875
1 0.41171875 0.2390625 0.078125 0.059375
1 0.29375 0.33359375 0.078125 0.0296875
1 0.25859375 0.3375 0.0953125 0.06875
1 0.18125 0.38671875 0.1 0.05625
1 0.2359375 0.31953125 0.05 0.0671875
1 0.10390625 0.38828125 0.103125 0.078125
