1 0.49609375 0.665625 0.0421875 0.0625
1 0.54375 0.66328125 0.0453125 0.0546875
1 0.57734375 0.65234375 0.0421875 0.040625
1 0.4328125 0.6359375 0.0328125 0.04375
1 0.49296875 0.640625 0.0234375 0.046875
1 0.4671875 0.5921875 0.021875 0.0609375
1 0.496875 0.59140625 0.028125 0.04375
1 0.553125 0.609375 0.075 0.0328125
1 0.53125 0.6203125 0.053125 0.040625
1 0.603125 0.62734375 0.0359375 0.040625
1 0.6515625 0.63359375 0.0671875 0.0234375
1 0.7015625 0.621875 0.028125 0.059375
1 0.6765625 0.60859375 0.0390625 0.03125
1 0.3515625 0.60078125 0.0609375 0.015625
1 0.3125 0.6328125 0.059375 0.0375
1 0.29921875 0.60234375 0.0734375 0.0234375
1 0.39375 0.55625 0.021875 0.05625
1 0.44609375 0.52734375 0.0765625 0.0328125
1 0.51171875 0.55 0.05625 0.04375
1 0.5796875 0.57265625 0.0328125 0.065625
1 0.64296875 0.56484375 0.071875 0.0453125
1 0.553125 0.475 0.0828125 0.03125
1 0.46875 0.459375 0.0421875 0.0453125
1 0.40078125 0.43984375 0.0390625 0.0578125
1 0.30625 0.43203125 0.0359375 0.0546875
1 0.35390625 0.51796875 0.0703125 0.0484375
1 0.29296875 0.5515625 0.065625 0.046875
1 0.2671875 0.55 0.0375 0.03125
1 0.21015625 0.55546875 0.0453125 0.0578125
1 0.2671875 0.5046875 0.053125 0.034375
1 0.24296875 0.47421875 0.0296875 0.04375
1 0.1953125 0.50859375 0.0578125 0.03125
1 0.2109375 0.52421875 0.065625 0.0203125
1 0.28359375 0.36953125 0.025 0.0359375
1 0.3484375 0.4171875 0.034375 0.0546875
1 0.33046875 0.33125 0.046875 0.06875
1 0.3984375 0.33515625 0.090625 0.0359375
1 0.5796875 0.39140625 0.0203125 0.0625
1 0.66875 0.44140625 0.028125 0.0625
1 0.428125 0.24296875 0.065625 0.034375
1 0.44609375 0.25 0.0578125 0.053125
1 0.56953125 0.27265625 0.0609375 0.078125
1 0.6625 0.3 0.04375 0.034375
1 0.71796875 0.32109375 0.0828125 0.0234375
1 0.678125 0.34921875 0.05 0.059375
1 0.7296875 0.38359375 0.0203125 0.0546875
1 0.72734375 0.575 0.1046875 0.0234375
1 0.74765625 0.53203125 0.0234375 0.0578125
1 0.68828125 0.51796875 0.0796875 0.0421875
1 0.78828125 0.503125 0.0625 0.028125
1 0.759375 0.46015625 0.075 0.025
1 0.7890625 0.39609375 0.075 0.021875
