1 0.3703125 0.13828125 0.0609375 0.0640625
1 0.3140625 0.1984375 0.1078125 0.0234375
1 0.30703125 0.1515625 0.1015625 0.021875
1 0.33125 0.171875 0.0859375 0.0328125
1 0.24453125 0.225 0.0734375 0.053125
1 0.25625 0.18203125 0.096875 0.021875
1 0.21953125 0.20625 0.0609375 0.04375
1 0.2109375 0.2578125 0.0828125 0.0390625
1 0.1609375 0.25 0.08125 0.06875
1 0.19375 0.3265625 0.1015625 0.0296875
1 0.16953125 0.31875 0.0734375 0.0234375
1 0.109375 0.4109375 0.0484375 0.075
1 0.1125 0.4 0.0828125 0.046875
1 0.1015625 0.3625 0.040625 0.090625
1 0.1078125 0.46171875 0.0640625 0.040625
1 0.11328125 0.51796875 0.028125 0.0890625
1 0.1421875 0.51484375 0.053125 0.078125
1 0.1234375 0.4859375 0.0375 0.0390625
1 0.14921875 0.4546875 0.0328125 0.0609375
1 0.1671875 0.41640625 0.04375 0.0765625
1 0.178125 0.41171875 0.0484375 0.0546875
1 0.2078125 0.4328125 0.0390625 0.075
1 0.20625 0.428125 0.065625 0.05
1 0.0953125 0.46484375 0.078125 0.0140625
1 0.20078125 0.5484375 0.084375 0.084375
1 0.1625 0.53671875 0.0234375 0.0640625
1 0.2015625 0.55078125 0.0390625 0.1140625
1 0.19140625 0.68359375 0.0765625 0.0640625
1 0.19765625 0.65 0.065625 0.034375
1 0.184375 0.62109375 0.084375 0.0375
1 0.20546875 0.6203125 0.05 0.0546875
1 0.209375 0.575 0.0484375 0.0703125
1 0.06015625 0.5796875 0.0375 0.075
1 0.0609375 0.5078125 0.0828125 0.065625
1 0.18046875 0.8109375 0.0765625 0.0859375
1 0.19453125 0.7671875 0.0859375 0.05625
1 0.21875 0.8296875 0.0390625 0.103125
1 0.2203125 0.778125 0.0796875 0.025
1 0.20078125 0.76640625 0.0546875 0.0625
1 0.20859375 0.74296875 0.0640625 0.0390625
1 0.23359375 0.7234375 0.01875 0.0515625
1 0.24453125 0.70234375 0.0640625 0.0484375
1 0.23359375 0.6515625 0.0546875 0.028125
1 0.12109375 0.7015625 0.090625 0.04375
1 0.103125 0.6765625 0.05625 0.04375
1 0.125 0.66796875 0.03125 0.0875
1 0.25625 0.67734375 0.028125 0.0640625
1 0.26484375 0.66953125 0.0796875 0.03125
1 0.275 0.72421875 0.0328125 0.0671875
1 0.2625 0.79921875 0.08125 0.0296875
1 0.30703125 0.815625 0.0578125 0.0875
1 0.3328125 0.75625 0.09375 0.0546875
1 0.359375 0.77109375 0.09375 0.06875
1 0.36796875 0.84453125 0.10625 0.0390625
1 0.340625 0.89453125 0.090625 0.0625
1 0.32578125 0.865625 0.0625 0.065625
1 0.353125 0.82578125 0.059375 0.0703125
1 0.38125 0.87421875 0.0328125 0.0671875
1 0.42578125 0.89375 0.0609375 0.06875
1 0.50234375 0.8640625 0.0984375 0.0734375
1 0.51328125 0.86015625 0.11875 0.028125
1 0.48515625 0.78203125 0.0953125 0.040625
1 0.45 0.79921875 0.0734375 0.0640625
1 0.47265625 0.75703125 0.0890625 0.03125
1 0.52109375 0.81328125 0.08125 0.0234375
1 0.4984375 0.82421875 0.08125 0.0203125
1 0.60234375 0.8296875 0.0859375 0.028125
1 0.61171875 0.9140625 0.06875 0.0625
1 0.37421875 0.259375 0.0515625 0.0640625
1 0.32890625 0.45390625 0.065625 0.0890625
1 0.33828125 0.4203125 0.0609375 0.0265625
1 0.34140625 0.3953125 0.0859375 0.05
1 0.33671875 0.34765625 0.0578125 0.04375
1 0.3703125 0.4359375 0.0515625 0.0625
1 0.37109375 0.3765625 0.0546875 0.0453125
1 0.35625 0.340625 0.021875 0.0765625
1 0.4265625 0.33203125 0.090625 0.03125
1 0.40234375 0.29609375 0.078125 0.0234375
1 0.428125 0.3171875 0.0640625 0.015625
1 0.28828125 0.49375 0.0734375 0.0734375
1 0.28828125 0.4703125 0.0625 0.0703125
1 0.2734375 0.45234375 0.025 0.0859375
1 0.30703125 0.559375 0.0296875 0.1078125
1 0.259375 0.5484375 0.0875 0.0421875
1 0.328125 0.625 0.0796875 0.0703125
1 0.33203125 0.67890625 0.0328125 0.0828125
1 0.3796875 0.50234375 0.0296875 0.0859375
1 0.3984375 0.559375 0.0875 0.0359375
1 0.41328125 0.65 0.0328125 0.078125
1 0.4296875 0.61328125 0.046875 0.0859375
1 0.41953125 0.46171875 0.075 0.0546875
1 0.44921875 0.43515625 0.05625 0.075
1 0.50703125 0.4203125 0.075 0.028125
1 0.546875 0.3921875 0.0546875 0.053125
1 0.4984375 0.5953125 0.05625 0.075
1 0.4890625 0.58984375 0.0421875 0.06875
1 0.47265625 0.646875 0.053125 0.0625
1 0.51640625 0.6859375 0.0390625 0.0828125
1 0.5390625 0.69765625 0.046875 0.1015625
1 0.59453125 0.784375 0.1171875 0.01875
1 0.5640625 0.62734375 0.0796875 0.0203125
1 0.59375 0.678125 0.059375 0.078125
1 0.625 0.63515625 0.084375 0.0375
1 0.64375 0.671875 0.0625 0.0578125
1 0.53125 0.52265625 0.0734375 0.0421875
1 0.5140625 0.31484375 0.075 0.0484375
1 0.56015625 0.33671875 0.0796875 0.03125
1 0.5515625 0.334375 0.040625 0.0625
1 0.56640625 0.33515625 0.040625 0.0546875
1 0.41484375 0.1953125 0.0953125 0.0296875
1 0.4671875 0.2265625 0.090625 0.0296875
1 0.46640625 0.1875 0.0953125 0.03125
1 0.51796875 0.2015625 0.0703125 0.021875
1 0.49296875 0.12265625 0.0421875 0.0875
1 0.5296875 0.18125 0.0578125 0.05
1 0.553125 0.23671875 0.05 0.08125
1 0.5921875 0.2515625 0.0359375 0.071875
1 0.6015625 0.18359375 0.0875 0.0359375
1 0.6171875 0.1625 0.0671875 0.0515625
1 0.6515625 0.14921875 0.0375 0.0875
1 0.65078125 0.278125 0.04375 0.071875
1 0.6625 0.27265625 0.10625 0.0390625
1 0.6953125 0.24296875 0.040625 0.0765625
1 0.70859375 0.1828125 0.04375 0.0296875
1 0.73828125 0.2140625 0.0703125 0.0578125
1 0.74921875 0.1953125 0.071875 0.0296875
1 0.8078125 0.2453125 0.034375 0.08125
1 0.84375 0.26171875 0.05 0.0984375
1 0.76484375 0.41796875 0.0578125 0.0671875
1 0.76328125 0.3625 0.0640625 0.046875
1 0.73671875 0.33359375 0.0390625 0.0671875
1 0.7421875 0.321875 0.0734375 0.0484375
1 0.765625 0.3078125 0.028125 0.078125
1 0.8140625 0.321875 0.053125 0.05
1 0.8328125 0.30625 0.0703125 0.0640625
1 0.6453125 0.3703125 0.084375 0.03125
1 0.6515625 0.3328125 0.065625 0.0375
1 0.7515625 0.375 0.040625 0.0609375
1 0.80390625 0.3703125 0.0984375 0.03125
1 0.82578125 0.396875 0.0546875 0.078125
1 0.6640625 0.46328125 0.0515625 0.0796875
1 0.75703125 0.52734375 0.028125 0.0796875
1 0.76640625 0.46953125 0.065625 0.034375
1 0.81171875 0.50625 0.0265625 0.09375
1 0.765625 0.521875 0.0859375 0.040625
1 0.6765625 0.58359375 0.10625 0.0640625
1 0.6796875 0.60390625 0.0484375 0.053125
1 0.7 0.565625 0.0828125 0.0203125
1 0.71640625 0.65078125 0.0734375 0.040625
1 0.72109375 0.68984375 0.028125 0.071875
1 0.77421875 0.65703125 0.05625 0.0796875
1 0.78125 0.61484375 0.0703125 0.04375
1 0.82578125 0.61875 0.059375 0.0359375
1 0.71015625 0.7265625 0.0953125 0.028125
1 0.6515625 0.75546875 0.0921875 0.0234375
1 0.63359375 0.84375 0.0671875 0.034375
1 0.6796875 0.81796875 0.0390625 0.075
1 0.70078125 0.8125 0.028125 0.0796875
1 0.69921875 0.8625 0.05 0.0578125
1 0.7625 0.82890625 0.1 0.053125
1 0.72890625 0.803125 0.028125 0.0703125
1 0.765625 0.73359375 0.046875 0.0859375
1 0.80390625 0.778125 0.04375 0.08125
1 0.81875 0.78828125 0.0359375 0.0625
1 0.85625 0.75703125 0.03125 0.0859375
1 0.909375 0.71953125 0.04375 0.075
1 0.9015625 0.40703125 0.065625 0.0828125
1 0.93125 0.44921875 0.0859375 0.040625
1 0.9484375 0.53359375 0.103125 0.078125
1 0.95390625 0.5390625 0.08125 0.0484375
1 0.9078125 0.63671875 0.0578125 0.05625
1 0.92421875 0.5890625 0.096875 0.0265625
1 0.953125 0.64921875 0.0375 0.078125
1 0.64140625 0.58203125 0.0609375 0.025
