1 0.44921875 0.31640625 0.05 0.05
1 0.46796875 0.31640625 0.0171875 0.0640625
1 0.5140625 0.3015625 0.0828125 0.06875
1 0.53359375 0.30390625 0.03125 0.0859375
1 0.57578125 0.3078125 0.025 0.059375
1 0.603125 0.31796875 0.04375 0.0484375
1 0.60390625 0.2515625 0.0640625 0.0234375
1 0.62421875 0.21484375 0.075 0.0515625
1 0.61875 0.17890625 0.053125 0.053125
1 0.60703125 0.1421875 0.0703125 0.0375
1 0.60625 0.1125 0.075 0.04375
1 0.60546875 0.1015625 0.078125 0.0203125
1 0.6234375 0.08046875 0.096875 0.01875
1 0.38828125 0.1484375 0.0765625 0.0375
1 0.40703125 0.18984375 0.03125 0.0671875
1 0.4203125 0.14453125 0.0453125 0.0578125
1 0.46484375 0.14296875 0.03125 0.075
1 0.5046875 0.08515625 0.065625 0.0453125
1 0.55 0.071875 0.046875 0.0453125
1 0.66484375 0.3078125 0.0390625 0.0734375
1 0.45234375 0.29921875 0.0734375 0.0265625
1 0.47265625 0.1828125 0.078125 0.021875
1 0.34765625 0.10625 0.0859375 0.0375
1 0.42109375 0.275 0.0859375 0.053125
1 0.434375 0.24609375 0.090625 0.0375
1 0.3625 0.2703125 0.059375 0.0625
1 0.45234375 0.36953125 0.0640625 0.0390625
1 0.409375 0.35234375 0.0875 0.0234375
1 0.409375 0.38359375 0.0859375 0.0265625
1 0.4453125 0.425 0.0390625 0.0734375
1 0.4734375 0.4453125 0.059375 0.0796875
1 0.3734375 0.43515625 0.10625 0.021875
1 0.471875 0.4234375 0.065625 0.0328125
1 0.36015625 0.35234375 0.034375 0.0734375
1 0.32578125 0.346875 0.0171875 0.075
1 0.28828125 0.26015625 0.0734375 0.0484375
1 0.3 0.27109375 0.021875 0.0796875
1 0.315625 0.30078125 0.0234375 0.0515625
1 0.40703125 0.4546875 0.0765625 0.028125
1 0.4140625 0.4671875 0.0484375 0.071875
1 0.50078125 0.48828125 0.090625 0.025
1 0.4484375 0.50546875 0.03125 0.0640625
1 0.52421875 0.5515625 0.0765625 0.0375
1 0.525 0.53515625 0.0609375 0.0578125
1 0.60859375 0.57421875 0.096875 0.0203125
1 0.58828125 0.5921875 0.021875 0.1046875
1 0.53359375 0.6421875 0.078125 0.0203125
1 0.5359375 0.62890625 0.0515625 0.0328125
1 0.48671875 0.61640625 0.025 0.103125
1 0.3953125 0.571875 0.0703125 0.0703125
1 0.37578125 0.61171875 0.059375 0.078125
1 0.3953125 0.60546875 0.0265625 0.065625
1 0.3546875 0.58515625 0.0625 0.0453125
1 0.3375 0.5609375 0.03125 0.0640625
1 0.296875 0.546875 0.05625 0.04375
1 0.284375 0.60078125 0.04375 0.0921875
1 0.31796875 0.478125 0.0796875 0.025
1 0.30390625 0.51171875 0.0234375 0.0796875
1 0.3046875 0.49375 0.04375 0.05625
1 0.3546875 0.67109375 0.0546875 0.0625
1 0.35625 0.68125 0.028125 0.0796875
1 0.41796875 0.73359375 0.0765625 0.015625
1 0.36953125 0.7421875 0.096875 0.03125
1 0.38671875 0.7625 0.075 0.084375
1 0.3828125 0.7890625 0.0296875 0.071875
1 0.48125 0.76640625 0.0546875 0.0796875
1 0.453125 0.77734375 0.0734375 0.040625
1 0.44375 0.82265625 0.0234375 0.0796875
1 0.4265625 0.8203125 0.0859375 0.0296875
1 0.4234375 0.86875 0.034375 0.090625
1 0.37734375 0.8625 0.0453125 0.10625
1 0.46953125 0.8546875 0.040625 0.09375
1 0.503125 0.84453125 0.0578125 0.065625
1 0.4734375 0.909375 0.065625 0.0640625
1 0.55703125 0.86484375 0.090625 0.059375
1 0.56953125 0.87890625 0.1140625 0.0296875
1 0.52890625 0.80390625 0.1046875 0.03125
1 0.5765625 0.74921875 0.0640625 0.08125
1 0.5296875 0.70546875 0.05 0.075
1 0.6046875 0.85703125 0.0953125 0.0296875
1 0.6796875 0.8609375 0.09375 0.0484375
1 0.65078125 0.8375 0.0953125 0.040625
1 0.6171875 0.7796875 0.053125 0.0625
1 0.6734375 0.7984375 0.06875 0.0546875
1 0.6609375 0.7421875 0.028125 0.071875
1 0.64375 0.71171875 0.028125 0.0828125
1 0.60859375 0.66484375 0.034375 0.065625
1 0.7046875 0.7296875 0.04375 0.075
1 0.27109375 0.1765625 0.053125 0.0484375
1 0.228125 0.18515625 0.1 0.03125
1 0.2375 0.178125 0.025 0.075
1 0.2453125 0.2140625 0.0828125 0.0375
1 0.1703125 0.209375 0.0953125 0.03125
1 0.125 0.24921875 0.0921875 0.0453125
1 0.1453125 0.22578125 0.075 0.015625
1 0.1046875 0.28046875 0.078125 0.0265625
1 0.0578125 0.3515625 0.0625 0.0671875
1 0.06015625 0.3234375 0.065625 0.0734375
1 0.0953125 0.33203125 0.0265625 0.090625
1 0.1109375 0.39375 0.0640625 0.046875
1 0.1515625 0.35625 0.0640625 0.0390625
1 0.18359375 0.3390625 0.053125 0.090625
1 0.23359375 0.33828125 0.04375 0.0796875
1 0.2765625 0.34140625 0.04375 0.071875
1 0.29140625 0.40234375 0.06875 0.0578125
1 0.27109375 0.440625 0.1015625 0.0375
1 0.2703125 0.4359375 0.0234375 0.078125
1 0.196875 0.39296875 0.0765625 0.03125
1 0.15078125 0.45234375 0.0328125 0.0890625
1 0.20859375 0.45625 0.0859375 0.0234375
1 0.1640625 0.4859375 0.0390625 0.084375
1 0.2453125 0.47578125 0.0671875 0.03125
1 0.22734375 0.48046875 0.06875 0.0421875
1 0.21640625 0.515625 0.0296875 0.090625
1 0.20859375 0.5359375 0.090625 0.0265625
1 0.03671875 0.47578125 0.0671875 0.04375
1 0.078125 0.5640625 0.0625 0.0640625
1 0.06171875 0.5265625 0.028125 0.065625
1 0.13125 0.58359375 0.053125 0.0703125
1 0.12734375 0.5734375 0.0390625 0.075
1 0.05703125 0.60859375 0.0765625 0.0421875
1 0.06953125 0.640625 0.05 0.1109375
1 0.10234375 0.65078125 0.0578125 0.0890625
1 0.09375 0.7109375 0.0890625 0.046875
1 0.1390625 0.646875 0.05625 0.059375
1 0.12421875 0.6953125 0.0296875 0.090625
1 0.1609375 0.590625 0.03125 0.0953125
1 0.18125 0.6421875 0.025 0.0875
1 0.18203125 0.68203125 0.10625 0.053125
1 0.2171875 0.6765625 0.0515625 0.046875
1 0.1765625 0.69921875 0.0609375 0.05625
1 0.15390625 0.72421875 0.0578125 0.065625
1 0.20078125 0.60859375 0.028125 0.1078125
1 0.2296875 0.59375 0.0234375 0.0875
1 0.22890625 0.63125 0.0375 0.0640625
1 0.28125 0.66640625 0.08125 0.0359375
1 0.2796875 0.6703125 0.084375 0.0390625
1 0.2171875 0.72265625 0.0546875 0.0640625
1 0.24921875 0.73984375 0.01875 0.0875
1 0.259375 0.72734375 0.084375 0.04375
1 0.25546875 0.765625 0.1125 0.0296875
1 0.3140625 0.79609375 0.090625 0.028125
1 0.3015625 0.77890625 0.0828125 0.0171875
1 0.2265625 0.78671875 0.08125 0.053125
1 0.196875 0.82265625 0.075 0.0859375
1 0.178125 0.7921875 0.03125 0.0625
1 0.26953125 0.85703125 0.06875 0.075
1 0.24453125 0.83359375 0.0296875 0.0890625
1 0.31484375 0.86953125 0.071875 0.084375
1 0.68046875 0.1078125 0.0671875 0.0515625
1 0.71953125 0.14140625 0.0875 0.0453125
1 0.70234375 0.128125 0.0703125 0.0609375
1 0.7703125 0.16875 0.0765625 0.040625
1 0.7484375 0.2171875 0.0796875 0.05625
1 0.7484375 0.18984375 0.059375 0.075
1 0.71875 0.2015625 0.0703125 0.05
1 0.77890625 0.2515625 0.090625 0.071875
1 0.80078125 0.2765625 0.0390625 0.1125
1 0.76171875 0.3421875 0.075 0.0359375
1 0.87109375 0.303125 0.103125 0.0390625
1 0.82265625 0.35546875 0.0828125 0.0421875
1 0.896875 0.35859375 0.08125 0.0734375
1 0.86015625 0.40078125 0.1015625 0.0296875
1 0.83671875 0.4375 0.0828125 0.0484375
1 0.60859375 0.41328125 0.090625 0.0265625
1 0.6015625 0.39375 0.096875 0.053125
1 0.5546875 0.44296875 0.0640625 0.0359375
1 0.615625 0.4625 0.0703125 0.0671875
1 0.6109375 0.459375 0.03125 0.0640625
1 0.63203125 0.48515625 0.03125 0.053125
1 0.6203125 0.5296875 0.046875 0.0484375
1 0.66875 0.5453125 0.0484375 0.0625
1 0.68984375 0.478125 0.0515625 0.084375
1 0.66953125 0.47890625 0.01875 0.05625
1 0.69375 0.3953125 0.01875 0.0921875
1 0.70078125 0.4125 0.0453125 0.0421875
1 0.74609375 0.478125 0.0328125 0.08125
1 0.759375 0.46484375 0.0625 0.04375
1 0.77734375 0.52890625 0.0265625 0.0828125
1 0.7796875 0.5 0.0609375 0.059375
1 0.79765625 0.51015625 0.0515625 0.0828125
1 0.7515625 0.5453125 0.0609375 0.0515625
1 0.85546875 0.51015625 0.03125 0.0921875
1 0.85078125 0.51640625 0.1046875 0.0265625
1 0.9046875 0.503125 0.071875 0.0796875
1 0.88828125 0.559375 0.10625 0.059375
1 0.90546875 0.5953125 0.05625 0.103125
1 0.875 0.6421875 0.1203125 0.04375
1 0.8265625 0.63046875 0.0328125 0.0578125
1 0.83359375 0.575 0.028125 0.0734375
1 0.778125 0.62265625 0.053125 0.08125
1 0.78515625 0.59453125 0.046875 0.0703125
1 0.75859375 0.66328125 0.04375 0.0875
1 0.771875 0.67734375 0.0765625 0.0265625
1 0.73359375 0.63671875 0.0296875 0.078125
1 0.69375 0.61875 0.0828125 0.0484375
1 0.66484375 0.603125 0.075 0.0359375
1 0.83671875 0.7046875 0.0921875 0.0734375
1 0.80078125 0.73359375 0.09375 0.040625
