1 0.421875 0.41171875 0.05 0.0671875
1 0.36875 0.465625 0.0375 0.06796875
1 0.28828125 0.46328125 0.08203125 0.0671875
1 0.22734375 0.540625 0.0484375 0.0578125
1 0.28046875 0.55078125 0.090625 0.05234375
1 0.3625 0.54609375 0.05625 0.071875
1 0.428125 0.53828125 0.0953125 0.05859375
1 0.48828125 0.51796875 0.04921875 0.08125
1 0.4046875 0.5859375 0.06328125 0.059375
1 0.575 0.52890625 0.11328125 0.0328125
1 0.521875 0.56796875 0.12109375 0.02734375
1 0.4640625 0.63671875 0.06171875 0.06796875
1 0.6609375 0.57578125 0.10625 0.04921875
1 0.59765625 0.6109375 0.09609375 0.0484375
1 0.64140625 0.6265625 0.08984375 0.06328125
1 0.77421875 0.63984375 0.0859375 0.0765625
1 0.60078125 0.6625 0.08515625 0.07265625
1 0.54296875 0.653125 0.153125 0.05078125
1 0.571875 0.6921875 0.13125 0.0328125
1 0.40546875 0.66875 0.1515625 0.02890625
1 0.31171875 0.65390625 0.034375 0.09609375
1 0.2625 0.628125 0.08828125 0.08984375
1 0.16484375 0.6265625 0.06171875 0.0859375
1 0.16328125 0.6734375 0.0953125 0.04921875
1 0.20078125 0.6875 0.04453125 0.08046875
1 0.35 0.73125 0.11796875 0.0484375
1 0.34140625 0.7 0.1265625 0.03828125
1 0.25234375 0.74296875 0.05703125 0.0953125
1 0.46953125 0.71875 0.0671875 0.09375
1 0.46328125 0.759375 0.1015625 0.04453125
1 0.42734375 0.7328125 0.040625 0.0734375
1 0.33359375 0.775 0.121875 0.05078125
1 0.3390625 0.78203125 0.10546875 0.06171875
1 0.31015625 0.8390625 0.04140625 0.10625
1 0.36640625 0.83125 0.04453125 0.1046875
1 0.40546875 0.86796875 0.11640625 0.03984375
1 0.44140625 0.8078125 0.12109375 0.0421875
1 0.54140625 0.78671875 0.05859375 0.07890625
1 0.54375 0.7484375 0.0890625 0.06484375
1 0.603125 0.74453125 0.06484375 0.08359375
1 0.55078125 0.79375 0.1046875 0.03984375
1 0.59921875 0.7890625 0.04375 0.0734375
1 0.6390625 0.79609375 0.08828125 0.08203125
1 0.684375 0.71171875 0.121875 0.05703125
1 0.703125 0.7203125 0.0796875 0.1015625
1 0.76796875 0.69921875 0.11171875 0.075
1 0.7578125 0.74765625 0.090625 0.05
1 0.70234375 0.7984375 0.084375 0.0890625
1 0.609375 0.85859375 0.0875 0.08359375
1 0.5546875 0.86953125 0.09140625 0.09453125
1 0.55859375 0.83515625 0.1015625 0.05078125
1 0.503125 0.8515625 0.1015625 0.0453125
1 0.48125 0.86328125 0.07265625 0.084375
1 0.48203125 0.925 0.13984375 0.040625
1 0.56796875 0.91640625 0.10859375 0.0390625
