1 0.44609375 0.1953125 0.0671875 0.0765625
1 0.49375 0.2875 0.1015625 0.04375
1 0.50546875 0.2546875 0.075 0.0453125
1 0.54375 0.22421875 0.05625 0.065625
1 0.73515625 0.24296875 0.0765625 0.046875
1 0.615625 0.2890625 0.090625 0.0625
1 0.41953125 0.3 0.0796875 0.0578125
1 0.2953125 0.29765625 0.0609375 0.084375
1 0.27734375 0.25859375 0.05 0.0671875
1 0.16015625 0.34609375 0.046875 0.0921875
1 0.278125 0.396875 0.08125 0.0578125
1 0.3515625 0.3921875 0.078125 0.075
1 0.36328125 0.38046875 0.1109375 0.06875
1 0.41953125 0.44296875 0.0875 0.0671875
1 0.47265625 0.3890625 0.096875 0.08125
1 0.6453125 0.40703125 0.09375 0.0734375
1 0.65 0.35546875 0.0828125 0.025
1 0.81953125 0.3140625 0.103125 0.0359375
1 0.5375 0.46171875 0.046875 0.0890625
1 0.63515625 0.4796875 0.090625 0.0453125
1 0.6484375 0.45546875 0.109375 0.028125
1 0.74765625 0.446875 0.05625 0.0765625
1 0.8203125 0.421875 0.1 0.046875
1 0.8625 0.4796875 0.06875 0.103125
1 0.88125 0.59453125 0.11875 0.078125
1 0.78203125 0.665625 0.10625 0.0703125
1 0.68359375 0.621875 0.0375 0.09375
1 0.71796875 0.66328125 0.0703125 0.046875
1 0.74140625 0.77890625 0.125 0.08125
1 0.7140625 0.7421875 0.0625 0.0734375
1 0.578125 0.6125 0.0890625 0.0625
1 0.509375 0.540625 0.1046875 0.0625
1 0.3984375 0.59140625 0.0453125 0.0828125
1 0.4015625 0.53046875 0.0640625 0.0625
1 0.29140625 0.459375 0.121875 0.05
1 0.31171875 0.521875 0.0953125 0.0234375
1 0.18359375 0.5578125 0.0234375 0.0609375
1 0.2328125 0.54296875 0.1140625 0.0296875
1 0.24140625 0.51015625 0.075 0.0515625
1 0.17578125 0.49765625 0.134375 0.06875
1 0.28515625 0.62890625 0.0765625 0.0640625
1 0.1359375 0.6265625 0.1234375 0.0296875
1 0.24609375 0.6703125 0.0890625 0.0765625
1 0.21875 0.715625 0.1046875 0.05
1 0.39765625 0.65234375 0.059375 0.08125
1 0.4234375 0.7234375 0.075 0.078125
1 0.453125 0.73046875 0.0515625 0.0984375
1 0.5078125 0.7421875 0.0671875 0.0640625
1 0.55703125 0.7625 0.0875 0.09375
1 0.53671875 0.7359375 0.0953125 0.0515625
1 0.53515625 0.825 0.11875 0.06875
