1 0.678125 0.81953125 0.0359375 0.0578125
1 0.703125 0.80625 0.0484375 0.08125
1 0.73515625 0.7875 0.065625 0.0671875
1 0.62421875 0.84140625 0.0859375 0.0484375
1 0.5703125 0.83515625 0.1015625 0.0234375
1 0.490625 0.8546875 0.1046875 0.034375
1 0.40078125 0.8421875 0.096875 0.0234375
1 0.478125 0.8265625 0.1078125 0.0390625
1 0.4203125 0.78828125 0.0640625 0.075
1 0.5265625 0.78046875 0.1015625 0.0328125
1 0.63984375 0.77890625 0.0625 0.053125
1 0.6625 0.74453125 0.04375 0.090625
1 0.5515625 0.73359375 0.0609375 0.0671875
1 0.79140625 0.72578125 0.0359375 0.0625
1 0.753125 0.71875 0.09375 0.025
1 0.83984375 0.70234375 0.05 0.0671875
1 0.70625 0.66875 0.034375 0.078125
1 0.796875 0.65 0.0328125 0.08125
1 0.84140625 0.6296875 0.03125 0.08125
1 0.8265625 0.61484375 0.0390625 0.046875
1 0.8421875 0.578125 0.075 0.0734375
1 0.7984375 0.56171875 0.0796875 0.0546875
1 0.86171875 0.553125 0.0671875 0.0703125
1 0.7296875 0.6140625 0.0765625 0.0421875
1 0.740625 0.58671875 0.05625 0.0625
1 0.6984375 0.5640625 0.0765625 0.04375
1 0.6265625 0.6265625 0.03125 0.0734375
1 0.65234375 0.61875 0.084375 0.053125
1 0.56796875 0.665625 0.0859375 0.028125
1 0.5109375 0.62109375 0.0484375 0.0734375
1 0.4703125 0.6015625 0.0390625 0.0734375
1 0.53515625 0.57265625 0.0453125 0.05625
1 0.50390625 0.53828125 0.075 0.0390625
1 0.628125 0.52578125 0.090625 0.025
1 0.55546875 0.50078125 0.0265625 0.0640625
1 0.60546875 0.48515625 0.0765625 0.059375
1 0.86796875 0.475 0.0765625 0.0625
1 0.75546875 0.45 0.071875 0.05625
1 0.79609375 0.46171875 0.071875 0.0359375
1 0.78671875 0.43046875 0.0625 0.0453125
1 0.71875 0.4140625 0.0703125 0.0484375
1 0.72734375 0.4453125 0.0703125 0.025
1 0.6984375 0.47578125 0.090625 0.0265625
1 0.640625 0.45390625 0.0703125 0.0265625
1 0.5953125 0.41875 0.08125 0.05
1 0.64453125 0.41015625 0.0875 0.034375
1 0.625 0.365625 0.0828125 0.0328125
1 0.575 0.3234375 0.075 0.04375
1 0.61640625 0.32421875 0.090625 0.021875
1 0.46953125 0.4171875 0.0328125 0.06875
1 0.50546875 0.43046875 0.0375 0.046875
1 0.4484375 0.51875 0.0296875 0.06875
1 0.3859375 0.4546875 0.0859375 0.0421875
1 0.43203125 0.32890625 0.11875 0.04375
1 0.46328125 0.34453125 0.0828125 0.01875
1 0.34765625 0.32265625 0.109375 0.040625
1 0.3625 0.30234375 0.0703125 0.0546875
1 0.2953125 0.30625 0.0703125 0.04375
1 0.36171875 0.41484375 0.078125 0.0625
1 0.315625 0.3875 0.0703125 0.0609375
1 0.3703125 0.58203125 0.0703125 0.0546875
1 0.30703125 0.490625 0.0515625 0.0765625
1 0.28828125 0.60078125 0.03125 0.078125
1 0.31796875 0.66015625 0.06875 0.0640625
1 0.43515625 0.71015625 0.09375 0.040625
1 0.36015625 0.725 0.0890625 0.040625
1 0.26796875 0.75234375 0.06875 0.040625
1 0.1953125 0.615625 0.046875 0.0796875
1 0.13515625 0.5703125 0.053125 0.0734375
1 0.23046875 0.5484375 0.03125 0.075
1 0.14765625 0.5609375 0.0359375 0.0875
1 0.2625 0.4734375 0.040625 0.065625
1 0.21640625 0.4578125 0.0453125 0.08125
