1 0.36015625 0.88046875 0.14375 0.053125
1 0.33125 0.8484375 0.1609375 0.03125
1 0.5203125 0.83515625 0.1546875 0.0421875
1 0.77890625 0.81640625 0.0484375 0.1046875
1 0.7125 0.77109375 0.1140625 0.075
1 0.5875 0.76015625 0.1078125 0.059375
1 0.33125 0.76953125 0.0890625 0.0734375
1 0.14296875 0.690625 0.0703125 0.1015625
1 0.140625 0.70703125 0.08125 0.078125
1 0.275 0.67265625 0.134375 0.046875
1 0.38984375 0.66015625 0.115625 0.025
1 0.16953125 0.56640625 0.0328125 0.1015625
1 0.13828125 0.6125 0.0640625 0.075
1 0.10234375 0.5265625 0.084375 0.0875
1 0.4203125 0.63359375 0.1046875 0.0765625
1 0.43984375 0.5734375 0.0765625 0.0703125
1 0.57421875 0.6640625 0.10625 0.0875
1 0.6625 0.7125 0.0515625 0.11875
1 0.73671875 0.6859375 0.0921875 0.0609375
1 0.86875 0.70390625 0.1390625 0.028125
1 0.8796875 0.6484375 0.0625 0.1046875
1 0.70703125 0.5484375 0.1078125 0.03125
1 0.58671875 0.54921875 0.115625 0.06875
1 0.45859375 0.51484375 0.13125 0.03125
1 0.27890625 0.51953125 0.109375 0.0703125
1 0.353125 0.43359375 0.1328125 0.0375
1 0.20859375 0.4046875 0.159375 0.05
1 0.17734375 0.41953125 0.0359375 0.0984375
1 0.30234375 0.3140625 0.046875 0.109375
1 0.37109375 0.27421875 0.0390625 0.084375
1 0.45390625 0.3 0.04375 0.0703125
1 0.571875 0.421875 0.04375 0.0859375
1 0.665625 0.43203125 0.103125 0.053125
1 0.77578125 0.46796875 0.0421875 0.090625
1 0.83984375 0.42265625 0.0578125 0.103125
1 0.76484375 0.37109375 0.0671875 0.0953125
1 0.703125 0.3578125 0.13125 0.0515625
