1 0.653125 0.69140625 0.059375 0.0609375
1 0.715625 0.68203125 0.0390625 0.0609375
1 0.628125 0.73828125 0.075 0.0171875
1 0.76015625 0.6546875 0.0515625 0.0703125
1 0.525 0.73125 0.0328125 0.0703125
1 0.57109375 0.71875 0.071875 0.0421875
1 0.8078125 0.59453125 0.0828125 0.0609375
1 0.70703125 0.5640625 0.075 0.05625
1 0.8140625 0.55 0.0890625 0.0453125
1 0.59921875 0.61796875 0.0671875 0.0703125
1 0.3375 0.69296875 0.0359375 0.0703125
1 0.38515625 0.69609375 0.0296875 0.0671875
1 0.26484375 0.68203125 0.09375 0.046875
1 0.39453125 0.65 0.0828125 0.028125
1 0.2 0.6015625 0.0984375 0.040625
1 0.38515625 0.57734375 0.04375 0.0734375
1 0.31328125 0.55078125 0.09375 0.0546875
1 0.2203125 0.55546875 0.0890625 0.0421875
1 0.3484375 0.50390625 0.03125 0.06875
1 0.49609375 0.5296875 0.0546875 0.06875
1 0.59140625 0.4796875 0.04375 0.0734375
1 0.82734375 0.4734375 0.0265625 0.0734375
1 0.74921875 0.446875 0.0421875 0.0640625
1 0.47578125 0.44609375 0.0625 0.065625
1 0.5375 0.39296875 0.0296875 0.0703125
1 0.43046875 0.41640625 0.0671875 0.0671875
1 0.17421875 0.49921875 0.1265625 0.0265625
1 0.1765625 0.45234375 0.06875 0.059375
1 0.240625 0.43515625 0.0390625 0.059375
1 0.82109375 0.4234375 0.04375 0.0828125
1 0.7671875 0.3765625 0.0703125 0.065625
1 0.68125 0.35703125 0.1 0.04375
1 0.7078125 0.3 0.0734375 0.0625
1 0.628125 0.3203125 0.0859375 0.0484375
1 0.40078125 0.3421875 0.03125 0.0640625
1 0.45234375 0.35390625 0.05625 0.0625
1 0.378125 0.384375 0.0953125 0.025
1 0.2796875 0.3671875 0.03125 0.0734375
1 0.3703125 0.31640625 0.09375 0.05625
1 0.25859375 0.315625 0.034375 0.0515625
1 0.29375 0.30078125 0.0515625 0.0515625
1 0.22109375 0.37421875 0.10625 0.0515625
1 0.3625 0.28125 0.065625 0.0515625
1 0.3796875 0.25390625 0.084375 0.0234375
1 0.5609375 0.31640625 0.059375 0.059375
1 0.565625 0.2578125 0.071875 0.034375
1 0.20078125 0.3546875 0.0734375 0.0203125
1 0.621875 0.2828125 0.090625 0.0265625
1 0.48203125 0.3109375 0.1015625 0.0234375
1 0.50390625 0.27890625 0.0765625 0.040625
1 0.44921875 0.26484375 0.0953125 0.0296875
