1 0.4625 0.30703125 0.1015625 0.0265625
1 0.415625 0.34140625 0.078125 0.06328125
1 0.39609375 0.3171875 0.05703125 0.071875
1 0.61015625 0.2984375 0.090625 0.05390625
1 0.58359375 0.36953125 0.05703125 0.08203125
1 0.565625 0.41796875 0.0328125 0.071875
1 0.58359375 0.37421875 0.10546875 0.02421875
1 0.5765625 0.36015625 0.14375 0.02578125
1 0.690625 0.36328125 0.09765625 0.04296875
1 0.6515625 0.41171875 0.0484375 0.06953125
1 0.72890625 0.4 0.109375 0.04453125
1 0.7109375 0.3828125 0.0625 0.05546875
1 0.78203125 0.3828125 0.096875 0.02578125
1 0.86875 0.440625 0.04921875 0.08828125
1 0.81484375 0.478125 0.075 0.07421875
1 0.7546875 0.459375 0.08046875 0.05390625
1 0.66640625 0.515625 0.0609375 0.09921875
1 0.55390625 0.45625 0.1046875 0.053125
1 0.5703125 0.5046875 0.08671875 0.08046875
1 0.3265625 0.4015625 0.04140625 0.0609375
1 0.36015625 0.3625 0.06484375 0.0609375
1 0.36640625 0.41171875 0.08515625 0.04296875
1 0.3921875 0.40078125 0.06875 0.06640625
1 0.2671875 0.41328125 0.125 0.0328125
1 0.23046875 0.45625 0.053125 0.09140625
1 0.1765625 0.4546875 0.121875 0.04296875
1 0.203125 0.52265625 0.096875 0.04453125
1 0.21484375 0.4890625 0.109375 0.04296875
1 0.15390625 0.52109375 0.09375 0.04921875
1 0.1296875 0.58984375 0.09765625 0.040625
1 0.2546875 0.61015625 0.1203125 0.0359375
1 0.26796875 0.58359375 0.08359375 0.06875
1 0.22265625 0.6703125 0.16015625 0.07265625
1 0.1765625 0.6265625 0.0953125 0.04453125
1 0.2703125 0.63203125 0.06796875 0.071875
1 0.3109375 0.59453125 0.053125 0.0890625
1 0.35546875 0.6515625 0.12265625 0.05546875
1 0.17890625 0.70078125 0.125 0.04453125
1 0.2390625 0.7296875 0.1203125 0.05703125
1 0.3875 0.709375 0.04765625 0.0890625
1 0.35625 0.77421875 0.12890625 0.0703125
1 0.43671875 0.74765625 0.08828125 0.1046875
1 0.5203125 0.7625 0.084375 0.1140625
1 0.5015625 0.6640625 0.13984375 0.03515625
1 0.43125 0.52109375 0.11875 0.0734375
1 0.57421875 0.59921875 0.11875 0.0765625
1 0.72109375 0.57734375 0.09140625 0.0515625
1 0.7484375 0.59921875 0.06328125 0.12109375
1 0.78125 0.65625 0.13359375 0.046875
1 0.7296875 0.74765625 0.0578125 0.09453125
1 0.61953125 0.67265625 0.159375 0.0546875
1 0.628125 0.80546875 0.1140625 0.1203125
1 0.63359375 0.75546875 0.0953125 0.11171875
