1 0.4 0.2390625 0.06875 0.06640625
1 0.4671875 0.25859375 0.07109375 0.0671875
1 0.47890625 0.23828125 0.0390625 0.05625
1 0.43203125 0.225 0.07265625 0.05
1 0.453125 0.28515625 0.0890625 0.03046875
1 0.37265625 0.271875 0.0640625 0.0609375
1 0.3734375 0.30078125 0.09140625 0.0328125
1 0.38515625 0.2734375 0.07890625 0.034375
1 0.33125 0.27734375 0.09375 0.040625
1 0.2875 0.2765625 0.07109375 0.05390625
1 0.328125 0.3328125 0.059375 0.0625
1 0.3640625 0.32421875 0.04140625 0.0703125
1 0.403125 0.309375 0.09453125 0.0375
1 0.46484375 0.34765625 0.08828125 0.06015625
1 0.5140625 0.27734375 0.08671875 0.03984375
1 0.521875 0.259375 0.0828125 0.02734375
1 0.5765625 0.29453125 0.07578125 0.065625
1 0.5671875 0.2921875 0.09453125 0.03984375
1 0.565625 0.27734375 0.09453125 0.01875
1 0.5625 0.25078125 0.08984375 0.046875
1 0.59453125 0.246875 0.09453125 0.04375
1 0.625 0.24453125 0.12890625 0.02109375
1 0.61328125 0.24609375 0.05078125 0.05859375
1 0.609375 0.28125 0.10234375 0.02421875
1 0.646875 0.2875 0.10078125 0.03125
1 0.68359375 0.290625 0.09765625 0.03984375
1 0.7453125 0.30390625 0.06328125 0.06953125
1 0.70625 0.33125 0.0765625 0.03515625
1 0.6703125 0.34921875 0.11015625 0.021875
1 0.7640625 0.36953125 0.025 0.06484375
1 0.80859375 0.3609375 0.11875 0.04921875
1 0.75546875 0.41953125 0.0734375 0.07578125
1 0.75078125 0.4234375 0.0875 0.0296875
1 0.87578125 0.48828125 0.0640625 0.05390625
1 0.60546875 0.44609375 0.02734375 0.07109375
1 0.740625 0.53671875 0.0921875 0.03671875
1 0.76796875 0.56796875 0.1328125 0.034375
1 0.48359375 0.55 0.10859375 0.028125
1 0.440625 0.52578125 0.05703125 0.071875
1 0.38125 0.446875 0.09140625 0.0265625
1 0.3046875 0.44375 0.04140625 0.06953125
1 0.28125 0.35625 0.0515625 0.04375
1 0.2515625 0.3359375 0.06953125 0.05703125
1 0.23203125 0.35078125 0.06328125 0.08125
1 0.17578125 0.36171875 0.0671875 0.06171875
1 0.196875 0.42109375 0.07890625 0.0203125
1 0.20078125 0.4625 0.040625 0.07578125
1 0.15 0.46484375 0.0859375 0.0515625
1 0.22890625 0.5375 0.02421875 0.059375
1 0.2234375 0.5984375 0.07421875 0.04921875
1 0.36640625 0.5859375 0.04921875 0.0625
1 0.41796875 0.603125 0.053125 0.046875
1 0.453125 0.59921875 0.1015625 0.03203125
1 0.45078125 0.66875 0.0953125 0.065625
