1 0.33046875 0.26328125 0.05 0.084375
1 0.6171875 0.20078125 0.090625 0.0765625
1 0.44375 0.3515625 0.0609375 0.0953125
1 0.25625 0.36328125 0.0765625 0.034375
1 0.29453125 0.46796875 0.1140625 0.034375
1 0.51484375 0.4671875 0.0984375 0.0328125
1 0.73984375 0.53984375 0.090625 0.059375
1 0.87734375 0.4671875 0.0359375 0.1125
1 0.63828125 0.65 0.0734375 0.1109375
1 0.7734375 0.77578125 0.103125 0.065625
1 0.6453125 0.903125 0.1140625 0.0546875
1 0.48203125 0.63125 0.0609375 0.096875
1 0.23203125 0.5828125 0.0703125 0.0921875
1 0.325 0.67890625 0.0609375 0.0921875
1 0.1953125 0.79765625 0.0875 0.0953125
1 0.1953125 0.759375 0.0578125 0.0984375
1 0.15078125 0.63359375 0.090625 0.0890625
