1 0.68671875 0.240625 0.0625 0.0328125
1 0.70703125 0.3 0.0953125 0.0234375
1 0.50859375 0.21875 0.0671875 0.04375
1 0.4046875 0.26328125 0.046875 0.0578125
1 0.328125 0.246875 0.0921875 0.04375
1 0.5953125 0.3296875 0.090625 0.0390625
1 0.52109375 0.29296875 0.071875 0.03125
1 0.39453125 0.3578125 0.1078125 0.03125
1 0.51875 0.40625 0.096875 0.01875
1 0.55625 0.44765625 0.096875 0.025
1 0.7078125 0.4046875 0.0359375 0.0828125
1 0.77265625 0.4421875 0.0578125 0.053125
1 0.8015625 0.365625 0.1203125 0.028125
1 0.84453125 0.3484375 0.10625 0.0328125
1 0.865625 0.45390625 0.09375 0.08125
1 0.93125 0.52109375 0.065625 0.059375
1 0.6765625 0.490625 0.10625 0.025
1 0.71640625 0.525 0.0859375 0.059375
1 0.7046875 0.56328125 0.096875 0.0203125
1 0.69921875 0.5984375 0.0671875 0.0625
1 0.73984375 0.6359375 0.0734375 0.05625
1 0.8328125 0.65546875 0.0546875 0.0734375
1 0.721875 0.690625 0.0890625 0.0625
1 0.71484375 0.76015625 0.0421875 0.0796875
1 0.653125 0.80703125 0.0734375 0.0859375
1 0.61875 0.78671875 0.0671875 0.0453125
1 0.4984375 0.8234375 0.1203125 0.04375
1 0.51953125 0.8078125 0.1078125 0.0328125
1 0.6078125 0.71484375 0.0453125 0.0671875
1 0.63203125 0.68984375 0.121875 0.046875
1 0.659375 0.7328125 0.059375 0.071875
1 0.55390625 0.775 0.1140625 0.0359375
1 0.3984375 0.75859375 0.05 0.0828125
1 0.47265625 0.703125 0.1078125 0.0171875
1 0.53515625 0.63984375 0.0328125 0.0890625
1 0.63203125 0.56484375 0.04375 0.0640625
1 0.5765625 0.61640625 0.0484375 0.078125
1 0.5359375 0.54609375 0.071875 0.059375
1 0.47421875 0.60234375 0.0453125 0.0828125
1 0.4125 0.59296875 0.0953125 0.03125
1 0.36796875 0.66796875 0.075 0.0734375
1 0.29609375 0.77421875 0.1140625 0.05
1 0.2 0.74453125 0.1015625 0.05
1 0.10859375 0.6515625 0.1234375 0.04375
1 0.13359375 0.55078125 0.06875 0.078125
1 0.10078125 0.46171875 0.0953125 0.0734375
1 0.18125 0.47109375 0.0640625 0.0640625
1 0.23515625 0.47734375 0.0796875 0.0421875
1 0.2421875 0.309375 0.1046875 0.0578125
1 0.27734375 0.4328125 0.1046875 0.0375
1 0.28515625 0.3859375 0.0890625 0.0265625
1 0.3671875 0.49296875 0.0984375 0.0484375
