1 0.28828125 0.74921875 0.1078125 0.0359375
1 0.4484375 0.72265625 0.0953125 0.05
1 0.2953125 0.68671875 0.0828125 0.0453125
1 0.64609375 0.6890625 0.0796875 0.0625
1 0.7703125 0.71640625 0.103125 0.046875
1 0.7546875 0.7625 0.1 0.034375
1 0.79140625 0.77109375 0.1234375 0.046875
1 0.6828125 0.61875 0.0359375 0.0734375
1 0.740625 0.60859375 0.0640625 0.0640625
1 0.7875 0.62578125 0.06875 0.0625
1 0.86796875 0.61171875 0.0546875 0.0734375
1 0.68046875 0.55234375 0.10625 0.0328125
1 0.64375 0.51171875 0.0515625 0.0609375
1 0.5640625 0.52421875 0.04375 0.0703125
1 0.54453125 0.49140625 0.0640625 0.0515625
1 0.42890625 0.5125 0.0875 0.015625
1 0.38828125 0.571875 0.0984375 0.028125
1 0.6109375 0.4421875 0.0984375 0.01875
1 0.6890625 0.44375 0.071875 0.0546875
1 0.75 0.446875 0.0703125 0.0453125
1 0.703125 0.4171875 0.1265625 0.0296875
1 0.709375 0.38671875 0.05 0.0546875
1 0.62109375 0.38828125 0.0875 0.0421875
1 0.7953125 0.36640625 0.0578125 0.0546875
1 0.81875 0.36171875 0.0625 0.059375
1 0.69375 0.3171875 0.090625 0.065625
1 0.53203125 0.3921875 0.096875 0.0390625
1 0.54453125 0.284375 0.0609375 0.05
1 0.4328125 0.32109375 0.08125 0.034375
1 0.384375 0.30859375 0.0828125 0.0703125
1 0.35625 0.28046875 0.096875 0.0546875
1 0.35234375 0.37109375 0.075 0.0515625
1 0.375 0.38515625 0.0484375 0.06875
1 0.4109375 0.43828125 0.0703125 0.0609375
1 0.4703125 0.62109375 0.0484375 0.065625
1 0.21640625 0.5984375 0.08125 0.0765625
1 0.1140625 0.5734375 0.0578125 0.0484375
1 0.15078125 0.52578125 0.06875 0.0515625
1 0.10390625 0.5078125 0.0375 0.0734375
1 0.21484375 0.47890625 0.028125 0.0703125
1 0.175 0.45 0.1 0.0265625
1 0.26484375 0.459375 0.04375 0.078125
1 0.2875 0.44453125 0.0546875 0.0609375
1 0.19375 0.40234375 0.065625 0.059375
1 0.27265625 0.39375 0.0890625 0.0484375
1 0.2640625 0.37109375 0.0671875 0.046875
1 0.28125 0.3296875 0.0953125 0.028125
1 0.2703125 0.29609375 0.0765625 0.0234375
