1 0.3671875 0.3796875 0.1015625 0.03203125
1 0.3890625 0.42265625 0.03984375 0.0640625
1 0.41328125 0.409375 0.03046875 0.06953125
1 0.36328125 0.4171875 0.0390625 0.06171875
1 0.31484375 0.4265625 0.05078125 0.0640625
1 0.38046875 0.45546875 0.09140625 0.040625
1 0.4734375 0.4375 0.09140625 0.0265625
1 0.46875 0.415625 0.090625 0.015625
1 0.478125 0.46875 0.0640625 0.059375
1 0.51796875 0.43671875 0.03828125 0.0390625
1 0.54140625 0.43984375 0.0390625 0.06953125
1 0.50234375 0.38125 0.0859375 0.03046875
1 0.51015625 0.37265625 0.08828125 0.02265625
1 0.5765625 0.4046875 0.08515625 0.046875
1 0.6234375 0.39375 0.07265625 0.04296875
1 0.621875 0.3953125 0.03515625 0.04765625
1 0.61015625 0.43203125 0.08984375 0.0375
1 0.58515625 0.4765625 0.053125 0.0609375
1 0.621875 0.465625 0.05625 0.059375
1 0.69140625 0.43828125 0.11171875 0.04921875
1 0.675 0.4890625 0.08203125 0.05859375
1 0.75234375 0.5125 0.0359375 0.07265625
1 0.740625 0.6171875 0.084375 0.07578125
1 0.5890625 0.53515625 0.09375 0.04765625
1 0.51953125 0.5015625 0.08515625 0.05546875
1 0.5078125 0.5609375 0.03203125 0.0875
1 0.4515625 0.5328125 0.05625 0.07578125
1 0.41875 0.52421875 0.11953125 0.0265625
1 0.38359375 0.49921875 0.1078125 0.02109375
1 0.3125 0.47890625 0.078125 0.0578125
1 0.2640625 0.503125 0.06796875 0.0671875
1 0.31796875 0.51953125 0.09375 0.0484375
1 0.31796875 0.47578125 0.09453125 0.0171875
1 0.296875 0.5609375 0.1265625 0.021875
1 0.2609375 0.59921875 0.053125 0.0703125
1 0.3515625 0.6328125 0.078125 0.04140625
1 0.41796875 0.66171875 0.08203125 0.07109375
1 0.37265625 0.665625 0.08984375 0.021875
1 0.44609375 0.61875 0.05546875 0.07421875
1 0.515625 0.6546875 0.0703125 0.07578125
1 0.6015625 0.578125 0.1171875 0.0390625
1 0.2625 0.65546875 0.0765625 0.07890625
1 0.3125 0.6953125 0.0734375 0.06875
1 0.365625 0.7125 0.1328125 0.0359375
1 0.27109375 0.721875 0.103125 0.06484375
1 0.30703125 0.73828125 0.08984375 0.04296875
1 0.41875 0.74609375 0.13984375 0.02421875
1 0.321875 0.78359375 0.10390625 0.0484375
1 0.38359375 0.80234375 0.06796875 0.090625
1 0.43984375 0.78984375 0.1109375 0.046875
1 0.46796875 0.8015625 0.11015625 0.03828125
1 0.6015625 0.725 0.0859375 0.065625
1 0.59375 0.7765625 0.08828125 0.0484375
1 0.65078125 0.76796875 0.07109375 0.0765625
1 0.709375 0.74140625 0.06484375 0.071875
