1 0.4546875 0.21171875 0.0515625 0.0796875
1 0.434375 0.2515625 0.1140625 0.0234375
1 0.53203125 0.24296875 0.1015625 0.01875
1 0.57265625 0.23359375 0.1 0.0296875
1 0.57109375 0.2609375 0.09375 0.046875
1 0.49140625 0.27265625 0.109375 0.01875
1 0.44296875 0.28671875 0.0765625 0.0609375
1 0.47109375 0.29453125 0.0484375 0.059375
1 0.45390625 0.3359375 0.071875 0.0515625
1 0.4640625 0.3421875 0.078125 0.053125
1 0.4921875 0.32890625 0.0265625 0.0546875
1 0.5609375 0.303125 0.1171875 0.0390625
1 0.38046875 0.29765625 0.090625 0.0375
1 0.3953125 0.31796875 0.0546875 0.0421875
1 0.3546875 0.33125 0.0890625 0.028125
1 0.3140625 0.30859375 0.075 0.0234375
1 0.28046875 0.321875 0.034375 0.075
1 0.284375 0.28359375 0.0890625 0.0609375
1 0.25234375 0.3265625 0.0546875 0.0734375
1 0.17890625 0.3296875 0.0703125 0.059375
1 0.3046875 0.3515625 0.028125 0.0515625
1 0.31328125 0.38828125 0.0359375 0.0859375
1 0.365625 0.40390625 0.1125 0.0328125
1 0.42421875 0.40703125 0.0765625 0.046875
1 0.528125 0.3796875 0.0359375 0.0671875
1 0.65234375 0.25 0.05 0.0578125
1 0.67109375 0.28359375 0.0671875 0.0484375
1 0.6484375 0.321875 0.1140625 0.034375
1 0.64140625 0.359375 0.0484375 0.0609375
1 0.67265625 0.37578125 0.1046875 0.034375
1 0.60703125 0.403125 0.071875 0.0609375
1 0.659375 0.4203125 0.0390625 0.0625
1 0.7234375 0.42890625 0.0265625 0.0609375
1 0.65546875 0.475 0.065625 0.0328125
1 0.621875 0.50625 0.05 0.059375
1 0.59453125 0.51875 0.0453125 0.06875
1 0.5546875 0.46640625 0.0296875 0.078125
1 0.53515625 0.44296875 0.0390625 0.0765625
1 0.4640625 0.45546875 0.0921875 0.0484375
1 0.38515625 0.4796875 0.046875 0.096875
1 0.3515625 0.45859375 0.0890625 0.03125
1 0.32890625 0.49765625 0.134375 0.034375
1 0.38203125 0.53515625 0.078125 0.0484375
1 0.47890625 0.51640625 0.1046875 0.046875
1 0.30234375 0.5203125 0.04375 0.05625
1 0.22421875 0.5046875 0.0765625 0.04375
1 0.2453125 0.51875 0.0296875 0.078125
1 0.10859375 0.38671875 0.1328125 0.0234375
1 0.0765625 0.4171875 0.0859375 0.028125
1 0.109375 0.44140625 0.1046875 0.03125
1 0.1390625 0.42109375 0.078125 0.053125
1 0.1921875 0.4125 0.071875 0.0453125
1 0.196875 0.44765625 0.0984375 0.0265625
1 0.1375 0.46796875 0.065625 0.0640625
1 0.14375 0.48984375 0.0765625 0.0546875
1 0.09140625 0.53515625 0.06875 0.078125
1 0.0484375 0.5546875 0.05 0.0765625
1 0.10390625 0.58359375 0.0640625 0.075
1 0.1875 0.55859375 0.0703125 0.0640625
1 0.2015625 0.60546875 0.0390625 0.0515625
1 0.25234375 0.6015625 0.065625 0.0765625
1 0.246875 0.59296875 0.0796875 0.0453125
1 0.31015625 0.578125 0.1109375 0.0390625
1 0.51953125 0.54609375 0.0546875 0.075
1 0.48984375 0.57109375 0.0734375 0.05
1 0.54765625 0.55703125 0.0921875 0.0203125
1 0.4328125 0.59140625 0.06875 0.04375
1 0.5453125 0.58359375 0.0734375 0.015625
1 0.53671875 0.6109375 0.08125 0.034375
1 0.4984375 0.61796875 0.05625 0.05625
1 0.415625 0.6328125 0.1 0.034375
1 0.4734375 0.653125 0.0984375 0.034375
1 0.471875 0.6609375 0.0296875 0.06875
1 0.16796875 0.6140625 0.040625 0.0625
1 0.20234375 0.6296875 0.1109375 0.0203125
1 0.11875 0.63359375 0.0875 0.0359375
1 0.159375 0.66328125 0.1046875 0.0359375
1 0.1578125 0.69296875 0.1265625 0.0359375
1 0.20859375 0.68125 0.1109375 0.025
1 0.228125 0.68515625 0.040625 0.0640625
1 0.17421875 0.72109375 0.103125 0.0359375
1 0.2921875 0.68828125 0.0375 0.075
1 0.29921875 0.7421875 0.05 0.0703125
1 0.36796875 0.7078125 0.06875 0.0640625
1 0.3953125 0.75078125 0.1046875 0.0453125
1 0.421875 0.7046875 0.0828125 0.0484375
1 0.340625 0.796875 0.04375 0.0796875
1 0.4578125 0.8 0.1234375 0.03125
1 0.46796875 0.83203125 0.1046875 0.01875
1 0.60625 0.7765625 0.0546875 0.0625
1 0.5640625 0.73515625 0.075 0.0578125
1 0.54140625 0.6671875 0.075 0.065625
1 0.60546875 0.634375 0.0328125 0.0578125
1 0.63125 0.8125 0.04375 0.08125
1 0.69609375 0.76171875 0.034375 0.08125
1 0.678125 0.7265625 0.0640625 0.0625
1 0.63046875 0.60078125 0.0828125 0.0515625
1 0.66484375 0.57421875 0.08125 0.0234375
1 0.70625 0.63984375 0.053125 0.0796875
1 0.7546875 0.7515625 0.1046875 0.059375
1 0.8015625 0.76171875 0.0515625 0.059375
1 0.7296875 0.69921875 0.0765625 0.053125
1 0.77109375 0.6390625 0.059375 0.0640625
1 0.7578125 0.59296875 0.1015625 0.034375
1 0.7375 0.6109375 0.0359375 0.046875
1 0.79609375 0.59921875 0.075 0.028125
1 0.8625 0.70078125 0.0546875 0.065625
1 0.78671875 0.65859375 0.0703125 0.0390625
1 0.8140625 0.71171875 0.0890625 0.046875
1 0.778125 0.67578125 0.0796875 0.05
1 0.8625 0.5625 0.1046875 0.0390625
1 0.8015625 0.5546875 0.0578125 0.0609375
1 0.7265625 0.55703125 0.0421875 0.040625
1 0.76328125 0.51015625 0.0828125 0.05625
1 0.7703125 0.50859375 0.04375 0.0640625
1 0.76015625 0.45390625 0.028125 0.071875
1 0.7984375 0.42578125 0.0828125 0.0484375
1 0.85234375 0.36796875 0.0359375 0.084375
1 0.7875 0.36171875 0.0453125 0.0703125
1 0.73828125 0.35703125 0.034375 0.071875
1 0.75234375 0.3109375 0.0890625 0.0453125
1 0.77265625 0.29140625 0.071875 0.046875
