1 0.3640625 0.14453125 0.053125 0.0703125
1 0.42578125 0.1265625 0.0328125 0.090625
1 0.2609375 0.20078125 0.05 0.0796875
1 0.3125 0.15 0.071875 0.0484375
1 0.35 0.215625 0.09375 0.0453125
1 0.25234375 0.26171875 0.0546875 0.0609375
1 0.3203125 0.30546875 0.084375 0.0734375
1 0.29921875 0.27265625 0.0859375 0.0234375
1 0.38671875 0.265625 0.0328125 0.090625
1 0.51328125 0.2203125 0.08125 0.040625
1 0.50546875 0.17578125 0.0765625 0.0421875
1 0.56875 0.14375 0.0796875 0.0859375
1 0.634375 0.13203125 0.078125 0.040625
1 0.70234375 0.15859375 0.1015625 0.0328125
1 0.7046875 0.221875 0.0484375 0.078125
1 0.84140625 0.23359375 0.075 0.0390625
1 0.8625 0.2953125 0.053125 0.0734375
1 0.72265625 0.31796875 0.075 0.0484375
1 0.72421875 0.29375 0.0359375 0.08125
1 0.5515625 0.3046875 0.0546875 0.0609375
1 0.59296875 0.26953125 0.059375 0.0609375
1 0.6453125 0.34453125 0.046875 0.071875
1 0.72734375 0.3953125 0.0328125 0.0953125
1 0.75703125 0.4046875 0.0421875 0.078125
1 0.80703125 0.36640625 0.0984375 0.0296875
1 0.9359375 0.3890625 0.0796875 0.0640625
1 0.83828125 0.43984375 0.0828125 0.053125
1 0.86875 0.47890625 0.046875 0.0625
1 0.89765625 0.55703125 0.0859375 0.0671875
1 0.8234375 0.7390625 0.0515625 0.0875
1 0.8671875 0.68984375 0.034375 0.0984375
1 0.9109375 0.653125 0.046875 0.109375
1 0.91171875 0.59375 0.0515625 0.115625
1 0.79296875 0.53359375 0.0390625 0.103125
1 0.82578125 0.6 0.0421875 0.090625
1 0.73671875 0.55078125 0.1109375 0.0640625
1 0.77109375 0.70390625 0.04375 0.0671875
1 0.7890625 0.69296875 0.05 0.0875
1 0.72265625 0.78046875 0.078125 0.075
1 0.6 0.84140625 0.0734375 0.0640625
1 0.64375 0.82734375 0.0625 0.059375
1 0.65078125 0.8484375 0.0921875 0.040625
1 0.690625 0.6875 0.053125 0.078125
1 0.6125 0.79140625 0.0953125 0.06875
1 0.50703125 0.86640625 0.1359375 0.0375
1 0.62734375 0.74375 0.0734375 0.0671875
1 0.55546875 0.7453125 0.1015625 0.0390625
1 0.55078125 0.70390625 0.0484375 0.10625
1 0.490625 0.82734375 0.1203125 0.0359375
1 0.1578125 0.3234375 0.0296875 0.10625
1 0.21015625 0.34921875 0.0390625 0.078125
1 0.41796875 0.334375 0.0921875 0.0546875
1 0.45234375 0.3640625 0.04375 0.08125
1 0.37421875 0.38359375 0.1 0.046875
1 0.55625 0.4453125 0.0859375 0.0703125
1 0.54921875 0.38515625 0.0984375 0.040625
1 0.53125 0.5984375 0.0296875 0.0828125
1 0.42421875 0.4984375 0.1171875 0.0359375
1 0.31171875 0.47890625 0.0734375 0.075
1 0.36484375 0.53671875 0.0515625 0.0703125
1 0.42265625 0.60390625 0.090625 0.0359375
1 0.32734375 0.58515625 0.1015625 0.0421875
1 0.3703125 0.64609375 0.1078125 0.0359375
1 0.4578125 0.690625 0.0546875 0.10625
1 0.428125 0.784375 0.1265625 0.0828125
1 0.334375 0.8265625 0.0984375 0.040625
1 0.328125 0.69765625 0.103125 0.05
1 0.22421875 0.61171875 0.05 0.0625
1 0.1921875 0.72109375 0.090625 0.0515625
1 0.1859375 0.44140625 0.0359375 0.0953125
1 0.1671875 0.546875 0.028125 0.0984375
1 0.05234375 0.45078125 0.0421875 0.0875
1 0.09375 0.45546875 0.04375 0.10625
