1 0.3921875 0.16796875 0.0984375 0.0546875
1 0.46171875 0.17578125 0.0484375 0.0671875
1 0.5875 0.175 0.1140625 0.028125
1 0.67265625 0.20625 0.04375 0.0828125
1 0.27734375 0.20703125 0.075 0.0546875
1 0.29296875 0.3828125 0.034375 0.08125
1 0.28984375 0.3296875 0.034375 0.05625
1 0.32421875 0.28671875 0.0296875 0.0609375
1 0.3609375 0.24296875 0.0390625 0.0734375
1 0.415625 0.35625 0.0703125 0.046875
1 0.4421875 0.309375 0.0859375 0.075
1 0.42109375 0.271875 0.0671875 0.040625
1 0.53046875 0.315625 0.0765625 0.028125
1 0.475 0.27890625 0.0421875 0.0609375
1 0.5453125 0.2640625 0.059375 0.0484375
1 0.596875 0.3046875 0.0296875 0.071875
1 0.66875 0.32265625 0.059375 0.053125
1 0.72734375 0.2984375 0.090625 0.03125
1 0.7984375 0.365625 0.075 0.059375
1 0.81796875 0.328125 0.05625 0.0640625
1 0.8625 0.30390625 0.0984375 0.0296875
1 0.86015625 0.43046875 0.109375 0.0421875
1 0.8671875 0.4203125 0.0578125 0.05625
1 0.89921875 0.359375 0.1140625 0.0375
1 0.68515625 0.38359375 0.0375 0.0609375
1 0.54609375 0.4046875 0.0390625 0.0859375
1 0.30546875 0.33671875 0.0859375 0.034375
1 0.23515625 0.2921875 0.0921875 0.0453125
1 0.11640625 0.35625 0.059375 0.05
1 0.1671875 0.3265625 0.0875 0.05625
1 0.1671875 0.409375 0.09375 0.0453125
1 0.0796875 0.43515625 0.028125 0.075
1 0.10859375 0.534375 0.0265625 0.0859375
1 0.1140625 0.5125 0.0234375 0.084375
1 0.1234375 0.4953125 0.028125 0.0671875
1 0.16796875 0.4828125 0.0375 0.065625
1 0.19375 0.5328125 0.04375 0.065625
1 0.259375 0.5 0.09375 0.040625
1 0.28125 0.50390625 0.059375 0.0640625
1 0.325 0.4953125 0.0375 0.0796875
1 0.35703125 0.44453125 0.0765625 0.071875
1 0.346875 0.40234375 0.0734375 0.053125
1 0.43984375 0.42578125 0.08125 0.0484375
1 0.3828125 0.496875 0.0640625 0.059375
1 0.46640625 0.49765625 0.0359375 0.0796875
1 0.5375 0.503125 0.0375 0.0703125
1 0.5578125 0.47109375 0.0609375 0.08125
1 0.68828125 0.48359375 0.040625 0.075
1 0.7734375 0.4671875 0.0375 0.075
1 0.8796875 0.52890625 0.0609375 0.0625
1 0.9078125 0.49609375 0.0828125 0.0265625
1 0.94375 0.46640625 0.1015625 0.053125
1 0.771875 0.69921875 0.059375 0.05625
1 0.771875 0.66015625 0.05 0.075
1 0.784375 0.61015625 0.0328125 0.090625
1 0.83515625 0.56328125 0.103125 0.0171875
1 0.61015625 0.553125 0.0859375 0.025
1 0.67734375 0.61328125 0.040625 0.0734375
1 0.534375 0.59375 0.0875 0.0359375
1 0.375 0.559375 0.0640625 0.0546875
1 0.3953125 0.6 0.0390625 0.0640625
1 0.2125 0.63203125 0.0765625 0.0671875
1 0.265625 0.6328125 0.0328125 0.0921875
1 0.309375 0.58359375 0.059375 0.06875
1 0.2546875 0.56328125 0.0625 0.04375
1 0.33828125 0.66328125 0.0828125 0.0484375
1 0.2203125 0.728125 0.1140625 0.034375
1 0.2140625 0.68203125 0.1125 0.028125
1 0.1125 0.66796875 0.04375 0.06875
1 0.11953125 0.62109375 0.034375 0.0859375
1 0.2828125 0.765625 0.090625 0.040625
1 0.34921875 0.72265625 0.028125 0.06875
1 0.35546875 0.7234375 0.040625 0.065625
1 0.3203125 0.81328125 0.0953125 0.046875
1 0.42265625 0.7 0.0375 0.0859375
1 0.4734375 0.68515625 0.0625 0.040625
1 0.5171875 0.73515625 0.065625 0.075
1 0.5859375 0.6875 0.075 0.0828125
1 0.8265625 0.6421875 0.0375 0.059375
1 0.859375 0.63203125 0.040625 0.0734375
1 0.90859375 0.63203125 0.0578125 0.0875
1 0.940625 0.68125 0.0375 0.0796875
1 0.85859375 0.73515625 0.084375 0.075
1 0.73984375 0.790625 0.0359375 0.078125
1 0.76484375 0.77890625 0.05 0.0703125
1 0.803125 0.76171875 0.0671875 0.053125
1 0.6578125 0.74140625 0.1171875 0.0390625
1 0.60625 0.7953125 0.0984375 0.0421875
1 0.6796875 0.840625 0.1234375 0.0296875
1 0.5734375 0.8796875 0.0546875 0.0609375
1 0.4265625 0.82734375 0.034375 0.078125
1 0.475 0.84453125 0.065625 0.0671875
1 0.52421875 0.84140625 0.096875 0.0359375
1 0.42578125 0.7890625 0.0484375 0.0765625
