1 0.41484375 0.1421875 0.0953125 0.05625
1 0.35078125 0.1484375 0.075 0.0546875
1 0.32109375 0.1625 0.0671875 0.046875
1 0.2640625 0.24609375 0.078125 0.0671875
1 0.26015625 0.20390625 0.05 0.071875
1 0.38203125 0.1984375 0.0609375 0.0484375
1 0.34375 0.23046875 0.096875 0.0390625
1 0.27578125 0.278125 0.090625 0.015625
1 0.31953125 0.31171875 0.0859375 0.0703125
1 0.3890625 0.2609375 0.0296875 0.0859375
1 0.46640625 0.2203125 0.0875 0.03125
1 0.4859375 0.26953125 0.096875 0.025
1 0.4453125 0.303125 0.0921875 0.0484375
1 0.58046875 0.2421875 0.05625 0.0671875
1 0.609375 0.26484375 0.0765625 0.04375
1 0.5921875 0.18984375 0.1140625 0.04375
1 0.6453125 0.134375 0.08125 0.0265625
1 0.6828125 0.2109375 0.04375 0.078125
1 0.72109375 0.2546875 0.0796875 0.0359375
1 0.77421875 0.23515625 0.0625 0.0671875
1 0.85078125 0.24140625 0.0671875 0.0453125
1 0.80234375 0.334375 0.0546875 0.0703125
1 0.80078125 0.371875 0.0921875 0.0296875
1 0.62265625 0.31171875 0.06875 0.0515625
1 0.6765625 0.32578125 0.0234375 0.08125
1 0.64609375 0.36796875 0.103125 0.021875
1 0.20859375 0.34765625 0.034375 0.06875
1 0.16640625 0.30859375 0.0296875 0.1015625
1 0.06328125 0.4125 0.0328125 0.084375
1 0.0984375 0.45546875 0.0328125 0.096875
1 0.18984375 0.4359375 0.0375 0.09375
1 0.3125 0.48203125 0.071875 0.0828125
1 0.39140625 0.4375 0.0390625 0.0828125
1 0.453125 0.43671875 0.096875 0.0453125
1 0.55078125 0.43359375 0.0921875 0.071875
1 0.76171875 0.428125 0.096875 0.04375
1 0.83984375 0.440625 0.078125 0.0515625
1 0.884375 0.47890625 0.0484375 0.0640625
1 0.9484375 0.39296875 0.078125 0.0671875
1 0.8984375 0.5328125 0.103125 0.0421875
1 0.9140625 0.5984375 0.0546875 0.1046875
1 0.89765625 0.678125 0.0390625 0.1078125
1 0.8375 0.59765625 0.0359375 0.0953125
1 0.79375 0.54765625 0.034375 0.11875
1 0.7359375 0.5515625 0.103125 0.0625
1 0.81953125 0.75859375 0.0671875 0.0625
1 0.859375 0.73203125 0.028125 0.09375
1 0.77265625 0.7015625 0.0359375 0.05625
1 0.78671875 0.70625 0.059375 0.0828125
1 0.71328125 0.66953125 0.0921875 0.034375
1 0.7171875 0.78984375 0.0671875 0.075
1 0.6578125 0.84453125 0.0796875 0.0359375
1 0.603125 0.8421875 0.0703125 0.0609375
1 0.65859375 0.821875 0.0640625 0.0515625
1 0.63203125 0.7453125 0.059375 0.078125
1 0.5046875 0.86875 0.128125 0.0265625
1 0.49375 0.83828125 0.134375 0.025
1 0.525 0.81484375 0.1265625 0.0296875
1 0.62890625 0.6671875 0.034375 0.090625
1 0.5671875 0.7140625 0.0375 0.0796875
1 0.41640625 0.8 0.1078125 0.075
1 0.32109375 0.821875 0.096875 0.03125
1 0.42578125 0.746875 0.0875 0.06875
1 0.1921875 0.7171875 0.078125 0.0578125
1 0.32890625 0.69765625 0.109375 0.040625
1 0.340625 0.6546875 0.1 0.040625
1 0.4375 0.50390625 0.1078125 0.0359375
1 0.42109375 0.55234375 0.096875 0.025
1 0.47890625 0.59453125 0.1 0.0296875
1 0.39921875 0.6 0.096875 0.0359375
1 0.3078125 0.58671875 0.0625 0.08125
1 0.23125 0.59765625 0.0421875 0.06875
1 0.1734375 0.54296875 0.03125 0.0875
