1 0.55078125 0.75390625 0.04375 0.06875
1 0.55625 0.7578125 0.0796875 0.021875
1 0.60234375 0.753125 0.0703125 0.0765625
1 0.5578125 0.7171875 0.0359375 0.05
1 0.46875 0.7734375 0.10625 0.021875
1 0.51015625 0.759375 0.0328125 0.05
1 0.46328125 0.7234375 0.0296875 0.071875
1 0.4328125 0.753125 0.0796875 0.028125
1 0.40234375 0.71484375 0.0453125 0.08125
1 0.43515625 0.690625 0.0421875 0.075
1 0.37578125 0.75390625 0.090625 0.0296875
1 0.353125 0.72265625 0.1140625 0.025
1 0.3171875 0.7234375 0.078125 0.04375
1 0.27109375 0.69765625 0.040625 0.08125
1 0.28203125 0.6578125 0.0828125 0.0484375
1 0.23046875 0.675 0.040625 0.0703125
1 0.228125 0.6546875 0.0359375 0.0546875
1 0.1875 0.63203125 0.0421875 0.065625
1 0.2125 0.5859375 0.028125 0.0765625
1 0.3109375 0.634375 0.0515625 0.0546875
1 0.39921875 0.61328125 0.078125 0.0546875
1 0.459375 0.6375 0.0421875 0.0703125
1 0.53828125 0.653125 0.109375 0.028125
1 0.490625 0.60546875 0.040625 0.0703125
1 0.6609375 0.68515625 0.0890625 0.04375
1 0.64453125 0.7421875 0.090625 0.025
1 0.67890625 0.740625 0.0703125 0.0640625
1 0.6625 0.72265625 0.09375 0.0171875
1 0.721875 0.72265625 0.0515625 0.05625
1 0.73828125 0.65390625 0.0359375 0.0796875
1 0.75 0.66796875 0.0859375 0.0359375
1 0.759375 0.66640625 0.065625 0.0578125
1 0.79765625 0.69765625 0.090625 0.05625
1 0.77109375 0.6796875 0.0640625 0.0453125
1 0.63984375 0.64140625 0.090625 0.03125
1 0.64609375 0.61171875 0.11875 0.0234375
1 0.83984375 0.63828125 0.0796875 0.05625
1 0.79609375 0.6140625 0.028125 0.0734375
1 0.82421875 0.61171875 0.0515625 0.065625
1 0.8328125 0.59296875 0.0859375 0.0515625
1 0.725 0.58046875 0.103125 0.0265625
1 0.8609375 0.54453125 0.025 0.05
1 0.8765625 0.52890625 0.0859375 0.0359375
1 0.8046875 0.54375 0.0296875 0.06875
1 0.70546875 0.55390625 0.0875 0.046875
1 0.75390625 0.5078125 0.0296875 0.0828125
1 0.71171875 0.5109375 0.09375 0.0234375
1 0.83515625 0.50859375 0.0265625 0.078125
1 0.88125 0.49609375 0.046875 0.05625
1 0.96015625 0.46328125 0.0796875 0.0453125
1 0.86875 0.46015625 0.10625 0.0359375
1 0.85546875 0.4421875 0.06875 0.04375
1 0.7890625 0.45625 0.0953125 0.0359375
1 0.7609375 0.44453125 0.059375 0.0453125
1 0.71640625 0.4328125 0.096875 0.0375
1 0.67890625 0.4765625 0.075 0.0390625
1 0.65703125 0.46640625 0.06875 0.04375
1 0.60234375 0.5203125 0.0390625 0.0703125
1 0.6296875 0.525 0.0578125 0.0640625
1 0.52734375 0.528125 0.090625 0.034375
1 0.46328125 0.51640625 0.0890625 0.0234375
1 0.50859375 0.49296875 0.1 0.0359375
1 0.4296875 0.5609375 0.0640625 0.0796875
1 0.571875 0.47421875 0.0625 0.04375
1 0.27578125 0.559375 0.0328125 0.05
1 0.3265625 0.50625 0.0953125 0.0328125
1 0.39765625 0.46484375 0.0953125 0.0296875
1 0.47109375 0.4609375 0.0625 0.0515625
1 0.5625 0.43359375 0.065625 0.05625
1 0.640625 0.434375 0.0765625 0.0421875
1 0.93515625 0.40390625 0.096875 0.0296875
1 0.8625 0.39609375 0.028125 0.0609375
1 0.81640625 0.4109375 0.0328125 0.06875
1 0.7703125 0.375 0.046875 0.071875
1 0.7984375 0.37109375 0.0203125 0.059375
1 0.83359375 0.3375 0.1015625 0.0640625
1 0.7171875 0.37421875 0.0578125 0.065625
1 0.73125 0.3015625 0.0390625 0.06875
1 0.7 0.33046875 0.0828125 0.0390625
1 0.59921875 0.36328125 0.03125 0.075
1 0.63984375 0.353125 0.034375 0.0703125
1 0.565625 0.33515625 0.04375 0.05
1 0.659375 0.284375 0.0984375 0.0234375
1 0.70625 0.25703125 0.090625 0.046875
1 0.675 0.25234375 0.034375 0.0609375
1 0.653125 0.225 0.065625 0.0625
1 0.65390625 0.184375 0.0875 0.0453125
1 0.61875 0.2 0.078125 0.03125
1 0.51796875 0.2359375 0.0359375 0.059375
1 0.55 0.26328125 0.11875 0.034375
1 0.49140625 0.30234375 0.125 0.025
1 0.51015625 0.37109375 0.05625 0.06875
1 0.44921875 0.3609375 0.0671875 0.0328125
1 0.4625 0.421875 0.0984375 0.0203125
1 0.38515625 0.41328125 0.0984375 0.034375
1 0.36953125 0.359375 0.0875 0.0375
1 0.375 0.3125 0.0640625 0.05
1 0.4328125 0.1875 0.0484375 0.065625
1 0.40390625 0.259375 0.1 0.0484375
1 0.38046875 0.24921875 0.0890625 0.05
1 0.3421875 0.24140625 0.1015625 0.021875
1 0.27578125 0.29140625 0.0671875 0.0234375
1 0.27734375 0.2703125 0.028125 0.0515625
1 0.2625 0.2640625 0.078125 0.01875
1 0.290625 0.33671875 0.03125 0.0625
1 0.30625 0.32109375 0.05 0.0515625
1 0.3 0.37890625 0.1015625 0.03125
1 0.31484375 0.4546875 0.034375 0.059375
1 0.24765625 0.4171875 0.0453125 0.0625
1 0.08515625 0.528125 0.0265625 0.0765625
1 0.1703125 0.50703125 0.1015625 0.0296875
1 0.16015625 0.46640625 0.1046875 0.03125
1 0.18515625 0.48125 0.06875 0.04375
1 0.19921875 0.4328125 0.05625 0.0484375
1 0.17109375 0.43125 0.0609375 0.05625
1 0.0984375 0.4578125 0.0953125 0.0625
1 0.17109375 0.40390625 0.06875 0.040625
1 0.09921875 0.41796875 0.078125 0.0328125
1 0.19453125 0.375 0.09375 0.0328125
1 0.2015625 0.3578125 0.0640625 0.0703125
1 0.18125 0.34609375 0.0453125 0.05625
1 0.08671875 0.37734375 0.090625 0.0453125
