1 0.61328125 0.253125 0.090625 0.0328125
1 0.69296875 0.2796875 0.10625 0.0328125
1 0.684375 0.30390625 0.0578125 0.0578125
1 0.58203125 0.296875 0.0546875 0.059375
1 0.53515625 0.265625 0.0984375 0.021875
1 0.446875 0.265625 0.109375 0.03125
1 0.765625 0.3390625 0.0703125 0.0671875
1 0.81953125 0.35546875 0.046875 0.0546875
1 0.75546875 0.37109375 0.0515625 0.0625
1 0.696875 0.3578125 0.0578125 0.0546875
1 0.715625 0.39140625 0.0796875 0.053125
1 0.71171875 0.425 0.0703125 0.0671875
1 0.6484375 0.409375 0.0796875 0.0515625
1 0.6046875 0.378125 0.096875 0.0296875
1 0.79453125 0.4109375 0.05 0.0671875
1 0.7875 0.49921875 0.028125 0.0734375
1 0.8625 0.45546875 0.0703125 0.0734375
1 0.86796875 0.43671875 0.059375 0.0546875
1 0.82890625 0.4109375 0.034375 0.034375
1 0.88828125 0.52578125 0.03125 0.078125
1 0.82109375 0.53203125 0.0390625 0.0734375
1 0.8625 0.5984375 0.0453125 0.06875
1 0.80546875 0.58046875 0.071875 0.05625
1 0.79609375 0.60234375 0.075 0.04375
1 0.88828125 0.63515625 0.040625 0.08125
1 0.81796875 0.690625 0.0671875 0.059375
1 0.75078125 0.69453125 0.0578125 0.0453125
1 0.684375 0.665625 0.0890625 0.03125
1 0.6984375 0.63828125 0.0625 0.046875
1 0.71640625 0.55390625 0.075 0.04375
1 0.65703125 0.54765625 0.025 0.0703125
1 0.6796875 0.48671875 0.1046875 0.0265625
1 0.75390625 0.7453125 0.0984375 0.0421875
1 0.67265625 0.82265625 0.0859375 0.03125
1 0.625 0.7921875 0.1015625 0.0203125
1 0.5796875 0.75859375 0.0921875 0.034375
1 0.56875 0.72734375 0.0734375 0.0171875
1 0.58359375 0.69296875 0.05625 0.059375
1 0.590625 0.68671875 0.0765625 0.0171875
1 0.553125 0.74921875 0.0640625 0.0328125
1 0.56015625 0.8015625 0.08125 0.025
1 0.53359375 0.81015625 0.090625 0.0234375
1 0.55 0.840625 0.0875 0.021875
1 0.56953125 0.63671875 0.0828125 0.01875
1 0.54140625 0.590625 0.053125 0.0578125
1 0.61875 0.5671875 0.0546875 0.059375
1 0.553125 0.4796875 0.0921875 0.0171875
1 0.45546875 0.503125 0.071875 0.0546875
1 0.43828125 0.56796875 0.0265625 0.0640625
1 0.46484375 0.6046875 0.090625 0.021875
1 0.49921875 0.68046875 0.103125 0.0296875
1 0.48671875 0.75 0.0953125 0.05
1 0.43203125 0.78125 0.08125 0.0359375
1 0.384375 0.73359375 0.0796875 0.0484375
1 0.3921875 0.6578125 0.053125 0.0421875
1 0.3625 0.62734375 0.05 0.05
1 0.3578125 0.5421875 0.046875 0.0625
1 0.32734375 0.50703125 0.0546875 0.059375
1 0.42421875 0.43828125 0.078125 0.046875
1 0.41171875 0.3546875 0.1015625 0.021875
1 0.41875 0.31328125 0.0765625 0.025
1 0.2953125 0.3140625 0.0953125 0.0234375
1 0.24921875 0.36796875 0.075 0.04375
1 0.26484375 0.521875 0.053125 0.0734375
1 0.203125 0.48125 0.040625 0.075
1 0.171875 0.503125 0.03125 0.078125
1 0.15546875 0.53203125 0.025 0.0859375
1 0.2140625 0.55625 0.0296875 0.0625
1 0.2015625 0.609375 0.0328125 0.071875
1 0.13828125 0.64296875 0.040625 0.05625
1 0.26015625 0.6421875 0.040625 0.059375
1 0.315625 0.65625 0.04375 0.0515625
1 0.22109375 0.7453125 0.0640625 0.0546875
