1 0.70859375 0.721875 0.08125 0.0390625
1 0.7265625 0.684375 0.071875 0.075
1 0.71953125 0.665625 0.090625 0.0578125
1 0.71015625 0.628125 0.05625 0.0625
1 0.62421875 0.69296875 0.1203125 0.025
1 0.65546875 0.71171875 0.09375 0.04375
1 0.6046875 0.73125 0.075 0.0296875
1 0.56484375 0.72578125 0.1046875 0.015625
1 0.5890625 0.68359375 0.06875 0.0796875
1 0.603125 0.6609375 0.109375 0.034375
1 0.56015625 0.63515625 0.103125 0.0203125
1 0.63046875 0.60703125 0.0359375 0.0515625
1 0.67421875 0.58984375 0.0296875 0.0875
1 0.66953125 0.553125 0.0578125 0.0515625
1 0.62265625 0.5421875 0.1046875 0.01875
1 0.59921875 0.58671875 0.0265625 0.078125
1 0.57265625 0.5234375 0.08125 0.028125
1 0.74140625 0.58359375 0.053125 0.071875
1 0.8171875 0.59921875 0.109375 0.034375
1 0.78828125 0.60078125 0.0578125 0.0703125
1 0.80546875 0.56875 0.096875 0.0484375
1 0.8578125 0.5546875 0.0234375 0.065625
1 0.828125 0.540625 0.0984375 0.034375
1 0.81875 0.51640625 0.0859375 0.015625
1 0.84765625 0.49140625 0.10625 0.021875
1 0.84140625 0.459375 0.10625 0.046875
1 0.78515625 0.42421875 0.0875 0.046875
1 0.84375 0.415625 0.028125 0.078125
1 0.7703125 0.3515625 0.0328125 0.0890625
1 0.70625 0.471875 0.0796875 0.065625
1 0.69453125 0.44765625 0.0671875 0.078125
1 0.6265625 0.43828125 0.0859375 0.05625
1 0.61484375 0.375 0.09375 0.025
1 0.52578125 0.47421875 0.040625 0.0625
1 0.646875 0.3171875 0.059375 0.0625
1 0.70859375 0.29609375 0.1078125 0.0328125
1 0.7390625 0.25078125 0.084375 0.0640625
1 0.665625 0.26640625 0.0875 0.05
1 0.59375 0.2984375 0.0421875 0.071875
1 0.53359375 0.29140625 0.0640625 0.0609375
1 0.52421875 0.378125 0.028125 0.0734375
1 0.47109375 0.37421875 0.0421875 0.0484375
1 0.44296875 0.32890625 0.03125 0.0859375
1 0.48984375 0.2734375 0.08125 0.0328125
1 0.64921875 0.234375 0.065625 0.046875
1 0.58671875 0.196875 0.090625 0.05625
1 0.553125 0.221875 0.1015625 0.0234375
1 0.48046875 0.2078125 0.0828125 0.0359375
1 0.4921875 0.18046875 0.1046875 0.028125
1 0.39296875 0.21328125 0.0953125 0.025
1 0.42734375 0.25546875 0.11875 0.0203125
1 0.4 0.38125 0.040625 0.0734375
1 0.4375 0.44765625 0.05625 0.0453125
1 0.40859375 0.43984375 0.0671875 0.05
1 0.421875 0.4921875 0.096875 0.021875
1 0.4359375 0.5453125 0.0546875 0.0609375
1 0.4296875 0.5890625 0.0890625 0.0359375
1 0.5046875 0.58671875 0.090625 0.0296875
1 0.428125 0.63125 0.1046875 0.0234375
1 0.46640625 0.68125 0.028125 0.078125
1 0.50546875 0.74140625 0.0890625 0.021875
1 0.428125 0.73671875 0.075 0.0484375
1 0.4203125 0.7140625 0.090625 0.021875
1 0.34453125 0.715625 0.09375 0.0234375
1 0.4 0.665625 0.0859375 0.028125
1 0.3265625 0.6765625 0.0609375 0.0625
1 0.37421875 0.55234375 0.071875 0.046875
1 0.32890625 0.5515625 0.034375 0.059375
1 0.26171875 0.59296875 0.09375 0.065625
1 0.22421875 0.66171875 0.0984375 0.0265625
1 0.16328125 0.59921875 0.09375 0.0359375
1 0.21484375 0.54453125 0.08125 0.0390625
1 0.25625 0.5015625 0.0515625 0.065625
1 0.31875 0.459375 0.0359375 0.071875
1 0.1046875 0.55859375 0.0359375 0.06875
1 0.16171875 0.5296875 0.0671875 0.04375
1 0.1453125 0.51640625 0.0375 0.0625
1 0.08828125 0.5 0.0609375 0.0421875
1 0.15390625 0.4609375 0.0484375 0.06875
1 0.1 0.43125 0.078125 0.0640625
1 0.13515625 0.4234375 0.040625 0.071875
1 0.20859375 0.41953125 0.0265625 0.078125
1 0.23125 0.4625 0.05625 0.05625
1 0.26953125 0.4078125 0.034375 0.0609375
1 0.1203125 0.38046875 0.0421875 0.0671875
1 0.24140625 0.35234375 0.1078125 0.0265625
1 0.13515625 0.3140625 0.0328125 0.0703125
1 0.35234375 0.37890625 0.0328125 0.065625
1 0.259375 0.30234375 0.025 0.053125
1 0.2859375 0.28359375 0.04375 0.0640625
1 0.3421875 0.290625 0.1078125 0.03125
1 0.203125 0.2859375 0.084375 0.05625
1 0.1734375 0.26875 0.0546875 0.0546875
1 0.27421875 0.21171875 0.115625 0.0234375
1 0.31328125 0.23515625 0.065625 0.0625
