1 0.49375 0.12421875 0.028125 0.0765625
1 0.52265625 0.21796875 0.075 0.065625
1 0.528125 0.171875 0.1015625 0.0359375
1 0.521875 0.171875 0.0515625 0.0578125
1 0.5671875 0.15 0.071875 0.0609375
1 0.4609375 0.2109375 0.059375 0.0375
1 0.3984375 0.20390625 0.0921875 0.021875
1 0.43125 0.23359375 0.0828125 0.0328125
1 0.40859375 0.19296875 0.078125 0.0296875
1 0.41875 0.12578125 0.0625 0.0671875
1 0.6390625 0.1484375 0.0375 0.084375
1 0.68984375 0.21953125 0.078125 0.0265625
1 0.66796875 0.203125 0.0703125 0.025
1 0.6921875 0.1828125 0.0234375 0.0859375
1 0.72421875 0.171875 0.059375 0.046875
1 0.25234375 0.1890625 0.0875 0.0328125
1 0.2796875 0.1796875 0.0734375 0.03125
1 0.28984375 0.15546875 0.0796875 0.0171875
1 0.21640625 0.2171875 0.09375 0.034375
1 0.17109375 0.2546875 0.0875 0.0328125
1 0.22734375 0.26796875 0.0453125 0.0640625
1 0.2625 0.31171875 0.0421875 0.084375
1 0.3015625 0.3015625 0.0625 0.0296875
1 0.334375 0.3421875 0.0453125 0.0671875
1 0.309375 0.36875 0.0734375 0.0390625
1 0.3171875 0.39921875 0.0234375 0.075
1 0.2546875 0.37578125 0.0875 0.034375
1 0.26796875 0.41171875 0.084375 0.040625
1 0.290625 0.40859375 0.0546875 0.0234375
1 0.2703125 0.4375 0.05625 0.0640625
1 0.16171875 0.42421875 0.028125 0.06875
1 0.190625 0.4171875 0.0171875 0.0578125
1 0.22109375 0.41875 0.0359375 0.053125
1 0.3203125 0.44375 0.090625 0.025
1 0.27578125 0.47265625 0.021875 0.065625
1 0.16796875 0.35703125 0.028125 0.0828125
1 0.140625 0.3984375 0.0453125 0.06875
1 0.1546875 0.45625 0.0859375 0.0390625
1 0.10703125 0.4046875 0.0359375 0.0796875
1 0.1078125 0.3765625 0.0546875 0.046875
1 0.059375 0.38203125 0.0515625 0.0765625
1 0.06015625 0.47890625 0.0921875 0.0234375
1 0.0765625 0.45859375 0.090625 0.0296875
1 0.084375 0.43984375 0.0328125 0.0390625
1 0.15 0.4890625 0.0296875 0.065625
1 0.10625 0.55234375 0.084375 0.0625
1 0.0484375 0.559375 0.0546875 0.08125
1 0.0953125 0.63984375 0.0734375 0.0796875
1 0.1828125 0.628125 0.0671875 0.0625
1 0.1765625 0.63828125 0.04375 0.0734375
1 0.2015625 0.49375 0.05625 0.0703125
1 0.2328125 0.51484375 0.0734375 0.053125
1 0.2390625 0.57421875 0.0265625 0.0765625
1 0.2390625 0.553125 0.0734375 0.0390625
1 0.18828125 0.56171875 0.0234375 0.071875
1 0.103125 0.6921875 0.0703125 0.084375
1 0.16015625 0.76953125 0.0875 0.05
1 0.16484375 0.73671875 0.075 0.025
1 0.1625 0.7109375 0.096875 0.021875
1 0.16640625 0.6890625 0.0984375 0.0296875
1 0.2046875 0.7265625 0.06875 0.040625
1 0.19921875 0.7125 0.046875 0.08125
1 0.121875 0.73984375 0.1046875 0.025
1 0.17109375 0.7625 0.075 0.0125
1 0.25 0.75078125 0.0828125 0.03125
1 0.2453125 0.7453125 0.01875 0.059375
1 0.27109375 0.740625 0.0390625 0.0703125
1 0.31328125 0.77265625 0.096875 0.028125
1 0.27890625 0.79375 0.0546875 0.021875
1 0.24609375 0.66640625 0.0484375 0.0640625
1 0.253125 0.66328125 0.025 0.0578125
1 0.3140625 0.66953125 0.078125 0.0671875
1 0.31953125 0.6640625 0.1 0.025
1 0.31171875 0.63671875 0.0703125 0.0265625
1 0.32734375 0.70703125 0.0390625 0.0515625
1 0.29296875 0.68203125 0.0546875 0.021875
1 0.38125 0.634375 0.0796875 0.0296875
1 0.27265625 0.596875 0.10625 0.0234375
1 0.34375 0.58671875 0.0640625 0.065625
1 0.38359375 0.58359375 0.04375 0.075
1 0.30390625 0.56328125 0.01875 0.0671875
1 0.31875 0.525 0.08125 0.05
1 0.35625 0.5015625 0.078125 0.021875
1 0.3953125 0.5015625 0.0546875 0.0859375
1 0.4375 0.52734375 0.0484375 0.0875
1 0.41015625 0.32421875 0.0875 0.0265625
1 0.42265625 0.33671875 0.065625 0.0453125
1 0.37890625 0.35625 0.0875 0.03125
1 0.38046875 0.3890625 0.0703125 0.03125
1 0.378125 0.440625 0.0484375 0.0625
1 0.44296875 0.4328125 0.071875 0.021875
1 0.4859375 0.4 0.0625 0.05
1 0.5015625 0.309375 0.0796875 0.059375
1 0.7578125 0.20703125 0.065625 0.053125
1 0.80703125 0.2203125 0.0328125 0.09375
1 0.8015625 0.2984375 0.08125 0.0453125
1 0.78359375 0.2671875 0.04375 0.040625
1 0.7546875 0.3109375 0.0296875 0.0671875
1 0.740625 0.334375 0.0671875 0.0296875
1 0.58203125 0.2390625 0.0328125 0.0671875
1 0.61796875 0.284375 0.1 0.05
1 0.6296875 0.28671875 0.03125 0.0703125
1 0.6390625 0.26875 0.04375 0.071875
1 0.58984375 0.3 0.0328125 0.065625
1 0.54921875 0.29140625 0.0203125 0.05625
1 0.6734375 0.2984375 0.046875 0.0625
1 0.6625 0.31796875 0.0796875 0.0296875
1 0.71015625 0.365625 0.0546875 0.0671875
1 0.70625 0.4015625 0.05625 0.053125
1 0.69765625 0.3921875 0.04375 0.0953125
1 0.5515625 0.40546875 0.0546875 0.0625
1 0.834375 0.31171875 0.0515625 0.0703125
1 0.8078125 0.37890625 0.0984375 0.0296875
1 0.86796875 0.41875 0.0640625 0.0390625
1 0.85625 0.39609375 0.071875 0.025
1 0.8375 0.4296875 0.0375 0.0765625
1 0.8 0.484375 0.0703125 0.0234375
1 0.80078125 0.49609375 0.0234375 0.1046875
1 0.7515625 0.4921875 0.03125 0.0703125
1 0.82265625 0.5390625 0.09375 0.040625
1 0.53359375 0.53671875 0.071875 0.0421875
1 0.559375 0.5375 0.04375 0.0265625
1 0.49296875 0.56953125 0.05 0.0625
1 0.53203125 0.62265625 0.046875 0.0640625
1 0.55625 0.62734375 0.078125 0.0265625
1 0.56171875 0.6953125 0.0671875 0.08125
1 0.60703125 0.64140625 0.040625 0.078125
1 0.615625 0.634375 0.0921875 0.0484375
1 0.646875 0.5828125 0.0859375 0.028125
1 0.70390625 0.58203125 0.059375 0.0703125
1 0.73984375 0.57109375 0.078125 0.0390625
1 0.79140625 0.6 0.0828125 0.04375
1 0.71328125 0.64765625 0.084375 0.040625
1 0.7078125 0.6703125 0.028125 0.0578125
1 0.77890625 0.659375 0.078125 0.059375
1 0.80078125 0.70546875 0.0578125 0.0796875
1 0.246875 0.8375 0.1171875 0.0484375
1 0.2671875 0.87578125 0.0859375 0.0546875
1 0.31640625 0.85234375 0.0640625 0.06875
1 0.33046875 0.8375 0.0765625 0.0640625
1 0.36953125 0.83515625 0.0734375 0.0640625
1 0.36484375 0.80234375 0.0765625 0.0453125
1 0.37890625 0.884375 0.03125 0.0828125
1 0.425 0.8921875 0.0671875 0.0640625
1 0.43125 0.79765625 0.0703125 0.06875
1 0.48125 0.78203125 0.121875 0.03125
1 0.4765625 0.85234375 0.0640625 0.0859375
1 0.47578125 0.8078125 0.0703125 0.04375
1 0.44453125 0.8390625 0.096875 0.0375
1 0.4984375 0.871875 0.0828125 0.0578125
1 0.54765625 0.85 0.0578125 0.0421875
1 0.5328125 0.9 0.10625 0.0328125
1 0.60625 0.9125 0.0703125 0.059375
1 0.4953125 0.71171875 0.028125 0.0859375
1 0.5515625 0.75859375 0.046875 0.0734375
1 0.56953125 0.80859375 0.0984375 0.03125
1 0.61171875 0.85625 0.0625 0.028125
1 0.6875 0.76171875 0.096875 0.0328125
1 0.63359375 0.83984375 0.1015625 0.025
1 0.7125 0.8453125 0.09375 0.0484375
1 0.68125 0.825 0.0265625 0.084375
1 0.7109375 0.83671875 0.0421875 0.0890625
1 0.66640625 0.83984375 0.028125 0.021875
1 0.759375 0.784375 0.0296875 0.0703125
1 0.79375 0.8078125 0.028125 0.09375
1 0.83203125 0.78828125 0.0859375 0.059375
1 0.9 0.72265625 0.0453125 0.075
1 0.93125 0.690625 0.0390625 0.0890625
1 0.83046875 0.63359375 0.0546875 0.0625
1 0.89296875 0.603125 0.0890625 0.0890625
1 0.909375 0.6390625 0.0953125 0.0296875
1 0.95 0.59296875 0.09375 0.028125
1 0.9625 0.51328125 0.0640625 0.0546875
1 0.94140625 0.43125 0.06875 0.0640625
