1 0.56328125 0.1765625 0.10625 0.0328125
1 0.36796875 0.20390625 0.0515625 0.0953125
1 0.20625 0.27890625 0.0765625 0.1140625
1 0.33046875 0.31875 0.071875 0.0765625
1 0.23984375 0.434375 0.0734375 0.0859375
1 0.27109375 0.5328125 0.0953125 0.0859375
1 0.38515625 0.49921875 0.0375 0.071875
1 0.35078125 0.59609375 0.034375 0.109375
1 0.2703125 0.675 0.0546875 0.1015625
1 0.1421875 0.59296875 0.071875 0.08125
1 0.17421875 0.69140625 0.090625 0.103125
1 0.1671875 0.80703125 0.096875 0.0671875
1 0.76484375 0.290625 0.10625 0.0390625
1 0.6890625 0.33046875 0.0984375 0.0328125
1 0.70078125 0.284375 0.1 0.0453125
1 0.6375 0.2921875 0.078125 0.0609375
1 0.87578125 0.40234375 0.0609375 0.0734375
1 0.721875 0.44375 0.1078125 0.04375
1 0.6625 0.42421875 0.096875 0.0296875
1 0.7828125 0.48515625 0.0984375 0.0671875
1 0.73984375 0.50546875 0.0796875 0.0765625
1 0.67734375 0.55390625 0.040625 0.0890625
1 0.54453125 0.475 0.1171875 0.0640625
1 0.65234375 0.65234375 0.11875 0.034375
1 0.62578125 0.625 0.0734375 0.08125
1 0.81171875 0.584375 0.0796875 0.0671875
1 0.86171875 0.6328125 0.0296875 0.0796875
1 0.81796875 0.7765625 0.0515625 0.090625
1 0.8375 0.74296875 0.0640625 0.0671875
1 0.725 0.815625 0.0734375 0.05
1 0.62421875 0.91875 0.121875 0.0484375
1 0.63515625 0.8609375 0.0984375 0.0296875
1 0.53359375 0.81796875 0.0375 0.0875
1 0.42421875 0.75546875 0.11875 0.0859375
1 0.434375 0.87265625 0.103125 0.04375
1 0.32578125 0.8984375 0.1171875 0.0421875
1 0.3515625 0.865625 0.0796875 0.0765625
