1 0.3953125 0.9046875 0.0515625 0.1125
1 0.59375 0.865625 0.134375 0.046875
1 0.71640625 0.83671875 0.125 0.075
1 0.66328125 0.7875 0.1171875 0.0765625
1 0.825 0.75078125 0.0734375 0.1015625
1 0.7875 0.67421875 0.0984375 0.1109375
1 0.9203125 0.68671875 0.1125 0.0734375
1 0.353125 0.7015625 0.0828125 0.11875
1 0.22578125 0.74921875 0.0984375 0.0828125
1 0.1359375 0.76328125 0.1140625 0.0875
1 0.13359375 0.62890625 0.08125 0.0953125
1 0.34140625 0.6140625 0.1453125 0.0375
1 0.103125 0.56953125 0.0625 0.0796875
1 0.28828125 0.5203125 0.053125 0.109375
1 0.465625 0.5765625 0.1 0.04375
1 0.3484375 0.5203125 0.0546875 0.0796875
1 0.5015625 0.53046875 0.125 0.0484375
1 0.46484375 0.53515625 0.0890625 0.05625
1 0.36015625 0.48828125 0.0546875 0.075
1 0.45 0.48671875 0.09375 0.08125
1 0.5703125 0.51640625 0.10625 0.071875
1 0.6375 0.603125 0.175 0.05625
1 0.9640625 0.62578125 0.040625 0.090625
1 0.925 0.54140625 0.0890625 0.0828125
1 0.95546875 0.42421875 0.0890625 0.0734375
1 0.89140625 0.459375 0.0859375 0.0828125
1 0.7484375 0.41796875 0.115625 0.071875
1 0.609375 0.43984375 0.1140625 0.0921875
1 0.5359375 0.40625 0.10625 0.065625
1 0.18984375 0.49765625 0.1125 0.0453125
1 0.0484375 0.47578125 0.096875 0.0421875
1 0.209375 0.425 0.0546875 0.10625
1 0.2609375 0.275 0.0875 0.08125
1 0.3984375 0.3265625 0.1125 0.046875
1 0.5171875 0.2640625 0.075 0.0796875
1 0.60078125 0.21796875 0.096875 0.0640625
1 0.65546875 0.3140625 0.1453125 0.0609375
1 0.646875 0.32109375 0.1203125 0.0640625
1 0.690625 0.26484375 0.1609375 0.04375
1 0.7875 0.290625 0.06875 0.0953125
1 0.8609375 0.34140625 0.046875 0.1109375
1 0.88984375 0.29453125 0.1015625 0.0671875
