1 0.58515625 0.803125 0.0828125 0.0515625
1 0.56953125 0.7765625 0.0984375 0.01875
1 0.6125 0.740625 0.065625 0.0796875
1 0.5890625 0.76171875 0.0546875 0.0375
1 0.5703125 0.73125 0.0609375 0.0515625
1 0.534375 0.7359375 0.115625 0.0171875
1 0.62734375 0.71796875 0.028125 0.0625
1 0.5265625 0.790625 0.0703125 0.040625
1 0.4859375 0.8046875 0.1046875 0.0265625
1 0.471875 0.77578125 0.090625 0.03125
1 0.39140625 0.80234375 0.1265625 0.0234375
1 0.38125 0.746875 0.115625 0.0203125
1 0.45 0.74921875 0.0484375 0.078125
1 0.44765625 0.715625 0.09375 0.01875
1 0.4953125 0.6890625 0.1 0.034375
1 0.57578125 0.66796875 0.03125 0.0671875
1 0.59765625 0.66875 0.053125 0.059375
1 0.690625 0.68671875 0.0390625 0.0578125
1 0.72109375 0.728125 0.0703125 0.06875
1 0.80078125 0.71875 0.115625 0.0328125
1 0.83359375 0.675 0.0421875 0.06875
1 0.71015625 0.628125 0.0421875 0.071875
1 0.76875 0.646875 0.06875 0.0515625
1 0.81328125 0.6296875 0.121875 0.025
1 0.76328125 0.61875 0.0203125 0.0640625
1 0.83125 0.615625 0.021875 0.0703125
1 0.81328125 0.60390625 0.05625 0.0515625
1 0.8578125 0.58515625 0.0375 0.0734375
1 0.90859375 0.5703125 0.0703125 0.025
1 0.81484375 0.56875 0.03125 0.0453125
1 0.85546875 0.575 0.034375 0.0515625
1 0.85859375 0.53828125 0.065625 0.0765625
1 0.80390625 0.528125 0.06875 0.065625
1 0.90625 0.49921875 0.1109375 0.025
1 0.77578125 0.49921875 0.0234375 0.05
1 0.77265625 0.46875 0.01875 0.05
1 0.7875 0.47265625 0.05625 0.0546875
1 0.74609375 0.46484375 0.065625 0.021875
1 0.72265625 0.48359375 0.05 0.0515625
1 0.90859375 0.46328125 0.096875 0.0171875
1 0.69609375 0.52734375 0.04375 0.04375
1 0.70234375 0.5109375 0.1140625 0.01875
1 0.709375 0.56953125 0.0203125 0.0515625
1 0.6296875 0.590625 0.0828125 0.059375
1 0.64375 0.56953125 0.0859375 0.0546875
1 0.6046875 0.50625 0.05 0.04375
1 0.65078125 0.48125 0.028125 0.0609375
1 0.784375 0.42421875 0.0515625 0.0328125
1 0.7984375 0.41484375 0.040625 0.065625
1 0.76484375 0.40078125 0.0734375 0.0140625
1 0.74375 0.4125 0.05 0.0625
1 0.6546875 0.45703125 0.0671875 0.04375
1 0.6796875 0.43046875 0.090625 0.028125
1 0.63671875 0.396875 0.0671875 0.0234375
1 0.696875 0.39609375 0.05625 0.0453125
1 0.88984375 0.434375 0.1234375 0.0234375
1 0.85703125 0.40234375 0.09375 0.04375
1 0.84296875 0.36640625 0.0421875 0.0609375
1 0.81171875 0.33671875 0.1078125 0.0359375
1 0.715625 0.35234375 0.0625 0.03125
1 0.796875 0.29921875 0.0875 0.028125
1 0.72109375 0.2984375 0.0390625 0.06875
1 0.659375 0.25546875 0.0390625 0.0640625
1 0.63125 0.2703125 0.0859375 0.01875
1 0.665625 0.2421875 0.071875 0.0296875
1 0.5703125 0.23203125 0.0671875 0.0203125
1 0.603125 0.22109375 0.096875 0.0125
1 0.58203125 0.34375 0.0296875 0.0578125
1 0.54375 0.32265625 0.0390625 0.0625
1 0.4671875 0.25234375 0.0671875 0.040625
1 0.42421875 0.25078125 0.0703125 0.03125
1 0.3953125 0.27109375 0.05 0.046875
1 0.43125 0.29921875 0.0625 0.0296875
1 0.40078125 0.325 0.046875 0.0390625
1 0.403125 0.303125 0.0625 0.015625
1 0.44375 0.38828125 0.0703125 0.0328125
1 0.40703125 0.42265625 0.0296875 0.065625
1 0.4015625 0.41953125 0.071875 0.0359375
1 0.4046875 0.4609375 0.0609375 0.0390625
1 0.415625 0.43671875 0.0609375 0.021875
1 0.4640625 0.46328125 0.0859375 0.028125
1 0.44921875 0.45078125 0.09375 0.01875
1 0.496875 0.4421875 0.0453125 0.0453125
1 0.52578125 0.44140625 0.0265625 0.0578125
1 0.4828125 0.5015625 0.0703125 0.0625
1 0.51328125 0.60625 0.10625 0.01875
1 0.52890625 0.60390625 0.0515625 0.059375
1 0.45 0.59375 0.0640625 0.0484375
1 0.41875 0.61796875 0.0203125 0.071875
1 0.44140625 0.578125 0.0734375 0.03125
1 0.40625 0.596875 0.09375 0.0203125
1 0.20703125 0.71953125 0.0953125 0.03125
1 0.11796875 0.68046875 0.0578125 0.0515625
1 0.278125 0.69921875 0.0671875 0.0546875
1 0.334375 0.684375 0.0953125 0.04375
1 0.21015625 0.659375 0.0234375 0.0671875
1 0.17421875 0.66640625 0.0984375 0.0234375
1 0.31875 0.65703125 0.0796875 0.0265625
1 0.24765625 0.64375 0.0890625 0.0234375
1 0.3203125 0.6171875 0.0328125 0.059375
1 0.23125 0.61171875 0.1046875 0.028125
1 0.14765625 0.59140625 0.1 0.04375
1 0.2953125 0.57578125 0.0796875 0.025
1 0.246875 0.56484375 0.071875 0.0359375
1 0.359375 0.53125 0.0328125 0.046875
1 0.21484375 0.5296875 0.08125 0.0296875
1 0.16953125 0.5375 0.028125 0.065625
1 0.15 0.49921875 0.028125 0.06875
1 0.3015625 0.46328125 0.090625 0.0359375
1 0.18828125 0.4640625 0.025 0.0609375
1 0.3359375 0.41484375 0.0796875 0.0171875
1 0.26796875 0.39140625 0.0546875 0.04375
1 0.22578125 0.36796875 0.0375 0.078125
1 0.25546875 0.3796875 0.021875 0.0515625
1 0.31171875 0.36171875 0.04375 0.0390625
1 0.315625 0.359375 0.078125 0.0171875
1 0.37734375 0.35390625 0.0625 0.0234375
1 0.36015625 0.3375 0.05625 0.04375
1 0.35 0.2625 0.0734375 0.040625
1 0.32109375 0.25703125 0.08125 0.0359375
1 0.2609375 0.296875 0.0609375 0.0578125
1 0.2359375 0.3234375 0.096875 0.01875
