1 0.26171875 0.46875 0.0609375 0.0671875
1 0.25703125 0.53671875 0.05234375 0.06640625
1 0.2953125 0.490625 0.04296875 0.0609375
1 0.19375 0.52265625 0.11328125 0.06328125
1 0.0953125 0.63125 0.05 0.08671875
1 0.12578125 0.6296875 0.07109375 0.06796875
1 0.14609375 0.61796875 0.06796875 0.05
1 0.1953125 0.6046875 0.0921875 0.0703125
1 0.17734375 0.59453125 0.11328125 0.02734375
1 0.17734375 0.58203125 0.0484375 0.0625
1 0.175 0.49296875 0.08359375 0.06953125
1 0.1984375 0.66484375 0.084375 0.0703125
1 0.159375 0.73515625 0.06953125 0.08125
1 0.1390625 0.70703125 0.040625 0.0796875
1 0.15078125 0.68515625 0.0640625 0.05703125
1 0.178125 0.65703125 0.0796875 0.065625
1 0.24375 0.596875 0.0390625 0.07421875
1 0.290625 0.63046875 0.0953125 0.04140625
1 0.23359375 0.653125 0.03984375 0.07265625
1 0.1921875 0.80625 0.04296875 0.090625
1 0.20546875 0.7625 0.08828125 0.075
1 0.1984375 0.73515625 0.03125 0.08828125
1 0.22265625 0.8390625 0.0421875 0.07890625
1 0.2390625 0.8578125 0.0375 0.059375
1 0.2734375 0.83046875 0.0609375 0.09140625
1 0.359375 0.86171875 0.0765625 0.0625
1 0.3359375 0.8046875 0.134375 0.04140625
1 0.37265625 0.77890625 0.07578125 0.0640625
1 0.5703125 0.784375 0.09140625 0.0859375
1 0.621875 0.73125 0.13359375 0.04140625
1 0.740625 0.7109375 0.04296875 0.0796875
1 0.703125 0.63984375 0.090625 0.0828125
1 0.59453125 0.61484375 0.05859375 0.0953125
1 0.35703125 0.58515625 0.096875 0.0171875
1 0.33828125 0.53359375 0.125 0.0421875
1 0.37734375 0.55859375 0.0625 0.05390625
1 0.43125 0.5390625 0.09375 0.053125
1 0.36953125 0.50859375 0.03359375 0.0515625
1 0.4109375 0.5171875 0.08046875 0.028125
1 0.4203125 0.490625 0.0609375 0.03515625
1 0.409375 0.46640625 0.11328125 0.01953125
1 0.390625 0.4640625 0.071875 0.028125
1 0.45390625 0.4953125 0.06875 0.053125
1 0.5265625 0.503125 0.10078125 0.0453125
1 0.5859375 0.50546875 0.07421875 0.0484375
1 0.66328125 0.49140625 0.0578125 0.05390625
1 0.6953125 0.46875 0.075 0.04609375
1 0.746875 0.53828125 0.08515625 0.0625
1 0.77421875 0.58515625 0.078125 0.059375
1 0.68671875 0.57109375 0.10234375 0.02734375
1 0.68203125 0.5515625 0.08671875 0.03046875
1 0.79765625 0.7453125 0.07265625 0.09375
1 0.921875 0.73984375 0.13125 0.0421875
1 0.825 0.88046875 0.13828125 0.07890625
1 0.8390625 0.8234375 0.14609375 0.0578125
