1 0.48203125 0.715625 0.109375 0.0625
1 0.37109375 0.7 0.128125 0.0328125
1 0.74296875 0.625 0.1203125 0.034375
1 0.57890625 0.58125 0.1328125 0.0359375
1 0.309375 0.57421875 0.128125 0.0390625
1 0.1921875 0.52421875 0.13125 0.034375
1 0.36953125 0.46953125 0.128125 0.0484375
1 0.63828125 0.50859375 0.0921875 0.0609375
1 0.85078125 0.4828125 0.075 0.0953125
1 0.8296875 0.3390625 0.0484375 0.1109375
1 0.59609375 0.3109375 0.0546875 0.09375
1 0.53125 0.3984375 0.09375 0.08125
1 0.25234375 0.44375 0.0484375 0.0921875
1 0.1796875 0.40546875 0.040625 0.090625
1 0.16953125 0.32890625 0.1265625 0.021875
1 0.44296875 0.26640625 0.121875 0.04375
1 0.49453125 0.15390625 0.146875 0.0484375
