1 0.6078125 0.7546875 0.0453125 0.0875
1 0.5375 0.728125 0.0484375 0.015625
1 0.73125 0.73671875 0.08125 0.0828125
1 0.678125 0.6921875 0.0734375 0.0546875
1 0.734375 0.68046875 0.0234375 0.08125
1 0.82890625 0.653125 0.08125 0.0546875
1 0.840625 0.63046875 0.0578125 0.04375
1 0.7671875 0.63828125 0.0578125 0.0421875
1 0.7640625 0.6046875 0.096875 0.0484375
1 0.859375 0.5671875 0.0703125 0.065625
1 0.84375 0.51328125 0.053125 0.06875
1 0.79140625 0.4640625 0.021875 0.0703125
1 0.828125 0.46640625 0.04375 0.0734375
1 0.7421875 0.4578125 0.0921875 0.0328125
1 0.73515625 0.5109375 0.090625 0.046875
1 0.70546875 0.51484375 0.0953125 0.0359375
1 0.60078125 0.53671875 0.075 0.04375
1 0.58984375 0.48359375 0.08125 0.028125
1 0.68984375 0.4046875 0.028125 0.059375
1 0.79453125 0.3890625 0.05625 0.04375
1 0.6984375 0.359375 0.0515625 0.078125
1 0.60078125 0.28359375 0.0953125 0.0328125
1 0.5484375 0.35625 0.08125 0.05
1 0.4921875 0.3796875 0.0484375 0.0484375
1 0.47265625 0.3390625 0.0875 0.0265625
1 0.4609375 0.33359375 0.065625 0.021875
1 0.3859375 0.27109375 0.06875 0.0265625
1 0.32890625 0.28671875 0.0828125 0.0171875
1 0.3359375 0.3890625 0.08125 0.053125
1 0.32734375 0.35703125 0.0625 0.0234375
1 0.46640625 0.4875 0.0828125 0.046875
1 0.48125 0.5296875 0.0984375 0.0296875
1 0.56484375 0.6109375 0.0890625 0.0640625
1 0.4109375 0.64609375 0.090625 0.03125
1 0.3515625 0.73203125 0.0703125 0.040625
1 0.29140625 0.6875 0.0796875 0.046875
1 0.19375 0.70625 0.0828125 0.059375
1 0.18125 0.64921875 0.0453125 0.0515625
1 0.23203125 0.609375 0.0703125 0.03125
1 0.13828125 0.6109375 0.065625 0.0359375
1 0.19453125 0.5625 0.0703125 0.0515625
1 0.14453125 0.553125 0.084375 0.0421875
1 0.21328125 0.515625 0.046875 0.0546875
1 0.15 0.4828125 0.0578125 0.075
1 0.184375 0.4453125 0.0640625 0.0625
1 0.31171875 0.44609375 0.0375 0.0625
1 0.25546875 0.40625 0.0875 0.0359375
1 0.24296875 0.37734375 0.0953125 0.021875
