1 0.66953125 0.759375 0.12578125 0.06640625
1 0.08359375 0.46328125 0.1359375 0.03671875
1 0.32265625 0.415625 0.11875 0.04609375
1 0.48828125 0.4203125 0.134375 0.03515625
1 0.56484375 0.4296875 0.12109375 0.0421875
1 0.534375 0.55390625 0.140625 0.05546875
1 0.55546875 0.48515625 0.11484375 0.03046875
1 0.453125 0.51171875 0.1515625 0.0375
1 0.60390625 0.5328125 0.1234375 0.03359375
1 0.6734375 0.63515625 0.1078125 0.0796875
1 0.6921875 0.61171875 0.1296875 0.075
1 0.68828125 0.59296875 0.03359375 0.08671875
1 0.72890625 0.5609375 0.153125 0.04453125
1 0.70546875 0.50234375 0.0765625 0.03515625
1 0.69609375 0.49140625 0.115625 0.02578125
1 0.7375 0.70078125 0.078125 0.09921875
1 0.78515625 0.6515625 0.06015625 0.1234375
1 0.821875 0.59453125 0.10859375 0.08984375
1 0.53203125 0.66015625 0.13671875 0.04375
