1 0.57421875 0.16015625 0.059375 0.0875
1 0.71796875 0.2265625 0.078125 0.0734375
1 0.5484375 0.234375 0.11875 0.05625
1 0.44140625 0.27109375 0.0640625 0.078125
1 0.403125 0.2546875 0.0625 0.09375
1 0.34765625 0.24921875 0.06875 0.0734375
1 0.7359375 0.30078125 0.0484375 0.0875
1 0.66953125 0.31796875 0.0578125 0.0921875
1 0.61875 0.3265625 0.084375 0.04375
1 0.56328125 0.29609375 0.10625 0.0390625
1 0.18125 0.371875 0.0421875 0.0609375
1 0.22578125 0.42109375 0.09375 0.0234375
1 0.34296875 0.4125 0.0859375 0.04375
1 0.44921875 0.384375 0.109375 0.021875
1 0.5375 0.3890625 0.04375 0.08125
1 0.64296875 0.38671875 0.065625 0.075
1 0.875 0.340625 0.0984375 0.0375
1 0.8546875 0.428125 0.053125 0.0859375
1 0.7859375 0.39140625 0.0953125 0.0703125
1 0.73828125 0.43359375 0.0515625 0.05625
1 0.70703125 0.415625 0.0484375 0.0828125
1 0.64140625 0.4328125 0.1015625 0.05625
1 0.52109375 0.44296875 0.09375 0.0390625
1 0.42734375 0.4453125 0.115625 0.0296875
1 0.44375 0.4875 0.0875 0.0515625
1 0.36953125 0.515625 0.1140625 0.0640625
1 0.3 0.54921875 0.09375 0.0390625
1 0.30390625 0.61484375 0.0390625 0.071875
1 0.359375 0.63515625 0.0546875 0.0671875
1 0.415625 0.63125 0.040625 0.0796875
1 0.49765625 0.59375 0.134375 0.025
1 0.615625 0.509375 0.04375 0.096875
1 0.559375 0.525 0.0296875 0.0859375
1 0.7171875 0.50625 0.0546875 0.0828125
1 0.78515625 0.49609375 0.125 0.0375
1 0.51328125 0.653125 0.103125 0.046875
1 0.55859375 0.6953125 0.0984375 0.0515625
1 0.65078125 0.6625 0.1109375 0.03125
1 0.66015625 0.58828125 0.0703125 0.06875
1 0.74375 0.559375 0.05625 0.046875
1 0.7515625 0.60546875 0.046875 0.0828125
1 0.81875 0.59609375 0.0390625 0.090625
