1 0.3046875 0.2484375 0.121875 0.04375
1 0.41015625 0.23984375 0.0546875 0.134375
1 0.60390625 0.240625 0.0671875 0.1109375
1 0.70234375 0.2640625 0.1328125 0.0328125
1 0.859375 0.35 0.1015625 0.0921875
1 0.8484375 0.45234375 0.159375 0.078125
1 0.65390625 0.39296875 0.1359375 0.0796875
1 0.43984375 0.3703125 0.103125 0.0421875
1 0.36640625 0.3984375 0.0765625 0.096875
1 0.19609375 0.4640625 0.0515625 0.0984375
1 0.0578125 0.421875 0.075 0.1046875
1 0.08046875 0.51953125 0.078125 0.0796875
1 0.29765625 0.540625 0.125 0.0546875
1 0.378125 0.5140625 0.1234375 0.05
1 0.6078125 0.58203125 0.0515625 0.0921875
1 0.2953125 0.609375 0.084375 0.0203125
1 0.23359375 0.6484375 0.096875 0.0671875
1 0.325 0.71875 0.1015625 0.05625
1 0.3984375 0.65 0.0640625 0.0671875
1 0.4734375 0.659375 0.059375 0.0859375
1 0.65625 0.6484375 0.128125 0.03125
1 0.62734375 0.715625 0.071875 0.065625
1 0.69296875 0.73671875 0.11875 0.0609375
1 0.8015625 0.73984375 0.1203125 0.0671875
1 0.778125 0.659375 0.1328125 0.05
1 0.84609375 0.61328125 0.1546875 0.0453125
