1 0.515625 0.09453125 0.1296875 0.0234375
1 0.66796875 0.11484375 0.134375 0.034375
1 0.546875 0.11640625 0.1234375 0.03125
1 0.54453125 0.14296875 0.11875 0.0375
1 0.6171875 0.16015625 0.0671875 0.053125
1 0.64609375 0.18359375 0.109375 0.059375
1 0.65703125 0.20390625 0.0734375 0.053125
1 0.5640625 0.22265625 0.0625 0.0734375
1 0.56875 0.21640625 0.078125 0.03125
1 0.70390625 0.21328125 0.0453125 0.0609375
1 0.68515625 0.24921875 0.090625 0.059375
1 0.61484375 0.240625 0.046875 0.065625
1 0.575 0.25859375 0.0484375 0.05625
1 0.8015625 0.18515625 0.0390625 0.0765625
1 0.79453125 0.21953125 0.0734375 0.075
1 0.7734375 0.22890625 0.0390625 0.046875
1 0.7546875 0.2453125 0.1015625 0.03125
1 0.846875 0.2171875 0.0421875 0.078125
1 0.83359375 0.25234375 0.1125 0.03125
1 0.88046875 0.23984375 0.059375 0.065625
1 0.8828125 0.28515625 0.0421875 0.065625
1 0.90390625 0.27734375 0.0375 0.053125
1 0.8515625 0.2984375 0.0453125 0.090625
1 0.81171875 0.296875 0.1140625 0.03125
1 0.91328125 0.3328125 0.0796875 0.046875
1 0.7109375 0.30078125 0.04375 0.04375
1 0.72890625 0.33359375 0.0703125 0.0609375
1 0.690625 0.290625 0.05 0.0609375
1 0.6640625 0.303125 0.0375 0.0890625
1 0.63515625 0.29140625 0.0484375 0.0484375
1 0.63984375 0.3125 0.10625 0.034375
1 0.6046875 0.321875 0.08125 0.0421875
1 0.60546875 0.33828125 0.1125 0.0234375
1 0.6625 0.353125 0.065625 0.0625
1 0.68828125 0.3421875 0.0734375 0.05625
1 0.6234375 0.3625 0.0984375 0.021875
1 0.8015625 0.35546875 0.05625 0.0546875
1 0.89375 0.40703125 0.1015625 0.0296875
1 0.8078125 0.39453125 0.0828125 0.028125
1 0.83671875 0.42265625 0.0296875 0.071875
1 0.83984375 0.44609375 0.040625 0.0515625
1 0.86875 0.4453125 0.0734375 0.0453125
1 0.88515625 0.4859375 0.0328125 0.040625
1 0.7171875 0.40859375 0.03125 0.0734375
1 0.765625 0.440625 0.046875 0.05625
1 0.66796875 0.46875 0.0234375 0.0703125
1 0.67421875 0.465625 0.0390625 0.053125
1 0.6359375 0.39609375 0.028125 0.0546875
1 0.58359375 0.38203125 0.0640625 0.0453125
1 0.6109375 0.42890625 0.0421875 0.0578125
1 0.528125 0.39609375 0.09375 0.01875
1 0.5015625 0.3640625 0.078125 0.046875
1 0.4546875 0.371875 0.0296875 0.0640625
1 0.396875 0.36171875 0.0875 0.0328125
1 0.375 0.36484375 0.0859375 0.025
1 0.36875 0.38203125 0.028125 0.0609375
1 0.42578125 0.4046875 0.065625 0.059375
1 0.52734375 0.434375 0.0625 0.0578125
1 0.57265625 0.4578125 0.0625 0.0578125
1 0.578125 0.47109375 0.084375 0.034375
1 0.525 0.4921875 0.0578125 0.0765625
1 0.4984375 0.475 0.0828125 0.03125
1 0.58359375 0.51171875 0.0265625 0.0484375
1 0.63828125 0.49609375 0.021875 0.0453125
1 0.709375 0.52578125 0.084375 0.0453125
1 0.7109375 0.521875 0.046875 0.0203125
1 0.65390625 0.521875 0.090625 0.0234375
1 0.66171875 0.53828125 0.040625 0.05
1 0.77109375 0.509375 0.0546875 0.0484375
1 0.76953125 0.53671875 0.103125 0.015625
1 0.7875 0.5359375 0.03125 0.05625
1 0.7171875 0.553125 0.090625 0.028125
1 0.6515625 0.5671875 0.06875 0.034375
1 0.734375 0.59375 0.071875 0.053125
1 0.72734375 0.58203125 0.05 0.0453125
1 0.75859375 0.60078125 0.0890625 0.034375
1 0.78828125 0.5734375 0.0828125 0.03125
1 0.85 0.5125 0.03125 0.053125
1 0.86171875 0.54921875 0.1 0.025
1 0.72734375 0.64375 0.090625 0.0390625
1 0.84375 0.56875 0.0234375 0.04375
1 0.634375 0.60234375 0.0578125 0.028125
1 0.625 0.603125 0.053125 0.034375
1 0.6296875 0.66328125 0.05625 0.0375
1 0.634375 0.61796875 0.01875 0.0421875
1 0.58671875 0.57109375 0.0734375 0.0203125
1 0.58046875 0.59140625 0.05625 0.0328125
1 0.55234375 0.534375 0.0875 0.0203125
1 0.52421875 0.56328125 0.046875 0.028125
1 0.5265625 0.58515625 0.084375 0.028125
1 0.571875 0.6375 0.0671875 0.021875
1 0.51875 0.59453125 0.04375 0.0234375
1 0.46015625 0.54375 0.0375 0.0515625
1 0.4328125 0.53125 0.0328125 0.0546875
1 0.52109375 0.6453125 0.0546875 0.0125
1 0.5921875 0.67265625 0.0796875 0.028125
1 0.55390625 0.66875 0.075 0.0359375
1 0.53671875 0.67265625 0.0546875 0.04375
1 0.4734375 0.6453125 0.0734375 0.0234375
1 0.46484375 0.6609375 0.0359375 0.0421875
1 0.48203125 0.65703125 0.05625 0.0390625
1 0.46640625 0.68828125 0.071875 0.021875
1 0.45 0.58203125 0.078125 0.025
1 0.40625 0.5875 0.084375 0.0203125
1 0.41875 0.61328125 0.09375 0.0265625
1 0.3875 0.6640625 0.0203125 0.0546875
1 0.35703125 0.6609375 0.040625 0.0578125
1 0.29921875 0.65546875 0.08125 0.03125
1 0.365625 0.42890625 0.0984375 0.0265625
1 0.3109375 0.40625 0.0765625 0.0203125
1 0.29296875 0.46484375 0.0578125 0.0296875
1 0.31875 0.5375 0.0703125 0.025
1 0.3015625 0.55234375 0.103125 0.01875
1 0.4015625 0.15859375 0.0578125 0.0609375
1 0.44609375 0.178125 0.1171875 0.025
1 0.4546875 0.22265625 0.05 0.0609375
1 0.38515625 0.240625 0.0484375 0.0375
1 0.378125 0.265625 0.1296875 0.0421875
1 0.4 0.2640625 0.0640625 0.015625
1 0.34453125 0.18203125 0.0890625 0.0671875
1 0.31953125 0.2015625 0.0703125 0.0515625
1 0.28046875 0.203125 0.078125 0.0203125
1 0.31015625 0.23984375 0.0921875 0.034375
1 0.24765625 0.18359375 0.096875 0.0796875
1 0.26171875 0.22421875 0.0984375 0.0296875
1 0.2578125 0.20859375 0.0296875 0.0703125
1 0.14296875 0.25703125 0.0640625 0.0609375
1 0.08046875 0.24921875 0.059375 0.0875
1 0.1828125 0.271875 0.040625 0.06875
1 0.2234375 0.3171875 0.03125 0.0703125
1 0.215625 0.33984375 0.0796875 0.0234375
1 0.15859375 0.3375 0.0359375 0.0703125
1 0.11796875 0.30859375 0.1078125 0.021875
1 0.175 0.36171875 0.0421875 0.05625
1 0.31875 0.31953125 0.0515625 0.0609375
1 0.29375 0.36171875 0.03125 0.06875
1 0.11171875 0.36640625 0.04375 0.0703125
1 0.2171875 0.40625 0.071875 0.025
1 0.21484375 0.421875 0.0921875 0.015625
1 0.19375 0.4234375 0.0484375 0.0546875
1 0.10390625 0.42265625 0.0734375 0.0515625
1 0.1453125 0.446875 0.053125 0.0484375
1 0.1484375 0.47421875 0.0875 0.0390625
1 0.23515625 0.4734375 0.0671875 0.04375
1 0.2109375 0.50390625 0.1015625 0.0359375
1 0.23671875 0.51328125 0.034375 0.0609375
1 0.10546875 0.51328125 0.0640625 0.0578125
1 0.18046875 0.53515625 0.025 0.0375
1 0.13359375 0.5609375 0.040625 0.053125
1 0.1765625 0.59453125 0.0640625 0.05
1 0.2484375 0.63203125 0.0296875 0.065625
