1 0.43984375 0.81484375 0.0921875 0.0421875
1 0.5359375 0.79453125 0.115625 0.03125
1 0.365625 0.75703125 0.153125 0.028125
1 0.6171875 0.74140625 0.128125 0.034375
1 0.359375 0.65078125 0.0546875 0.096875
1 0.228125 0.65703125 0.1125 0.05625
1 0.13203125 0.66875 0.05625 0.090625
1 0.06953125 0.61875 0.0671875 0.090625
1 0.22109375 0.525 0.0875 0.0875
1 0.121875 0.46875 0.1 0.05
1 0.50703125 0.634375 0.03125 0.0828125
1 0.61953125 0.60859375 0.11875 0.04375
1 0.678125 0.62578125 0.090625 0.05625
1 0.77578125 0.66953125 0.115625 0.05625
1 0.84765625 0.6046875 0.075 0.0671875
1 0.81796875 0.56953125 0.071875 0.065625
1 0.51953125 0.55625 0.0734375 0.065625
1 0.77265625 0.47734375 0.0734375 0.08125
1 0.50703125 0.4640625 0.0921875 0.028125
1 0.334375 0.45859375 0.06875 0.0734375
1 0.2296875 0.41328125 0.134375 0.028125
1 0.225 0.334375 0.075 0.08125
1 0.3109375 0.21953125 0.121875 0.0515625
1 0.51875 0.271875 0.09375 0.0765625
1 0.74609375 0.2984375 0.0796875 0.078125
1 0.5625 0.20078125 0.0859375 0.0625
