1 0.746875 0.7796875 0.0984375 0.053125
1 0.55390625 0.846875 0.09375 0.0375
1 0.58984375 0.79609375 0.0546875 0.078125
1 0.55703125 0.82265625 0.090625 0.021875
1 0.71328125 0.76875 0.0640625 0.0703125
1 0.63515625 0.77890625 0.090625 0.0234375
1 0.4703125 0.8390625 0.0828125 0.05625
1 0.4703125 0.8171875 0.1109375 0.0359375
1 0.5109375 0.775 0.10625 0.0359375
1 0.3828125 0.79296875 0.084375 0.05
1 0.4296875 0.72890625 0.1015625 0.028125
1 0.51875 0.71328125 0.096875 0.028125
1 0.41015625 0.70234375 0.0734375 0.01875
1 0.659375 0.70546875 0.0859375 0.0484375
1 0.6828125 0.6796875 0.0453125 0.078125
1 0.72578125 0.70078125 0.09375 0.05
1 0.79375 0.728125 0.0796875 0.0515625
1 0.75078125 0.7015625 0.05625 0.0453125
1 0.8578125 0.6625 0.046875 0.0625
1 0.79375 0.65703125 0.0796875 0.0390625
1 0.86015625 0.6203125 0.0703125 0.05
1 0.79765625 0.6140625 0.065625 0.0546875
1 0.8484375 0.57734375 0.0359375 0.059375
1 0.69375 0.6140625 0.0734375 0.0625
1 0.5703125 0.6390625 0.071875 0.0484375
1 0.8140625 0.5453125 0.0875 0.0578125
1 0.73203125 0.51640625 0.09375 0.034375
1 0.68828125 0.5359375 0.0921875 0.0359375
1 0.68125 0.49921875 0.0546875 0.071875
1 0.821875 0.484375 0.053125 0.0671875
1 0.7671875 0.490625 0.0765625 0.040625
1 0.71953125 0.44453125 0.078125 0.0671875
1 0.7640625 0.4265625 0.0984375 0.0359375
1 0.79453125 0.3875 0.0875 0.034375
1 0.74296875 0.34921875 0.09375 0.05
1 0.63828125 0.415625 0.090625 0.0359375
1 0.58046875 0.46328125 0.040625 0.0578125
1 0.59921875 0.365625 0.0953125 0.0328125
1 0.56875 0.32265625 0.0953125 0.028125
1 0.56640625 0.2671875 0.0921875 0.0453125
1 0.5734375 0.31171875 0.096875 0.0234375
1 0.49453125 0.25078125 0.1125 0.0359375
1 0.47421875 0.32578125 0.08125 0.040625
1 0.40703125 0.3515625 0.028125 0.0671875
1 0.50078125 0.3859375 0.0703125 0.0328125
1 0.50546875 0.41484375 0.0390625 0.05
1 0.475 0.46796875 0.0796875 0.05
1 0.4953125 0.52890625 0.0734375 0.065625
1 0.43203125 0.55078125 0.0625 0.0375
1 0.4203125 0.428125 0.0671875 0.05625
1 0.23125 0.77109375 0.04375 0.09375
1 0.1984375 0.71953125 0.090625 0.0578125
1 0.2703125 0.6921875 0.0421875 0.075
1 0.33359375 0.7265625 0.0609375 0.0859375
1 0.35 0.66640625 0.11875 0.03125
1 0.18046875 0.65625 0.0609375 0.05
1 0.128125 0.62421875 0.0328125 0.078125
1 0.17890625 0.60859375 0.078125 0.0671875
1 0.2671875 0.54921875 0.0375 0.0640625
1 0.33515625 0.58046875 0.034375 0.075
1 0.17890625 0.5703125 0.0796875 0.0421875
1 0.23984375 0.50625 0.0421875 0.0734375
1 0.1484375 0.46953125 0.09375 0.071875
1 0.08203125 0.48125 0.0890625 0.0609375
1 0.1234375 0.4125 0.0796875 0.053125
1 0.27578125 0.43828125 0.078125 0.046875
1 0.16796875 0.38671875 0.090625 0.040625
1 0.27578125 0.3921875 0.0859375 0.0359375
1 0.36328125 0.3859375 0.059375 0.05
1 0.328125 0.36015625 0.1 0.0328125
1 0.2515625 0.3375 0.05625 0.0578125
1 0.23203125 0.33828125 0.0671875 0.0453125
1 0.1734375 0.33828125 0.0671875 0.0625
