1 0.36171875 0.7109375 0.115625 0.0296875
1 0.4796875 0.72421875 0.0625 0.090625
1 0.66171875 0.721875 0.08125 0.028125
1 0.76484375 0.696875 0.1328125 0.0234375
1 0.6796875 0.66328125 0.034375 0.0734375
1 0.77109375 0.6390625 0.103125 0.025
1 0.51328125 0.62578125 0.084375 0.0734375
1 0.60703125 0.59921875 0.028125 0.078125
1 0.54375 0.559375 0.0625 0.078125
1 0.45234375 0.55 0.0484375 0.0546875
1 0.5078125 0.49921875 0.0734375 0.065625
1 0.33828125 0.5640625 0.0921875 0.065625
1 0.228125 0.559375 0.075 0.0671875
1 0.20703125 0.48671875 0.06875 0.05625
1 0.29453125 0.4765625 0.0640625 0.0765625
1 0.3609375 0.421875 0.0328125 0.0875
1 0.21875 0.3703125 0.0828125 0.053125
1 0.4765625 0.41015625 0.0421875 0.084375
1 0.57421875 0.4078125 0.059375 0.0703125
1 0.67265625 0.41640625 0.0734375 0.071875
1 0.73828125 0.40546875 0.034375 0.06875
1 0.796875 0.4640625 0.0625 0.0640625
1 0.7046875 0.31328125 0.0859375 0.065625
1 0.8078125 0.3609375 0.0421875 0.0875
1 0.8578125 0.540625 0.0359375 0.090625
1 0.87578125 0.4234375 0.0875 0.0671875
