1 0.52890625 0.1703125 0.0765625 0.075
1 0.4140625 0.18984375 0.0890625 0.10625
1 0.34375 0.19453125 0.078125 0.0484375
1 0.41171875 0.26796875 0.0703125 0.071875
1 0.36953125 0.2953125 0.0609375 0.1125
1 0.34375 0.38671875 0.0296875 0.1140625
1 0.38984375 0.40078125 0.034375 0.1109375
1 0.434375 0.409375 0.03125 0.10625
1 0.51796875 0.33203125 0.06875 0.1
1 0.56171875 0.346875 0.059375 0.0546875
1 0.61015625 0.23515625 0.05625 0.1046875
1 0.60546875 0.34375 0.0265625 0.0984375
1 0.71953125 0.26484375 0.028125 0.1234375
1 0.76484375 0.471875 0.0328125 0.1203125
1 0.725 0.49140625 0.0671875 0.0828125
1 0.6125 0.4484375 0.0515625 0.125
1 0.50390625 0.446875 0.03125 0.1203125
1 0.26875 0.49296875 0.059375 0.0875
1 0.3 0.58359375 0.0390625 0.090625
1 0.29296875 0.64765625 0.0734375 0.08125
1 0.39609375 0.571875 0.03125 0.109375
1 0.40234375 0.64921875 0.0859375 0.05
1 0.46953125 0.6125 0.0640625 0.05625
1 0.53046875 0.54140625 0.0859375 0.0546875
1 0.72734375 0.56796875 0.0890625 0.0609375
1 0.75546875 0.6578125 0.0328125 0.1046875
1 0.66875 0.62890625 0.0828125 0.0328125
1 0.6171875 0.63046875 0.025 0.115625
1 0.53125 0.6125 0.0671875 0.0671875
1 0.55234375 0.70234375 0.028125 0.0859375
1 0.4625 0.665625 0.0859375 0.059375
1 0.496875 0.69921875 0.03125 0.09375
1 0.428125 0.75546875 0.0703125 0.0296875
1 0.35625 0.7703125 0.075 0.046875
1 0.4875 0.78671875 0.0765625 0.065625
1 0.575 0.746875 0.0828125 0.059375
1 0.58046875 0.79609375 0.075 0.0625
