1 0.715625 0.23828125 0.090625 0.059375
1 0.66640625 0.2546875 0.0546875 0.1078125
1 0.525 0.278125 0.0546875 0.0828125
1 0.45859375 0.20234375 0.1015625 0.053125
1 0.35234375 0.18515625 0.0921875 0.075
1 0.3671875 0.23984375 0.1046875 0.0609375
1 0.38984375 0.30078125 0.059375 0.071875
1 0.19140625 0.25 0.078125 0.0765625
1 0.2875 0.4046875 0.046875 0.0765625
1 0.2609375 0.34921875 0.084375 0.0328125
1 0.209375 0.35859375 0.0546875 0.078125
1 0.1765625 0.38203125 0.0328125 0.0796875
1 0.16953125 0.45625 0.05625 0.0671875
1 0.20859375 0.5046875 0.0921875 0.0234375
1 0.39375 0.47421875 0.0984375 0.0484375
1 0.403125 0.40234375 0.0921875 0.03125
1 0.63046875 0.3703125 0.0828125 0.0609375
1 0.59453125 0.43046875 0.0875 0.0484375
1 0.48828125 0.45 0.071875 0.078125
1 0.5875 0.53203125 0.1125 0.0421875
1 0.6875 0.50859375 0.0984375 0.0625
1 0.73828125 0.47734375 0.0734375 0.0453125
1 0.8390625 0.36484375 0.0453125 0.1015625
1 0.846875 0.44453125 0.084375 0.078125
1 0.86875 0.503125 0.0515625 0.0625
1 0.778125 0.56640625 0.1078125 0.0328125
1 0.6296875 0.65078125 0.040625 0.0828125
1 0.71875 0.66171875 0.0640625 0.0703125
1 0.68828125 0.6984375 0.078125 0.065625
1 0.49609375 0.62109375 0.1203125 0.053125
1 0.43125 0.54609375 0.0671875 0.08125
1 0.35546875 0.5234375 0.05625 0.08125
1 0.2515625 0.55 0.046875 0.065625
1 0.2 0.56640625 0.034375 0.08125
1 0.2890625 0.59296875 0.0671875 0.0578125
1 0.32265625 0.64375 0.06875 0.0640625
1 0.309375 0.6734375 0.0859375 0.03125
