1 0.31953125 0.2515625 0.0296875 0.0734375
1 0.2703125 0.3140625 0.0921875 0.0328125
1 0.55234375 0.36484375 0.04375 0.0828125
1 0.578125 0.3609375 0.0375 0.0828125
1 0.59921875 0.2953125 0.1125 0.0328125
1 0.51171875 0.3078125 0.0875 0.046875
1 0.46953125 0.40703125 0.096875 0.0578125
1 0.4078125 0.3625 0.1015625 0.0671875
1 0.31015625 0.3640625 0.109375 0.0390625
1 0.35078125 0.440625 0.0875 0.0578125
1 0.075 0.4328125 0.0953125 0.059375
1 0.08671875 0.46796875 0.04375 0.06875
1 0.1359375 0.45078125 0.084375 0.0484375
1 0.18984375 0.51015625 0.071875 0.0859375
1 0.225 0.5296875 0.0796875 0.084375
1 0.3078125 0.5046875 0.1359375 0.0546875
1 0.38515625 0.51875 0.1015625 0.04375
1 0.4671875 0.5125 0.109375 0.0625
1 0.690625 0.3671875 0.0734375 0.090625
1 0.734375 0.4265625 0.1171875 0.0484375
1 0.71875 0.378125 0.0296875 0.0578125
1 0.87890625 0.46328125 0.08125 0.053125
1 0.8828125 0.4453125 0.0515625 0.0765625
1 0.7078125 0.50390625 0.1375 0.03125
1 0.7265625 0.5203125 0.075 0.075
1 0.89453125 0.57109375 0.025 0.078125
1 0.8421875 0.67265625 0.140625 0.034375
1 0.7796875 0.6390625 0.090625 0.0828125
1 0.8171875 0.7515625 0.1328125 0.065625
1 0.7796875 0.74921875 0.0609375 0.115625
1 0.59609375 0.6875 0.1328125 0.034375
1 0.64375 0.66484375 0.0765625 0.078125
1 0.55 0.59140625 0.0625 0.0890625
1 0.4796875 0.63671875 0.1203125 0.0734375
1 0.4578125 0.58984375 0.103125 0.0796875
1 0.26640625 0.5953125 0.125 0.0359375
1 0.08125 0.5390625 0.09375 0.025
1 0.13046875 0.57578125 0.040625 0.090625
1 0.05625 0.64921875 0.0484375 0.09375
1 0.0828125 0.653125 0.0515625 0.0921875
1 0.1390625 0.640625 0.059375 0.084375
1 0.175 0.71015625 0.0625 0.071875
1 0.28671875 0.7171875 0.071875 0.0953125
1 0.23828125 0.79609375 0.0578125 0.1015625
1 0.38359375 0.7609375 0.03125 0.09375
1 0.4421875 0.865625 0.034375 0.1109375
1 0.4625 0.7796875 0.0953125 0.0328125
1 0.4171875 0.73203125 0.0515625 0.103125
1 0.36875 0.83828125 0.0703125 0.078125
1 0.4796875 0.875 0.0765625 0.0375
1 0.4828125 0.83671875 0.1296875 0.0390625
1 0.78046875 0.83046875 0.1046875 0.0625
