1 0.49375 0.63046875 0.06875 0.034375
1 0.5296875 0.6 0.04375 0.0578125
1 0.571875 0.6640625 0.0875 0.028125
1 0.625 0.62734375 0.0953125 0.05
1 0.5640625 0.55390625 0.08125 0.025
1 0.3859375 0.13125 0.1125 0.0390625
1 0.41796875 0.165625 0.090625 0.040625
1 0.50390625 0.15 0.075 0.040625
1 0.596875 0.1953125 0.1125 0.05
1 0.5859375 0.14375 0.11875 0.0265625
1 0.63046875 0.27890625 0.078125 0.059375
1 0.6515625 0.23046875 0.0984375 0.03125
1 0.64765625 0.1984375 0.09375 0.08125
1 0.75625 0.22890625 0.096875 0.040625
1 0.78359375 0.303125 0.1015625 0.04375
1 0.82734375 0.33203125 0.03125 0.078125
1 0.875 0.340625 0.0828125 0.0734375
1 0.77578125 0.39296875 0.09375 0.0671875
1 0.8 0.42109375 0.03125 0.0734375
1 0.8375 0.4046875 0.046875 0.06875
1 0.30078125 0.1828125 0.10625 0.046875
1 0.37421875 0.3046875 0.071875 0.0515625
1 0.35859375 0.2875 0.0515625 0.0734375
1 0.45703125 0.27265625 0.040625 0.0734375
1 0.53359375 0.278125 0.10625 0.028125
1 0.42578125 0.225 0.0828125 0.0546875
1 0.4984375 0.31953125 0.090625 0.05
1 0.52421875 0.34921875 0.0515625 0.078125
1 0.64375 0.32734375 0.1078125 0.021875
1 0.6515625 0.35 0.0296875 0.0875
1 0.69453125 0.3703125 0.0671875 0.096875
1 0.69375 0.41640625 0.1078125 0.0609375
1 0.59765625 0.4 0.040625 0.084375
1 0.37109375 0.35625 0.0453125 0.0625
1 0.27421875 0.234375 0.1140625 0.025
1 0.240625 0.27890625 0.0734375 0.028125
1 0.2609375 0.3390625 0.0203125 0.084375
1 0.30625 0.334375 0.0765625 0.05625
1 0.4046875 0.403125 0.096875 0.03125
1 0.47265625 0.43203125 0.0421875 0.08125
1 0.56484375 0.4671875 0.096875 0.0328125
1 0.56171875 0.4609375 0.10625 0.05625
1 0.66640625 0.47109375 0.1234375 0.0234375
1 0.77734375 0.5171875 0.059375 0.0703125
1 0.8703125 0.4625 0.1171875 0.040625
1 0.94296875 0.44140625 0.103125 0.078125
1 0.93046875 0.52265625 0.0734375 0.03125
1 0.9203125 0.50703125 0.09375 0.04375
1 0.86015625 0.55546875 0.028125 0.08125
1 0.88203125 0.528125 0.0390625 0.0703125
1 0.87265625 0.6234375 0.0921875 0.0625
1 0.92890625 0.63828125 0.04375 0.075
1 0.76953125 0.5828125 0.040625 0.084375
1 0.79609375 0.59765625 0.0265625 0.0921875
1 0.69765625 0.61015625 0.0546875 0.05
1 0.67734375 0.53359375 0.065625 0.0484375
1 0.81484375 0.690625 0.0640625 0.0703125
1 0.83046875 0.74921875 0.046875 0.10625
1 0.7390625 0.79609375 0.0328125 0.0984375
1 0.7375 0.759375 0.0859375 0.0515625
1 0.68828125 0.79765625 0.0515625 0.0546875
1 0.7078125 0.6875 0.0953125 0.0375
1 0.65703125 0.665625 0.1109375 0.028125
1 0.61953125 0.73828125 0.10625 0.0484375
1 0.62890625 0.78359375 0.103125 0.028125
1 0.64609375 0.8265625 0.05625 0.0546875
1 0.48984375 0.853125 0.0875 0.0171875
1 0.4234375 0.81875 0.1078125 0.028125
1 0.49765625 0.7609375 0.053125 0.078125
1 0.434375 0.7265625 0.0890625 0.0578125
1 0.4078125 0.7265625 0.0859375 0.0375
1 0.42421875 0.4984375 0.046875 0.0796875
1 0.40703125 0.596875 0.071875 0.0578125
1 0.39921875 0.5578125 0.0609375 0.0453125
1 0.39375 0.66328125 0.0546875 0.065625
1 0.34375 0.68046875 0.0828125 0.034375
1 0.30859375 0.72734375 0.046875 0.0875
1 0.22109375 0.68203125 0.034375 0.0859375
1 0.33671875 0.61015625 0.06875 0.0625
1 0.275 0.61640625 0.109375 0.021875
1 0.18203125 0.5953125 0.090625 0.040625
1 0.3 0.56484375 0.0890625 0.025
1 0.33359375 0.525 0.0953125 0.034375
1 0.2546875 0.53203125 0.053125 0.0703125
1 0.23671875 0.4921875 0.0390625 0.0734375
1 0.103125 0.58828125 0.046875 0.075
1 0.1578125 0.52890625 0.0390625 0.084375
1 0.190625 0.4671875 0.1 0.021875
1 0.09765625 0.5 0.0734375 0.04375
1 0.2 0.425 0.0984375 0.034375
1 0.1640625 0.38515625 0.0921875 0.046875
1 0.165625 0.325 0.0484375 0.075
1 0.09921875 0.3328125 0.075 0.059375
1 0.09140625 0.45703125 0.0515625 0.0609375
1 0.0875 0.42578125 0.065625 0.0765625
