1 0.44609375 0.07109375 0.0328125 0.071875
1 0.4890625 0.08828125 0.0625 0.0359375
1 0.54375 0.103125 0.071875 0.08125
1 0.4453125 0.2140625 0.028125 0.0609375
1 0.4640625 0.184375 0.0359375 0.05625
1 0.49921875 0.165625 0.0296875 0.071875
1 0.5421875 0.10390625 0.0703125 0.0421875
1 0.57265625 0.10234375 0.0765625 0.028125
1 0.6296875 0.12421875 0.034375 0.0703125
1 0.64375 0.09296875 0.065625 0.0328125
1 0.68984375 0.1546875 0.0796875 0.0328125
1 0.70078125 0.11953125 0.0765625 0.0609375
1 0.62421875 0.16953125 0.0828125 0.0390625
1 0.38828125 0.109375 0.0859375 0.034375
1 0.31328125 0.13671875 0.09375 0.0328125
1 0.33359375 0.2390625 0.0609375 0.0578125
1 0.3671875 0.18515625 0.071875 0.0421875
1 0.35390625 0.1609375 0.0625 0.0453125
1 0.32265625 0.23203125 0.0609375 0.0609375
1 0.38671875 0.25546875 0.0796875 0.0359375
1 0.24921875 0.24453125 0.0265625 0.084375
1 0.2109375 0.23046875 0.071875 0.059375
1 0.21328125 0.171875 0.103125 0.0421875
1 0.26171875 0.20703125 0.071875 0.03125
1 0.16640625 0.2125 0.1046875 0.0375
1 0.190625 0.19140625 0.0859375 0.0265625
1 0.1375 0.31015625 0.1078125 0.028125
1 0.125 0.27109375 0.0875 0.0515625
1 0.1171875 0.24765625 0.0765625 0.046875
1 0.153125 0.2859375 0.0734375 0.0390625
1 0.15234375 0.3640625 0.05625 0.0546875
1 0.1921875 0.4078125 0.0328125 0.078125
1 0.18515625 0.36171875 0.04375 0.0859375
1 0.22734375 0.3296875 0.0703125 0.025
1 0.21640625 0.390625 0.071875 0.0265625
1 0.27890625 0.3359375 0.0390625 0.071875
1 0.32578125 0.31484375 0.0703125 0.04375
1 0.3296875 0.36953125 0.0234375 0.08125
1 0.378125 0.3453125 0.021875 0.0953125
1 0.43203125 0.340625 0.0515625 0.0703125
1 0.48984375 0.34375 0.053125 0.05625
1 0.4796875 0.30546875 0.0203125 0.065625
1 0.534375 0.31640625 0.0890625 0.078125
1 0.5125 0.321875 0.05 0.046875
1 0.55 0.2984375 0.0625 0.0265625
1 0.6015625 0.3296875 0.0921875 0.0390625
1 0.5734375 0.2828125 0.059375 0.0375
1 0.57265625 0.2796875 0.0203125 0.0703125
1 0.58671875 0.25234375 0.075 0.03125
1 0.66015625 0.43828125 0.0265625 0.0875
1 0.6578125 0.36875 0.040625 0.0546875
1 0.5390625 0.42421875 0.0671875 0.0625
1 0.5203125 0.41328125 0.0765625 0.034375
1 0.5390625 0.38828125 0.0875 0.0234375
1 0.571875 0.40234375 0.05 0.0578125
1 0.47421875 0.42421875 0.065625 0.04375
1 0.6203125 0.4546875 0.0359375 0.0703125
1 0.67578125 0.43125 0.0328125 0.0578125
1 0.66953125 0.25703125 0.05 0.0515625
1 0.7015625 0.21015625 0.075 0.0140625
1 0.7296875 0.26640625 0.0390625 0.090625
1 0.7171875 0.2421875 0.0234375 0.06875
1 0.709375 0.29296875 0.0234375 0.0796875
1 0.7046875 0.31875 0.0640625 0.0484375
1 0.73125 0.309375 0.05 0.06875
1 0.7328125 0.36640625 0.034375 0.0734375
1 0.7609375 0.359375 0.0421875 0.0765625
1 0.78125 0.1703125 0.0828125 0.0453125
1 0.84765625 0.24765625 0.084375 0.0765625
1 0.8546875 0.21953125 0.053125 0.078125
1 0.81484375 0.28046875 0.040625 0.1078125
1 0.8671875 0.2953125 0.0921875 0.0296875
1 0.859375 0.32734375 0.090625 0.0328125
1 0.8046875 0.3609375 0.0859375 0.0296875
1 0.7875 0.39375 0.028125 0.0890625
1 0.82421875 0.39140625 0.075 0.0328125
1 0.82578125 0.42421875 0.0359375 0.065625
1 0.91796875 0.38125 0.0671875 0.084375
1 0.7453125 0.46640625 0.0890625 0.0265625
1 0.79921875 0.47890625 0.03125 0.0765625
1 0.83828125 0.47421875 0.0359375 0.0640625
1 0.83203125 0.52421875 0.0625 0.040625
1 0.8625 0.5140625 0.0984375 0.0296875
1 0.89765625 0.48515625 0.0921875 0.059375
1 0.92578125 0.51015625 0.0515625 0.1171875
1 0.8578125 0.59765625 0.1015625 0.0453125
1 0.85078125 0.5671875 0.04375 0.0390625
1 0.79140625 0.52578125 0.1015625 0.0515625
1 0.7640625 0.55 0.0546875 0.059375
1 0.78828125 0.58671875 0.0359375 0.0875
1 0.7859375 0.6296875 0.040625 0.0734375
1 0.76484375 0.6125 0.0671875 0.0546875
1 0.86328125 0.646875 0.0984375 0.071875
1 0.77265625 0.6734375 0.0828125 0.028125
1 0.84296875 0.69140625 0.0625 0.0765625
1 0.80546875 0.75390625 0.0859375 0.071875
1 0.7359375 0.74140625 0.078125 0.0765625
1 0.70390625 0.55703125 0.0625 0.075
1 0.621875 0.578125 0.078125 0.05625
1 0.646875 0.6015625 0.0515625 0.0484375
1 0.67890625 0.66171875 0.0546875 0.0796875
1 0.68359375 0.63359375 0.03125 0.08125
1 0.675 0.64375 0.071875 0.03125
1 0.62109375 0.68671875 0.05 0.1
1 0.6171875 0.65078125 0.059375 0.028125
1 0.65625 0.6953125 0.0375 0.096875
1 0.6625 0.76171875 0.040625 0.084375
1 0.6734375 0.796875 0.0328125 0.0828125
1 0.70703125 0.83984375 0.028125 0.1015625
1 0.66328125 0.84609375 0.0390625 0.1046875
1 0.60546875 0.8671875 0.071875 0.0515625
1 0.59609375 0.7625 0.0484375 0.0421875
1 0.5578125 0.7828125 0.046875 0.08125
1 0.56328125 0.890625 0.0796875 0.071875
1 0.55 0.8578125 0.0703125 0.0796875
1 0.54296875 0.83515625 0.0609375 0.075
1 0.49375 0.8171875 0.1 0.05
1 0.45859375 0.8734375 0.121875 0.0375
1 0.4796875 0.8671875 0.0828125 0.065625
1 0.496875 0.7828125 0.0609375 0.0359375
1 0.49453125 0.76015625 0.0734375 0.015625
1 0.56328125 0.6984375 0.0578125 0.0515625
1 0.528125 0.721875 0.0703125 0.05
1 0.5421875 0.65 0.0671875 0.0375
1 0.58125 0.55859375 0.075 0.040625
1 0.490625 0.64375 0.0265625 0.1015625
1 0.44140625 0.6171875 0.0640625 0.078125
1 0.4375 0.6671875 0.040625 0.059375
1 0.42109375 0.653125 0.0734375 0.0359375
1 0.4875 0.54609375 0.03125 0.09375
1 0.571875 0.5234375 0.09375 0.040625
1 0.51171875 0.48359375 0.065625 0.046875
1 0.5265625 0.4796875 0.0609375 0.0484375
1 0.4625 0.48359375 0.0203125 0.078125
1 0.39140625 0.42734375 0.0875 0.0359375
1 0.39296875 0.409375 0.065625 0.06875
1 0.3875 0.43515625 0.034375 0.08125
1 0.43125 0.48359375 0.040625 0.0828125
1 0.3109375 0.4125 0.0859375 0.03125
1 0.26171875 0.42734375 0.025 0.0703125
1 0.2859375 0.4390625 0.084375 0.0296875
1 0.3171875 0.50546875 0.05 0.096875
1 0.32890625 0.48125 0.0296875 0.040625
1 0.3390625 0.46328125 0.08125 0.0390625
1 0.35859375 0.57890625 0.03125 0.059375
1 0.321875 0.559375 0.0453125 0.0515625
1 0.3140625 0.58984375 0.053125 0.0421875
1 0.27109375 0.56875 0.065625 0.0625
1 0.26171875 0.51640625 0.03125 0.0765625
1 0.25703125 0.51015625 0.071875 0.046875
1 0.24921875 0.5640625 0.03125 0.09375
1 0.22890625 0.54921875 0.075 0.040625
1 0.2109375 0.5546875 0.028125 0.1046875
1 0.11328125 0.48828125 0.0484375 0.090625
1 0.115625 0.4875 0.028125 0.096875
1 0.14453125 0.51640625 0.0578125 0.0765625
1 0.16171875 0.53515625 0.0546875 0.0578125
1 0.13984375 0.5515625 0.059375 0.075
1 0.065625 0.459375 0.0359375 0.0671875
1 0.05234375 0.50703125 0.0296875 0.065625
1 0.0734375 0.57421875 0.053125 0.1078125
1 0.09140625 0.6078125 0.0625 0.046875
1 0.12421875 0.61171875 0.0546875 0.0734375
1 0.17890625 0.6265625 0.071875 0.028125
1 0.171875 0.66796875 0.0484375 0.090625
1 0.19140625 0.66484375 0.103125 0.03125
1 0.140625 0.6625 0.0421875 0.053125
1 0.11015625 0.671875 0.0546875 0.0625
1 0.1140625 0.7078125 0.0890625 0.040625
1 0.2234375 0.69453125 0.0453125 0.034375
1 0.25625 0.71484375 0.05625 0.071875
1 0.253125 0.7046875 0.0234375 0.121875
1 0.23671875 0.740625 0.065625 0.0640625
1 0.29375 0.73046875 0.084375 0.046875
1 0.30234375 0.71953125 0.05625 0.05
1 0.30390625 0.70625 0.05 0.0625
1 0.325 0.68515625 0.096875 0.021875
1 0.33125 0.66875 0.0890625 0.01875
1 0.37265625 0.7125 0.0390625 0.05625
1 0.42109375 0.7296875 0.0625 0.0515625
1 0.42734375 0.75703125 0.0859375 0.0375
1 0.38515625 0.7796875 0.0671875 0.040625
1 0.3609375 0.7703125 0.0390625 0.0828125
1 0.34765625 0.77109375 0.0859375 0.0328125
1 0.29296875 0.7828125 0.0828125 0.04375
1 0.28359375 0.83828125 0.0859375 0.0640625
1 0.25859375 0.79921875 0.0390625 0.08125
1 0.22265625 0.8203125 0.0484375 0.0953125
1 0.2078125 0.7703125 0.03125 0.084375
1 0.18203125 0.75625 0.03125 0.078125
1 0.15390625 0.7796875 0.0296875 0.084375
1 0.190625 0.80859375 0.046875 0.0796875
1 0.365625 0.8640625 0.0390625 0.0890625
1 0.39609375 0.85390625 0.053125 0.0578125
1 0.375 0.82109375 0.0921875 0.0328125
