1 0.28125 0.77265625 0.065625 0.0765625
1 0.31640625 0.784375 0.0640625 0.06875
1 0.3703125 0.79140625 0.103125 0.0296875
1 0.41484375 0.80234375 0.0625 0.0734375
1 0.47109375 0.8078125 0.1109375 0.053125
1 0.38828125 0.76796875 0.059375 0.059375
1 0.38828125 0.73359375 0.0859375 0.0234375
1 0.309375 0.70546875 0.0796875 0.05625
1 0.296875 0.7140625 0.0421875 0.090625
1 0.2828125 0.71328125 0.084375 0.046875
1 0.32890625 0.69375 0.05 0.078125
1 0.20703125 0.69140625 0.046875 0.0671875
1 0.1703125 0.6828125 0.0296875 0.0765625
1 0.4421875 0.7171875 0.0453125 0.0640625
1 0.4625 0.66328125 0.1125 0.028125
1 0.515625 0.72109375 0.084375 0.03125
1 0.5359375 0.8109375 0.115625 0.0296875
1 0.60390625 0.80546875 0.0375 0.0703125
1 0.54375 0.79296875 0.075 0.021875
1 0.60859375 0.7609375 0.0734375 0.065625
1 0.5859375 0.76328125 0.0984375 0.028125
1 0.6578125 0.79453125 0.059375 0.075
1 0.55078125 0.7328125 0.1 0.0171875
1 0.61171875 0.6953125 0.0375 0.0734375
1 0.5296875 0.65625 0.059375 0.075
1 0.4296875 0.62265625 0.0359375 0.0578125
1 0.3515625 0.59921875 0.0328125 0.0796875
1 0.3515625 0.57890625 0.1 0.03125
1 0.28203125 0.5921875 0.0546875 0.06875
1 0.22734375 0.6140625 0.0484375 0.0609375
1 0.10625 0.58359375 0.0609375 0.0796875
1 0.1640625 0.57578125 0.04375 0.046875
1 0.215625 0.5578125 0.0328125 0.0828125
1 0.165625 0.53359375 0.071875 0.0328125
1 0.17890625 0.51328125 0.0703125 0.059375
1 0.1078125 0.5125 0.028125 0.084375
1 0.08359375 0.4703125 0.04375 0.071875
1 0.1640625 0.47890625 0.0453125 0.059375
1 0.24296875 0.50390625 0.0296875 0.0625
1 0.30078125 0.5390625 0.0625 0.046875
1 0.3109375 0.52109375 0.0796875 0.0359375
1 0.303125 0.48671875 0.0234375 0.046875
1 0.440625 0.57265625 0.0640625 0.0421875
1 0.0421875 0.515625 0.084375 0.046875
1 0.07421875 0.4046875 0.065625 0.046875
1 0.1453125 0.43984375 0.0796875 0.040625
1 0.096875 0.36328125 0.096875 0.04375
1 0.19296875 0.42265625 0.0234375 0.0671875
1 0.20546875 0.4015625 0.01875 0.06875
1 0.18203125 0.41640625 0.0546875 0.0484375
1 0.23671875 0.44375 0.05 0.0671875
1 0.29375 0.4578125 0.0890625 0.0203125
1 0.3765625 0.51640625 0.0234375 0.0640625
1 0.3625 0.4734375 0.090625 0.05
1 0.3515625 0.4265625 0.034375 0.040625
1 0.34296875 0.45859375 0.0484375 0.028125
1 0.38828125 0.43359375 0.0796875 0.034375
1 0.42578125 0.45078125 0.05625 0.059375
1 0.4453125 0.51015625 0.0359375 0.059375
1 0.4859375 0.525 0.0484375 0.0625
1 0.490625 0.575 0.078125 0.0203125
1 0.53828125 0.59140625 0.0859375 0.0234375
1 0.56796875 0.5390625 0.0625 0.0609375
1 0.52890625 0.50859375 0.0234375 0.0609375
1 0.48046875 0.44140625 0.0390625 0.06875
1 0.5609375 0.45078125 0.096875 0.0421875
1 0.434375 0.384375 0.096875 0.0203125
1 0.36484375 0.4015625 0.0515625 0.05
1 0.27890625 0.3859375 0.05625 0.0625
1 0.25 0.38359375 0.05625 0.0453125
1 0.2375 0.3671875 0.0453125 0.0734375
1 0.29296875 0.3234375 0.0234375 0.0765625
1 0.2453125 0.34375 0.040625 0.0625
1 0.33125 0.33828125 0.0765625 0.0359375
1 0.43046875 0.31875 0.059375 0.065625
1 0.49453125 0.32578125 0.025 0.053125
1 0.48203125 0.35 0.0875 0.0296875
1 0.53984375 0.3859375 0.084375 0.03125
1 0.359375 0.25625 0.084375 0.0359375
1 0.30390625 0.253125 0.0859375 0.03125
1 0.3859375 0.2296875 0.078125 0.0171875
1 0.3671875 0.2109375 0.0828125 0.0421875
1 0.45859375 0.24296875 0.0984375 0.0328125
1 0.47890625 0.28046875 0.0890625 0.028125
1 0.56015625 0.25859375 0.034375 0.06875
1 0.54453125 0.2703125 0.0296875 0.0703125
1 0.6046875 0.5796875 0.0984375 0.0328125
1 0.59375 0.63671875 0.034375 0.08125
1 0.64609375 0.6171875 0.04375 0.05625
1 0.68515625 0.66484375 0.1140625 0.025
1 0.6796875 0.7 0.0890625 0.0296875
1 0.7265625 0.74296875 0.0875 0.0421875
1 0.76640625 0.7546875 0.0453125 0.075
1 0.715625 0.73046875 0.065625 0.0609375
1 0.79375 0.71484375 0.10625 0.0265625
1 0.7375 0.66953125 0.078125 0.0578125
1 0.79375 0.65078125 0.0265625 0.078125
1 0.71484375 0.59921875 0.0640625 0.0625
1 0.7875 0.58359375 0.0828125 0.0234375
1 0.84609375 0.6515625 0.1 0.0453125
1 0.9015625 0.625 0.04375 0.071875
1 0.91171875 0.58203125 0.0453125 0.09375
1 0.94375 0.55078125 0.0484375 0.0640625
1 0.909375 0.52890625 0.0640625 0.0703125
1 0.8421875 0.50859375 0.0734375 0.053125
1 0.821875 0.55234375 0.0578125 0.08125
1 0.7140625 0.534375 0.0703125 0.0265625
1 0.65 0.521875 0.065625 0.0484375
1 0.6984375 0.48125 0.0421875 0.0546875
1 0.6140625 0.4046875 0.0671875 0.053125
1 0.6546875 0.3921875 0.0421875 0.046875
1 0.6875 0.428125 0.0890625 0.0234375
1 0.78359375 0.428125 0.0640625 0.0375
1 0.93984375 0.48203125 0.046875 0.05
1 0.90703125 0.46796875 0.090625 0.0375
1 0.890625 0.40859375 0.109375 0.03125
1 0.8796875 0.375 0.0859375 0.01875
1 0.84921875 0.35234375 0.0984375 0.01875
1 0.828125 0.32578125 0.065625 0.04375
1 0.64296875 0.3359375 0.1015625 0.0390625
1 0.7546875 0.2953125 0.096875 0.03125
1 0.709375 0.25859375 0.0875 0.0234375
1 0.65 0.2328125 0.1109375 0.0234375
