1 0.49765625 0.0359375 0.084375 0.01875
1 0.58046875 0.08046875 0.096875 0.028125
1 0.56796875 0.06640625 0.10625 0.046875
1 0.653125 0.11484375 0.0859375 0.03125
1 0.66953125 0.08046875 0.078125 0.028125
1 0.4265625 0.08671875 0.0765625 0.01875
1 0.30078125 0.1203125 0.0328125 0.0796875
1 0.49921875 0.17109375 0.071875 0.0328125
1 0.46328125 0.18671875 0.065625 0.0578125
1 0.45625 0.19375 0.05 0.0625
1 0.4 0.16875 0.05 0.065625
1 0.409375 0.1796875 0.0484375 0.065625
1 0.3796875 0.16484375 0.0390625 0.0265625
1 0.32578125 0.19296875 0.0296875 0.0796875
1 0.34140625 0.16796875 0.0671875 0.0484375
1 0.36875 0.21015625 0.0921875 0.034375
1 0.2609375 0.18671875 0.0296875 0.0796875
1 0.3328125 0.24375 0.0734375 0.0265625
1 0.22734375 0.29140625 0.0578125 0.0421875
1 0.22109375 0.2828125 0.040625 0.0546875
1 0.23359375 0.25625 0.025 0.059375
1 0.25859375 0.25078125 0.059375 0.0171875
1 0.23046875 0.3375 0.040625 0.06875
1 0.26875 0.3234375 0.0421875 0.05625
1 0.29375 0.30625 0.08125 0.0359375
1 0.35390625 0.2984375 0.06875 0.0296875
1 0.3546875 0.27578125 0.08125 0.01875
1 0.159375 0.2109375 0.071875 0.0515625
1 0.109375 0.30546875 0.071875 0.0359375
1 0.1140625 0.33671875 0.0359375 0.0609375
1 0.18203125 0.340625 0.0609375 0.05
1 0.11640625 0.38359375 0.084375 0.025
1 0.1296875 0.41953125 0.0265625 0.0703125
1 0.06875 0.42734375 0.1015625 0.0359375
1 0.0203125 0.40390625 0.040625 0.0328125
1 0.10078125 0.4703125 0.046875 0.0796875
1 0.0265625 0.48203125 0.053125 0.0453125
1 0.07265625 0.52578125 0.0875 0.0546875
1 0.190625 0.475 0.0671875 0.0828125
1 0.23125 0.4890625 0.05625 0.028125
1 0.20546875 0.47109375 0.046875 0.08125
1 0.27578125 0.43828125 0.0453125 0.0765625
1 0.33359375 0.378125 0.06875 0.0625
1 0.365625 0.41484375 0.0671875 0.0515625
1 0.4125 0.43671875 0.0578125 0.0625
1 0.359375 0.48984375 0.0953125 0.05
1 0.375 0.5125 0.0453125 0.096875
1 0.31953125 0.54453125 0.078125 0.0671875
1 0.3421875 0.61875 0.084375 0.0734375
1 0.35859375 0.60390625 0.0265625 0.071875
1 0.25390625 0.6125 0.10625 0.028125
1 0.18671875 0.57109375 0.0671875 0.0734375
1 0.11875 0.55546875 0.0796875 0.0546875
1 0.078125 0.63828125 0.0734375 0.065625
1 0.14296875 0.6515625 0.1015625 0.059375
1 0.171875 0.68515625 0.0453125 0.0578125
1 0.28515625 0.70234375 0.034375 0.071875
1 0.31796875 0.68046875 0.03125 0.078125
1 0.29453125 0.70234375 0.103125 0.03125
1 0.41875 0.68359375 0.0875 0.040625
1 0.38359375 0.71171875 0.06875 0.0953125
1 0.40859375 0.72109375 0.0296875 0.059375
1 0.38203125 0.784375 0.0984375 0.034375
1 0.34375 0.790625 0.053125 0.0671875
1 0.2328125 0.73203125 0.103125 0.028125
1 0.221875 0.75703125 0.0296875 0.065625
1 0.15 0.76484375 0.0734375 0.06875
1 0.25 0.8140625 0.0765625 0.08125
1 0.284375 0.81484375 0.0828125 0.0578125
1 0.32421875 0.84921875 0.0328125 0.0796875
1 0.37890625 0.8546875 0.0625 0.090625
1 0.39921875 0.840625 0.096875 0.04375
1 0.4875 0.8125 0.028125 0.0625
1 0.53515625 0.8109375 0.0828125 0.0734375
1 0.5234375 0.778125 0.0421875 0.0828125
1 0.51484375 0.8546875 0.1171875 0.0453125
1 0.42421875 0.6296875 0.06875 0.04375
1 0.43671875 0.5390625 0.0578125 0.084375
1 0.45703125 0.275 0.0328125 0.0796875
1 0.8 0.175 0.0625 0.0671875
1 0.7234375 0.16953125 0.065625 0.0328125
1 0.69765625 0.1859375 0.078125 0.03125
1 0.6578125 0.20078125 0.0265625 0.0765625
1 0.68359375 0.2015625 0.040625 0.046875
1 0.7125 0.23359375 0.0390625 0.05
1 0.7546875 0.26875 0.0296875 0.028125
1 0.77265625 0.3203125 0.0265625 0.078125
1 0.69140625 0.2921875 0.0703125 0.059375
1 0.70859375 0.30234375 0.025 0.071875
1 0.7015625 0.33671875 0.0828125 0.0296875
1 0.671875 0.31953125 0.040625 0.075
1 0.66015625 0.37109375 0.084375 0.05
1 0.634375 0.4234375 0.0296875 0.090625
1 0.6609375 0.4046875 0.0390625 0.059375
1 0.5984375 0.19609375 0.03125 0.059375
1 0.5875 0.271875 0.025 0.0859375
1 0.60078125 0.26171875 0.01875 0.071875
1 0.54921875 0.28984375 0.0890625 0.028125
1 0.5421875 0.24921875 0.1 0.0203125
1 0.52265625 0.34375 0.0875 0.0625
1 0.54765625 0.35 0.0703125 0.053125
1 0.53203125 0.4 0.0703125 0.0734375
1 0.5921875 0.4484375 0.0671875 0.0421875
1 0.55703125 0.46015625 0.0671875 0.025
1 0.5359375 0.49296875 0.0359375 0.090625
1 0.7109375 0.45625 0.0359375 0.0765625
1 0.6515625 0.53515625 0.0953125 0.0328125
1 0.5484375 0.60390625 0.03125 0.1078125
1 0.553125 0.55234375 0.071875 0.0515625
1 0.5890625 0.61328125 0.08125 0.05625
1 0.6015625 0.61328125 0.025 0.075
1 0.65546875 0.61484375 0.0421875 0.0515625
1 0.50390625 0.6296875 0.059375 0.0421875
1 0.60859375 0.78515625 0.0546875 0.05625
1 0.6171875 0.875 0.1109375 0.0390625
1 0.6671875 0.8625 0.1140625 0.034375
1 0.65546875 0.78984375 0.0546875 0.0734375
1 0.68359375 0.73515625 0.1140625 0.025
1 0.71953125 0.8234375 0.1125 0.046875
1 0.77421875 0.78828125 0.09375 0.0609375
1 0.80859375 0.77109375 0.0640625 0.04375
1 0.77578125 0.7265625 0.025 0.084375
1 0.8015625 0.71875 0.03125 0.09375
1 0.83359375 0.72109375 0.05 0.075
1 0.87265625 0.68203125 0.03125 0.078125
1 0.71875 0.6 0.025 0.0890625
1 0.76015625 0.540625 0.09375 0.034375
1 0.82421875 0.51328125 0.0515625 0.0484375
1 0.85546875 0.50234375 0.0328125 0.0734375
1 0.8859375 0.475 0.0984375 0.028125
1 0.83125 0.5734375 0.0671875 0.0734375
1 0.83671875 0.5734375 0.028125 0.096875
1 0.771875 0.63515625 0.1109375 0.0421875
1 0.7890625 0.60078125 0.1078125 0.034375
1 0.79375 0.5859375 0.0921875 0.0375
1 0.875 0.58125 0.0359375 0.0796875
1 0.8953125 0.59453125 0.0375 0.096875
1 0.81171875 0.66875 0.0890625 0.04375
1 0.71640625 0.66484375 0.0921875 0.0421875
1 0.7265625 0.70078125 0.0578125 0.05625
1 0.64921875 0.68515625 0.034375 0.075
1 0.68359375 0.7 0.0375 0.059375
1 0.86953125 0.42265625 0.0359375 0.0734375
1 0.80703125 0.3859375 0.0828125 0.053125
1 0.84921875 0.35625 0.0453125 0.078125
1 0.84375 0.3484375 0.0859375 0.0421875
1 0.91171875 0.384375 0.0734375 0.046875
1 0.9484375 0.42890625 0.0515625 0.0640625
1 0.93671875 0.3078125 0.0453125 0.084375
1 0.86953125 0.2890625 0.109375 0.046875
