1 0.753125 0.33125 0.10625 0.0734375
1 0.7953125 0.43125 0.0359375 0.0859375
1 0.634375 0.4640625 0.1015625 0.0265625
1 0.471875 0.49375 0.084375 0.04375
1 0.4484375 0.3234375 0.1125 0.034375
1 0.428125 0.36015625 0.0296875 0.075
1 0.2203125 0.36484375 0.0671875 0.053125
1 0.31953125 0.41640625 0.1046875 0.0421875
1 0.2453125 0.46015625 0.0921875 0.0546875
1 0.25078125 0.53828125 0.04375 0.0703125
1 0.33359375 0.5296875 0.0625 0.0671875
1 0.35390625 0.59921875 0.06875 0.0640625
1 0.43984375 0.628125 0.03125 0.0671875
1 0.640625 0.60390625 0.0453125 0.090625
1 0.740625 0.64765625 0.0890625 0.0421875
1 0.53984375 0.68671875 0.1046875 0.03125
1 0.396875 0.75703125 0.0859375 0.0359375
