1 0.96015625 0.33203125 0.075 0.0796875
1 0.815625 0.32734375 0.0515625 0.08125
1 0.7421875 0.27734375 0.1015625 0.034375
1 0.54921875 0.25625 0.0359375 0.084375
1 0.44453125 0.19765625 0.1140625 0.0671875
1 0.33046875 0.2328125 0.05 0.075
1 0.2546875 0.28125 0.0671875 0.071875
1 0.4 0.3328125 0.115625 0.0375
1 0.375 0.37734375 0.109375 0.0296875
1 0.2234375 0.4015625 0.0875 0.0765625
1 0.5734375 0.4109375 0.10625 0.0515625
1 0.746875 0.36875 0.1015625 0.0421875
1 0.81015625 0.44296875 0.0984375 0.0671875
1 0.47265625 0.4578125 0.0375 0.096875
1 0.4109375 0.4859375 0.0515625 0.0875
1 0.19453125 0.496875 0.075 0.0765625
1 0.203125 0.59765625 0.075 0.08125
1 0.275 0.67890625 0.0953125 0.05625
1 0.33515625 0.57734375 0.053125 0.0546875
1 0.46875 0.584375 0.0578125 0.0765625
1 0.61328125 0.53203125 0.040625 0.0921875
1 0.6796875 0.6265625 0.05 0.0984375
1 0.6 0.64140625 0.0875 0.071875
1 0.7765625 0.68515625 0.0484375 0.0859375
1 0.63203125 0.703125 0.125 0.0453125
1 0.8703125 0.5328125 0.0734375 0.0875
