1 0.31171875 0.73359375 0.0390625 0.05
1 0.38125 0.7359375 0.0515625 0.059375
1 0.46796875 0.73359375 0.0265625 0.0515625
1 0.4203125 0.71796875 0.05 0.0546875
1 0.5234375 0.71796875 0.084375 0.0203125
1 0.4625 0.6875 0.0828125 0.0203125
1 0.3171875 0.66484375 0.0703125 0.0484375
1 0.2453125 0.6296875 0.03125 0.0421875
1 0.2140625 0.6078125 0.0234375 0.075
1 0.1640625 0.54765625 0.03125 0.06875
1 0.359375 0.6375 0.0421875 0.0515625
1 0.6046875 0.69921875 0.0671875 0.0296875
1 0.6953125 0.653125 0.078125 0.0296875
1 0.76796875 0.62421875 0.0390625 0.0546875
1 0.65546875 0.62109375 0.0796875 0.0234375
1 0.665625 0.61953125 0.065625 0.040625
1 0.734375 0.61171875 0.0734375 0.0546875
1 0.83046875 0.5984375 0.078125 0.0375
1 0.571875 0.6125 0.059375 0.0359375
1 0.65078125 0.58515625 0.078125 0.0328125
1 0.6421875 0.54453125 0.0609375 0.0515625
1 0.72421875 0.4984375 0.0828125 0.0546875
1 0.74375 0.4953125 0.09375 0.021875
1 0.60546875 0.5109375 0.09375 0.028125
1 0.509375 0.5671875 0.1046875 0.0203125
1 0.43671875 0.59140625 0.03125 0.0578125
1 0.44765625 0.55625 0.03125 0.0734375
1 0.32734375 0.5296875 0.0734375 0.065625
1 0.60078125 0.45859375 0.0296875 0.0828125
1 0.5375 0.4578125 0.0359375 0.0734375
1 0.7640625 0.45078125 0.09375 0.040625
1 0.84765625 0.415625 0.0390625 0.053125
1 0.78828125 0.3984375 0.0671875 0.0234375
1 0.75078125 0.4109375 0.0671875 0.0703125
1 0.696875 0.39921875 0.078125 0.0546875
1 0.70390625 0.3296875 0.03125 0.0859375
1 0.6515625 0.2828125 0.065625 0.0328125
1 0.565625 0.33984375 0.121875 0.0484375
1 0.42890625 0.38359375 0.06875 0.0578125
1 0.38359375 0.47109375 0.028125 0.071875
1 0.334375 0.4609375 0.04375 0.06875
1 0.17578125 0.4859375 0.05625 0.05
1 0.22890625 0.4953125 0.028125 0.065625
1 0.5234375 0.309375 0.0953125 0.0234375
1 0.59921875 0.2546875 0.090625 0.03125
1 0.46796875 0.2765625 0.1 0.0203125
1 0.3921875 0.296875 0.0796875 0.0796875
1 0.26875 0.290625 0.078125 0.065625
1 0.20078125 0.30234375 0.0375 0.0828125
1 0.26328125 0.3265625 0.065625 0.0421875
1 0.16171875 0.40546875 0.1015625 0.0359375
