1 0.23671875 0.34453125 0.08671875 0.06015625
1 0.325 0.30546875 0.11640625 0.03828125
1 0.428125 0.3375 0.11875 0.0515625
1 0.37734375 0.37265625 0.1171875 0.04296875
1 0.159375 0.42109375 0.07421875 0.075
1 0.0953125 0.440625 0.06171875 0.08828125
1 0.12578125 0.4640625 0.0515625 0.08125
1 0.178125 0.5265625 0.11640625 0.05703125
1 0.26484375 0.47890625 0.0421875 0.04765625
1 0.28203125 0.5515625 0.11484375 0.05
1 0.59140625 0.36015625 0.0421875 0.084375
1 0.51875 0.29140625 0.1203125 0.03828125
1 0.5953125 0.29921875 0.05703125 0.040625
1 0.7328125 0.30234375 0.05234375 0.05390625
1 0.778125 0.3578125 0.0546875 0.0875
1 0.8453125 0.35546875 0.09453125 0.04453125
1 0.88046875 0.4078125 0.08046875 0.05546875
1 0.74296875 0.44375 0.14296875 0.0390625
1 0.6328125 0.48046875 0.09609375 0.06484375
