1 0.5625 0.7875 0.1078125 0.0453125
1 0.31953125 0.69375 0.1078125 0.071875
1 0.17578125 0.6859375 0.1234375 0.0640625
1 0.52578125 0.68984375 0.115625 0.0484375
1 0.6140625 0.7203125 0.09375 0.05625
1 0.7390625 0.6515625 0.0828125 0.0984375
1 0.84453125 0.559375 0.0671875 0.11875
1 0.6390625 0.58046875 0.1328125 0.053125
1 0.51484375 0.57890625 0.0625 0.10625
1 0.61171875 0.48359375 0.0359375 0.1078125
1 0.128125 0.5015625 0.171875 0.028125
1 0.1984375 0.396875 0.103125 0.06875
1 0.34921875 0.42578125 0.0375 0.0953125
1 0.8078125 0.409375 0.1140625 0.0734375
1 0.734375 0.365625 0.0375 0.0984375
1 0.41640625 0.3390625 0.096875 0.0703125
1 0.28515625 0.225 0.0546875 0.0984375
