1 0.37890625 0.76640625 0.096875 0.0359375
1 0.31171875 0.740625 0.0421875 0.08125
1 0.50390625 0.77578125 0.0984375 0.025
1 0.55078125 0.7453125 0.103125 0.0265625
1 0.42890625 0.7546875 0.0859375 0.028125
1 0.31484375 0.728125 0.1125 0.0296875
1 0.29921875 0.66796875 0.0390625 0.08125
1 0.2515625 0.66015625 0.025 0.05625
1 0.18125 0.62109375 0.0328125 0.0609375
1 0.19375 0.5546875 0.028125 0.065625
1 0.1703125 0.54453125 0.025 0.0703125
1 0.296875 0.54921875 0.0625 0.0515625
1 0.41484375 0.56796875 0.08125 0.0203125
1 0.47578125 0.55078125 0.0328125 0.0734375
1 0.37265625 0.51484375 0.03125 0.0578125
1 0.42421875 0.4953125 0.0421875 0.0546875
1 0.20625 0.45859375 0.0421875 0.0671875
1 0.31953125 0.453125 0.05625 0.046875
1 0.25625 0.44765625 0.0484375 0.053125
1 0.28671875 0.390625 0.0546875 0.0765625
1 0.44609375 0.4 0.0828125 0.0578125
1 0.5359375 0.428125 0.1015625 0.025
1 0.59140625 0.47265625 0.028125 0.071875
1 0.40859375 0.3515625 0.0921875 0.034375
1 0.446875 0.2953125 0.1109375 0.025
1 0.421875 0.325 0.0640625 0.0203125
1 0.5015625 0.32890625 0.0421875 0.0640625
1 0.53515625 0.3046875 0.0921875 0.0203125
1 0.54765625 0.36953125 0.03125 0.0609375
1 0.60859375 0.36875 0.0671875 0.0453125
1 0.6765625 0.3796875 0.0890625 0.03125
1 0.715625 0.35078125 0.0765625 0.0453125
1 0.6359375 0.440625 0.028125 0.06875
1 0.7078125 0.48046875 0.0421875 0.06875
1 0.69140625 0.4421875 0.0421875 0.0453125
1 0.74453125 0.41875 0.0328125 0.065625
1 0.58125 0.66484375 0.0875 0.0234375
1 0.63671875 0.6421875 0.03125 0.075
1 0.60703125 0.61640625 0.075 0.0390625
1 0.671875 0.6421875 0.0703125 0.0203125
1 0.74453125 0.62578125 0.0875 0.0546875
1 0.7375 0.68515625 0.08125 0.04375
1 0.75078125 0.71484375 0.0859375 0.0265625
1 0.846875 0.440625 0.0296875 0.0828125
1 0.7765625 0.565625 0.1 0.0359375
1 0.79765625 0.4921875 0.0453125 0.078125
