1 0.671875 0.1953125 0.121875 0.0390625
1 0.45703125 0.28984375 0.0359375 0.0984375
1 0.32109375 0.24375 0.06875 0.0859375
1 0.21953125 0.3421875 0.0375 0.0859375
1 0.375 0.434375 0.1 0.0640625
1 0.1390625 0.5203125 0.0859375 0.1171875
1 0.29140625 0.58671875 0.0796875 0.0859375
1 0.43984375 0.58359375 0.05 0.096875
1 0.60078125 0.45625 0.09375 0.0375
1 0.73515625 0.52578125 0.1171875 0.0359375
1 0.88984375 0.503125 0.0328125 0.109375
1 0.759375 0.734375 0.0828125 0.06875
1 0.67421875 0.68828125 0.0984375 0.0859375
1 0.7515625 0.85859375 0.0890625 0.0640625
1 0.41796875 0.71171875 0.1328125 0.0453125
1 0.32421875 0.84296875 0.090625 0.0859375
1 0.15703125 0.70859375 0.0359375 0.11875
