1 0.41484375 0.396875 0.03046875 0.0671875
1 0.32265625 0.4140625 0.09765625 0.06875
1 0.359375 0.44296875 0.053125 0.05703125
1 0.38203125 0.49609375 0.0546875 0.06171875
1 0.484375 0.51171875 0.046875 0.078125
1 0.5875 0.52109375 0.12109375 0.03515625
1 0.44765625 0.54375 0.10859375 0.0453125
1 0.4015625 0.56796875 0.06328125 0.059375
1 0.36171875 0.56953125 0.0453125 0.07890625
1 0.284375 0.5828125 0.0625 0.1046875
1 0.27734375 0.55 0.0765625 0.0515625
1 0.209375 0.53515625 0.0515625 0.05703125
1 0.5234375 0.565625 0.1140625 0.0390625
1 0.66484375 0.5828125 0.08984375 0.0453125
1 0.75859375 0.63984375 0.08359375 0.08359375
1 0.590625 0.6140625 0.0734375 0.05546875
1 0.625 0.62734375 0.0828125 0.0609375
1 0.7296875 0.6796875 0.1078125 0.0453125
1 0.69921875 0.721875 0.06875 0.096875
1 0.628125 0.69453125 0.07421875 0.03984375
1 0.78125 0.71640625 0.08671875 0.07109375
1 0.7484375 0.74765625 0.0875 0.05546875
1 0.60234375 0.74296875 0.08046875 0.08671875
1 0.5640625 0.7515625 0.11640625 0.0578125
1 0.6390625 0.78359375 0.06484375 0.08984375
1 0.68828125 0.80078125 0.07265625 0.0828125
1 0.6453125 0.871875 0.1078125 0.04609375
1 0.475 0.64296875 0.115625 0.03359375
1 0.215625 0.62265625 0.04140625 0.0921875
1 0.2484375 0.63125 0.071875 0.08359375
1 0.15234375 0.62890625 0.0703125 0.078125
1 0.1390625 0.69609375 0.0890625 0.07265625
1 0.30625 0.715625 0.08125 0.0796875
1 0.29453125 0.67578125 0.10859375 0.04765625
1 0.40859375 0.66875 0.14140625 0.03984375
1 0.24453125 0.74609375 0.06171875 0.1109375
1 0.296875 0.7703125 0.1 0.05234375
1 0.35703125 0.75 0.06875 0.0921875
1 0.46640625 0.7203125 0.08203125 0.09375
1 0.509375 0.7046875 0.08671875 0.09296875
1 0.4640625 0.7671875 0.11640625 0.0453125
1 0.41640625 0.73984375 0.05234375 0.0875
1 0.3265625 0.840625 0.046875 0.08359375
1 0.36171875 0.884375 0.12578125 0.03125
1 0.37421875 0.82734375 0.03671875 0.0984375
1 0.40546875 0.8203125 0.1203125 0.03359375
1 0.465625 0.84765625 0.11171875 0.04296875
1 0.44765625 0.87109375 0.06796875 0.0828125
1 0.534375 0.87421875 0.09921875 0.090625
1 0.53515625 0.82890625 0.09921875 0.04609375
1 0.55390625 0.840625 0.053125 0.08984375
1 0.5609375 0.92109375 0.12265625 0.05
1 0.58828125 0.85390625 0.08671875 0.08359375
1 0.62421875 0.85234375 0.0609375 0.065625
1 0.5625 0.80234375 0.11796875 0.04140625
