1 0.36015625 0.1265625 0.0296875 0.08125
1 0.36953125 0.115625 0.03125 0.05
1 0.40625 0.12265625 0.0203125 0.075
1 0.4515625 0.11171875 0.01875 0.075
1 0.49765625 0.13203125 0.075 0.0609375
1 0.48671875 0.11796875 0.0609375 0.021875
1 0.52578125 0.1609375 0.0796875 0.0328125
1 0.61015625 0.15 0.0828125 0.0515625
1 0.62890625 0.1171875 0.0703125 0.0296875
1 0.690625 0.1328125 0.0859375 0.028125
1 0.68125 0.1046875 0.0828125 0.0390625
1 0.7671875 0.171875 0.05 0.0515625
1 0.7984375 0.19453125 0.028125 0.0859375
1 0.58984375 0.20390625 0.0625 0.025
1 0.6375 0.22265625 0.0453125 0.040625
1 0.50703125 0.215625 0.06875 0.0296875
1 0.440625 0.20703125 0.075 0.0296875
1 0.31171875 0.2125 0.0671875 0.0640625
1 0.31796875 0.209375 0.078125 0.021875
1 0.33203125 0.18984375 0.0484375 0.040625
1 0.35078125 0.2453125 0.0359375 0.0578125
1 0.371875 0.2421875 0.0546875 0.078125
1 0.384375 0.2390625 0.071875 0.025
1 0.3328125 0.2875 0.0484375 0.0625
1 0.303125 0.2625 0.071875 0.034375
1 0.278125 0.1375 0.075 0.03125
1 0.25234375 0.16484375 0.0609375 0.053125
1 0.20546875 0.2078125 0.040625 0.090625
1 0.234375 0.26171875 0.0359375 0.075
1 0.20078125 0.2453125 0.0890625 0.05625
1 0.1671875 0.25625 0.0796875 0.0765625
1 0.10703125 0.31328125 0.065625 0.0265625
1 0.1171875 0.28671875 0.0765625 0.046875
1 0.275 0.32890625 0.0390625 0.0640625
1 0.33203125 0.38203125 0.0609375 0.046875
1 0.325 0.35234375 0.0578125 0.05
1 0.40078125 0.31796875 0.0921875 0.015625
1 0.39296875 0.3609375 0.0828125 0.0265625
1 0.4140625 0.3546875 0.05 0.0515625
1 0.396875 0.33984375 0.0265625 0.0703125
1 0.46796875 0.33203125 0.0265625 0.0546875
1 0.471875 0.2625 0.0796875 0.015625
1 0.534375 0.30078125 0.0234375 0.096875
1 0.64921875 0.27578125 0.0546875 0.06875
1 0.6671875 0.278125 0.0390625 0.0625
1 0.71875 0.2671875 0.0421875 0.071875
1 0.78515625 0.27734375 0.04375 0.06875
1 0.803125 0.26484375 0.065625 0.0625
1 0.84609375 0.25234375 0.0890625 0.040625
1 0.85625 0.33671875 0.0734375 0.0734375
1 0.85546875 0.30859375 0.034375 0.0984375
1 0.8828125 0.278125 0.071875 0.04375
1 0.79296875 0.42734375 0.0234375 0.0703125
1 0.79765625 0.41328125 0.053125 0.053125
1 0.80859375 0.39453125 0.0375 0.084375
1 0.80625 0.3484375 0.0359375 0.06875
1 0.7828125 0.3546875 0.0578125 0.0578125
1 0.76328125 0.43515625 0.040625 0.0609375
1 0.80859375 0.478125 0.0703125 0.04375
1 0.85078125 0.40625 0.0625 0.075
1 0.909375 0.35703125 0.06875 0.0625
1 0.85390625 0.534375 0.103125 0.0375
1 0.8671875 0.50546875 0.0546875 0.059375
1 0.7859375 0.55625 0.0703125 0.0421875
1 0.77890625 0.6015625 0.05625 0.046875
1 0.82578125 0.584375 0.0234375 0.0640625
1 0.82421875 0.65625 0.0828125 0.0359375
1 0.85078125 0.63125 0.0546875 0.034375
1 0.87109375 0.62734375 0.0453125 0.1140625
1 0.7984375 0.640625 0.0546875 0.065625
1 0.73828125 0.58359375 0.0296875 0.0953125
1 0.703125 0.38359375 0.08125 0.0390625
1 0.67734375 0.359375 0.028125 0.0640625
1 0.62109375 0.3671875 0.0203125 0.0609375
1 0.621875 0.3515625 0.015625 0.059375
1 0.64140625 0.4171875 0.0265625 0.0875
1 0.5734375 0.4984375 0.0234375 0.0703125
1 0.590625 0.4640625 0.0203125 0.0515625
1 0.6234375 0.46875 0.025 0.06875
1 0.6578125 0.44453125 0.025 0.08125
1 0.72109375 0.4609375 0.0984375 0.065625
1 0.728125 0.45859375 0.0375 0.04375
1 0.7 0.51171875 0.103125 0.0359375
1 0.53828125 0.4140625 0.0234375 0.0796875
1 0.5109375 0.41953125 0.05625 0.0296875
1 0.41875 0.41796875 0.0640625 0.025
1 0.53359375 0.4875 0.0359375 0.0453125
1 0.48125 0.51875 0.0578125 0.04375
1 0.45625 0.49140625 0.046875 0.059375
1 0.41875 0.48125 0.0328125 0.0515625
1 0.40390625 0.54140625 0.01875 0.075
1 0.34296875 0.50234375 0.03125 0.0875
1 0.35625 0.45859375 0.0390625 0.09375
1 0.29453125 0.41328125 0.040625 0.0609375
1 0.346875 0.53984375 0.0234375 0.0703125
1 0.32109375 0.48828125 0.0515625 0.0328125
1 0.35390625 0.64453125 0.090625 0.053125
1 0.35625 0.60234375 0.046875 0.0203125
1 0.571875 0.58359375 0.096875 0.0265625
1 0.58203125 0.5609375 0.0890625 0.025
1 0.66171875 0.57890625 0.059375 0.03125
1 0.60859375 0.6125 0.1 0.0390625
1 0.61796875 0.63515625 0.0359375 0.0734375
1 0.53203125 0.634375 0.0953125 0.0234375
1 0.496875 0.65234375 0.0703125 0.0625
1 0.5109375 0.6109375 0.08125 0.0265625
1 0.5171875 0.725 0.0328125 0.071875
1 0.5203125 0.69375 0.0484375 0.04375
1 0.528125 0.65234375 0.0453125 0.021875
1 0.61484375 0.65546875 0.0640625 0.0203125
1 0.6 0.6890625 0.046875 0.05
1 0.559375 0.70703125 0.059375 0.04375
1 0.484375 0.75703125 0.06875 0.0359375
1 0.50078125 0.74296875 0.0671875 0.015625
1 0.42890625 0.6953125 0.0546875 0.0609375
1 0.4421875 0.6890625 0.0875 0.0359375
1 0.4453125 0.78515625 0.0828125 0.0265625
1 0.4328125 0.75703125 0.0484375 0.046875
1 0.346875 0.78359375 0.059375 0.0703125
1 0.33984375 0.7515625 0.071875 0.028125
1 0.4015625 0.7953125 0.046875 0.0734375
1 0.39921875 0.75078125 0.0703125 0.0296875
1 0.4078125 0.79453125 0.075 0.0390625
1 0.40859375 0.8625 0.05625 0.0609375
1 0.3609375 0.8421875 0.05625 0.0640625
1 0.27109375 0.85078125 0.0375 0.0828125
1 0.3296875 0.88046875 0.065625 0.0875
1 0.371875 0.8921875 0.06875 0.0390625
1 0.44453125 0.92109375 0.1421875 0.0296875
1 0.55703125 0.8796875 0.1125 0.0453125
1 0.52578125 0.853125 0.071875 0.034375
1 0.50234375 0.83203125 0.025 0.0640625
1 0.5265625 0.790625 0.015625 0.0515625
1 0.49453125 0.8234375 0.0828125 0.0265625
1 0.55625 0.83515625 0.075 0.046875
1 0.53359375 0.84609375 0.0359375 0.0375
1 0.49140625 0.8953125 0.0828125 0.0359375
1 0.49609375 0.87734375 0.084375 0.03125
1 0.45390625 0.840625 0.0875 0.0453125
1 0.55234375 0.88671875 0.04375 0.059375
1 0.63984375 0.87734375 0.0828125 0.0546875
1 0.5671875 0.7484375 0.0421875 0.053125
1 0.565625 0.78671875 0.071875 0.0203125
1 0.61171875 0.7921875 0.075 0.0625
1 0.6328125 0.784375 0.0515625 0.05
1 0.621875 0.81953125 0.078125 0.0328125
1 0.6703125 0.83515625 0.1015625 0.0296875
1 0.73203125 0.84140625 0.0890625 0.0359375
1 0.67265625 0.77890625 0.065625 0.0546875
1 0.66015625 0.70625 0.0359375 0.0578125
1 0.69609375 0.70859375 0.0390625 0.0796875
1 0.7328125 0.75234375 0.065625 0.0703125
1 0.7203125 0.7296875 0.0421875 0.059375
1 0.8125 0.7890625 0.0953125 0.053125
1 0.790625 0.76953125 0.0875 0.05625
1 0.784375 0.7265625 0.075 0.04375
1 0.846875 0.71796875 0.0796875 0.0640625
1 0.7078125 0.625 0.0234375 0.0828125
1 0.13828125 0.340625 0.0734375 0.046875
1 0.1859375 0.42265625 0.0171875 0.0828125
1 0.19765625 0.3765625 0.025 0.0765625
1 0.2 0.3671875 0.053125 0.059375
1 0.18125 0.428125 0.0625 0.0328125
1 0.12578125 0.4171875 0.0828125 0.059375
1 0.10078125 0.42109375 0.021875 0.084375
1 0.05625 0.46875 0.0640625 0.071875
1 0.28125 0.4796875 0.0609375 0.0609375
1 0.2734375 0.4828125 0.053125 0.08125
1 0.26796875 0.54921875 0.0828125 0.0359375
1 0.26171875 0.53125 0.0859375 0.028125
1 0.29375 0.5453125 0.059375 0.040625
1 0.175 0.54140625 0.021875 0.078125
1 0.190625 0.53515625 0.0375 0.0765625
1 0.20078125 0.58359375 0.0421875 0.0765625
1 0.225 0.62421875 0.0703125 0.0265625
1 0.20390625 0.55703125 0.021875 0.05625
1 0.2515625 0.6296875 0.046875 0.0625
1 0.24765625 0.57421875 0.0390625 0.0828125
1 0.28046875 0.621875 0.075 0.059375
1 0.3328125 0.63203125 0.053125 0.0359375
1 0.29140625 0.6140625 0.059375 0.0671875
1 0.14921875 0.5875 0.08125 0.028125
1 0.0546875 0.5296875 0.05625 0.0625
1 0.084375 0.559375 0.04375 0.0671875
1 0.09609375 0.56015625 0.046875 0.096875
1 0.09453125 0.51328125 0.04375 0.0671875
1 0.078125 0.63828125 0.0609375 0.0578125
1 0.065625 0.61171875 0.053125 0.05
1 0.11796875 0.65859375 0.0625 0.090625
1 0.171875 0.703125 0.05625 0.028125
1 0.15078125 0.690625 0.028125 0.0671875
1 0.16640625 0.66015625 0.065625 0.059375
1 0.2453125 0.69921875 0.075 0.0390625
1 0.27421875 0.728125 0.0578125 0.0890625
1 0.21640625 0.71015625 0.0578125 0.0625
1 0.2234375 0.8 0.028125 0.0828125
1 0.23984375 0.75625 0.0671875 0.0625
1 0.1984375 0.76640625 0.071875 0.0390625
1 0.14921875 0.7296875 0.065625 0.0359375
1 0.23828125 0.80078125 0.0203125 0.1078125
1 0.17890625 0.8015625 0.065625 0.0671875
