1 0.47109375 0.8296875 0.075 0.075
1 0.5859375 0.81015625 0.0890625 0.10625
1 0.65625 0.80546875 0.078125 0.0484375
1 0.58828125 0.73203125 0.0703125 0.071875
1 0.63046875 0.7046875 0.059375 0.1125
1 0.65625 0.61328125 0.0296875 0.1140625
1 0.61015625 0.59921875 0.034375 0.1109375
1 0.565625 0.590625 0.03125 0.10625
1 0.48203125 0.66796875 0.06875 0.1
1 0.43828125 0.653125 0.059375 0.0546875
1 0.38984375 0.76484375 0.05625 0.1046875
1 0.39453125 0.65625 0.0265625 0.0984375
1 0.28046875 0.73515625 0.028125 0.121875
1 0.23515625 0.528125 0.0328125 0.1203125
1 0.275 0.50859375 0.0671875 0.0828125
1 0.3875 0.5515625 0.0515625 0.125
1 0.49609375 0.553125 0.03125 0.1203125
1 0.73125 0.50703125 0.059375 0.0875
1 0.7 0.41640625 0.0390625 0.090625
1 0.70703125 0.35234375 0.0734375 0.08125
1 0.60390625 0.428125 0.0328125 0.109375
1 0.59765625 0.35078125 0.0859375 0.05
1 0.53046875 0.3875 0.0625 0.05625
1 0.46953125 0.45859375 0.0859375 0.0546875
1 0.27265625 0.43203125 0.0890625 0.0609375
1 0.24453125 0.3421875 0.0328125 0.103125
1 0.33125 0.37109375 0.0828125 0.0328125
1 0.3828125 0.36953125 0.025 0.115625
1 0.46875 0.3875 0.0671875 0.0671875
1 0.44765625 0.29765625 0.0296875 0.0859375
1 0.5375 0.334375 0.0859375 0.059375
1 0.503125 0.30078125 0.03125 0.09375
1 0.571875 0.24453125 0.0703125 0.0296875
1 0.64375 0.2296875 0.075 0.046875
1 0.5125 0.21328125 0.0765625 0.065625
1 0.425 0.253125 0.084375 0.059375
1 0.41953125 0.20390625 0.075 0.0609375
