1 0.5390625 0.77578125 0.1109375 0.0359375
1 0.665625 0.753125 0.0484375 0.059375
1 0.53671875 0.7546875 0.090625 0.028125
1 0.58671875 0.725 0.028125 0.08125
1 0.5453125 0.725 0.075 0.0421875
1 0.578125 0.7140625 0.071875 0.015625
1 0.55859375 0.69765625 0.084375 0.015625
1 0.63125 0.721875 0.075 0.0390625
1 0.55390625 0.684375 0.115625 0.015625
1 0.584375 0.66015625 0.0375 0.0484375
1 0.57578125 0.64765625 0.075 0.028125
1 0.56640625 0.6546875 0.0453125 0.05625
1 0.509375 0.659375 0.071875 0.034375
1 0.4625 0.68125 0.0671875 0.034375
1 0.475 0.71640625 0.0625 0.040625
1 0.67734375 0.69296875 0.071875 0.0453125
1 0.68984375 0.7015625 0.0859375 0.0171875
1 0.746875 0.71328125 0.05 0.053125
1 0.69375 0.66953125 0.053125 0.046875
1 0.6984375 0.6484375 0.0703125 0.0375
1 0.66015625 0.64375 0.0875 0.0234375
1 0.771875 0.6640625 0.0734375 0.053125
1 0.459375 0.75859375 0.096875 0.0328125
1 0.3625 0.7546875 0.1046875 0.04375
1 0.42109375 0.73984375 0.0703125 0.0296875
1 0.415625 0.740625 0.0765625 0.025
1 0.38984375 0.72734375 0.0828125 0.025
1 0.3890625 0.7125 0.0953125 0.0390625
1 0.3375 0.71171875 0.06875 0.0515625
1 0.35390625 0.68984375 0.03125 0.065625
1 0.36015625 0.69453125 0.0625 0.01875
1 0.36484375 0.71796875 0.0625 0.03125
1 0.3390625 0.671875 0.0265625 0.0734375
1 0.3859375 0.659375 0.075 0.0203125
1 0.37421875 0.65703125 0.0671875 0.034375
1 0.425 0.66640625 0.0453125 0.05625
1 0.4375 0.66953125 0.028125 0.0578125
1 0.446875 0.63125 0.06875 0.0375
1 0.465625 0.6265625 0.078125 0.025
1 0.42890625 0.60234375 0.05 0.034375
1 0.53359375 0.603125 0.0828125 0.0359375
1 0.54609375 0.6171875 0.071875 0.034375
1 0.5515625 0.62265625 0.0546875 0.0125
1 0.53046875 0.60078125 0.0390625 0.040625
1 0.51328125 0.58203125 0.0484375 0.0359375
1 0.596875 0.5953125 0.0390625 0.0625
1 0.65 0.55703125 0.075 0.04375
1 0.634375 0.57578125 0.096875 0.0390625
1 0.63125 0.57734375 0.0484375 0.059375
1 0.63203125 0.60546875 0.071875 0.0390625
1 0.67265625 0.575 0.05 0.0421875
1 0.71171875 0.5703125 0.0703125 0.0265625
1 0.7125 0.5390625 0.0265625 0.0640625
1 0.65625 0.54375 0.01875 0.0453125
1 0.659375 0.50703125 0.028125 0.0578125
1 0.615625 0.51171875 0.0453125 0.0640625
1 0.628125 0.50078125 0.025 0.0375
1 0.5703125 0.53515625 0.0703125 0.05625
1 0.54296875 0.5375 0.053125 0.034375
1 0.515625 0.55078125 0.0640625 0.05
1 0.53359375 0.55859375 0.0875 0.0265625
1 0.2984375 0.7046875 0.0390625 0.0671875
1 0.26484375 0.6921875 0.1046875 0.0234375
1 0.26953125 0.68828125 0.0546875 0.0515625
1 0.240625 0.703125 0.04375 0.01875
1 0.2046875 0.7171875 0.053125 0.075
1 0.16796875 0.7078125 0.05625 0.0390625
1 0.31171875 0.65234375 0.040625 0.0609375
1 0.27890625 0.64296875 0.0875 0.0375
1 0.2875 0.64375 0.090625 0.01875
1 0.25703125 0.62421875 0.0375 0.06875
1 0.2109375 0.62265625 0.065625 0.0484375
1 0.19453125 0.60546875 0.1 0.021875
1 0.37265625 0.6125 0.03125 0.0609375
1 0.3796875 0.58515625 0.09375 0.0328125
1 0.4046875 0.56796875 0.1203125 0.028125
1 0.44921875 0.5515625 0.0671875 0.040625
1 0.325 0.5984375 0.0625 0.05
1 0.28203125 0.6078125 0.0875 0.028125
1 0.2953125 0.575 0.03125 0.059375
1 0.3109375 0.55859375 0.0625 0.0296875
1 0.40390625 0.50625 0.078125 0.034375
1 0.3375 0.5234375 0.078125 0.0453125
1 0.29921875 0.51015625 0.0828125 0.03125
1 0.309375 0.48828125 0.0359375 0.0375
1 0.325 0.534375 0.03125 0.046875
1 0.2578125 0.5140625 0.0265625 0.0515625
1 0.2515625 0.578125 0.0390625 0.0515625
1 0.23359375 0.55859375 0.0265625 0.0578125
1 0.21328125 0.540625 0.025 0.0671875
1 0.19140625 0.54921875 0.0796875 0.0359375
1 0.125 0.59609375 0.0578125 0.0609375
1 0.2203125 0.503125 0.0375 0.0640625
1 0.18046875 0.52265625 0.071875 0.059375
1 0.15546875 0.51171875 0.0328125 0.0734375
1 0.140625 0.53046875 0.0796875 0.0421875
1 0.10234375 0.66171875 0.0265625 0.065625
1 0.0875 0.609375 0.034375 0.0640625
1 0.1203125 0.5734375 0.06875 0.059375
1 0.0890625 0.52421875 0.109375 0.0328125
1 0.1359375 0.48359375 0.0890625 0.025
1 0.05234375 0.46640625 0.06875 0.0421875
1 0.16640625 0.453125 0.0546875 0.0578125
1 0.184375 0.45625 0.0765625 0.0328125
1 0.2203125 0.43203125 0.08125 0.015625
1 0.265625 0.45390625 0.05 0.053125
1 0.29609375 0.43125 0.0734375 0.0390625
1 0.35234375 0.45859375 0.0609375 0.0296875
1 0.296875 0.3953125 0.103125 0.0296875
1 0.32734375 0.38984375 0.01875 0.0546875
1 0.26015625 0.41015625 0.053125 0.03125
1 0.21953125 0.3859375 0.0375 0.04375
1 0.23671875 0.39140625 0.0796875 0.0140625
1 0.16484375 0.40078125 0.0328125 0.0515625
1 0.13359375 0.40859375 0.090625 0.025
1 0.1625 0.39140625 0.0734375 0.0375
1 0.184375 0.3578125 0.0453125 0.059375
1 0.2078125 0.359375 0.0484375 0.0375
1 0.2609375 0.34453125 0.0609375 0.0234375
1 0.24296875 0.3390625 0.0421875 0.0375
1 0.26796875 0.32265625 0.0515625 0.0375
1 0.28671875 0.35625 0.05625 0.0296875
1 0.3296875 0.3390625 0.0625 0.04375
1 0.38671875 0.36171875 0.0859375 0.0453125
1 0.41953125 0.3546875 0.0640625 0.0234375
1 0.37734375 0.34296875 0.03125 0.0453125
1 0.37734375 0.31015625 0.084375 0.03125
1 0.33359375 0.309375 0.0609375 0.0234375
1 0.22109375 0.3046875 0.0234375 0.0609375
1 0.2765625 0.2953125 0.0703125 0.0671875
1 0.3015625 0.2828125 0.0765625 0.021875
1 0.31484375 0.28125 0.05625 0.0453125
1 0.36171875 0.28203125 0.065625 0.025
1 0.42109375 0.28984375 0.0703125 0.034375
1 0.365625 0.2609375 0.0703125 0.015625
1 0.39375 0.25078125 0.0625 0.0421875
1 0.33046875 0.24296875 0.0734375 0.0421875
1 0.22734375 0.24140625 0.09375 0.046875
1 0.0625 0.4328125 0.078125 0.0390625
1 0.05703125 0.41015625 0.06875 0.040625
1 0.09921875 0.3765625 0.0953125 0.021875
1 0.10859375 0.3484375 0.090625 0.03125
1 0.85 0.57890625 0.1015625 0.0390625
1 0.76796875 0.53828125 0.0640625 0.046875
1 0.7125 0.5078125 0.0671875 0.04375
1 0.82421875 0.5421875 0.075 0.040625
1 0.81875 0.5046875 0.0359375 0.0640625
1 0.8171875 0.5359375 0.034375 0.053125
1 0.89140625 0.51484375 0.05625 0.065625
1 0.8875 0.53671875 0.0359375 0.0734375
1 0.91328125 0.45859375 0.0484375 0.0578125
1 0.85625 0.43984375 0.1046875 0.0390625
1 0.784375 0.45546875 0.040625 0.0546875
1 0.73125 0.478125 0.053125 0.040625
1 0.7359375 0.44921875 0.0515625 0.0453125
1 0.77109375 0.446875 0.0203125 0.04375
1 0.734375 0.4296875 0.0890625 0.0234375
1 0.68359375 0.45 0.0890625 0.046875
1 0.69609375 0.41953125 0.065625 0.01875
1 0.825 0.403125 0.0359375 0.053125
1 0.803125 0.40234375 0.0734375 0.028125
1 0.79140625 0.3984375 0.0671875 0.0390625
1 0.88125 0.39296875 0.0484375 0.046875
1 0.86171875 0.365625 0.103125 0.0171875
1 0.86171875 0.3359375 0.0703125 0.0375
1 0.83828125 0.36171875 0.0546875 0.0640625
1 0.80390625 0.33671875 0.0359375 0.0671875
1 0.75390625 0.3296875 0.0578125 0.071875
1 0.77734375 0.28828125 0.0890625 0.028125
1 0.4640625 0.46640625 0.0375 0.05
1 0.45234375 0.446875 0.0625 0.05
1 0.56953125 0.46796875 0.0671875 0.028125
1 0.5921875 0.41953125 0.0234375 0.0546875
1 0.53984375 0.43046875 0.084375 0.0359375
1 0.54765625 0.39765625 0.0296875 0.05625
1 0.596875 0.3859375 0.046875 0.065625
1 0.61953125 0.4078125 0.053125 0.059375
1 0.665625 0.3984375 0.084375 0.025
1 0.58671875 0.37265625 0.0703125 0.0234375
1 0.67890625 0.375 0.0921875 0.028125
1 0.6859375 0.34609375 0.03125 0.05
1 0.628125 0.315625 0.028125 0.053125
1 0.6640625 0.31953125 0.0390625 0.046875
1 0.6625 0.31015625 0.09375 0.0328125
1 0.6890625 0.28984375 0.0703125 0.0421875
1 0.64296875 0.28046875 0.0421875 0.046875
1 0.5765625 0.29765625 0.0375 0.0453125
1 0.51328125 0.321875 0.0390625 0.0671875
1 0.56328125 0.28203125 0.065625 0.053125
1 0.5078125 0.26484375 0.0828125 0.0203125
1 0.58671875 0.28515625 0.03125 0.0625
1 0.45234375 0.2765625 0.028125 0.059375
1 0.43359375 0.23203125 0.0328125 0.0671875
1 0.471875 0.21640625 0.0515625 0.059375
1 0.51953125 0.23203125 0.0609375 0.05625
1 0.57734375 0.2375 0.04375 0.046875
1 0.5859375 0.19140625 0.078125 0.015625
1 0.65625 0.20859375 0.0609375 0.028125
1 0.72421875 0.25234375 0.0828125 0.046875
