1 0.70078125 0.2171875 0.1 0.059375
1 0.6765625 0.1828125 0.0546875 0.084375
1 0.80078125 0.2421875 0.096875 0.0484375
1 0.5921875 0.140625 0.1203125 0.0328125
1 0.515625 0.14765625 0.084375 0.0359375
1 0.39375 0.128125 0.1375 0.025
1 0.39453125 0.1859375 0.109375 0.03125
1 0.28359375 0.1953125 0.10625 0.0234375
1 0.27265625 0.24375 0.090625 0.0390625
1 0.4671875 0.26171875 0.0484375 0.06875
1 0.48046875 0.21328125 0.090625 0.0203125
1 0.4265625 0.22734375 0.0671875 0.0546875
1 0.54140625 0.278125 0.0953125 0.034375
1 0.375 0.26484375 0.0578125 0.065625
1 0.38203125 0.30078125 0.09375 0.03125
1 0.23828125 0.27890625 0.078125 0.0234375
1 0.27265625 0.3265625 0.03125 0.071875
1 0.29765625 0.32734375 0.10625 0.0234375
1 0.38671875 0.353125 0.0484375 0.0625
1 0.503125 0.31640625 0.0953125 0.0515625
1 0.49453125 0.35 0.1203125 0.025
1 0.58671875 0.325 0.1015625 0.0234375
1 0.69921875 0.35 0.0515625 0.078125
1 0.68671875 0.31875 0.028125 0.0734375
1 0.8484375 0.28984375 0.1359375 0.0234375
1 0.89609375 0.34296875 0.090625 0.0734375
1 0.80703125 0.3953125 0.13125 0.025
1 0.79140625 0.4359375 0.05625 0.075
1 0.71484375 0.42109375 0.0984375 0.05
1 0.6140625 0.4015625 0.034375 0.078125
1 0.65546875 0.41484375 0.0265625 0.0765625
1 0.6796875 0.46796875 0.115625 0.0359375
1 0.6 0.46953125 0.1015625 0.0296875
1 0.49140625 0.43515625 0.0328125 0.06875
1 0.53359375 0.4546875 0.0671875 0.0421875
1 0.37578125 0.41171875 0.1015625 0.021875
1 0.175 0.33671875 0.05625 0.0703125
1 0.178125 0.3875 0.096875 0.0546875
1 0.11171875 0.34453125 0.075 0.0609375
1 0.10390625 0.45625 0.0484375 0.0609375
1 0.1 0.42734375 0.0671875 0.078125
1 0.2046875 0.42890625 0.1 0.0375
1 0.16875 0.5296875 0.0390625 0.084375
1 0.19140625 0.475 0.0890625 0.034375
1 0.24453125 0.49765625 0.0390625 0.0734375
1 0.2703125 0.521875 0.05 0.071875
1 0.29921875 0.53984375 0.0453125 0.0609375
1 0.3546875 0.5234375 0.1046875 0.03125
1 0.08203125 0.53671875 0.04375 0.0671875
1 0.44453125 0.4953125 0.0515625 0.09375
1 0.42578125 0.59765625 0.0640625 0.0546875
1 0.415625 0.55625 0.0578125 0.046875
1 0.54140625 0.59296875 0.0765625 0.078125
1 0.5734375 0.54609375 0.103125 0.021875
1 0.68203125 0.5265625 0.0515625 0.0515625
1 0.65546875 0.59375 0.04375 0.05625
1 0.63359375 0.6390625 0.078125 0.0515625
1 0.5515625 0.66640625 0.096875 0.0359375
1 0.78046875 0.52578125 0.065625 0.065625
1 0.8328125 0.50234375 0.0390625 0.04375
1 0.80703125 0.4703125 0.03125 0.0703125
1 0.86953125 0.48984375 0.025 0.0609375
1 0.9078125 0.4734375 0.0515625 0.075
1 0.94765625 0.43203125 0.1046875 0.059375
1 0.9640625 0.54921875 0.05 0.078125
1 0.97109375 0.5203125 0.0578125 0.040625
1 0.9359375 0.65546875 0.0375 0.0671875
1 0.7859375 0.60390625 0.0375 0.0875
1 0.81328125 0.603125 0.034375 0.090625
1 0.8671875 0.5828125 0.0234375 0.071875
1 0.7140625 0.66015625 0.0984375 0.053125
1 0.73828125 0.70234375 0.0765625 0.0484375
1 0.825 0.6734375 0.0859375 0.0625
1 0.85859375 0.74765625 0.1109375 0.0484375
1 0.84921875 0.7125 0.075 0.0515625
1 0.7484375 0.79921875 0.034375 0.0890625
1 0.715625 0.76875 0.1140625 0.034375
1 0.703125 0.7984375 0.0671875 0.0546875
1 0.6484375 0.83828125 0.06875 0.0578125
1 0.61328125 0.78984375 0.0859375 0.0390625
1 0.63828125 0.7390625 0.0984375 0.0546875
1 0.51875 0.75703125 0.0671875 0.0796875
1 0.5109375 0.8546875 0.1015625 0.025
1 0.42109375 0.81796875 0.103125 0.0296875
1 0.3875 0.75078125 0.065625 0.028125
1 0.43125 0.74140625 0.090625 0.059375
1 0.40234375 0.66796875 0.05625 0.0640625
1 0.315625 0.725 0.0515625 0.08125
1 0.3484375 0.68203125 0.0703125 0.028125
1 0.30078125 0.6171875 0.0828125 0.028125
1 0.29921875 0.58515625 0.090625 0.028125
1 0.1984375 0.59375 0.090625 0.05
1 0.23125 0.6875 0.04375 0.090625
1 0.1421875 0.640625 0.028125 0.0765625
