1 0.3453125 0.5390625 0.07421875 0.02734375
1 0.35390625 0.52421875 0.1125 0.03046875
1 0.27734375 0.51796875 0.11796875 0.0265625
1 0.31328125 0.490625 0.0546875 0.0515625
1 0.346875 0.490625 0.0796875 0.0203125
1 0.39765625 0.496875 0.07578125 0.046875
1 0.4421875 0.534375 0.09296875 0.021875
1 0.46484375 0.47890625 0.10390625 0.03359375
1 0.55078125 0.46796875 0.0875 0.02265625
1 0.54765625 0.47890625 0.0234375 0.0640625
1 0.60625 0.4984375 0.09921875 0.03984375
1 0.66953125 0.47734375 0.1015625 0.034375
1 0.7296875 0.55625 0.059375 0.06015625
1 0.7328125 0.5328125 0.07578125 0.065625
1 0.73359375 0.5078125 0.0828125 0.0375
1 0.7796875 0.5453125 0.0828125 0.059375
1 0.76015625 0.490625 0.05390625 0.0390625
1 0.7640625 0.57421875 0.07109375 0.053125
1 0.80625 0.578125 0.04765625 0.06953125
1 0.80859375 0.54375 0.05859375 0.0625
1 0.83203125 0.56328125 0.0546875 0.05625
1 0.82734375 0.66640625 0.0484375 0.0671875
1 0.81875 0.62421875 0.04140625 0.06015625
1 0.875 0.596875 0.0359375 0.0640625
1 0.93984375 0.625 0.0640625 0.06484375
1 0.53671875 0.546875 0.0921875 0.02265625
1 0.5109375 0.5390625 0.0765625 0.03359375
1 0.47578125 0.56484375 0.1046875 0.0234375
1 0.48203125 0.55 0.0703125 0.0484375
1 0.64375 0.53828125 0.10234375 0.04375
1 0.621875 0.5765625 0.04375 0.0671875
1 0.69375 0.625 0.03984375 0.07421875
1 0.49375 0.68125 0.06328125 0.0765625
1 0.30390625 0.57578125 0.1 0.02109375
1 0.28046875 0.5703125 0.0375 0.04921875
1 0.19921875 0.6015625 0.05234375 0.0609375
1 0.23828125 0.62578125 0.09453125 0.034375
1 0.24453125 0.6234375 0.04765625 0.07421875
1 0.21875 0.66640625 0.10703125 0.053125
1 0.13828125 0.625 0.07265625 0.08359375
1 0.11875 0.721875 0.0375 0.096875
1 0.2609375 0.759375 0.1109375 0.05
1 0.26328125 0.8046875 0.1390625 0.0375
1 0.64921875 0.78125 0.1296875 0.04296875
1 0.671875 0.72109375 0.06796875 0.0921875
1 0.7796875 0.890625 0.1078125 0.053125
1 0.73828125 0.83125 0.07265625 0.05703125
1 0.75234375 0.72109375 0.10390625 0.07109375
1 0.81171875 0.71328125 0.0359375 0.07109375
1 0.8625 0.67734375 0.06953125 0.05859375
1 0.87890625 0.7109375 0.040625 0.07734375
1 0.9421875 0.72265625 0.10859375 0.0765625
1 0.92890625 0.77578125 0.05625 0.065625
1 0.96640625 0.78984375 0.03515625 0.07578125
1 0.8296875 0.784375 0.0609375 0.08046875
