1 0.678125 0.18046875 0.0359375 0.05625
1 0.703125 0.19375 0.0484375 0.08125
1 0.73515625 0.2125 0.065625 0.0671875
1 0.62421875 0.15859375 0.0859375 0.0484375
1 0.5703125 0.16484375 0.1015625 0.0234375
1 0.490625 0.1453125 0.1046875 0.0328125
1 0.40078125 0.1578125 0.096875 0.0234375
1 0.478125 0.1734375 0.1078125 0.0390625
1 0.4203125 0.21171875 0.0640625 0.0765625
1 0.5265625 0.21953125 0.1015625 0.0328125
1 0.63984375 0.22109375 0.0625 0.053125
1 0.6625 0.25546875 0.04375 0.0921875
1 0.5515625 0.26640625 0.0609375 0.0671875
1 0.79140625 0.27421875 0.0359375 0.0625
1 0.753125 0.28125 0.09375 0.025
1 0.83984375 0.29765625 0.05 0.06875
1 0.70625 0.33125 0.034375 0.078125
1 0.796875 0.35 0.0328125 0.08125
1 0.84140625 0.3703125 0.03125 0.08125
1 0.8265625 0.38515625 0.0390625 0.046875
1 0.8421875 0.421875 0.075 0.0734375
1 0.7984375 0.43828125 0.0796875 0.0546875
1 0.86171875 0.446875 0.0671875 0.0703125
1 0.7296875 0.3859375 0.0765625 0.0421875
1 0.740625 0.41328125 0.05625 0.0625
1 0.6984375 0.4359375 0.0765625 0.0453125
1 0.6265625 0.3734375 0.03125 0.0734375
1 0.65234375 0.38125 0.084375 0.053125
1 0.56796875 0.334375 0.0859375 0.028125
1 0.5109375 0.37890625 0.0484375 0.0734375
1 0.4703125 0.3984375 0.0390625 0.0734375
1 0.53515625 0.42734375 0.0453125 0.0546875
1 0.50390625 0.46171875 0.075 0.0390625
1 0.628125 0.47421875 0.090625 0.025
1 0.55546875 0.49921875 0.0265625 0.0640625
1 0.60546875 0.51484375 0.0765625 0.059375
1 0.86796875 0.525 0.0765625 0.0625
1 0.75546875 0.55 0.071875 0.05625
1 0.79609375 0.53828125 0.071875 0.0359375
1 0.78671875 0.56953125 0.0625 0.04375
1 0.71875 0.5859375 0.0703125 0.0484375
1 0.72734375 0.5546875 0.0703125 0.025
1 0.6984375 0.52421875 0.090625 0.0265625
1 0.640625 0.54609375 0.0703125 0.0265625
1 0.5953125 0.58125 0.08125 0.05
1 0.64453125 0.58984375 0.0875 0.034375
1 0.625 0.634375 0.0828125 0.0328125
1 0.575 0.6765625 0.075 0.04375
1 0.61640625 0.67578125 0.090625 0.021875
1 0.46953125 0.5828125 0.0328125 0.0671875
1 0.50546875 0.56953125 0.0375 0.046875
1 0.4484375 0.48125 0.0296875 0.06875
1 0.3859375 0.5453125 0.0859375 0.0421875
1 0.43203125 0.67109375 0.11875 0.04375
1 0.46328125 0.65546875 0.0828125 0.01875
1 0.34765625 0.67734375 0.109375 0.0421875
1 0.3625 0.69765625 0.0703125 0.0546875
1 0.2953125 0.69375 0.0703125 0.04375
1 0.36171875 0.58515625 0.078125 0.0625
1 0.315625 0.6125 0.0703125 0.059375
1 0.3703125 0.41796875 0.0703125 0.0546875
1 0.30703125 0.509375 0.0515625 0.0765625
1 0.28828125 0.39921875 0.03125 0.078125
1 0.31796875 0.33984375 0.06875 0.0640625
1 0.43515625 0.28984375 0.09375 0.040625
1 0.36015625 0.275 0.0890625 0.040625
1 0.26796875 0.24765625 0.06875 0.040625
1 0.1953125 0.384375 0.046875 0.078125
1 0.13515625 0.4296875 0.053125 0.0734375
1 0.23046875 0.4515625 0.03125 0.075
1 0.14765625 0.4390625 0.0359375 0.0859375
1 0.2625 0.5265625 0.040625 0.065625
1 0.21640625 0.5421875 0.0453125 0.08125
