1 0.50078125 0.42890625 0.109375 0.03984375
1 0.43828125 0.41640625 0.071875 0.02265625
1 0.3703125 0.440625 0.10703125 0.0453125
1 0.37890625 0.4328125 0.08671875 0.02265625
1 0.309375 0.46640625 0.096875 0.0546875
1 0.31640625 0.4421875 0.09453125 0.03203125
1 0.25859375 0.44140625 0.10546875 0.0296875
1 0.27578125 0.428125 0.09375 0.03125
1 0.40703125 0.4921875 0.08671875 0.01953125
1 0.2859375 0.51015625 0.11171875 0.02734375
1 0.2 0.5171875 0.07578125 0.0421875
1 0.2015625 0.50859375 0.0765625 0.0234375
1 0.175 0.484375 0.08984375 0.06015625
1 0.1578125 0.4890625 0.06171875 0.0734375
1 0.178125 0.5734375 0.1125 0.04375
1 0.14609375 0.54296875 0.06328125 0.04921875
1 0.24140625 0.59765625 0.05703125 0.06640625
1 0.15703125 0.6421875 0.09296875 0.07734375
1 0.19140625 0.67109375 0.04140625 0.0875
1 0.22890625 0.65 0.04296875 0.07890625
1 0.21171875 0.76953125 0.096875 0.06484375
1 0.1796875 0.7421875 0.04140625 0.06171875
1 0.2546875 0.73515625 0.09296875 0.08984375
1 0.26640625 0.76328125 0.05703125 0.1015625
1 0.3546875 0.74140625 0.0734375 0.04609375
1 0.38359375 0.74296875 0.06875 0.08203125
1 0.34375 0.69296875 0.0453125 0.1046875
1 0.37109375 0.6828125 0.0890625 0.0640625
1 0.3765625 0.53828125 0.1078125 0.0234375
1 0.4109375 0.61171875 0.1125 0.0328125
1 0.47734375 0.5984375 0.10546875 0.0578125
1 0.59140625 0.58515625 0.0375 0.0671875
1 0.61015625 0.5609375 0.09765625 0.0453125
1 0.696875 0.5 0.08984375 0.02890625
1 0.665625 0.5140625 0.09765625 0.04765625
1 0.7328125 0.5328125 0.1015625 0.05
1 0.65078125 0.5296875 0.06796875 0.0234375
1 0.77578125 0.59609375 0.04921875 0.04921875
1 0.809375 0.61796875 0.0625 0.0671875
1 0.8578125 0.6953125 0.06171875 0.0796875
1 0.87265625 0.68046875 0.03125 0.07734375
1 0.91796875 0.70234375 0.0484375 0.0953125
1 0.8265625 0.74375 0.06171875 0.0875
1 0.784375 0.77734375 0.04453125 0.075
1 0.83203125 0.80546875 0.10625 0.0421875
1 0.8328125 0.8171875 0.0578125 0.09375
1 0.77734375 0.87578125 0.12734375 0.0296875
1 0.709375 0.8671875 0.11796875 0.07109375
1 0.72265625 0.76953125 0.06640625 0.0734375
1 0.58984375 0.86484375 0.134375 0.0484375
1 0.56953125 0.80625 0.11953125 0.046875
1 0.4328125 0.7828125 0.1109375 0.0515625
1 0.5046875 0.75 0.146875 0.06015625
1 0.6046875 0.76640625 0.12109375 0.03671875
