1 0.53828125 0.81640625 0.0984375 0.10625
1 0.5421875 0.7046875 0.090625 0.09375
1 0.44765625 0.71796875 0.0890625 0.0859375
1 0.31328125 0.7109375 0.1234375 0.065625
1 0.14765625 0.671875 0.084375 0.078125
1 0.27421875 0.6234375 0.05625 0.125
1 0.46640625 0.58046875 0.1265625 0.0671875
1 0.23515625 0.509375 0.0546875 0.1
1 0.378125 0.47265625 0.1375 0.0515625
1 0.5828125 0.5296875 0.1140625 0.05625
1 0.69375 0.5390625 0.0875 0.090625
1 0.8953125 0.60390625 0.1484375 0.0390625
1 0.6765625 0.4375 0.046875 0.109375
1 0.82890625 0.43671875 0.0984375 0.0765625
1 0.87265625 0.3328125 0.0875 0.06875
1 0.81953125 0.30703125 0.096875 0.0703125
1 0.6984375 0.28125 0.121875 0.0484375
1 0.5875 0.24375 0.059375 0.078125
1 0.515625 0.15546875 0.0390625 0.10625
1 0.34453125 0.296875 0.0921875 0.0875
1 0.43125 0.384375 0.053125 0.0546875
1 0.29765625 0.4265625 0.10625 0.078125
1 0.08125 0.403125 0.1125 0.0859375
1 0.29375 0.38671875 0.0375 0.0984375
1 0.1203125 0.34453125 0.1375 0.0265625
1 0.18515625 0.2734375 0.1359375 0.0625
