1 0.35546875 0.82578125 0.11875 0.0453125
1 0.2296875 0.7703125 0.1203125 0.04375
1 0.190625 0.66015625 0.0765625 0.096875
1 0.41875 0.7421875 0.1359375 0.0609375
1 0.59765625 0.725 0.1328125 0.028125
1 0.70390625 0.6765625 0.1078125 0.0625
1 0.75078125 0.61015625 0.1125 0.059375
1 0.85390625 0.66484375 0.0453125 0.084375
1 0.84765625 0.50546875 0.1203125 0.0390625
1 0.671875 0.51171875 0.11875 0.046875
1 0.509375 0.5203125 0.0984375 0.04375
1 0.4765625 0.40859375 0.0359375 0.096875
1 0.87421875 0.48203125 0.0671875 0.078125
1 0.86171875 0.4375 0.109375 0.0546875
1 0.7046875 0.3 0.115625 0.059375
1 0.6875 0.28203125 0.1078125 0.053125
1 0.5515625 0.23046875 0.1265625 0.0359375
