1 0.3375 0.40625 0.08828125 0.05625
1 0.42578125 0.41015625 0.04140625 0.0796875
1 0.3640625 0.44296875 0.0515625 0.05703125
1 0.38125 0.49453125 0.04453125 0.05078125
1 0.48984375 0.5109375 0.02890625 0.0796875
1 0.59140625 0.5203125 0.11171875 0.03125
1 0.5359375 0.565625 0.11640625 0.03984375
1 0.4515625 0.54453125 0.10703125 0.03828125
1 0.40703125 0.5609375 0.059375 0.06484375
1 0.3625 0.56484375 0.0390625 0.0765625
1 0.28203125 0.58046875 0.05625 0.0921875
1 0.27578125 0.55078125 0.078125 0.0515625
1 0.21875 0.528125 0.05234375 0.0609375
1 0.153125 0.6296875 0.0625 0.078125
1 0.215625 0.61328125 0.0375 0.0875
1 0.24765625 0.6296875 0.07734375 0.08515625
1 0.14375 0.69921875 0.0953125 0.075
1 0.28984375 0.67734375 0.11328125 0.04765625
1 0.3015625 0.71796875 0.07265625 0.08359375
1 0.24765625 0.7453125 0.05625 0.1125
1 0.30078125 0.76953125 0.1015625 0.05390625
1 0.36953125 0.7421875 0.0546875 0.0859375
1 0.45625 0.63828125 0.13125 0.03359375
1 0.40703125 0.67109375 0.13359375 0.04140625
1 0.46953125 0.71875 0.071875 0.09609375
1 0.421875 0.74921875 0.04140625 0.078125
1 0.503125 0.71328125 0.0546875 0.08046875
1 0.46328125 0.76953125 0.10234375 0.0375
1 0.55859375 0.75546875 0.115625 0.05625
1 0.59921875 0.74453125 0.078125 0.08515625
1 0.66484375 0.58125 0.0984375 0.05078125
1 0.62578125 0.63046875 0.08515625 0.0578125
1 0.60234375 0.62734375 0.03515625 0.05078125
1 0.76015625 0.64453125 0.09140625 0.07890625
1 0.73046875 0.67890625 0.0984375 0.05078125
1 0.646875 0.6859375 0.0421875 0.06796875
1 0.69296875 0.71875 0.07890625 0.10234375
1 0.77890625 0.71640625 0.1 0.08046875
1 0.7484375 0.7515625 0.0875 0.05
1 0.68359375 0.80390625 0.06953125 0.0796875
1 0.63359375 0.78984375 0.071875 0.09296875
1 0.55703125 0.8046875 0.14296875 0.03984375
1 0.53125 0.87109375 0.09375 0.08515625
1 0.5375 0.83046875 0.11484375 0.040625
1 0.59296875 0.85859375 0.08359375 0.08828125
1 0.62421875 0.8609375 0.04453125 0.0875
1 0.6609375 0.85703125 0.10859375 0.04453125
1 0.55703125 0.85234375 0.0546875 0.0859375
1 0.56875 0.91171875 0.13046875 0.04140625
1 0.46796875 0.84609375 0.11640625 0.04296875
1 0.4421875 0.87421875 0.08203125 0.065625
1 0.396875 0.81953125 0.1296875 0.03515625
1 0.3828125 0.82265625 0.04140625 0.109375
1 0.34296875 0.8453125 0.04921875 0.09765625
1 0.3734375 0.87890625 0.1484375 0.0359375
