1 0.83046875 0.67890625 0.028125 0.075
1 0.715625 0.7328125 0.1125 0.05
1 0.575 0.75546875 0.084375 0.06875
1 0.41796875 0.74453125 0.04375 0.0828125
1 0.53359375 0.65078125 0.0859375 0.075
1 0.25625 0.6703125 0.10625 0.034375
1 0.340625 0.6265625 0.146875 0.04375
1 0.19453125 0.51484375 0.1234375 0.0265625
1 0.49296875 0.54453125 0.0390625 0.0625
1 0.6125 0.5796875 0.1125 0.0265625
1 0.7046875 0.56640625 0.0890625 0.0453125
1 0.79765625 0.534375 0.10625 0.0234375
1 0.67578125 0.50390625 0.1046875 0.0453125
1 0.5796875 0.484375 0.0984375 0.0359375
1 0.709375 0.47734375 0.0875 0.0296875
1 0.434375 0.5046875 0.10625 0.0421875
1 0.38359375 0.4734375 0.0828125 0.021875
1 0.32109375 0.43515625 0.0484375 0.090625
1 0.2015625 0.40546875 0.0953125 0.0609375
1 0.35390625 0.38515625 0.075 0.0640625
1 0.41953125 0.3953125 0.09375 0.0484375
1 0.503125 0.315625 0.078125 0.0296875
1 0.56328125 0.375 0.075 0.0421875
1 0.5078125 0.44765625 0.0375 0.0734375
1 0.67265625 0.41640625 0.0984375 0.0359375
1 0.68828125 0.35703125 0.03125 0.078125
