1 0.2796875 0.29296875 0.0765625 0.053125
1 0.7546875 0.28046875 0.078125 0.025
1 0.7484375 0.29609375 0.0421875 0.0578125
1 0.69140625 0.33203125 0.1015625 0.04375
1 0.71796875 0.36875 0.0890625 0.053125
1 0.70859375 0.37734375 0.0234375 0.05625
1 0.63046875 0.30859375 0.090625 0.025
1 0.58046875 0.29453125 0.0765625 0.028125
1 0.44296875 0.2890625 0.01875 0.0578125
1 0.40859375 0.33203125 0.0484375 0.05
1 0.36640625 0.2859375 0.0734375 0.046875
1 0.303125 0.33515625 0.0796875 0.0390625
1 0.52265625 0.403125 0.1078125 0.059375
1 0.55859375 0.40625 0.1125 0.021875
1 0.5171875 0.37890625 0.0765625 0.034375
1 0.5125 0.321875 0.09375 0.0359375
1 0.59609375 0.3546875 0.096875 0.046875
1 0.5296875 0.334375 0.075 0.025
1 0.38125 0.43046875 0.046875 0.0453125
1 0.40390625 0.475 0.0703125 0.0359375
1 0.50390625 0.49453125 0.084375 0.028125
1 0.53671875 0.45 0.071875 0.0578125
1 0.6 0.4640625 0.078125 0.0359375
1 0.64453125 0.44375 0.0875 0.0453125
1 0.6625 0.4375 0.065625 0.0671875
1 0.753125 0.45390625 0.0390625 0.0765625
1 0.7984375 0.50078125 0.0359375 0.0765625
1 0.73828125 0.5046875 0.0375 0.075
1 0.8578125 0.55703125 0.0609375 0.0671875
1 0.8109375 0.63203125 0.0328125 0.0765625
1 0.77109375 0.61015625 0.05625 0.0734375
1 0.73203125 0.60390625 0.0328125 0.06875
1 0.76328125 0.6625 0.0703125 0.0734375
1 0.671875 0.6734375 0.0671875 0.0640625
1 0.54609375 0.721875 0.0734375 0.0265625
1 0.484375 0.6921875 0.059375 0.0359375
1 0.5328125 0.63359375 0.10625 0.05
1 0.57890625 0.5375 0.0546875 0.078125
1 0.60078125 0.54296875 0.0734375 0.0421875
1 0.4265625 0.5578125 0.0859375 0.0203125
1 0.41875 0.7296875 0.0890625 0.0296875
1 0.346875 0.6671875 0.1015625 0.015625
1 0.24453125 0.709375 0.0328125 0.0796875
1 0.25859375 0.6734375 0.0453125 0.078125
1 0.2953125 0.60625 0.0671875 0.0609375
1 0.2703125 0.5296875 0.0234375 0.0515625
1 0.26875 0.46953125 0.0609375 0.059375
1 0.2625 0.43046875 0.06875 0.059375
1 0.20234375 0.57734375 0.065625 0.0234375
1 0.209375 0.47265625 0.0546875 0.0546875
1 0.1765625 0.446875 0.0578125 0.0484375
1 0.225 0.3640625 0.096875 0.0234375
