1 0.51484375 0.165625 0.115625 0.0515625
1 0.509375 0.246875 0.05625 0.075
1 0.6640625 0.225 0.0359375 0.1015625
1 0.65546875 0.328125 0.075 0.0546875
1 0.69453125 0.284375 0.075 0.053125
1 0.76015625 0.34453125 0.065625 0.0703125
1 0.5875 0.2890625 0.0625 0.0625
1 0.57265625 0.38828125 0.0734375 0.084375
1 0.7546875 0.44765625 0.090625 0.0625
1 0.7265625 0.4375 0.0453125 0.1015625
1 0.78515625 0.51484375 0.03125 0.0609375
1 0.81953125 0.4921875 0.046875 0.090625
1 0.86796875 0.490625 0.053125 0.075
1 0.82265625 0.60390625 0.1203125 0.0328125
1 0.7296875 0.6625 0.10625 0.05625
1 0.83984375 0.76875 0.0515625 0.0921875
1 0.7890625 0.821875 0.0625 0.05625
1 0.67890625 0.7796875 0.0890625 0.034375
1 0.66640625 0.846875 0.1015625 0.03125
1 0.54453125 0.85 0.10625 0.0359375
1 0.446875 0.90625 0.0296875 0.040625
1 0.38359375 0.871875 0.08125 0.0671875
1 0.46953125 0.796875 0.09375 0.05625
1 0.43359375 0.7390625 0.1015625 0.0828125
1 0.32109375 0.78671875 0.04375 0.090625
1 0.22265625 0.8125 0.109375 0.0734375
1 0.2515625 0.70390625 0.103125 0.05
1 0.31015625 0.22265625 0.121875 0.0578125
1 0.27265625 0.29296875 0.0625 0.0703125
1 0.25546875 0.3546875 0.0953125 0.0578125
1 0.12578125 0.43359375 0.1140625 0.028125
1 0.2625 0.51640625 0.0921875 0.0609375
1 0.57734375 0.4875 0.1046875 0.028125
1 0.53125 0.51953125 0.1171875 0.0484375
1 0.459375 0.55390625 0.0421875 0.040625
1 0.32734375 0.57734375 0.0984375 0.046875
1 0.15859375 0.6109375 0.121875 0.0421875
