1 0.46796875 0.10390625 0.0578125 0.075
1 0.459375 0.11796875 0.021875 0.0734375
1 0.5359375 0.13984375 0.0734375 0.046875
1 0.5328125 0.1171875 0.071875 0.0515625
1 0.63046875 0.1171875 0.06875 0.03125
1 0.6125 0.09375 0.0671875 0.0203125
1 0.353125 0.10859375 0.0625 0.053125
1 0.28984375 0.16484375 0.021875 0.08125
1 0.296875 0.14453125 0.0734375 0.01875
1 0.21484375 0.17734375 0.0734375 0.040625
1 0.2421875 0.22421875 0.0625 0.0640625
1 0.30703125 0.221875 0.0546875 0.059375
1 0.34140625 0.2296875 0.0671875 0.059375
1 0.34296875 0.1859375 0.0484375 0.0328125
1 0.375 0.16796875 0.034375 0.0625
1 0.37109375 0.278125 0.0390625 0.0671875
1 0.37265625 0.2625 0.025 0.071875
1 0.43359375 0.1921875 0.034375 0.0953125
1 0.4375 0.19375 0.059375 0.025
1 0.4953125 0.2 0.0734375 0.05625
1 0.55078125 0.1875 0.078125 0.034375
1 0.49765625 0.25234375 0.071875 0.0359375
1 0.4453125 0.27109375 0.04375 0.0609375
1 0.39609375 0.3625 0.0546875 0.075
1 0.41171875 0.35390625 0.0453125 0.0515625
1 0.40234375 0.34921875 0.03125 0.0375
1 0.3984375 0.32265625 0.01875 0.075
1 0.43046875 0.325 0.0359375 0.0609375
1 0.3515625 0.35 0.0265625 0.075
1 0.24609375 0.3765625 0.025 0.0875
1 0.25703125 0.38203125 0.025 0.078125
1 0.29609375 0.371875 0.015625 0.0640625
1 0.325 0.32421875 0.05 0.059375
1 0.2875 0.32109375 0.0390625 0.0515625
1 0.246875 0.3109375 0.0640625 0.0390625
1 0.3078125 0.45625 0.0765625 0.08125
1 0.31171875 0.42578125 0.028125 0.0625
1 0.1921875 0.4015625 0.071875 0.025
1 0.19453125 0.371875 0.040625 0.0546875
1 0.2203125 0.3515625 0.0484375 0.075
1 0.23828125 0.3671875 0.0734375 0.0546875
1 0.196875 0.3140625 0.05 0.06875
1 0.13515625 0.27890625 0.0609375 0.071875
1 0.24375 0.44140625 0.0578125 0.05625
1 0.18203125 0.4671875 0.0328125 0.0828125
1 0.1890625 0.4578125 0.0328125 0.1
1 0.209375 0.4453125 0.0625 0.040625
1 0.1453125 0.47109375 0.0359375 0.078125
1 0.13828125 0.42890625 0.0515625 0.05
1 0.15625 0.43828125 0.053125 0.028125
1 0.153125 0.37890625 0.0515625 0.084375
1 0.08828125 0.35859375 0.034375 0.078125
1 0.19140625 0.49921875 0.0796875 0.0265625
1 0.2328125 0.5609375 0.034375 0.0875
1 0.2265625 0.51171875 0.0203125 0.065625
1 0.27265625 0.54140625 0.021875 0.0390625
1 0.38984375 0.40703125 0.040625 0.0625
1 0.340625 0.503125 0.0546875 0.1015625
1 0.3546875 0.4515625 0.0734375 0.05
1 0.3734375 0.4375 0.071875 0.0203125
1 0.2984375 0.51328125 0.0359375 0.0671875
1 0.36015625 0.50859375 0.0421875 0.0828125
1 0.3984375 0.5609375 0.0734375 0.0671875
1 0.41875 0.51328125 0.0828125 0.0328125
1 0.05703125 0.5171875 0.0375 0.090625
1 0.05625 0.471875 0.0578125 0.0703125
1 0.078125 0.56015625 0.0390625 0.0625
1 0.13828125 0.53984375 0.0375 0.1
1 0.1515625 0.5359375 0.0734375 0.0625
1 0.14375 0.5765625 0.059375 0.0546875
1 0.1859375 0.60859375 0.0609375 0.06875
1 0.090625 0.6546875 0.0359375 0.084375
1 0.096875 0.63125 0.0390625 0.05625
1 0.10859375 0.60546875 0.0265625 0.0765625
1 0.12734375 0.63828125 0.0421875 0.0890625
1 0.15625 0.6296875 0.0796875 0.053125
1 0.253125 0.6265625 0.0609375 0.05
1 0.31015625 0.584375 0.0609375 0.065625
1 0.19140625 0.665625 0.0484375 0.0875
1 0.26171875 0.67890625 0.078125 0.065625
1 0.21953125 0.6828125 0.1140625 0.028125
1 0.153125 0.75 0.0375 0.09375
1 0.17578125 0.77421875 0.0578125 0.0875
1 0.184375 0.71171875 0.0421875 0.04375
1 0.27109375 0.7125 0.0640625 0.0484375
1 0.3078125 0.746875 0.0671875 0.0609375
1 0.34453125 0.73359375 0.0734375 0.05
1 0.32421875 0.6765625 0.04375 0.09375
1 0.24140625 0.73515625 0.0375 0.0796875
1 0.24296875 0.778125 0.09375 0.04375
1 0.1953125 0.81484375 0.0734375 0.0421875
1 0.2265625 0.790625 0.0421875 0.071875
1 0.25546875 0.7953125 0.040625 0.0703125
1 0.28984375 0.7921875 0.0515625 0.059375
1 0.36171875 0.665625 0.053125 0.025
1 0.36484375 0.6109375 0.071875 0.04375
1 0.409375 0.64375 0.09375 0.04375
1 0.4234375 0.58828125 0.0546875 0.0796875
1 0.47578125 0.5640625 0.0671875 0.0328125
1 0.46171875 0.68359375 0.0453125 0.078125
1 0.47109375 0.6453125 0.04375 0.0640625
1 0.47109375 0.628125 0.0640625 0.0203125
1 0.515625 0.63671875 0.059375 0.0859375
1 0.521875 0.6078125 0.0265625 0.090625
1 0.53359375 0.59921875 0.0890625 0.0515625
1 0.5453125 0.6625 0.0796875 0.01875
1 0.58125 0.62734375 0.0484375 0.0671875
1 0.5453125 0.69609375 0.0296875 0.0890625
1 0.34453125 0.8109375 0.0875 0.03125
1 0.40859375 0.79921875 0.0609375 0.04375
1 0.46015625 0.77734375 0.065625 0.0578125
1 0.28984375 0.8640625 0.0390625 0.08125
1 0.2515625 0.85625 0.0328125 0.0796875
1 0.38828125 0.8546875 0.1 0.0375
1 0.41328125 0.89765625 0.0546875 0.0953125
1 0.41953125 0.90546875 0.0640625 0.025
1 0.4765625 0.9171875 0.10625 0.028125
1 0.50078125 0.8953125 0.0671875 0.0375
1 0.4671875 0.85390625 0.053125 0.0453125
1 0.3921875 0.88125 0.0640625 0.0296875
1 0.53203125 0.8765625 0.0703125 0.0390625
1 0.56015625 0.87265625 0.071875 0.0609375
1 0.5359375 0.82265625 0.078125 0.03125
1 0.596875 0.85 0.046875 0.0796875
1 0.6390625 0.8625 0.0875 0.028125
1 0.55546875 0.7765625 0.078125 0.046875
1 0.6046875 0.7125 0.0375 0.053125
1 0.60234375 0.70390625 0.0578125 0.059375
1 0.61015625 0.73828125 0.0328125 0.0703125
1 0.64453125 0.78671875 0.05 0.0578125
1 0.684375 0.81328125 0.0453125 0.0515625
1 0.671875 0.79453125 0.04375 0.075
1 0.7140625 0.8125 0.075 0.0609375
1 0.68203125 0.75234375 0.0390625 0.075
1 0.75390625 0.7484375 0.08125 0.040625
1 0.7328125 0.7078125 0.0515625 0.0203125
1 0.69296875 0.71953125 0.0875 0.0375
1 0.690625 0.6859375 0.075 0.025
1 0.70234375 0.6765625 0.0515625 0.04375
1 0.725 0.63828125 0.03125 0.0546875
1 0.825 0.78984375 0.0484375 0.1046875
1 0.78125 0.79375 0.08125 0.1125
1 0.865625 0.72109375 0.0890625 0.0421875
1 0.79765625 0.6828125 0.05 0.08125
1 0.8328125 0.696875 0.053125 0.065625
1 0.8171875 0.65859375 0.0578125 0.04375
1 0.89609375 0.6453125 0.0359375 0.10625
1 0.79765625 0.6296875 0.028125 0.05
1 0.74296875 0.58828125 0.0234375 0.0828125
1 0.7796875 0.60078125 0.0453125 0.05
1 0.7859375 0.57421875 0.046875 0.0578125
1 0.83515625 0.61171875 0.0359375 0.078125
1 0.8796875 0.5828125 0.025 0.0859375
1 0.83515625 0.5671875 0.0859375 0.0234375
1 0.9234375 0.5296875 0.0375 0.1203125
1 0.94609375 0.54375 0.034375 0.0609375
1 0.86484375 0.5234375 0.0734375 0.065625
1 0.8109375 0.53203125 0.021875 0.0703125
1 0.70703125 0.55625 0.028125 0.075
1 0.659375 0.56328125 0.078125 0.0203125
1 0.66171875 0.5421875 0.0421875 0.03125
1 0.7234375 0.484375 0.0265625 0.08125
1 0.6203125 0.48359375 0.0234375 0.1015625
1 0.64140625 0.471875 0.0265625 0.053125
1 0.5921875 0.47734375 0.05 0.0515625
1 0.54921875 0.5 0.0625 0.0421875
1 0.48515625 0.475 0.0359375 0.0546875
1 0.45390625 0.44375 0.0359375 0.078125
1 0.52265625 0.415625 0.065625 0.0390625
1 0.48828125 0.34921875 0.0265625 0.05625
1 0.56875 0.36171875 0.059375 0.034375
1 0.54609375 0.29140625 0.0359375 0.0859375
1 0.61328125 0.31875 0.0765625 0.0265625
1 0.61171875 0.359375 0.0296875 0.0625
1 0.671875 0.41328125 0.0546875 0.0515625
1 0.696875 0.3734375 0.0453125 0.065625
1 0.70390625 0.32265625 0.0546875 0.0515625
1 0.58828125 0.21875 0.0671875 0.0515625
1 0.6625 0.178125 0.0328125 0.0703125
1 0.7484375 0.14609375 0.09375 0.0359375
1 0.72734375 0.121875 0.078125 0.0421875
1 0.75 0.234375 0.078125 0.025
1 0.70546875 0.25390625 0.096875 0.0296875
1 0.696875 0.25703125 0.0359375 0.0859375
1 0.8453125 0.21640625 0.090625 0.028125
1 0.8234375 0.2796875 0.0453125 0.0921875
1 0.7484375 0.3015625 0.0609375 0.03125
1 0.7734375 0.35390625 0.03125 0.096875
1 0.76640625 0.325 0.04375 0.0765625
1 0.86640625 0.39609375 0.0640625 0.078125
1 0.86640625 0.365625 0.0703125 0.0796875
1 0.85703125 0.32109375 0.0671875 0.0765625
1 0.82421875 0.43515625 0.0359375 0.0734375
1 0.8421875 0.4015625 0.065625 0.06875
1 0.921875 0.3625 0.08125 0.059375
1 0.9140625 0.425 0.09375 0.0640625
1 0.7875 0.403125 0.0234375 0.0859375
