1 0.52578125 0.2828125 0.0515625 0.06875
1 0.53359375 0.23515625 0.096875 0.0625
1 0.5671875 0.29609375 0.0484375 0.0796875
1 0.571875 0.3421875 0.0859375 0.040625
1 0.43046875 0.3046875 0.046875 0.0859375
1 0.37890625 0.284375 0.0359375 0.075
1 0.321875 0.403125 0.0390625 0.1015625
1 0.35078125 0.34140625 0.0796875 0.053125
1 0.365625 0.33984375 0.06875 0.0625
1 0.3921875 0.43046875 0.121875 0.04375
1 0.2671875 0.31328125 0.0640625 0.0625
1 0.25625 0.36484375 0.090625 0.0453125
1 0.21875 0.37421875 0.0953125 0.05625
1 0.14765625 0.35546875 0.0265625 0.0625
1 0.2578125 0.425 0.1015625 0.053125
1 0.15390625 0.4421875 0.084375 0.0546875
1 0.1296875 0.521875 0.0640625 0.0390625
1 0.13671875 0.50859375 0.040625 0.0625
1 0.071875 0.59375 0.046875 0.0890625
1 0.1546875 0.68828125 0.0984375 0.0640625
1 0.16796875 0.64140625 0.1015625 0.034375
1 0.13359375 0.62421875 0.059375 0.0765625
1 0.22734375 0.5640625 0.046875 0.0859375
1 0.34375 0.57890625 0.0640625 0.0890625
1 0.3953125 0.52421875 0.0859375 0.0625
1 0.5015625 0.4953125 0.1 0.0609375
1 0.4828125 0.5734375 0.1046875 0.0671875
1 0.371875 0.621875 0.1203125 0.034375
1 0.27421875 0.78359375 0.1078125 0.04375
1 0.478125 0.81640625 0.0453125 0.0625
1 0.5078125 0.8359375 0.040625 0.115625
1 0.61015625 0.809375 0.0875 0.065625
1 0.63125 0.82421875 0.0578125 0.09375
1 0.53046875 0.72109375 0.0703125 0.0546875
1 0.81015625 0.7828125 0.0890625 0.0546875
1 0.58359375 0.6203125 0.1171875 0.0359375
1 0.69921875 0.66171875 0.0796875 0.090625
1 0.75859375 0.634375 0.0640625 0.059375
1 0.6640625 0.58671875 0.153125 0.0390625
1 0.73046875 0.53515625 0.059375 0.084375
1 0.675 0.46015625 0.0734375 0.0984375
1 0.51953125 0.384375 0.075 0.078125
1 0.71953125 0.3515625 0.03125 0.0703125
1 0.79140625 0.29921875 0.0765625 0.0859375
1 0.865625 0.37109375 0.078125 0.0703125
1 0.79296875 0.4328125 0.028125 0.078125
1 0.88203125 0.48359375 0.0875 0.09375
1 0.89609375 0.57265625 0.034375 0.0703125
1 0.94765625 0.56484375 0.03125 0.1
1 0.85546875 0.6515625 0.046875 0.0921875
1 0.90859375 0.68671875 0.0546875 0.090625
1 0.84375 0.7390625 0.13125 0.05
