1 0.40625 0.74296875 0.0796875 0.015625
1 0.3796875 0.69609375 0.0828125 0.0421875
1 0.45859375 0.709375 0.0625 0.0515625
1 0.50859375 0.68671875 0.0546875 0.059375
1 0.60078125 0.71328125 0.0640625 0.075
1 0.70078125 0.6796875 0.046875 0.071875
1 0.76171875 0.66015625 0.0625 0.06875
1 0.76796875 0.59765625 0.125 0.0296875
1 0.6546875 0.625 0.1 0.0265625
1 0.6 0.5859375 0.0921875 0.0375
1 0.77421875 0.5546875 0.0765625 0.0515625
1 0.65625 0.53125 0.0671875 0.0640625
1 0.5890625 0.53046875 0.0625 0.0546875
1 0.46953125 0.58359375 0.053125 0.0671875
1 0.3828125 0.56875 0.04375 0.0765625
1 0.22265625 0.625 0.1234375 0.0265625
1 0.27421875 0.52890625 0.0953125 0.0484375
1 0.184375 0.56953125 0.0953125 0.0453125
1 0.3328125 0.49453125 0.028125 0.06875
1 0.22109375 0.4921875 0.0859375 0.040625
1 0.15234375 0.4734375 0.0546875 0.078125
1 0.2375 0.43515625 0.065625 0.0546875
1 0.5234375 0.48671875 0.040625 0.08125
1 0.64453125 0.4734375 0.078125 0.059375
1 0.82109375 0.5046875 0.090625 0.0390625
1 0.75703125 0.4828125 0.0703125 0.0828125
1 0.81171875 0.45 0.028125 0.06875
1 0.7421875 0.33203125 0.06875 0.0484375
1 0.64765625 0.43359375 0.0671875 0.0609375
1 0.53984375 0.4203125 0.1140625 0.0234375
1 0.43828125 0.39296875 0.0546875 0.0734375
1 0.284375 0.3953125 0.0921875 0.040625
1 0.34375 0.36640625 0.090625 0.0484375
1 0.18984375 0.37890625 0.0265625 0.078125
1 0.14609375 0.41953125 0.05625 0.0546875
1 0.1640625 0.40703125 0.084375 0.0265625
1 0.2359375 0.35390625 0.0515625 0.0625
1 0.30390625 0.340625 0.078125 0.0609375
1 0.3796875 0.2515625 0.078125 0.034375
1 0.3578125 0.29140625 0.0703125 0.0484375
1 0.41796875 0.3375 0.090625 0.028125
1 0.50390625 0.3640625 0.09375 0.0296875
1 0.609375 0.37734375 0.0578125 0.040625
1 0.65859375 0.34140625 0.071875 0.040625
1 0.696875 0.33359375 0.0515625 0.059375
1 0.6046875 0.3078125 0.0390625 0.0625
1 0.56328125 0.31640625 0.028125 0.0609375
1 0.51015625 0.2921875 0.0640625 0.0421875
1 0.47421875 0.31875 0.059375 0.0484375
1 0.51796875 0.25859375 0.0921875 0.0421875
1 0.640625 0.278125 0.1046875 0.034375
