1 0.71015625 0.85703125 0.0828125 0.0703125
1 0.62890625 0.87578125 0.1375 0.05
1 0.6390625 0.81796875 0.1015625 0.084375
1 0.36640625 0.83046875 0.0609375 0.075
1 0.4421875 0.81171875 0.1578125 0.03125
1 0.52890625 0.79140625 0.115625 0.028125
1 0.753125 0.77890625 0.0625 0.090625
1 0.846875 0.71796875 0.0515625 0.0671875
1 0.6875 0.678125 0.103125 0.0359375
1 0.59296875 0.75625 0.0703125 0.1203125
1 0.51875 0.690625 0.0921875 0.0921875
1 0.4015625 0.67265625 0.1109375 0.0515625
1 0.08671875 0.6546875 0.1171875 0.065625
1 0.21875 0.6140625 0.115625 0.0390625
1 0.3484375 0.596875 0.046875 0.0984375
1 0.1640625 0.53515625 0.084375 0.078125
1 0.071875 0.496875 0.0765625 0.08125
1 0.24453125 0.48671875 0.08125 0.0890625
1 0.3375 0.484375 0.075 0.0828125
1 0.43125 0.53203125 0.0671875 0.0625
1 0.56484375 0.62890625 0.0953125 0.021875
1 0.65703125 0.609375 0.0828125 0.0640625
1 0.7453125 0.59765625 0.0984375 0.08125
1 0.83984375 0.56015625 0.09375 0.0703125
1 0.9171875 0.6015625 0.06875 0.0640625
1 0.5765625 0.5328125 0.075 0.1015625
1 0.6640625 0.49296875 0.10625 0.0453125
1 0.7890625 0.44296875 0.034375 0.0875
1 0.8703125 0.41796875 0.1171875 0.0546875
1 0.6046875 0.425 0.1234375 0.040625
1 0.48203125 0.47734375 0.0671875 0.0375
1 0.17734375 0.42421875 0.0484375 0.084375
1 0.33359375 0.37265625 0.0609375 0.090625
1 0.40234375 0.31328125 0.1265625 0.0453125
1 0.58515625 0.259375 0.096875 0.0640625
1 0.71015625 0.296875 0.134375 0.025
1 0.75625 0.3484375 0.1296875 0.046875
