1 0.5828125 0.01328125 0.090625 0.0265625
1 0.6671875 0.05859375 0.1140625 0.028125
1 0.6734375 0.02890625 0.0515625 0.0546875
1 0.68671875 0.08046875 0.0625 0.0390625
1 0.76328125 0.0875 0.1171875 0.0515625
1 0.80234375 0.10390625 0.0359375 0.06875
1 0.83359375 0.10625 0.03125 0.0765625
1 0.89375 0.146875 0.078125 0.025
1 0.74375 0.225 0.0359375 0.0734375
1 0.81015625 0.22890625 0.04375 0.0625
1 0.8265625 0.165625 0.0890625 0.0375
1 0.859375 0.12890625 0.034375 0.065625
1 0.6296875 0.153125 0.1234375 0.0375
1 0.6 0.1328125 0.0421875 0.0375
1 0.55078125 0.1 0.046875 0.053125
1 0.4234375 0.1296875 0.0671875 0.0296875
1 0.453125 0.11640625 0.0515625 0.075
1 0.3609375 0.04765625 0.0328125 0.084375
1 0.34296875 0.0984375 0.0640625 0.0546875
1 0.22109375 0.09140625 0.0828125 0.053125
1 0.353125 0.184375 0.053125 0.053125
1 0.44375 0.20625 0.0625 0.0703125
1 0.52578125 0.21796875 0.109375 0.0453125
1 0.628125 0.234375 0.075 0.0390625
1 0.60703125 0.3109375 0.05 0.0765625
1 0.66484375 0.24609375 0.0515625 0.065625
1 0.68046875 0.30625 0.0359375 0.0640625
1 0.73671875 0.328125 0.078125 0.0609375
1 0.79609375 0.32421875 0.046875 0.075
1 0.88828125 0.303125 0.0265625 0.075
1 0.96015625 0.2671875 0.0796875 0.0890625
1 0.9625 0.31640625 0.0421875 0.0796875
1 0.87578125 0.39609375 0.03125 0.0828125
1 0.90625 0.3953125 0.0359375 0.0828125
1 0.9796875 0.39375 0.040625 0.05
1 0.97578125 0.365625 0.0484375 0.04375
1 0.98515625 0.32578125 0.028125 0.0609375
1 0.85078125 0.496875 0.03125 0.0859375
1 0.88046875 0.4734375 0.0421875 0.0765625
1 0.925 0.4625 0.0625 0.040625
1 0.97890625 0.453125 0.0421875 0.0375
1 0.9578125 0.53359375 0.0453125 0.075
1 0.7484375 0.60234375 0.059375 0.0796875
1 0.80703125 0.60546875 0.0453125 0.0671875
1 0.82890625 0.55546875 0.0546875 0.053125
1 0.91796875 0.5890625 0.09375 0.0421875
1 0.8890625 0.63671875 0.121875 0.025
1 0.87734375 0.6171875 0.1015625 0.034375
1 0.84609375 0.69765625 0.0609375 0.0703125
1 0.71875 0.67109375 0.1140625 0.028125
1 0.634375 0.684375 0.1234375 0.0328125
1 0.63984375 0.65234375 0.1046875 0.065625
1 0.5953125 0.61953125 0.05625 0.090625
1 0.746875 0.41328125 0.065625 0.08125
1 0.76171875 0.39453125 0.0375 0.0609375
1 0.73046875 0.49140625 0.034375 0.084375
1 0.771875 0.475 0.0328125 0.0875
1 0.6375 0.43046875 0.090625 0.0328125
1 0.67265625 0.41796875 0.0359375 0.0828125
1 0.64921875 0.5140625 0.0828125 0.0421875
1 0.58359375 0.528125 0.04375 0.075
1 0.50625 0.415625 0.0921875 0.0296875
1 0.51484375 0.3609375 0.065625 0.021875
1 0.56328125 0.39921875 0.0546875 0.04375
1 0.5640625 0.35 0.090625 0.0359375
1 0.50859375 0.478125 0.028125 0.0734375
1 0.4359375 0.37734375 0.06875 0.0203125
1 0.44609375 0.28984375 0.0640625 0.0546875
1 0.43515625 0.2625 0.0796875 0.034375
1 0.36875 0.3171875 0.059375 0.0765625
1 0.378125 0.24921875 0.0765625 0.0375
1 0.334375 0.26875 0.103125 0.046875
1 0.35546875 0.4640625 0.06875 0.053125
1 0.34375 0.41484375 0.0984375 0.046875
1 0.32578125 0.36953125 0.0765625 0.05
1 0.34375 0.4671875 0.025 0.0828125
1 0.3953125 0.4546875 0.059375 0.065625
1 0.32890625 0.62421875 0.071875 0.0765625
1 0.30703125 0.76171875 0.059375 0.0765625
1 0.35390625 0.77734375 0.0625 0.05625
1 0.3515625 0.7203125 0.1046875 0.0359375
1 0.3765625 0.7 0.05625 0.0703125
1 0.36796875 0.64375 0.040625 0.0515625
1 0.42109375 0.59375 0.0375 0.065625
1 0.453125 0.55546875 0.0578125 0.0546875
1 0.5 0.60859375 0.08125 0.040625
1 0.52265625 0.77890625 0.121875 0.046875
1 0.5203125 0.74296875 0.10625 0.046875
1 0.52890625 0.709375 0.08125 0.0765625
1 0.42890625 0.696875 0.0875 0.046875
1 0.3671875 0.5921875 0.0890625 0.03125
1 0.33203125 0.546875 0.071875 0.0375
1 0.38515625 0.76484375 0.0609375 0.075
1 0.43515625 0.7796875 0.0828125 0.0625
1 0.2203125 0.6890625 0.10625 0.0796875
1 0.17578125 0.17265625 0.1109375 0.028125
1 0.259375 0.23671875 0.0921875 0.025
1 0.24453125 0.19453125 0.06875 0.046875
1 0.20234375 0.3078125 0.0765625 0.059375
1 0.26328125 0.30625 0.025 0.06875
1 0.23359375 0.38984375 0.109375 0.0328125
1 0.225 0.3703125 0.1125 0.0328125
1 0.14296875 0.43828125 0.0515625 0.08125
1 0.1484375 0.646875 0.053125 0.0828125
1 0.146875 0.60390625 0.046875 0.075
1 0.16875 0.57421875 0.090625 0.040625
1 0.15703125 0.5296875 0.05625 0.075
1 0.20625 0.4765625 0.0921875 0.040625
1 0.2515625 0.59375 0.090625 0.0546875
1 0.25234375 0.5796875 0.046875 0.09375
1 0.26796875 0.52734375 0.09375 0.0453125
1 0.10859375 0.23359375 0.0359375 0.0765625
1 0.078125 0.396875 0.034375 0.0890625
1 0.09765625 0.33359375 0.0375 0.0875
1 0.13359375 0.31484375 0.04375 0.09375
1 0.07734375 0.52734375 0.0546875 0.0921875
1 0.09921875 0.51875 0.046875 0.096875
1 0.18203125 0.5625 0.0296875 0.05
1 0.675 0.75703125 0.0484375 0.0875
