1 0.5390625 0.79140625 0.1078125 0.021875
1 0.57421875 0.76015625 0.0671875 0.0671875
1 0.5421875 0.77109375 0.078125 0.028125
1 0.4828125 0.7734375 0.059375 0.028125
1 0.44140625 0.78359375 0.05625 0.0609375
1 0.44375 0.82734375 0.0796875 0.040625
1 0.4640625 0.74140625 0.078125 0.0234375
1 0.4828125 0.72890625 0.103125 0.0203125
1 0.5703125 0.7140625 0.078125 0.0390625
1 0.54375 0.68828125 0.0703125 0.05
1 0.58671875 0.68828125 0.03125 0.0625
1 0.64765625 0.76171875 0.075 0.0421875
1 0.6796875 0.76015625 0.09375 0.0203125
1 0.68125 0.72265625 0.06875 0.0765625
1 0.725 0.73046875 0.0546875 0.084375
1 0.7140625 0.72578125 0.0625 0.0359375
1 0.69921875 0.709375 0.0625 0.04375
1 0.74609375 0.69453125 0.034375 0.065625
1 0.70625 0.6625 0.0796875 0.0296875
1 0.721875 0.6578125 0.0671875 0.05
1 0.71328125 0.6421875 0.06875 0.0171875
1 0.6484375 0.6640625 0.05 0.0390625
1 0.63046875 0.65390625 0.075 0.0359375
1 0.58046875 0.64453125 0.10625 0.0390625
1 0.4921875 0.6546875 0.0765625 0.0265625
1 0.54296875 0.6078125 0.0578125 0.078125
1 0.53203125 0.60546875 0.0734375 0.01875
1 0.61015625 0.5765625 0.025 0.0828125
1 0.7046875 0.6203125 0.0953125 0.046875
1 0.67734375 0.5890625 0.0515625 0.059375
1 0.765625 0.6171875 0.0828125 0.0359375
1 0.80703125 0.61171875 0.0609375 0.0703125
1 0.84140625 0.63671875 0.0578125 0.0734375
1 0.73984375 0.56953125 0.0359375 0.0578125
1 0.69765625 0.559375 0.0640625 0.0453125
1 0.76953125 0.53515625 0.0234375 0.0671875
1 0.76953125 0.53984375 0.0953125 0.03125
1 0.73203125 0.509375 0.0765625 0.0375
1 0.715625 0.5140625 0.0359375 0.059375
1 0.6734375 0.5328125 0.1015625 0.0375
1 0.65078125 0.51875 0.0765625 0.0203125
1 0.88984375 0.54375 0.0265625 0.0765625
1 0.84609375 0.525 0.040625 0.0671875
1 0.83515625 0.4984375 0.0359375 0.0671875
1 0.88203125 0.4359375 0.0265625 0.0796875
1 0.85859375 0.45546875 0.0625 0.053125
1 0.8265625 0.434375 0.0671875 0.0640625
1 0.85078125 0.3875 0.08125 0.0203125
1 0.784375 0.45 0.0671875 0.015625
1 0.74609375 0.48046875 0.078125 0.0140625
1 0.684375 0.45859375 0.0421875 0.0484375
1 0.68671875 0.45625 0.0859375 0.021875
1 0.61796875 0.46484375 0.053125 0.0390625
1 0.6109375 0.49765625 0.0875 0.0171875
1 0.55546875 0.4984375 0.0296875 0.0515625
1 0.73046875 0.425 0.06875 0.028125
1 0.75234375 0.42578125 0.0765625 0.0421875
1 0.76640625 0.36484375 0.06875 0.065625
1 0.73515625 0.37578125 0.04375 0.0515625
1 0.6515625 0.40859375 0.0515625 0.0578125
1 0.6421875 0.39609375 0.0203125 0.0390625
1 0.634375 0.371875 0.05625 0.0546875
1 0.61953125 0.42265625 0.0625 0.021875
1 0.56875 0.42109375 0.059375 0.0375
1 0.70546875 0.33828125 0.0671875 0.0375
1 0.75546875 0.30703125 0.0890625 0.0234375
1 0.67421875 0.32265625 0.065625 0.059375
1 0.7015625 0.2828125 0.0828125 0.0359375
1 0.615625 0.34140625 0.1046875 0.021875
1 0.57109375 0.35078125 0.0359375 0.04375
1 0.54140625 0.38984375 0.0921875 0.0125
1 0.5203125 0.35859375 0.034375 0.046875
1 0.49609375 0.37421875 0.0625 0.0234375
1 0.48671875 0.4125 0.0765625 0.0234375
1 0.44375 0.40390625 0.059375 0.0453125
1 0.53203125 0.2953125 0.10625 0.025
1 0.47421875 0.2953125 0.0703125 0.0234375
1 0.51953125 0.29921875 0.0734375 0.025
1 0.525 0.3234375 0.0734375 0.015625
1 0.475 0.3546875 0.075 0.0234375
1 0.42109375 0.2953125 0.06875 0.0515625
1 0.4453125 0.32734375 0.065625 0.0234375
1 0.434375 0.3203125 0.0453125 0.0484375
1 0.48359375 0.33984375 0.08125 0.021875
1 0.46875 0.33046875 0.0578125 0.028125
1 0.46640625 0.24921875 0.0640625 0.0390625
1 0.40078125 0.25859375 0.0265625 0.0734375
1 0.33671875 0.2625 0.0765625 0.0375
1 0.334375 0.30546875 0.078125 0.034375
1 0.3703125 0.334375 0.103125 0.0203125
1 0.32578125 0.38671875 0.059375 0.0546875
1 0.31875 0.3578125 0.0203125 0.0484375
1 0.35703125 0.34921875 0.08125 0.0234375
1 0.375 0.3609375 0.0671875 0.028125
1 0.384375 0.40859375 0.0921875 0.0390625
1 0.31328125 0.46796875 0.034375 0.0546875
1 0.403125 0.45859375 0.0296875 0.0578125
1 0.40390625 0.51171875 0.0390625 0.0625
1 0.39765625 0.48984375 0.0328125 0.053125
1 0.4375 0.47109375 0.040625 0.0671875
1 0.44765625 0.4859375 0.028125 0.0546875
1 0.4765625 0.4578125 0.0359375 0.059375
1 0.475 0.51953125 0.0390625 0.065625
1 0.5140625 0.45546875 0.0875 0.0375
1 0.53828125 0.53125 0.0734375 0.040625
1 0.52578125 0.5546875 0.0734375 0.028125
1 0.50859375 0.56640625 0.0328125 0.0671875
1 0.4640625 0.6125 0.028125 0.0625
1 0.4765625 0.59140625 0.028125 0.0484375
1 0.41796875 0.64453125 0.0734375 0.0671875
1 0.41640625 0.57421875 0.01875 0.0671875
1 0.44140625 0.56328125 0.0234375 0.0734375
1 0.3515625 0.56015625 0.021875 0.065625
1 0.37265625 0.5640625 0.0359375 0.05
1 0.36875 0.5125 0.021875 0.0625
1 0.375 0.73203125 0.0984375 0.025
1 0.3625 0.6671875 0.075 0.08125
1 0.35078125 0.6546875 0.0734375 0.0421875
1 0.3125 0.68359375 0.1015625 0.028125
1 0.3328125 0.69765625 0.0828125 0.0328125
1 0.3109375 0.73203125 0.03125 0.0734375
1 0.38125 0.79921875 0.075 0.05625
1 0.2765625 0.79140625 0.0703125 0.0734375
1 0.2875 0.7703125 0.0875 0.0671875
1 0.24765625 0.678125 0.04375 0.0515625
1 0.20859375 0.74375 0.1015625 0.0359375
1 0.23046875 0.71015625 0.0515625 0.0703125
1 0.253125 0.71796875 0.084375 0.03125
1 0.221875 0.6625 0.059375 0.0484375
1 0.28515625 0.62890625 0.0390625 0.0578125
1 0.240625 0.57578125 0.0625 0.0234375
1 0.22890625 0.55703125 0.0515625 0.0578125
1 0.2984375 0.51171875 0.0703125 0.0328125
1 0.2328125 0.51796875 0.075 0.0484375
1 0.25625 0.4890625 0.0453125 0.0578125
1 0.2765625 0.48125 0.025 0.078125
1 0.22421875 0.4578125 0.06875 0.0390625
1 0.27109375 0.425 0.01875 0.059375
1 0.24375 0.42578125 0.0546875 0.025
1 0.1875 0.43828125 0.0515625 0.053125
1 0.23125 0.37890625 0.075 0.0359375
1 0.17109375 0.33984375 0.0453125 0.053125
1 0.13046875 0.390625 0.05625 0.065625
1 0.12109375 0.44921875 0.0546875 0.0640625
1 0.12578125 0.50859375 0.0265625 0.078125
1 0.0890625 0.54140625 0.04375 0.06875
1 0.14765625 0.60625 0.06875 0.0625
1 0.153125 0.65234375 0.059375 0.059375
1 0.06328125 0.6453125 0.0984375 0.05
1 0.08828125 0.67578125 0.034375 0.078125
1 0.23046875 0.46171875 0.028125 0.03125
