1 0.290625 0.2625 0.06875 0.075
1 0.315625 0.29296875 0.078125 0.0703125
1 0.38125 0.3 0.059375 0.0546875
1 0.38046875 0.22578125 0.040625 0.0765625
1 0.45703125 0.1828125 0.03125 0.103125
1 0.5125 0.21328125 0.0734375 0.0296875
1 0.54609375 0.25703125 0.0296875 0.075
1 0.6109375 0.22109375 0.0703125 0.0296875
1 0.63125 0.2875 0.0734375 0.046875
1 0.5703125 0.35625 0.021875 0.1046875
1 0.34609375 0.3765625 0.0796875 0.0234375
1 0.47109375 0.43203125 0.059375 0.075
1 0.42265625 0.45546875 0.0390625 0.109375
1 0.31484375 0.45234375 0.078125 0.034375
1 0.21953125 0.46640625 0.0796875 0.0671875
1 0.38125 0.5125 0.0671875 0.05
1 0.39140625 0.5765625 0.090625 0.0578125
1 0.2765625 0.59140625 0.075 0.0546875
1 0.4921875 0.55078125 0.05625 0.0703125
1 0.57421875 0.45625 0.0203125 0.1015625
1 0.6765625 0.39296875 0.0390625 0.0921875
1 0.6421875 0.4546875 0.059375 0.03125
1 0.69453125 0.44296875 0.046875 0.09375
1 0.6546875 0.534375 0.028125 0.0890625
1 0.67265625 0.7 0.0703125 0.078125
1 0.65703125 0.7140625 0.0515625 0.090625
1 0.6390625 0.7859375 0.0734375 0.0453125
1 0.59296875 0.77265625 0.0625 0.0921875
1 0.55703125 0.73203125 0.0265625 0.109375
1 0.5234375 0.665625 0.084375 0.04375
1 0.46640625 0.715625 0.0328125 0.078125
1 0.43359375 0.74296875 0.040625 0.096875
1 0.29765625 0.72109375 0.0625 0.09375
1 0.4984375 0.84921875 0.08125 0.0640625
1 0.7234375 0.3609375 0.034375 0.1
1 0.74609375 0.46640625 0.0265625 0.1125
1 0.70859375 0.5796875 0.0765625 0.065625
