1 0.1203125 0.36328125 0.040625 0.103125
1 0.1890625 0.3765625 0.103125 0.0703125
1 0.3640625 0.2390625 0.0890625 0.0796875
1 0.22578125 0.34375 0.0640625 0.078125
1 0.4640625 0.24375 0.1015625 0.0328125
1 0.5796875 0.23828125 0.08125 0.0734375
1 0.52421875 0.20546875 0.0578125 0.0703125
1 0.62421875 0.29921875 0.078125 0.06875
1 0.67578125 0.21796875 0.0515625 0.09375
1 0.7109375 0.25859375 0.046875 0.09375
1 0.5875 0.36796875 0.0828125 0.0625
1 0.75390625 0.375 0.046875 0.1046875
1 0.78515625 0.44921875 0.08125 0.0578125
1 0.821875 0.384375 0.075 0.071875
1 0.89609375 0.465625 0.084375 0.0265625
1 0.78984375 0.5296875 0.0296875 0.0765625
1 0.83125 0.57421875 0.0453125 0.096875
1 0.871875 0.6453125 0.1125 0.0390625
1 0.740625 0.67578125 0.128125 0.071875
1 0.79375 0.8328125 0.034375 0.0625
1 0.83828125 0.78828125 0.0328125 0.1046875
1 0.7078125 0.83828125 0.10625 0.028125
1 0.60390625 0.85234375 0.10625 0.0234375
1 0.64765625 0.78515625 0.084375 0.0546875
1 0.5625 0.78984375 0.0984375 0.040625
1 0.5125 0.91796875 0.0625 0.075
1 0.39921875 0.88046875 0.0375 0.09375
1 0.3453125 0.87109375 0.1171875 0.040625
1 0.33203125 0.7671875 0.0578125 0.06875
1 0.43828125 0.73203125 0.0875 0.08125
1 0.26484375 0.734375 0.0328125 0.0921875
1 0.134375 0.60078125 0.096875 0.065625
1 0.2375 0.6015625 0.10625 0.059375
1 0.26640625 0.51328125 0.0890625 0.06875
1 0.39375 0.50390625 0.1390625 0.0375
1 0.55 0.50390625 0.1015625 0.0671875
1 0.5046875 0.590625 0.046875 0.059375
