1 0.46953125 0.4859375 0.1265625 0.0359375
1 0.33671875 0.57109375 0.07265625 0.08203125
1 0.4296875 0.55078125 0.12890625 0.04609375
1 0.3375 0.63828125 0.05703125 0.10078125
1 0.2703125 0.65390625 0.0546875 0.0953125
1 0.4296875 0.77109375 0.14765625 0.084375
1 0.4515625 0.67109375 0.0625 0.1
1 0.534375 0.74453125 0.13203125 0.07890625
1 0.70078125 0.61328125 0.09921875 0.084375
1 0.73359375 0.6734375 0.08203125 0.065625
1 0.8625 0.7015625 0.046875 0.0921875
1 0.76328125 0.80078125 0.11875 0.10078125
1 0.67734375 0.790625 0.175 0.09609375
