1 0.5171875 0.075 0.08125 0.0265625
1 0.41953125 0.0921875 0.075 0.053125
1 0.4609375 0.1296875 0.025 0.0796875
1 0.3734375 0.10859375 0.0765625 0.0296875
1 0.31328125 0.12578125 0.046875 0.0640625
1 0.32890625 0.18125 0.0359375 0.1078125
1 0.36171875 0.20703125 0.03125 0.078125
1 0.346875 0.2515625 0.075 0.046875
1 0.4 0.2125 0.06875 0.075
1 0.4453125 0.20703125 0.0328125 0.065625
1 0.39140625 0.29453125 0.0234375 0.06875
1 0.40078125 0.28984375 0.0296875 0.059375
1 0.43828125 0.31640625 0.0421875 0.0359375
1 0.46953125 0.309375 0.0375 0.0390625
1 0.48828125 0.2859375 0.0171875 0.0734375
1 0.578125 0.1078125 0.0765625 0.046875
1 0.69765625 0.13359375 0.096875 0.0296875
1 0.60625 0.16015625 0.071875 0.028125
1 0.540625 0.2125 0.04375 0.0515625
1 0.578125 0.1890625 0.0640625 0.0359375
1 0.64765625 0.2125 0.06875 0.0265625
1 0.6421875 0.19375 0.0703125 0.0234375
1 0.71796875 0.215625 0.05625 0.0609375
1 0.74296875 0.1921875 0.01875 0.0765625
1 0.75 0.175 0.03125 0.0375
1 0.70078125 0.2140625 0.090625 0.0296875
1 0.6953125 0.18515625 0.05 0.046875
1 0.74375 0.240625 0.0859375 0.0203125
1 0.73671875 0.27734375 0.059375 0.046875
1 0.578125 0.271875 0.078125 0.059375
1 0.590625 0.23984375 0.071875 0.0515625
1 0.54609375 0.2796875 0.0625 0.0484375
1 0.60234375 0.29453125 0.0453125 0.0515625
1 0.65859375 0.3765625 0.0484375 0.0671875
1 0.63828125 0.34765625 0.0203125 0.0609375
1 0.5671875 0.3578125 0.071875 0.0765625
1 0.575 0.41484375 0.03125 0.1015625
1 0.5234375 0.38203125 0.0484375 0.059375
1 0.4875 0.36796875 0.028125 0.059375
1 0.40703125 0.3515625 0.0828125 0.0328125
1 0.36015625 0.378125 0.0203125 0.1015625
1 0.3484375 0.37421875 0.01875 0.059375
1 0.37578125 0.36640625 0.01875 0.084375
1 0.24453125 0.18671875 0.021875 0.0546875
1 0.2421875 0.2546875 0.03125 0.078125
1 0.26875 0.22109375 0.0421875 0.040625
1 0.21484375 0.1890625 0.05 0.0234375
1 0.2765625 0.3359375 0.0359375 0.065625
1 0.271875 0.303125 0.0515625 0.059375
1 0.2515625 0.28828125 0.0296875 0.071875
1 0.29609375 0.39296875 0.0421875 0.0953125
1 0.37890625 0.4484375 0.0484375 0.0328125
1 0.40859375 0.40703125 0.0375 0.078125
1 0.35234375 0.45703125 0.0546875 0.04375
1 0.3 0.50234375 0.0484375 0.090625
1 0.31484375 0.46796875 0.071875 0.0546875
1 0.3296875 0.45234375 0.0609375 0.0703125
1 0.25703125 0.46484375 0.015625 0.0765625
1 0.1859375 0.27109375 0.059375 0.0875
1 0.18359375 0.2296875 0.0828125 0.065625
1 0.146875 0.2734375 0.103125 0.0421875
1 0.14375 0.33671875 0.075 0.0390625
1 0.1953125 0.36875 0.0578125 0.0640625
1 0.15078125 0.36796875 0.0734375 0.0265625
1 0.20390625 0.45078125 0.0625 0.0609375
1 0.1875 0.41953125 0.0203125 0.090625
1 0.2109375 0.41875 0.0359375 0.0703125
1 0.2140625 0.4046875 0.05625 0.0234375
1 0.2375 0.4515625 0.0734375 0.01875
1 0.15 0.40390625 0.0578125 0.0203125
1 0.08125 0.3625 0.0453125 0.0703125
1 0.090625 0.42734375 0.109375 0.0265625
1 0.07890625 0.390625 0.01875 0.053125
1 0.203125 0.51171875 0.0265625 0.078125
1 0.17421875 0.4828125 0.059375 0.04375
1 0.14375 0.54921875 0.0421875 0.0796875
1 0.13671875 0.50625 0.040625 0.075
1 0.18203125 0.54453125 0.0703125 0.0484375
1 0.15546875 0.55390625 0.05625 0.0796875
1 0.1890625 0.5359375 0.065625 0.01875
1 0.0671875 0.52890625 0.059375 0.096875
1 0.06875 0.59921875 0.0484375 0.0625
1 0.1140625 0.6296875 0.0734375 0.046875
1 0.125 0.63515625 0.05625 0.0625
1 0.1609375 0.625 0.0734375 0.0578125
1 0.19296875 0.6015625 0.0671875 0.0578125
1 0.209375 0.73125 0.04375 0.0734375
1 0.22890625 0.68046875 0.053125 0.0296875
1 0.23984375 0.6484375 0.025 0.0359375
1 0.196875 0.6609375 0.0609375 0.0359375
1 0.19921875 0.6671875 0.028125 0.0703125
1 0.17890625 0.69921875 0.103125 0.03125
1 0.125 0.7453125 0.040625 0.0921875
1 0.17890625 0.77890625 0.0828125 0.0859375
1 0.23671875 0.775 0.0421875 0.0546875
1 0.2578125 0.8140625 0.1109375 0.04375
1 0.29140625 0.74453125 0.0765625 0.03125
1 0.275 0.76484375 0.0484375 0.0359375
1 0.28359375 0.69375 0.05 0.0515625
1 0.26796875 0.73515625 0.0484375 0.05
1 0.26328125 0.86640625 0.0359375 0.0796875
1 0.28984375 0.8640625 0.0359375 0.0890625
1 0.3328125 0.8875 0.0734375 0.0578125
1 0.28203125 0.5625 0.0546875 0.0515625
1 0.31796875 0.5765625 0.0796875 0.0265625
1 0.3625 0.5296875 0.0859375 0.0671875
1 0.37734375 0.6046875 0.059375 0.0734375
1 0.38046875 0.56796875 0.0328125 0.0515625
1 0.41796875 0.61328125 0.0984375 0.034375
1 0.4328125 0.56875 0.0703125 0.0515625
1 0.30625 0.63984375 0.078125 0.04375
1 0.34765625 0.66015625 0.034375 0.0734375
1 0.38828125 0.646875 0.0234375 0.078125
1 0.3703125 0.76484375 0.090625 0.046875
1 0.36640625 0.73984375 0.0421875 0.0796875
1 0.3890625 0.690625 0.0265625 0.059375
1 0.32734375 0.79296875 0.034375 0.0484375
1 0.3890625 0.8421875 0.0328125 0.0734375
1 0.3625 0.83828125 0.065625 0.065625
1 0.44140625 0.88359375 0.1015625 0.0484375
1 0.45546875 0.92578125 0.0953125 0.0546875
1 0.50234375 0.92421875 0.1015625 0.059375
1 0.53515625 0.890625 0.0921875 0.0671875
1 0.4625 0.42109375 0.0328125 0.075
1 0.5140625 0.42421875 0.0625 0.0328125
1 0.671875 0.35625 0.025 0.09375
1 0.69453125 0.34921875 0.08125 0.0296875
1 0.7328125 0.34140625 0.08125 0.059375
1 0.81953125 0.27109375 0.0765625 0.0609375
1 0.9 0.3640625 0.0765625 0.0671875
1 0.89453125 0.30859375 0.0734375 0.028125
1 0.73828125 0.32578125 0.059375 0.053125
1 0.7703125 0.3421875 0.0828125 0.046875
1 0.759375 0.3765625 0.0796875 0.040625
1 0.84921875 0.33984375 0.10625 0.0375
1 0.8296875 0.359375 0.028125 0.08125
1 0.725 0.42734375 0.0796875 0.0484375
1 0.75390625 0.45078125 0.084375 0.0265625
1 0.85625 0.525 0.0734375 0.0796875
1 0.84296875 0.48359375 0.0765625 0.03125
1 0.82734375 0.45625 0.0546875 0.0453125
1 0.82109375 0.45703125 0.0421875 0.0828125
1 0.83671875 0.40703125 0.028125 0.0703125
1 0.85703125 0.43671875 0.0515625 0.0375
1 0.8890625 0.47109375 0.0671875 0.0453125
1 0.85234375 0.52734375 0.084375 0.0328125
1 0.8484375 0.56171875 0.0265625 0.08125
1 0.9109375 0.55390625 0.0796875 0.0671875
1 0.80546875 0.53828125 0.0453125 0.065625
1 0.71953125 0.5515625 0.046875 0.06875
1 0.73984375 0.51796875 0.0390625 0.08125
1 0.75703125 0.496875 0.046875 0.0640625
1 0.771875 0.496875 0.0703125 0.021875
1 0.8875 0.596875 0.040625 0.090625
1 0.821875 0.61640625 0.090625 0.0390625
1 0.86015625 0.6390625 0.075 0.059375
1 0.8765625 0.6890625 0.034375 0.0953125
1 0.8234375 0.73125 0.0625 0.075
1 0.80703125 0.70546875 0.05 0.0859375
1 0.75625 0.6421875 0.078125 0.0609375
1 0.7328125 0.6359375 0.0390625 0.090625
1 0.7984375 0.80546875 0.0640625 0.0765625
1 0.74140625 0.784375 0.0828125 0.03125
1 0.73125 0.7375 0.0734375 0.059375
1 0.74140625 0.7359375 0.0609375 0.0890625
1 0.67890625 0.76328125 0.059375 0.03125
1 0.69140625 0.7375 0.05625 0.05
1 0.67109375 0.7046875 0.0265625 0.0859375
1 0.6640625 0.665625 0.0484375 0.05
1 0.62109375 0.76875 0.05625 0.0734375
1 0.6328125 0.80859375 0.0171875 0.053125
1 0.58359375 0.809375 0.0859375 0.0640625
1 0.58125 0.8484375 0.065625 0.0703125
1 0.59765625 0.8109375 0.0390625 0.0625
1 0.65546875 0.871875 0.0796875 0.05
1 0.6640625 0.81875 0.0609375 0.0703125
1 0.70390625 0.84296875 0.1078125 0.028125
1 0.615625 0.91796875 0.1125 0.040625
1 0.52109375 0.8046875 0.0890625 0.053125
1 0.44375 0.78203125 0.0296875 0.0828125
1 0.46796875 0.7421875 0.03125 0.0609375
1 0.5515625 0.74375 0.08125 0.025
1 0.56484375 0.52890625 0.0265625 0.0890625
1 0.58515625 0.49140625 0.0546875 0.05
1 0.6046875 0.48828125 0.0203125 0.0734375
1 0.62890625 0.48125 0.040625 0.0609375
1 0.65546875 0.4484375 0.0234375 0.0734375
1 0.6203125 0.475 0.03125 0.0578125
1 0.64140625 0.51875 0.0546875 0.0375
1 0.67109375 0.5875 0.0484375 0.065625
1 0.62890625 0.5921875 0.0828125 0.0359375
1 0.52734375 0.703125 0.0328125 0.0765625
1 0.55546875 0.6875 0.03125 0.065625
1 0.58125 0.653125 0.1 0.046875
1 0.50078125 0.6796875 0.046875 0.06875
1 0.51953125 0.559375 0.065625 0.059375
1 0.48984375 0.5734375 0.0578125 0.03125
