1 0.3390625 0.2671875 0.0578125 0.0484375
1 0.45703125 0.2640625 0.0703125 0.0640625
1 0.2515625 0.365625 0.0609375 0.0546875
1 0.35859375 0.315625 0.0890625 0.0203125
1 0.43671875 0.2984375 0.0671875 0.046875
1 0.47265625 0.29140625 0.084375 0.028125
1 0.534375 0.28828125 0.046875 0.0390625
1 0.65390625 0.33203125 0.028125 0.0625
1 0.59765625 0.29765625 0.096875 0.0453125
1 0.5734375 0.34296875 0.0828125 0.0203125
1 0.51484375 0.33125 0.065625 0.040625
1 0.61328125 0.33125 0.025 0.05
1 0.58828125 0.37109375 0.0640625 0.0546875
1 0.69921875 0.375 0.0796875 0.0359375
1 0.65234375 0.38359375 0.0609375 0.0625
1 0.40546875 0.37890625 0.040625 0.065625
1 0.4578125 0.3796875 0.04375 0.065625
1 0.2453125 0.4234375 0.0515625 0.065625
1 0.2828125 0.46875 0.03125 0.071875
1 0.32109375 0.4515625 0.028125 0.071875
1 0.365625 0.46484375 0.0890625 0.021875
1 0.40703125 0.50078125 0.046875 0.05625
1 0.48828125 0.45703125 0.0375 0.05625
1 0.53046875 0.42421875 0.0859375 0.0375
1 0.67265625 0.4171875 0.096875 0.0328125
1 0.7203125 0.44375 0.028125 0.0609375
1 0.7703125 0.46171875 0.0484375 0.06875
1 0.6859375 0.4796875 0.075 0.0671875
1 0.68046875 0.540625 0.0609375 0.0671875
1 0.740625 0.5296875 0.04375 0.05
1 0.13828125 0.54375 0.10625 0.0390625
1 0.26171875 0.540625 0.096875 0.0234375
1 0.290625 0.62421875 0.0875 0.0546875
1 0.27421875 0.5875 0.0515625 0.0453125
1 0.23359375 0.628125 0.025 0.0546875
1 0.29140625 0.725 0.1109375 0.0265625
1 0.3703125 0.68828125 0.053125 0.0640625
1 0.40703125 0.76015625 0.0671875 0.0515625
1 0.4671875 0.76875 0.0578125 0.0203125
1 0.496875 0.725 0.059375 0.0859375
1 0.55078125 0.665625 0.0328125 0.0671875
1 0.48203125 0.62265625 0.0734375 0.0359375
1 0.46484375 0.56484375 0.0734375 0.028125
1 0.52265625 0.52734375 0.04375 0.0640625
1 0.55703125 0.58828125 0.0953125 0.0265625
1 0.66875 0.58984375 0.0875 0.0265625
1 0.76796875 0.54453125 0.0671875 0.0578125
1 0.74375 0.61640625 0.075 0.0578125
1 0.67578125 0.6546875 0.0703125 0.0609375
1 0.61875 0.6578125 0.0328125 0.0828125
1 0.640625 0.72890625 0.0796875 0.0640625
1 0.5640625 0.71484375 0.10625 0.0453125
