1 0.68671875 0.78203125 0.09375 0.0203125
1 0.57890625 0.78828125 0.1328125 0.028125
1 0.52734375 0.79140625 0.078125 0.0546875
1 0.46015625 0.78359375 0.034375 0.075
1 0.49765625 0.74609375 0.0765625 0.0640625
1 0.4734375 0.7546875 0.103125 0.0234375
1 0.60546875 0.725 0.08125 0.040625
1 0.5984375 0.72578125 0.065625 0.04375
1 0.75546875 0.7421875 0.065625 0.065625
1 0.7328125 0.74921875 0.09375 0.0203125
1 0.65859375 0.7140625 0.065625 0.0671875
1 0.6546875 0.675 0.0640625 0.04375
1 0.64765625 0.66328125 0.04375 0.05
1 0.7328125 0.6484375 0.028125 0.08125
1 0.8 0.67421875 0.0859375 0.025
1 0.87265625 0.67421875 0.11875 0.03125
1 0.84921875 0.6140625 0.078125 0.075
1 0.821875 0.6421875 0.078125 0.05
1 0.85703125 0.62578125 0.0765625 0.0203125
1 0.9140625 0.6359375 0.1125 0.0203125
1 0.94921875 0.51328125 0.028125 0.0625
1 0.89296875 0.51328125 0.1046875 0.0203125
1 0.8984375 0.47265625 0.0828125 0.0625
1 0.83046875 0.51796875 0.0484375 0.059375
1 0.8109375 0.55390625 0.0734375 0.0359375
1 0.7609375 0.496875 0.08125 0.0171875
1 0.74609375 0.52265625 0.0484375 0.059375
1 0.78515625 0.49375 0.0546875 0.0453125
1 0.69609375 0.51015625 0.0765625 0.021875
1 0.69375 0.509375 0.0578125 0.04375
1 0.6484375 0.521875 0.071875 0.0171875
1 0.925 0.44296875 0.1015625 0.0265625
1 0.91953125 0.41171875 0.05625 0.0484375
1 0.9046875 0.37265625 0.0765625 0.0546875
1 0.8875 0.39296875 0.046875 0.059375
1 0.86015625 0.38125 0.0359375 0.06875
1 0.846875 0.40859375 0.0265625 0.040625
1 0.81484375 0.3953125 0.0671875 0.0484375
1 0.8328125 0.32109375 0.0390625 0.0640625
1 0.79140625 0.271875 0.0578125 0.075
1 0.76484375 0.2796875 0.0671875 0.0390625
1 0.72734375 0.2890625 0.03125 0.05
1 0.7453125 0.32265625 0.0953125 0.046875
1 0.74296875 0.2984375 0.028125 0.040625
1 0.73984375 0.3484375 0.0890625 0.0375
1 0.68203125 0.36796875 0.0640625 0.03125
1 0.7046875 0.33671875 0.025 0.053125
1 0.71171875 0.40390625 0.0265625 0.0453125
1 0.78359375 0.4109375 0.0609375 0.053125
1 0.75546875 0.375 0.028125 0.034375
1 0.7515625 0.45625 0.0734375 0.0375
1 0.70859375 0.46640625 0.0828125 0.0375
1 0.603125 0.4640625 0.0640625 0.0125
1 0.575 0.478125 0.021875 0.0484375
1 0.596875 0.428125 0.0921875 0.0328125
1 0.61484375 0.39140625 0.0375 0.0546875
1 0.62421875 0.33671875 0.0703125 0.046875
1 0.59453125 0.37265625 0.0921875 0.04375
1 0.5671875 0.37890625 0.0703125 0.059375
1 0.5671875 0.3375 0.0828125 0.0390625
1 0.64453125 0.27890625 0.0640625 0.0546875
1 0.56953125 0.5125 0.0828125 0.0203125
1 0.546875 0.50703125 0.075 0.0453125
1 0.50859375 0.525 0.0265625 0.05
1 0.5421875 0.5734375 0.0828125 0.015625
1 0.58203125 0.609375 0.0546875 0.0546875
1 0.56953125 0.590625 0.034375 0.0515625
1 0.6890625 0.64453125 0.03125 0.065625
1 0.64921875 0.628125 0.1046875 0.0234375
1 0.60546875 0.63125 0.0984375 0.0265625
1 0.6203125 0.603125 0.0234375 0.0421875
1 0.68828125 0.58046875 0.04375 0.06875
1 0.7234375 0.60546875 0.09375 0.0234375
1 0.68828125 0.56875 0.0640625 0.0484375
1 0.540625 0.5671875 0.0359375 0.0578125
1 0.52109375 0.55859375 0.09375 0.0328125
1 0.49296875 0.5703125 0.0515625 0.05
1 0.44609375 0.5453125 0.078125 0.0515625
1 0.453125 0.603125 0.0359375 0.0671875
1 0.50859375 0.65859375 0.109375 0.0296875
1 0.50859375 0.63359375 0.09375 0.01875
1 0.5265625 0.69453125 0.08125 0.021875
1 0.425 0.6671875 0.0796875 0.034375
1 0.46015625 0.725 0.1015625 0.0296875
1 0.44296875 0.7140625 0.078125 0.0671875
1 0.38125 0.71171875 0.09375 0.040625
1 0.4046875 0.7640625 0.0546875 0.065625
1 0.37578125 0.68359375 0.0703125 0.025
1 0.3484375 0.75546875 0.08125 0.046875
1 0.2765625 0.73203125 0.0703125 0.05
1 0.3078125 0.7171875 0.0625 0.0453125
1 0.2671875 0.6875 0.025 0.0671875
1 0.2671875 0.63046875 0.0484375 0.0734375
1 0.39296875 0.60078125 0.0359375 0.0578125
1 0.39609375 0.57734375 0.0609375 0.0578125
1 0.278125 0.64453125 0.0765625 0.0296875
1 0.18828125 0.69765625 0.0375 0.090625
1 0.32265625 0.5921875 0.0546875 0.05
1 0.3 0.56328125 0.0671875 0.059375
1 0.4 0.5296875 0.0546875 0.065625
1 0.46484375 0.4953125 0.065625 0.046875
1 0.39375 0.4703125 0.0421875 0.05625
1 0.334375 0.52421875 0.0625 0.0515625
1 0.33515625 0.4890625 0.0390625 0.0609375
1 0.33671875 0.49453125 0.06875 0.0484375
1 0.15625 0.628125 0.078125 0.04375
1 0.0875 0.6390625 0.04375 0.0859375
1 0.14375 0.59375 0.071875 0.0578125
1 0.21328125 0.60390625 0.0984375 0.0390625
1 0.21171875 0.5734375 0.0546875 0.046875
1 0.25625 0.5171875 0.0328125 0.0640625
1 0.2140625 0.528125 0.025 0.06875
1 0.178125 0.52109375 0.028125 0.0484375
1 0.24921875 0.4578125 0.0265625 0.065625
1 0.21953125 0.51015625 0.0359375 0.05625
1 0.17890625 0.49765625 0.06875 0.0484375
1 0.128125 0.53125 0.0359375 0.071875
1 0.08359375 0.5640625 0.065625 0.0640625
1 0.04453125 0.55390625 0.0453125 0.078125
1 0.290625 0.49375 0.046875 0.046875
1 0.2765625 0.4375 0.0359375 0.078125
1 0.29921875 0.41953125 0.0375 0.0609375
1 0.37890625 0.4296875 0.065625 0.04375
1 0.4359375 0.42890625 0.09375 0.0203125
1 0.54765625 0.453125 0.046875 0.0625
1 0.540625 0.4484375 0.0609375 0.0390625
1 0.53359375 0.4078125 0.040625 0.0546875
1 0.48125 0.40703125 0.0640625 0.040625
1 0.48984375 0.41796875 0.053125 0.034375
1 0.49296875 0.375 0.071875 0.0296875
1 0.44609375 0.3625 0.09375 0.01875
1 0.4453125 0.36640625 0.05625 0.040625
1 0.49609375 0.33671875 0.0609375 0.0484375
1 0.36875 0.396875 0.0734375 0.04375
1 0.403125 0.371875 0.0578125 0.046875
1 0.34921875 0.3578125 0.0875 0.0421875
1 0.328125 0.359375 0.065625 0.040625
1 0.4171875 0.328125 0.065625 0.05625
1 0.38984375 0.30390625 0.0828125 0.0375
1 0.2765625 0.3625 0.0734375 0.0203125
1 0.20703125 0.46484375 0.0640625 0.040625
1 0.1171875 0.4796875 0.103125 0.05
1 0.12578125 0.45078125 0.0609375 0.0515625
1 0.175 0.4234375 0.0328125 0.0390625
1 0.05859375 0.4390625 0.0921875 0.03125
1 0.10703125 0.4234375 0.1109375 0.028125
1 0.0875 0.40078125 0.090625 0.053125
1 0.20703125 0.3859375 0.0796875 0.053125
1 0.1234375 0.378125 0.0359375 0.0703125
1 0.18828125 0.3828125 0.059375 0.0484375
1 0.12421875 0.34453125 0.1 0.0265625
1 0.1984375 0.3421875 0.0328125 0.0484375
1 0.2296875 0.33671875 0.0703125 0.0609375
1 0.15 0.32734375 0.046875 0.0671875
1 0.1921875 0.290625 0.0296875 0.0625
1 0.25390625 0.3 0.0953125 0.0328125
1 0.2796875 0.328125 0.0390625 0.0609375
1 0.30859375 0.325 0.0390625 0.04375
1 0.26796875 0.26484375 0.0671875 0.0515625
1 0.26484375 0.23203125 0.0765625 0.034375
1 0.7078125 0.21796875 0.0734375 0.053125
1 0.5640625 0.29296875 0.0734375 0.0421875
1 0.5265625 0.284375 0.040625 0.0484375
1 0.56875 0.28984375 0.0328125 0.0328125
1 0.603125 0.2234375 0.0828125 0.03125
1 0.53203125 0.25703125 0.0890625 0.03125
1 0.459375 0.271875 0.0484375 0.04375
1 0.43203125 0.23359375 0.0296875 0.075
1 0.440625 0.24453125 0.0609375 0.0484375
1 0.384375 0.20546875 0.03125 0.05625
1 0.44140625 0.19140625 0.0796875 0.025
1 0.4640625 0.2125 0.034375 0.05625
1 0.4875 0.24296875 0.0390625 0.059375
1 0.5078125 0.2203125 0.0625 0.0421875
1 0.54140625 0.221875 0.071875 0.0453125
1 0.534375 0.1765625 0.0984375 0.025
1 0.51171875 0.1984375 0.0859375 0.021875
