1 0.48984375 0.2078125 0.0859375 0.0515625
1 0.6234375 0.246875 0.10625 0.0265625
1 0.3953125 0.27734375 0.0390625 0.0546875
1 0.55390625 0.296875 0.109375 0.0265625
1 0.53828125 0.27734375 0.096875 0.0203125
1 0.78671875 0.28125 0.0359375 0.0546875
1 0.82890625 0.32421875 0.09375 0.040625
1 0.8140625 0.37265625 0.109375 0.0328125
1 0.71796875 0.38671875 0.0953125 0.0375
1 0.77890625 0.43515625 0.075 0.059375
1 0.9140625 0.45 0.034375 0.0734375
1 0.86796875 0.5359375 0.05 0.059375
1 0.83125 0.5640625 0.05 0.0578125
1 0.83046875 0.68125 0.059375 0.075
1 0.78515625 0.6375 0.065625 0.0703125
1 0.81328125 0.54921875 0.0703125 0.05625
1 0.74140625 0.5140625 0.075 0.05625
1 0.75234375 0.5203125 0.0390625 0.078125
1 0.62421875 0.6828125 0.08125 0.0703125
1 0.66953125 0.66171875 0.09375 0.028125
1 0.465625 0.78515625 0.10625 0.0296875
1 0.53515625 0.6984375 0.115625 0.0734375
1 0.5203125 0.71875 0.09375 0.0359375
1 0.60390625 0.61640625 0.090625 0.040625
1 0.58125 0.48359375 0.1 0.053125
1 0.59375 0.57734375 0.1078125 0.0203125
1 0.6203125 0.5640625 0.1015625 0.040625
1 0.465625 0.5359375 0.06875 0.0515625
1 0.62890625 0.44140625 0.06875 0.065625
1 0.61796875 0.4375 0.0875 0.0546875
1 0.59765625 0.3625 0.046875 0.0703125
1 0.29296875 0.33046875 0.0765625 0.0421875
1 0.371875 0.39609375 0.1203125 0.034375
1 0.453125 0.42421875 0.0578125 0.028125
1 0.48203125 0.41875 0.0375 0.065625
1 0.4078125 0.43984375 0.1140625 0.025
1 0.30234375 0.44921875 0.0453125 0.0671875
1 0.36015625 0.47265625 0.046875 0.0453125
1 0.1796875 0.39296875 0.040625 0.0640625
1 0.2140625 0.415625 0.0609375 0.059375
1 0.28984375 0.49765625 0.0609375 0.04375
1 0.3140625 0.5578125 0.059375 0.0734375
1 0.3796875 0.5953125 0.0421875 0.078125
1 0.31640625 0.52578125 0.04375 0.0796875
1 0.2578125 0.57265625 0.078125 0.075
1 0.21328125 0.5625 0.0921875 0.05625
1 0.209375 0.6125 0.0359375 0.0484375
1 0.21328125 0.60703125 0.071875 0.025
1 0.2328125 0.6703125 0.1125 0.0546875
1 0.2328125 0.68984375 0.0671875 0.0796875
1 0.3796875 0.70859375 0.0859375 0.0515625
1 0.346875 0.68359375 0.0453125 0.0625
