1 0.37578125 0.66640625 0.096875 0.04375
1 0.2359375 0.5515625 0.0625 0.0828125
1 0.34375 0.5359375 0.04375 0.078125
1 0.121875 0.4671875 0.0796875 0.075
1 0.471875 0.478125 0.0953125 0.028125
1 0.56640625 0.5109375 0.0390625 0.09375
1 0.728125 0.5125 0.0484375 0.065625
1 0.52109375 0.4578125 0.1265625 0.028125
1 0.75859375 0.4140625 0.1328125 0.0296875
1 0.56015625 0.38671875 0.0625 0.0828125
1 0.484375 0.39765625 0.09375 0.0609375
1 0.37734375 0.4078125 0.0578125 0.09375
1 0.26015625 0.384375 0.05625 0.0796875
1 0.08359375 0.334375 0.034375 0.0828125
1 0.36171875 0.21015625 0.0578125 0.0890625
1 0.43359375 0.27890625 0.1140625 0.0609375
1 0.7140625 0.2921875 0.0359375 0.084375
