1 0.3015625 0.16015625 0.1015625 0.034375
1 0.371875 0.15234375 0.0640625 0.0640625
1 0.4328125 0.15859375 0.034375 0.096875
1 0.3640625 0.203125 0.084375 0.0546875
1 0.2578125 0.25625 0.059375 0.05625
1 0.26171875 0.21171875 0.05625 0.071875
1 0.32421875 0.30234375 0.071875 0.071875
1 0.31328125 0.2625 0.0703125 0.0234375
1 0.4125 0.284375 0.059375 0.06875
1 0.53515625 0.21953125 0.0640625 0.0359375
1 0.56875 0.21015625 0.034375 0.06875
1 0.553125 0.11015625 0.1234375 0.0328125
1 0.63984375 0.1296875 0.090625 0.0421875
1 0.70703125 0.1484375 0.0734375 0.03125
1 0.821875 0.203125 0.08125 0.0375
1 0.87578125 0.265625 0.06875 0.0578125
1 0.721875 0.26875 0.078125 0.071875
1 0.80546875 0.3640625 0.0953125 0.0296875
1 0.78984375 0.3328125 0.0515625 0.059375
1 0.79375 0.33125 0.034375 0.0875
1 0.9203125 0.3796875 0.0828125 0.0671875
1 0.87734375 0.40625 0.06875 0.0546875
1 0.83359375 0.43203125 0.096875 0.0578125
1 0.86015625 0.46640625 0.04375 0.0671875
1 0.884375 0.54609375 0.0453125 0.0625
1 0.87890625 0.6515625 0.075 0.084375
1 0.9125 0.60625 0.040625 0.0828125
1 0.9421875 0.6015625 0.0296875 0.103125
1 0.83671875 0.715625 0.0375 0.075
1 0.79140625 0.67734375 0.0265625 0.0875
1 0.775 0.71484375 0.028125 0.0375
1 0.81875 0.596875 0.025 0.0578125
1 0.7484375 0.54609375 0.103125 0.0625
1 0.796875 0.5375 0.03125 0.0921875
1 0.72265625 0.46796875 0.1109375 0.025
1 0.66875 0.390625 0.03125 0.0703125
1 0.61640625 0.28671875 0.03125 0.0703125
1 0.5609375 0.34140625 0.0796875 0.03125
1 0.50078125 0.3359375 0.078125 0.040625
1 0.396875 0.33359375 0.103125 0.0296875
1 0.33515625 0.3625 0.096875 0.040625
1 0.51640625 0.38125 0.0890625 0.0375
1 0.571875 0.44765625 0.1140625 0.0296875
1 0.43515625 0.49296875 0.1 0.0359375
1 0.15 0.34921875 0.028125 0.0984375
1 0.21015625 0.34453125 0.0265625 0.075
1 0.18671875 0.44453125 0.028125 0.096875
1 0.053125 0.48671875 0.0515625 0.078125
1 0.09296875 0.45 0.0296875 0.09375
1 0.16640625 0.54921875 0.0296875 0.0921875
1 0.30625 0.48046875 0.075 0.071875
1 0.36640625 0.503125 0.046875 0.075
1 0.53984375 0.53828125 0.0328125 0.0828125
1 0.44140625 0.59453125 0.0546875 0.0640625
1 0.4703125 0.6375 0.0484375 0.084375
1 0.3390625 0.5828125 0.1046875 0.0421875
1 0.3953125 0.65390625 0.090625 0.0578125
1 0.2296875 0.61484375 0.0625 0.059375
1 0.33125 0.6875 0.1078125 0.0453125
1 0.1890625 0.7140625 0.075 0.0546875
1 0.5390625 0.690625 0.1 0.059375
1 0.665625 0.66171875 0.040625 0.0796875
1 0.60703125 0.81953125 0.0578125 0.065625
1 0.62734375 0.78046875 0.08125 0.075
1 0.6328125 0.734375 0.0734375 0.0734375
1 0.53671875 0.75546875 0.0515625 0.09375
1 0.66484375 0.834375 0.0921875 0.0359375
1 0.64765625 0.82265625 0.0828125 0.075
1 0.73203125 0.76875 0.0828125 0.08125
1 0.51171875 0.86015625 0.115625 0.0375
1 0.49453125 0.82109375 0.1203125 0.0328125
1 0.428125 0.78125 0.1015625 0.08125
1 0.34296875 0.82265625 0.0984375 0.0390625
