1 0.6921875 0.1703125 0.1140625 0.05625
1 0.50859375 0.13984375 0.1453125 0.034375
1 0.44921875 0.21328125 0.090625 0.1296875
1 0.46484375 0.23125 0.0828125 0.0875
1 0.196875 0.21328125 0.08125 0.0953125
1 0.5234375 0.33515625 0.096875 0.096875
1 0.65 0.30546875 0.1328125 0.0375
1 0.4765625 0.3515625 0.1203125 0.0578125
1 0.68359375 0.3921875 0.0546875 0.103125
1 0.38984375 0.41953125 0.140625 0.0203125
1 0.32421875 0.4203125 0.115625 0.065625
1 0.18359375 0.340625 0.0578125 0.084375
1 0.1015625 0.3578125 0.1140625 0.0515625
1 0.871875 0.41171875 0.0484375 0.0796875
1 0.8390625 0.41484375 0.1484375 0.03125
1 0.796875 0.4453125 0.040625 0.075
1 0.80078125 0.48046875 0.0765625 0.08125
1 0.88828125 0.4625 0.1078125 0.0375
1 0.85703125 0.49140625 0.0625 0.065625
1 0.8328125 0.55859375 0.0546875 0.0734375
1 0.775 0.5515625 0.078125 0.059375
1 0.64609375 0.5 0.0890625 0.0671875
1 0.5171875 0.49609375 0.0328125 0.06875
1 0.45390625 0.50234375 0.096875 0.0234375
1 0.41484375 0.534375 0.115625 0.0359375
1 0.246875 0.49765625 0.0703125 0.0734375
1 0.14921875 0.4890625 0.0625 0.08125
1 0.08125 0.4671875 0.05 0.078125
1 0.23515625 0.56171875 0.0953125 0.065625
1 0.353125 0.5703125 0.0390625 0.0796875
1 0.51796875 0.60234375 0.11875 0.0265625
1 0.625 0.55234375 0.109375 0.034375
1 0.67578125 0.59375 0.0484375 0.078125
1 0.6609375 0.64609375 0.0453125 0.071875
1 0.475 0.64375 0.0953125 0.059375
1 0.371875 0.6484375 0.0859375 0.05
1 0.2734375 0.6671875 0.0953125 0.0390625
