1 0.6546875 0.81953125 0.11875 0.075
1 0.38828125 0.75 0.1296875 0.053125
1 0.43984375 0.72421875 0.0453125 0.0828125
1 0.3265625 0.659375 0.053125 0.125
1 0.2390625 0.59296875 0.13125 0.0546875
1 0.49765625 0.64296875 0.078125 0.0796875
1 0.55 0.6109375 0.075 0.0875
1 0.5640625 0.58203125 0.128125 0.0375
1 0.621875 0.67890625 0.0546875 0.1015625
1 0.8 0.71484375 0.121875 0.0453125
1 0.83046875 0.6515625 0.0875 0.0671875
1 0.74296875 0.63984375 0.040625 0.1015625
1 0.87265625 0.60546875 0.08125 0.0296875
1 0.65859375 0.55234375 0.0453125 0.090625
1 0.7140625 0.50703125 0.0734375 0.1015625
1 0.87265625 0.5078125 0.046875 0.0921875
1 0.92109375 0.5296875 0.0734375 0.05
1 0.965625 0.315625 0.06875 0.040625
1 0.94765625 0.3828125 0.1046875 0.040625
1 0.92265625 0.45234375 0.071875 0.0734375
1 0.7984375 0.4359375 0.1140625 0.059375
1 0.53203125 0.5015625 0.0484375 0.0765625
1 0.59765625 0.4375 0.0515625 0.1125
1 0.6671875 0.35546875 0.1015625 0.0875
1 0.65703125 0.35625 0.059375 0.0734375
1 0.7515625 0.340625 0.1046875 0.075
1 0.7984375 0.28828125 0.1375 0.0453125
1 0.6625 0.2390625 0.084375 0.065625
1 0.725 0.1734375 0.1359375 0.0640625
1 0.52421875 0.2609375 0.109375 0.08125
1 0.53203125 0.34921875 0.153125 0.0375
1 0.44140625 0.37265625 0.0828125 0.0875
1 0.3875 0.4875 0.046875 0.0859375
1 0.3515625 0.47109375 0.084375 0.115625
1 0.2796875 0.4921875 0.0375 0.0890625
1 0.21640625 0.3421875 0.090625 0.0828125
1 0.353125 0.25546875 0.040625 0.0953125
