1 0.45859375 0.78515625 0.090625 0.040625
1 0.625 0.7953125 0.09375 0.0296875
1 0.58671875 0.77265625 0.0671875 0.0359375
1 0.50625 0.75625 0.090625 0.0359375
1 0.53515625 0.72265625 0.096875 0.0234375
1 0.70390625 0.746875 0.0625 0.0515625
1 0.7609375 0.74453125 0.059375 0.0625
1 0.69296875 0.653125 0.0578125 0.0671875
1 0.58828125 0.68828125 0.0875 0.028125
1 0.3921875 0.68203125 0.0546875 0.0796875
1 0.3140625 0.690625 0.0453125 0.0703125
1 0.29296875 0.721875 0.075 0.0609375
1 0.47109375 0.61640625 0.0375 0.0703125
1 0.590625 0.6109375 0.0390625 0.065625
1 0.52265625 0.584375 0.0515625 0.0578125
1 0.43984375 0.58828125 0.0375 0.078125
1 0.3953125 0.53125 0.025 0.0625
1 0.2890625 0.5375 0.0546875 0.0625
1 0.2203125 0.56796875 0.0453125 0.046875
1 0.259375 0.4546875 0.05625 0.053125
1 0.375 0.45703125 0.0859375 0.03125
1 0.48046875 0.43125 0.0625 0.0703125
1 0.5546875 0.53125 0.0765625 0.025
1 0.64453125 0.53671875 0.09375 0.0359375
1 0.74609375 0.5796875 0.0890625 0.0421875
1 0.60859375 0.5015625 0.109375 0.0203125
1 0.63046875 0.45859375 0.090625 0.04375
1 0.721875 0.46484375 0.0546875 0.065625
1 0.81484375 0.7359375 0.059375 0.0625
1 0.8484375 0.57890625 0.059375 0.0390625
1 0.89296875 0.559375 0.046875 0.0703125
1 0.81796875 0.49453125 0.084375 0.0359375
1 0.84296875 0.5453125 0.071875 0.0359375
1 0.76484375 0.52890625 0.08125 0.0515625
1 0.68046875 0.35078125 0.0859375 0.046875
1 0.63359375 0.375 0.0859375 0.040625
1 0.58125 0.3875 0.03125 0.06875
1 0.56796875 0.43515625 0.0734375 0.0421875
1 0.540625 0.37421875 0.0734375 0.034375
1 0.54921875 0.3484375 0.0828125 0.03125
1 0.4203125 0.359375 0.096875 0.021875
1 0.340625 0.3921875 0.059375 0.0234375
