1 0.45 0.9 0.071875 0.03125
1 0.54375 0.89296875 0.09375 0.028125
1 0.59296875 0.86953125 0.034375 0.0828125
1 0.61640625 0.85390625 0.0890625 0.0265625
1 0.67109375 0.86328125 0.1109375 0.0765625
1 0.71015625 0.8671875 0.090625 0.0640625
1 0.61796875 0.840625 0.0546875 0.059375
1 0.67734375 0.80703125 0.04375 0.071875
1 0.6984375 0.81015625 0.0625 0.040625
1 0.6515625 0.771875 0.0625 0.028125
1 0.61953125 0.8 0.0859375 0.021875
1 0.54921875 0.803125 0.04375 0.0328125
1 0.5140625 0.7953125 0.046875 0.090625
1 0.528125 0.771875 0.06875 0.0625
1 0.58203125 0.7609375 0.0375 0.046875
1 0.59921875 0.76171875 0.0390625 0.059375
1 0.58828125 0.728125 0.0625 0.034375
1 0.6828125 0.74609375 0.046875 0.071875
1 0.67265625 0.6546875 0.0546875 0.0703125
1 0.68125 0.71953125 0.0234375 0.078125
1 0.69453125 0.68984375 0.03125 0.0578125
1 0.69296875 0.625 0.03125 0.0734375
1 0.7171875 0.59765625 0.0203125 0.0828125
1 0.7515625 0.7546875 0.0828125 0.0359375
1 0.73515625 0.7390625 0.0390625 0.0828125
1 0.79765625 0.71015625 0.096875 0.0375
1 0.7578125 0.7078125 0.0484375 0.0546875
1 0.7734375 0.66796875 0.078125 0.025
1 0.80078125 0.6296875 0.0515625 0.0734375
1 0.76171875 0.63671875 0.0296875 0.0609375
1 0.81796875 0.67265625 0.040625 0.0546875
1 0.87265625 0.696875 0.0890625 0.0359375
1 0.47890625 0.84453125 0.0421875 0.0265625
1 0.459375 0.8125 0.1171875 0.046875
1 0.45625 0.83046875 0.0546875 0.0296875
1 0.41171875 0.87890625 0.040625 0.075
1 0.41640625 0.83046875 0.0515625 0.0515625
1 0.35390625 0.7875 0.0859375 0.025
1 0.378125 0.81484375 0.05 0.04375
1 0.38515625 0.7703125 0.06875 0.03125
1 0.321875 0.82421875 0.0703125 0.0453125
1 0.33359375 0.80859375 0.0546875 0.0171875
1 0.33671875 0.85625 0.0546875 0.0390625
1 0.24765625 0.828125 0.0234375 0.0921875
1 0.26953125 0.84609375 0.040625 0.0828125
1 0.278125 0.8171875 0.04375 0.065625
1 0.2640625 0.75625 0.0375 0.078125
1 0.296875 0.746875 0.0625 0.0296875
1 0.2 0.7875 0.0796875 0.0640625
1 0.175 0.79296875 0.0640625 0.0484375
1 0.20546875 0.7390625 0.084375 0.0703125
1 0.28515625 0.709375 0.0640625 0.0546875
1 0.18671875 0.69609375 0.0734375 0.0546875
1 0.21796875 0.71953125 0.0265625 0.05
1 0.1390625 0.70234375 0.0234375 0.0859375
1 0.1890625 0.6421875 0.03125 0.0984375
1 0.23359375 0.67578125 0.06875 0.0359375
1 0.271875 0.62890625 0.0234375 0.0796875
1 0.23984375 0.58203125 0.04375 0.059375
1 0.28828125 0.55859375 0.05 0.0546875
1 0.2796875 0.5359375 0.040625 0.05625
1 0.19765625 0.5515625 0.053125 0.0546875
1 0.19140625 0.521875 0.0640625 0.04375
1 0.146875 0.59296875 0.0875 0.0390625
1 0.14609375 0.5765625 0.0328125 0.0890625
1 0.16484375 0.55546875 0.0734375 0.0578125
1 0.09921875 0.584375 0.025 0.071875
1 0.1234375 0.5640625 0.071875 0.0265625
1 0.0671875 0.63203125 0.028125 0.0625
1 0.10546875 0.6328125 0.04375 0.040625
1 0.0625 0.58203125 0.0421875 0.0859375
1 0.05703125 0.528125 0.0796875 0.0328125
1 0.1515625 0.48515625 0.0765625 0.0359375
1 0.07578125 0.45625 0.078125 0.040625
1 0.2484375 0.45625 0.0640625 0.0578125
1 0.23828125 0.43984375 0.0609375 0.05625
1 0.19921875 0.46171875 0.0390625 0.075
1 0.17421875 0.434375 0.0234375 0.084375
1 0.17109375 0.421875 0.09375 0.0265625
1 0.1859375 0.43671875 0.021875 0.0234375
1 0.11328125 0.4125 0.0734375 0.0296875
1 0.0625 0.41796875 0.0453125 0.0390625
1 0.11796875 0.3890625 0.090625 0.0390625
1 0.109375 0.3546875 0.034375 0.075
1 0.1609375 0.3203125 0.046875 0.0609375
1 0.16015625 0.33203125 0.0203125 0.05625
1 0.19296875 0.34375 0.05625 0.084375
1 0.2015625 0.3515625 0.059375 0.05625
1 0.221875 0.3171875 0.059375 0.059375
1 0.2203125 0.31796875 0.0390625 0.0640625
1 0.178125 0.290625 0.0328125 0.0625
1 0.25859375 0.27890625 0.0953125 0.0640625
1 0.26328125 0.28671875 0.0453125 0.0546875
1 0.2625 0.34609375 0.034375 0.0703125
1 0.27734375 0.31796875 0.0328125 0.0625
1 0.284375 0.40546875 0.0203125 0.078125
1 0.303125 0.40546875 0.034375 0.05625
1 0.29609375 0.36015625 0.0265625 0.053125
1 0.19765625 0.203125 0.096875 0.05
1 0.3640625 0.35625 0.0640625 0.04375
1 0.38984375 0.34921875 0.0234375 0.0546875
1 0.3578125 0.31796875 0.0234375 0.0703125
1 0.35625 0.24296875 0.0296875 0.075
1 0.3828125 0.2640625 0.0375 0.0515625
1 0.328125 0.178125 0.03125 0.0640625
1 0.34140625 0.19453125 0.0671875 0.046875
1 0.29375 0.178125 0.0703125 0.025
1 0.2796875 0.1390625 0.0375 0.0703125
1 0.30703125 0.12578125 0.0375 0.053125
1 0.33671875 0.10546875 0.065625 0.059375
1 0.38828125 0.10703125 0.025 0.0796875
1 0.40546875 0.1140625 0.01875 0.078125
1 0.440625 0.171875 0.075 0.05625
1 0.403125 0.19453125 0.0734375 0.0203125
1 0.3984375 0.18359375 0.0578125 0.0578125
1 0.41953125 0.24609375 0.046875 0.06875
1 0.425 0.21953125 0.0609375 0.0328125
1 0.43828125 0.24921875 0.053125 0.0546875
1 0.49453125 0.15859375 0.059375 0.040625
1 0.45390625 0.115625 0.021875 0.0828125
1 0.49453125 0.08515625 0.0640625 0.0328125
1 0.53828125 0.10546875 0.0765625 0.0671875
1 0.56875 0.1328125 0.0765625 0.053125
1 0.61796875 0.11171875 0.065625 0.0328125
1 0.57421875 0.17734375 0.075 0.0359375
1 0.59921875 0.20703125 0.0875 0.025
1 0.70625 0.12578125 0.075 0.04375
1 0.49765625 0.2984375 0.0328125 0.0734375
1 0.53125 0.2890625 0.0296875 0.08125
1 0.53828125 0.246875 0.0734375 0.025
1 0.5078125 0.325 0.0890625 0.01875
1 0.47578125 0.3546875 0.028125 0.05
1 0.5484375 0.34453125 0.0640625 0.04375
1 0.6015625 0.3640625 0.025 0.0515625
1 0.51328125 0.4078125 0.0703125 0.028125
1 0.509375 0.40859375 0.0515625 0.0421875
1 0.44921875 0.42265625 0.053125 0.0765625
1 0.40546875 0.4390625 0.065625 0.034375
1 0.44765625 0.48359375 0.059375 0.0453125
1 0.33515625 0.484375 0.0515625 0.1015625
1 0.3734375 0.51171875 0.084375 0.040625
1 0.33984375 0.5953125 0.071875 0.0828125
1 0.3578125 0.58203125 0.028125 0.0953125
1 0.365625 0.56171875 0.0796875 0.0390625
1 0.42890625 0.58671875 0.075 0.034375
1 0.44609375 0.625 0.05 0.0390625
1 0.41171875 0.640625 0.0484375 0.065625
1 0.38203125 0.68203125 0.0640625 0.0859375
1 0.3859375 0.6609375 0.0359375 0.0390625
1 0.40390625 0.73359375 0.090625 0.028125
1 0.39375 0.7125 0.0609375 0.03125
1 0.43671875 0.7640625 0.075 0.0546875
1 0.45234375 0.73828125 0.0328125 0.071875
1 0.45625 0.70546875 0.0578125 0.05625
1 0.52734375 0.7390625 0.0484375 0.0546875
1 0.53515625 0.6984375 0.0515625 0.071875
1 0.546875 0.65859375 0.078125 0.0265625
1 0.5140625 0.6 0.0859375 0.0515625
1 0.52109375 0.5984375 0.0578125 0.090625
1 0.56328125 0.565625 0.0609375 0.0421875
1 0.57578125 0.52890625 0.0390625 0.0578125
1 0.5734375 0.46796875 0.0546875 0.0484375
1 0.62109375 0.4609375 0.0328125 0.0625
1 0.61875 0.44375 0.0265625 0.0875
1 0.684375 0.36640625 0.0453125 0.06875
1 0.69921875 0.3328125 0.053125 0.0546875
1 0.70078125 0.29765625 0.046875 0.06875
1 0.721875 0.4203125 0.0359375 0.090625
1 0.69375 0.43125 0.0625 0.05
1 0.68125 0.53046875 0.0234375 0.071875
1 0.70234375 0.50859375 0.0515625 0.0796875
1 0.721875 0.50703125 0.0203125 0.0703125
1 0.7671875 0.5578125 0.05 0.0765625
1 0.8328125 0.56796875 0.08125 0.04375
1 0.85703125 0.58671875 0.0484375 0.0859375
1 0.890625 0.53671875 0.0875 0.0484375
1 0.83515625 0.53671875 0.03125 0.0703125
1 0.7765625 0.51328125 0.028125 0.0703125
1 0.84453125 0.51171875 0.065625 0.0625
1 0.79921875 0.4875 0.0390625 0.06875
1 0.81640625 0.4703125 0.021875 0.071875
1 0.8515625 0.46953125 0.021875 0.06875
1 0.784375 0.44765625 0.075 0.0671875
1 0.8375 0.396875 0.0625 0.0625
1 0.76875 0.4140625 0.0296875 0.084375
1 0.88984375 0.4546875 0.0265625 0.109375
1 0.9140625 0.4515625 0.03125 0.0921875
1 0.9078125 0.35625 0.078125 0.0609375
1 0.85546875 0.33515625 0.01875 0.0921875
1 0.85390625 0.29140625 0.0859375 0.075
1 0.790625 0.3375 0.0640625 0.03125
1 0.75390625 0.290625 0.0671875 0.053125
1 0.85390625 0.2296875 0.08125 0.025
1 0.81171875 0.26796875 0.053125 0.0875
1 0.77890625 0.25625 0.0921875 0.03125
1 0.8015625 0.17265625 0.078125 0.0453125
