1 0.4890625 0.246875 0.1140625 0.03125
1 0.2703125 0.30078125 0.10625 0.028125
1 0.578125 0.2609375 0.0796875 0.021875
1 0.73203125 0.30546875 0.0578125 0.0640625
1 0.64296875 0.31875 0.08125 0.0625
1 0.63984375 0.278125 0.1171875 0.0234375
1 0.7109375 0.34296875 0.0953125 0.0546875
1 0.64609375 0.375 0.1125 0.05
1 0.4765625 0.37890625 0.1078125 0.0546875
1 0.4640625 0.29609375 0.0984375 0.0515625
1 0.52734375 0.34375 0.1125 0.0359375
1 0.52109375 0.278125 0.0984375 0.0328125
1 0.575 0.309375 0.078125 0.0609375
1 0.8140625 0.38828125 0.0609375 0.08125
1 0.88046875 0.45234375 0.0453125 0.103125
1 0.7984375 0.459375 0.04375 0.0734375
1 0.6234375 0.48046875 0.040625 0.0953125
1 0.540625 0.47734375 0.028125 0.084375
1 0.48046875 0.4671875 0.0359375 0.1015625
1 0.30859375 0.43515625 0.1046875 0.05
1 0.3765625 0.35234375 0.1015625 0.0609375
1 0.19609375 0.353125 0.06875 0.0359375
1 0.29375 0.34609375 0.0453125 0.0765625
1 0.23359375 0.3546875 0.09375 0.0625
1 0.34296875 0.3265625 0.0921875 0.046875
1 0.1390625 0.40546875 0.0703125 0.0546875
1 0.11015625 0.47734375 0.03125 0.0734375
1 0.2578125 0.46328125 0.065625 0.084375
1 0.89609375 0.51796875 0.04375 0.071875
1 0.875 0.5890625 0.1296875 0.0609375
1 0.7484375 0.60390625 0.103125 0.046875
1 0.85859375 0.65078125 0.0859375 0.065625
1 0.83515625 0.71328125 0.078125 0.065625
1 0.753125 0.74140625 0.1171875 0.0328125
1 0.734375 0.6640625 0.0625 0.0671875
1 0.6328125 0.66875 0.096875 0.0703125
1 0.5265625 0.7515625 0.05 0.0875
1 0.49609375 0.771875 0.0875 0.046875
1 0.3921875 0.7515625 0.0875 0.0640625
1 0.421875 0.68515625 0.0625 0.0671875
1 0.26875 0.75703125 0.0609375 0.0828125
1 0.35390625 0.5671875 0.053125 0.08125
1 0.2890625 0.659375 0.034375 0.0859375
1 0.2203125 0.6046875 0.1109375 0.0671875
1 0.28828125 0.5296875 0.0359375 0.0953125
1 0.1140625 0.58046875 0.046875 0.0859375
1 0.221875 0.4921875 0.0671875 0.0546875
1 0.17578125 0.525 0.0328125 0.075
1 0.2453125 0.5265625 0.084375 0.05625
1 0.1484375 0.5359375 0.1140625 0.0265625
1 0.59140625 0.828125 0.0953125 0.0203125
1 0.71171875 0.79375 0.09375 0.0546875
