1 0.4875 0.75859375 0.115625 0.04375
1 0.60078125 0.74140625 0.109375 0.0265625
1 0.50546875 0.71953125 0.0515625 0.0640625
1 0.53515625 0.69296875 0.0265625 0.0859375
1 0.43828125 0.734375 0.0921875 0.0296875
1 0.46171875 0.6671875 0.046875 0.065625
1 0.453125 0.6109375 0.0328125 0.0703125
1 0.49453125 0.625 0.028125 0.065625
1 0.6078125 0.7015625 0.0765625 0.059375
1 0.7140625 0.71171875 0.10625 0.05
1 0.34140625 0.69921875 0.1078125 0.021875
1 0.34140625 0.6328125 0.09375 0.04375
1 0.2578125 0.6484375 0.0765625 0.053125
1 0.240625 0.6171875 0.1015625 0.0203125
1 0.209375 0.621875 0.1015625 0.028125
1 0.26171875 0.5921875 0.0828125 0.0671875
1 0.32890625 0.58515625 0.1 0.046875
1 0.1671875 0.53828125 0.109375 0.0390625
1 0.16484375 0.54375 0.0625 0.0546875
1 0.2046875 0.53046875 0.04375 0.0625
1 0.1703125 0.5015625 0.028125 0.06875
1 0.1453125 0.47890625 0.0296875 0.0859375
1 0.19921875 0.48515625 0.053125 0.0546875
1 0.1953125 0.43671875 0.0890625 0.059375
1 0.19453125 0.44609375 0.04375 0.0671875
1 0.21484375 0.39609375 0.03125 0.06875
1 0.1703125 0.38203125 0.0421875 0.06875
1 0.24765625 0.409375 0.071875 0.0609375
1 0.2046875 0.34296875 0.0734375 0.06875
1 0.25546875 0.5 0.0625 0.06875
1 0.3125 0.50078125 0.0578125 0.0703125
1 0.33515625 0.54609375 0.0703125 0.059375
1 0.38515625 0.51484375 0.0953125 0.0265625
1 0.40546875 0.54765625 0.0890625 0.04375
1 0.53203125 0.5734375 0.084375 0.0203125
1 0.58515625 0.6171875 0.0890625 0.03125
1 0.50234375 0.51015625 0.040625 0.0734375
1 0.4265625 0.490625 0.0546875 0.071875
1 0.39453125 0.44375 0.0859375 0.05625
1 0.4609375 0.43125 0.096875 0.0234375
1 0.3953125 0.4125 0.0578125 0.0546875
1 0.37734375 0.38984375 0.103125 0.0375
1 0.33203125 0.3953125 0.0515625 0.065625
1 0.28828125 0.40546875 0.0390625 0.0828125
1 0.2921875 0.35 0.078125 0.0546875
1 0.25078125 0.3078125 0.0765625 0.0515625
1 0.32109375 0.3359375 0.040625 0.0609375
1 0.38515625 0.35546875 0.0609375 0.0703125
1 0.39296875 0.35234375 0.071875 0.03125
1 0.325 0.28671875 0.0859375 0.0265625
1 0.2703125 0.253125 0.04375 0.08125
1 0.3421875 0.24453125 0.090625 0.0671875
1 0.4421875 0.290625 0.0890625 0.059375
1 0.50625 0.28515625 0.103125 0.025
1 0.48203125 0.2390625 0.0765625 0.0640625
1 0.42890625 0.22890625 0.0453125 0.0765625
1 0.38984375 0.18984375 0.0609375 0.0546875
1 0.41875 0.19140625 0.071875 0.0203125
1 0.46171875 0.2265625 0.0734375 0.0359375
1 0.48671875 0.37578125 0.0296875 0.059375
1 0.51484375 0.41015625 0.0859375 0.0296875
1 0.52265625 0.39609375 0.0265625 0.0640625
1 0.56796875 0.40625 0.0671875 0.0625
1 0.56640625 0.3609375 0.09375 0.0234375
1 0.565625 0.3625 0.08125 0.0375
1 0.5328125 0.31875 0.075 0.0703125
1 0.62109375 0.303125 0.0953125 0.0640625
1 0.64375 0.33359375 0.028125 0.08125
1 0.671875 0.278125 0.090625 0.05
1 0.66953125 0.20703125 0.0578125 0.078125
1 0.71328125 0.22734375 0.034375 0.0875
1 0.75234375 0.31640625 0.03125 0.06875
1 0.69453125 0.36171875 0.0265625 0.071875
1 0.65078125 0.3796875 0.0796875 0.053125
1 0.740625 0.38671875 0.0609375 0.0453125
1 0.66796875 0.43828125 0.0875 0.0390625
1 0.61640625 0.4421875 0.090625 0.0375
1 0.4796875 0.45703125 0.109375 0.0296875
1 0.57421875 0.525 0.0359375 0.06875
1 0.60703125 0.49921875 0.0328125 0.084375
1 0.6703125 0.528125 0.109375 0.021875
1 0.63984375 0.55078125 0.09375 0.0265625
1 0.728125 0.575 0.065625 0.0578125
1 0.76796875 0.6578125 0.0921875 0.0234375
1 0.8046875 0.575 0.0296875 0.0703125
1 0.8796875 0.534375 0.0453125 0.0921875
1 0.83671875 0.50078125 0.0625 0.0671875
1 0.7890625 0.51875 0.08125 0.0515625
1 0.83359375 0.44296875 0.075 0.0484375
1 0.77734375 0.43671875 0.053125 0.0765625
1 0.8625 0.40390625 0.0984375 0.046875
1 0.79375 0.3734375 0.0453125 0.075
1 0.87109375 0.3453125 0.03125 0.075
1 0.803125 0.3203125 0.059375 0.046875
1 0.83515625 0.32734375 0.04375 0.0703125
