1 0.35703125 0.284375 0.0859375 0.0265625
1 0.38828125 0.290625 0.05625 0.0484375
1 0.38515625 0.2703125 0.0359375 0.04375
1 0.46953125 0.3109375 0.0796875 0.03125
1 0.46015625 0.28515625 0.0796875 0.021875
1 0.5296875 0.26171875 0.0578125 0.0578125
1 0.5640625 0.2671875 0.075 0.0140625
1 0.63203125 0.28359375 0.028125 0.046875
1 0.63515625 0.31796875 0.015625 0.0546875
1 0.55078125 0.31875 0.06875 0.0328125
1 0.51640625 0.359375 0.0609375 0.0359375
1 0.596875 0.32421875 0.075 0.0234375
1 0.5296875 0.35 0.034375 0.04375
1 0.578125 0.33515625 0.065625 0.0125
1 0.56796875 0.3734375 0.078125 0.0140625
1 0.3296875 0.36640625 0.078125 0.034375
1 0.1609375 0.3875 0.0765625 0.015625
1 0.196875 0.409375 0.03125 0.0609375
1 0.2359375 0.390625 0.0578125 0.028125
1 0.2828125 0.409375 0.0453125 0.0546875
1 0.27265625 0.4671875 0.0453125 0.0515625
1 0.38125 0.4578125 0.0875 0.0453125
1 0.26171875 0.4703125 0.034375 0.04375
1 0.3953125 0.4296875 0.0765625 0.03125
1 0.37265625 0.42421875 0.053125 0.0359375
1 0.46171875 0.4375 0.05 0.0421875
1 0.446875 0.46796875 0.0234375 0.0515625
1 0.49375 0.52890625 0.021875 0.06875
1 0.48984375 0.41328125 0.0671875 0.034375
1 0.521875 0.4421875 0.0703125 0.0375
1 0.54453125 0.46171875 0.0625 0.0609375
1 0.53046875 0.453125 0.0359375 0.0734375
1 0.57109375 0.4046875 0.040625 0.05625
1 0.56640625 0.46953125 0.05 0.05625
1 0.57578125 0.459375 0.075 0.025
1 0.67578125 0.38125 0.10625 0.0203125
1 0.74375 0.36875 0.0640625 0.0546875
1 0.8171875 0.3640625 0.059375 0.040625
1 0.68671875 0.3609375 0.04375 0.0390625
1 0.71171875 0.3765625 0.0515625 0.0390625
1 0.6921875 0.4203125 0.0390625 0.0546875
1 0.71953125 0.44375 0.03125 0.0484375
1 0.74609375 0.4625 0.025 0.06875
1 0.678125 0.4765625 0.04375 0.046875
1 0.7484375 0.50078125 0.096875 0.046875
1 0.7234375 0.521875 0.04375 0.034375
1 0.65859375 0.53828125 0.0640625 0.046875
1 0.603125 0.5125 0.0953125 0.0359375
1 0.7546875 0.46171875 0.0578125 0.0296875
1 0.79140625 0.475 0.0390625 0.0671875
1 0.79765625 0.4625 0.0828125 0.0421875
1 0.85234375 0.4796875 0.0765625 0.0546875
1 0.82421875 0.5421875 0.0359375 0.065625
1 0.9140625 0.48046875 0.025 0.053125
1 0.92734375 0.50546875 0.0828125 0.0453125
1 0.940625 0.5546875 0.0515625 0.059375
1 0.90234375 0.6078125 0.0359375 0.0796875
1 0.87578125 0.6671875 0.0703125 0.0625
1 0.8625 0.6984375 0.0765625 0.059375
1 0.83046875 0.72109375 0.0890625 0.06875
1 0.8296875 0.60078125 0.05625 0.065625
1 0.79921875 0.58125 0.084375 0.034375
1 0.715625 0.60078125 0.1015625 0.0203125
1 0.71640625 0.6203125 0.0265625 0.0875
1 0.77109375 0.628125 0.0453125 0.0515625
1 0.790625 0.66796875 0.0953125 0.034375
1 0.73671875 0.67890625 0.0828125 0.021875
1 0.77421875 0.73515625 0.115625 0.0546875
1 0.778125 0.75546875 0.075 0.084375
1 0.6875 0.72109375 0.090625 0.0671875
1 0.67734375 0.69296875 0.0375 0.0703125
1 0.48046875 0.55390625 0.0640625 0.0296875
1 0.53359375 0.54921875 0.0265625 0.05625
1 0.5328125 0.5953125 0.059375 0.0390625
1 0.5734375 0.615625 0.0296875 0.0796875
1 0.6140625 0.6265625 0.0296875 0.0625
1 0.58515625 0.66484375 0.059375 0.0578125
1 0.53515625 0.6875 0.084375 0.01875
1 0.6109375 0.759375 0.1078125 0.0484375
1 0.61171875 0.72890625 0.0828125 0.0359375
1 0.5640625 0.75078125 0.065625 0.0515625
1 0.553125 0.72734375 0.0953125 0.021875
1 0.4875 0.73671875 0.103125 0.0296875
1 0.428125 0.74921875 0.0859375 0.04375
1 0.4765625 0.8015625 0.0796875 0.065625
1 0.4578125 0.81953125 0.0421875 0.059375
1 0.54140625 0.79296875 0.0875 0.0359375
1 0.5140625 0.8140625 0.0859375 0.015625
1 0.46796875 0.78515625 0.065625 0.046875
1 0.4671875 0.7953125 0.0578125 0.0515625
1 0.5234375 0.7828125 0.0640625 0.021875
1 0.275 0.796875 0.078125 0.0671875
1 0.30078125 0.81796875 0.1171875 0.021875
1 0.21484375 0.77421875 0.0359375 0.090625
1 0.37578125 0.7390625 0.0265625 0.059375
1 0.3953125 0.68515625 0.034375 0.08125
1 0.44296875 0.6984375 0.0890625 0.0203125
1 0.25234375 0.7375 0.0484375 0.0765625
1 0.3171875 0.72890625 0.0859375 0.034375
1 0.29765625 0.70703125 0.0703125 0.028125
1 0.284375 0.6890625 0.059375 0.0421875
1 0.2328125 0.6703125 0.08125 0.0296875
1 0.3609375 0.63671875 0.084375 0.01875
1 0.39921875 0.609375 0.09375 0.025
1 0.134375 0.7078125 0.0375 0.0796875
1 0.0953125 0.61015625 0.0875 0.0546875
1 0.13828125 0.6265625 0.04375 0.05625
1 0.21015625 0.61171875 0.0390625 0.0640625
1 0.2734375 0.6015625 0.0609375 0.0453125
1 0.11484375 0.58828125 0.06875 0.0609375
1 0.30703125 0.56484375 0.053125 0.0359375
1 0.36015625 0.5234375 0.0390625 0.0484375
1 0.29375 0.521875 0.0484375 0.0625
1 0.26171875 0.53125 0.025 0.05625
1 0.2046875 0.54609375 0.034375 0.0546875
1 0.196875 0.54296875 0.10625 0.021875
1 0.15 0.55859375 0.0890625 0.028125
1 0.0765625 0.53671875 0.0578125 0.0703125
1 0.19765625 0.49140625 0.03125 0.0703125
1 0.1359375 0.471875 0.10625 0.0203125
1 0.11328125 0.4921875 0.0984375 0.0171875
1 0.58515625 0.50703125 0.0609375 0.034375
