1 0.5296875 0.18984375 0.05 0.0859375
1 0.40546875 0.178125 0.0890625 0.0390625
1 0.6453125 0.24609375 0.0890625 0.05
1 0.365625 0.209375 0.096875 0.015625
1 0.3328125 0.25078125 0.0703125 0.0640625
1 0.359375 0.23359375 0.059375 0.028125
1 0.29921875 0.3109375 0.03125 0.071875
1 0.3984375 0.3203125 0.034375 0.0703125
1 0.44375 0.3390625 0.0421875 0.05625
1 0.62109375 0.31171875 0.08125 0.0375
1 0.77578125 0.30390625 0.0578125 0.06875
1 0.7890625 0.36015625 0.059375 0.028125
1 0.7296875 0.3609375 0.0359375 0.06875
1 0.69375 0.40625 0.0484375 0.059375
1 0.5859375 0.38671875 0.034375 0.071875
1 0.503125 0.36171875 0.0859375 0.0546875
1 0.3359375 0.3484375 0.1 0.0375
1 0.2296875 0.35078125 0.0984375 0.028125
1 0.1671875 0.34140625 0.0625 0.05625
1 0.13046875 0.3734375 0.025 0.071875
1 0.159375 0.5015625 0.04375 0.040625
1 0.28125 0.47421875 0.0734375 0.028125
1 0.32734375 0.46328125 0.0546875 0.0515625
1 0.34453125 0.46328125 0.0578125 0.053125
1 0.4484375 0.50703125 0.053125 0.0484375
1 0.546875 0.45625 0.071875 0.0453125
1 0.678125 0.4703125 0.078125 0.0234375
1 0.584375 0.4796875 0.0828125 0.01875
1 0.73671875 0.4578125 0.0515625 0.065625
1 0.778125 0.4421875 0.034375 0.0578125
1 0.79765625 0.46953125 0.040625 0.06875
1 0.66171875 0.525 0.059375 0.021875
1 0.771875 0.58203125 0.04375 0.0484375
1 0.71953125 0.59140625 0.075 0.0515625
1 0.6 0.5390625 0.0640625 0.05625
1 0.61796875 0.53984375 0.0421875 0.046875
1 0.61484375 0.553125 0.053125 0.059375
1 0.5125 0.540625 0.0390625 0.0515625
1 0.55 0.54921875 0.0640625 0.05
1 0.55546875 0.53515625 0.0390625 0.0453125
1 0.653125 0.64609375 0.0828125 0.0390625
1 0.546875 0.61640625 0.046875 0.015625
1 0.590625 0.6109375 0.0765625 0.01875
1 0.49765625 0.67109375 0.0796875 0.04375
1 0.47265625 0.6140625 0.0390625 0.028125
1 0.4671875 0.64375 0.065625 0.0375
1 0.39140625 0.6015625 0.05 0.03125
1 0.40703125 0.55625 0.0625 0.040625
1 0.35 0.55078125 0.0171875 0.05
1 0.30078125 0.53828125 0.0484375 0.03125
1 0.29375 0.6140625 0.040625 0.0453125
1 0.34453125 0.5875 0.0453125 0.0375
