1 0.346875 0.69140625 0.059375 0.0609375
1 0.284375 0.68203125 0.0390625 0.0609375
1 0.371875 0.73828125 0.075 0.0171875
1 0.23984375 0.6546875 0.0515625 0.0703125
1 0.475 0.73125 0.0328125 0.0703125
1 0.42890625 0.71875 0.071875 0.0421875
1 0.1921875 0.59453125 0.0828125 0.0609375
1 0.29296875 0.5640625 0.075 0.05625
1 0.1859375 0.55 0.0890625 0.0453125
1 0.40078125 0.61796875 0.06875 0.0703125
1 0.6625 0.69296875 0.0359375 0.0703125
1 0.61484375 0.69609375 0.0296875 0.0671875
1 0.73515625 0.68203125 0.09375 0.046875
1 0.60546875 0.65 0.0828125 0.028125
1 0.8 0.6015625 0.0984375 0.040625
1 0.61484375 0.57734375 0.04375 0.0734375
1 0.68671875 0.55078125 0.09375 0.0546875
1 0.7796875 0.55546875 0.0890625 0.0421875
1 0.6515625 0.50390625 0.03125 0.06875
1 0.50390625 0.5296875 0.0546875 0.06875
1 0.40859375 0.4796875 0.04375 0.0734375
1 0.17265625 0.4734375 0.025 0.0734375
1 0.25078125 0.446875 0.0421875 0.0640625
1 0.52421875 0.44609375 0.0625 0.065625
1 0.4625 0.39296875 0.0296875 0.0703125
1 0.56953125 0.41640625 0.0671875 0.0671875
1 0.82578125 0.49921875 0.1265625 0.0265625
1 0.8234375 0.45234375 0.06875 0.059375
1 0.759375 0.43515625 0.0390625 0.059375
1 0.17890625 0.4234375 0.04375 0.0828125
1 0.2328125 0.3765625 0.0703125 0.065625
1 0.31875 0.35703125 0.1 0.04375
1 0.2921875 0.3 0.0734375 0.0625
1 0.371875 0.3203125 0.0859375 0.0484375
1 0.59921875 0.3421875 0.03125 0.0640625
1 0.54765625 0.35390625 0.05625 0.0625
1 0.621875 0.384375 0.09375 0.025
1 0.7203125 0.3671875 0.0328125 0.0734375
1 0.6296875 0.31640625 0.09375 0.05625
1 0.74140625 0.315625 0.034375 0.0515625
1 0.70625 0.30078125 0.0515625 0.0515625
1 0.77890625 0.37421875 0.10625 0.0515625
1 0.6375 0.28125 0.065625 0.0515625
1 0.6203125 0.25390625 0.084375 0.0234375
1 0.4390625 0.31640625 0.059375 0.059375
1 0.434375 0.2578125 0.071875 0.034375
1 0.79921875 0.3546875 0.0734375 0.0203125
1 0.378125 0.2828125 0.0921875 0.0265625
1 0.51796875 0.3109375 0.1015625 0.0234375
1 0.49609375 0.27890625 0.0765625 0.040625
1 0.55078125 0.26484375 0.0953125 0.0296875
