1 0.3703125 0.24375 0.0375 0.0859375
1 0.50546875 0.234375 0.11875 0.0328125
1 0.646875 0.2640625 0.1171875 0.028125
1 0.5296875 0.30625 0.059375 0.078125
1 0.43671875 0.3421875 0.1203125 0.046875
1 0.571875 0.378125 0.11875 0.021875
1 0.25390625 0.353125 0.0703125 0.05625
1 0.2109375 0.396875 0.05625 0.090625
1 0.34453125 0.41484375 0.05 0.090625
1 0.42890625 0.45234375 0.0546875 0.090625
1 0.53828125 0.46328125 0.03125 0.0828125
1 0.6671875 0.5265625 0.0671875 0.0921875
1 0.2203125 0.50859375 0.040625 0.1015625
1 0.3265625 0.53671875 0.09375 0.071875
1 0.79453125 0.5328125 0.0578125 0.1078125
1 0.47421875 0.61328125 0.075 0.078125
1 0.36640625 0.6828125 0.11875 0.05625
