1 0.48125 0.1703125 0.1109375 0.0328125
1 0.39296875 0.21328125 0.11875 0.0359375
1 0.72578125 0.25234375 0.0890625 0.0640625
1 0.603125 0.2734375 0.1015625 0.0359375
1 0.7453125 0.34375 0.059375 0.0546875
1 0.859375 0.334375 0.0375 0.0984375
1 0.90625 0.4015625 0.06875 0.05
1 0.478125 0.3703125 0.0796875 0.0640625
1 0.3375 0.31015625 0.090625 0.0703125
1 0.153125 0.340625 0.0359375 0.125
1 0.26796875 0.38125 0.0359375 0.0875
1 0.4171875 0.48125 0.059375 0.0734375
1 0.44765625 0.43984375 0.084375 0.0234375
1 0.53515625 0.51171875 0.1109375 0.040625
1 0.6984375 0.5265625 0.084375 0.065625
1 0.9484375 0.4984375 0.0671875 0.078125
1 0.91875 0.5484375 0.1078125 0.0203125
1 0.8484375 0.7 0.0375 0.0828125
1 0.78828125 0.7203125 0.1125 0.028125
1 0.61640625 0.61171875 0.10625 0.040625
1 0.71328125 0.86796875 0.11875 0.05
1 0.51640625 0.8875 0.1203125 0.05625
1 0.5515625 0.87734375 0.0984375 0.0453125
1 0.57265625 0.8328125 0.05625 0.053125
1 0.58984375 0.753125 0.1234375 0.0421875
1 0.5 0.721875 0.04375 0.09375
1 0.3984375 0.890625 0.078125 0.0765625
1 0.425 0.9265625 0.1015625 0.0453125
1 0.24140625 0.85 0.10625 0.0546875
1 0.3765625 0.78359375 0.134375 0.0453125
1 0.13046875 0.53046875 0.0515625 0.0859375
1 0.24296875 0.553125 0.090625 0.0875
1 0.2890625 0.5984375 0.0359375 0.0875
1 0.34140625 0.6609375 0.0296875 0.090625
1 0.23046875 0.73046875 0.090625 0.0703125
1 0.11640625 0.740625 0.0453125 0.0890625
1 0.06328125 0.6609375 0.0328125 0.090625
