1 0.58125 0.35078125 0.128125 0.03984375
1 0.5546875 0.38984375 0.02578125 0.0640625
1 0.51796875 0.40390625 0.06640625 0.03359375
1 0.45390625 0.43125 0.03203125 0.0734375
1 0.4390625 0.4515625 0.0984375 0.03828125
1 0.3796875 0.43515625 0.0875 0.0359375
1 0.38984375 0.390625 0.0984375 0.0265625
1 0.3140625 0.421875 0.09921875 0.059375
1 0.675 0.39140625 0.115625 0.028125
1 0.6203125 0.4015625 0.0890625 0.040625
1 0.67421875 0.4140625 0.1015625 0.02265625
1 0.75546875 0.43671875 0.06953125 0.06484375
1 0.75703125 0.4109375 0.05234375 0.0703125
1 0.6796875 0.45390625 0.1140625 0.034375
1 0.69921875 0.4359375 0.078125 0.0421875
1 0.70234375 0.48125 0.05234375 0.05390625
1 0.5953125 0.45546875 0.109375 0.02578125
1 0.63125 0.47734375 0.10625 0.0359375
1 0.60390625 0.471875 0.04140625 0.05703125
1 0.78046875 0.50078125 0.0875 0.04921875
1 0.7796875 0.490625 0.0390625 0.07265625
1 0.80625 0.5171875 0.08671875 0.0421875
1 0.7484375 0.525 0.03203125 0.0546875
1 0.86015625 0.528125 0.09296875 0.05625
1 0.78984375 0.5796875 0.075 0.0765625
1 0.79375 0.559375 0.09453125 0.059375
1 0.81953125 0.5515625 0.0640625 0.06640625
1 0.67109375 0.540625 0.053125 0.071875
1 0.62734375 0.540625 0.08203125 0.07109375
1 0.59453125 0.53359375 0.0734375 0.08125
1 0.5984375 0.584375 0.12421875 0.04609375
1 0.61640625 0.578125 0.1140625 0.03203125
1 0.65078125 0.62890625 0.05703125 0.0734375
1 0.7703125 0.615625 0.04140625 0.084375
1 0.80625 0.6734375 0.04375 0.07890625
1 0.84609375 0.6515625 0.040625 0.09609375
