1 0.61328125 0.0921875 0.175 0.078125
1 0.459375 0.134375 0.065625 0.1171875
1 0.30546875 0.1203125 0.15625 0.040625
1 0.52734375 0.23828125 0.0453125 0.128125
1 0.3203125 0.23125 0.0515625 0.1078125
1 0.21328125 0.23046875 0.04375 0.140625
1 0.10078125 0.2625 0.0546875 0.1140625
1 0.11171875 0.3421875 0.0796875 0.078125
1 0.7875 0.171875 0.15625 0.0625
1 0.65625 0.2703125 0.13125 0.065625
1 0.7875 0.2671875 0.128125 0.1
1 0.9765625 0.3203125 0.046875 0.11875
1 0.83046875 0.32890625 0.1640625 0.0359375
1 0.8390625 0.396875 0.1421875 0.04375
1 0.89296875 0.4609375 0.0765625 0.075
1 0.88046875 0.55234375 0.0734375 0.05625
1 0.83046875 0.63046875 0.1078125 0.05
1 0.7140625 0.5234375 0.1140625 0.065625
1 0.6453125 0.57421875 0.0515625 0.090625
1 0.72421875 0.41796875 0.078125 0.0828125
1 0.575 0.4359375 0.0515625 0.1046875
1 0.6578125 0.43359375 0.0625 0.0828125
1 0.60234375 0.49140625 0.1140625 0.0203125
1 0.46015625 0.4453125 0.0421875 0.090625
1 0.54375 0.559375 0.04375 0.0890625
1 0.534375 0.675 0.0546875 0.075
1 0.47890625 0.65 0.121875 0.0484375
1 0.51640625 0.590625 0.0515625 0.0640625
1 0.390625 0.62421875 0.1328125 0.0421875
1 0.32421875 0.58125 0.075 0.0625
1 0.2609375 0.62734375 0.09375 0.0765625
1 0.409375 0.71953125 0.1265625 0.03125
1 0.19140625 0.56015625 0.0375 0.0671875
1 0.25390625 0.51640625 0.128125 0.0453125
1 0.4 0.51953125 0.109375 0.0453125
1 0.33828125 0.45 0.0609375 0.0875
1 0.3140625 0.39140625 0.06875 0.0671875
1 0.25546875 0.45 0.125 0.0234375
1 0.39453125 0.31875 0.0609375 0.11875
1 0.28828125 0.33125 0.128125 0.0625
1 0.13046875 0.4265625 0.1546875 0.028125
1 0.11484375 0.42421875 0.0953125 0.1078125
