1 0.35 0.2921875 0.028125 0.078125
1 0.34921875 0.39765625 0.046875 0.075
1 0.24765625 0.39296875 0.1109375 0.0484375
1 0.3734375 0.5109375 0.09375 0.08125
1 0.49609375 0.45625 0.090625 0.0296875
1 0.56796875 0.30078125 0.0296875 0.115625
1 0.84921875 0.39375 0.0625 0.0890625
1 0.6328125 0.609375 0.034375 0.1125
1 0.47890625 0.64765625 0.103125 0.05625
1 0.39375 0.66640625 0.0875 0.0828125
1 0.21953125 0.6421875 0.046875 0.09375
1 0.14765625 0.5375 0.071875 0.0984375
1 0.56953125 0.790625 0.059375 0.0921875
1 0.7765625 0.80390625 0.109375 0.03125
1 0.5984375 0.90546875 0.1140625 0.0671875
1 0.5046875 0.84765625 0.0703125 0.0765625
1 0.4015625 0.88828125 0.0828125 0.084375
