1 0.64296875 0.284375 0.0859375 0.0265625
1 0.61171875 0.290625 0.05625 0.0484375
1 0.61484375 0.2703125 0.0359375 0.04375
1 0.53046875 0.3109375 0.078125 0.03125
1 0.53984375 0.28515625 0.0796875 0.021875
1 0.4703125 0.26171875 0.0578125 0.0578125
1 0.4359375 0.2671875 0.0765625 0.0140625
1 0.36796875 0.28359375 0.028125 0.046875
1 0.36484375 0.31796875 0.015625 0.0546875
1 0.44921875 0.31875 0.06875 0.0328125
1 0.48359375 0.359375 0.0609375 0.0359375
1 0.403125 0.32421875 0.075 0.0234375
1 0.4703125 0.35 0.034375 0.04375
1 0.421875 0.33515625 0.065625 0.0125
1 0.43203125 0.3734375 0.078125 0.0140625
1 0.6703125 0.36640625 0.078125 0.034375
1 0.8390625 0.3875 0.078125 0.015625
1 0.803125 0.409375 0.03125 0.0609375
1 0.7640625 0.390625 0.0578125 0.028125
1 0.7171875 0.409375 0.04375 0.0546875
1 0.72734375 0.4671875 0.0453125 0.0515625
1 0.61875 0.4578125 0.0875 0.0453125
1 0.73828125 0.4703125 0.034375 0.04375
1 0.6046875 0.4296875 0.075 0.03125
1 0.62734375 0.42421875 0.0515625 0.0359375
1 0.53828125 0.4375 0.05 0.0421875
1 0.553125 0.46796875 0.0234375 0.0515625
1 0.50625 0.52890625 0.0203125 0.06875
1 0.51015625 0.41328125 0.0671875 0.034375
1 0.478125 0.4421875 0.0703125 0.0375
1 0.45546875 0.46171875 0.0625 0.0609375
1 0.46953125 0.453125 0.0359375 0.0734375
1 0.42890625 0.4046875 0.040625 0.05625
1 0.43359375 0.46953125 0.05 0.05625
1 0.42421875 0.459375 0.075 0.025
1 0.32421875 0.38125 0.10625 0.0203125
1 0.25625 0.36875 0.0640625 0.0546875
1 0.1828125 0.3640625 0.059375 0.040625
1 0.31328125 0.3609375 0.04375 0.0390625
1 0.28828125 0.3765625 0.053125 0.0390625
1 0.3078125 0.4203125 0.0390625 0.0546875
1 0.28046875 0.44375 0.03125 0.0484375
1 0.25390625 0.4625 0.025 0.06875
1 0.321875 0.4765625 0.0453125 0.046875
1 0.2515625 0.50078125 0.0953125 0.046875
1 0.2765625 0.521875 0.0453125 0.034375
1 0.34140625 0.53828125 0.0625 0.046875
1 0.396875 0.5125 0.0953125 0.0359375
1 0.2453125 0.46171875 0.0578125 0.0296875
1 0.20859375 0.475 0.0390625 0.0671875
1 0.20234375 0.4625 0.0828125 0.0421875
1 0.14765625 0.4796875 0.0765625 0.0546875
1 0.17578125 0.5421875 0.0359375 0.065625
1 0.0859375 0.48046875 0.025 0.053125
1 0.07265625 0.50546875 0.0828125 0.0453125
1 0.059375 0.5546875 0.0515625 0.059375
1 0.09765625 0.6078125 0.0359375 0.0796875
1 0.12421875 0.6671875 0.0703125 0.0625
1 0.1375 0.6984375 0.0765625 0.059375
1 0.16953125 0.72109375 0.0890625 0.06875
1 0.1703125 0.60078125 0.05625 0.065625
1 0.20078125 0.58125 0.084375 0.034375
1 0.284375 0.60078125 0.1015625 0.0203125
1 0.28359375 0.6203125 0.025 0.0875
1 0.22890625 0.628125 0.0453125 0.0515625
1 0.209375 0.66796875 0.0953125 0.034375
1 0.26328125 0.67890625 0.084375 0.021875
1 0.22578125 0.73515625 0.115625 0.0546875
1 0.221875 0.75546875 0.075 0.084375
1 0.3125 0.72109375 0.090625 0.0671875
1 0.32265625 0.69296875 0.0375 0.0703125
1 0.51953125 0.55390625 0.0640625 0.0296875
1 0.46640625 0.54921875 0.0265625 0.05625
1 0.4671875 0.5953125 0.059375 0.0390625
1 0.4265625 0.615625 0.0296875 0.0796875
1 0.3859375 0.6265625 0.0296875 0.0625
1 0.41484375 0.66484375 0.059375 0.0578125
1 0.46484375 0.6875 0.084375 0.01875
1 0.3890625 0.759375 0.1078125 0.0484375
1 0.38828125 0.72890625 0.084375 0.0359375
1 0.4359375 0.75078125 0.065625 0.0515625
1 0.446875 0.72734375 0.0953125 0.021875
1 0.5125 0.73671875 0.1015625 0.0296875
1 0.571875 0.74921875 0.0859375 0.04375
1 0.5234375 0.8015625 0.0796875 0.065625
1 0.5421875 0.81953125 0.0421875 0.059375
1 0.45859375 0.79296875 0.0875 0.0359375
1 0.4859375 0.8140625 0.0859375 0.015625
1 0.53203125 0.78515625 0.065625 0.046875
1 0.5328125 0.7953125 0.0578125 0.0515625
1 0.4765625 0.7828125 0.0640625 0.021875
1 0.725 0.796875 0.078125 0.0671875
1 0.69921875 0.81796875 0.1171875 0.021875
1 0.78515625 0.77421875 0.0359375 0.090625
1 0.62421875 0.7390625 0.0265625 0.059375
1 0.6046875 0.68515625 0.034375 0.08125
1 0.55703125 0.6984375 0.0890625 0.0203125
1 0.74765625 0.7375 0.0484375 0.0765625
1 0.6828125 0.72890625 0.0859375 0.034375
1 0.70234375 0.70703125 0.0703125 0.028125
1 0.715625 0.6890625 0.059375 0.0421875
1 0.7671875 0.6703125 0.08125 0.0296875
1 0.6390625 0.63671875 0.084375 0.01875
1 0.60078125 0.609375 0.09375 0.025
1 0.865625 0.7078125 0.0375 0.0796875
1 0.9046875 0.61015625 0.0875 0.0546875
1 0.86171875 0.6265625 0.04375 0.05625
1 0.78984375 0.61171875 0.0390625 0.0640625
1 0.7265625 0.6015625 0.0609375 0.0453125
1 0.88515625 0.58828125 0.06875 0.0609375
1 0.69296875 0.56484375 0.0515625 0.0359375
1 0.63984375 0.5234375 0.0390625 0.0484375
1 0.70625 0.521875 0.0484375 0.0625
1 0.73828125 0.53125 0.025 0.05625
1 0.7953125 0.54609375 0.034375 0.0546875
1 0.803125 0.54296875 0.10625 0.021875
1 0.85 0.55859375 0.0890625 0.028125
1 0.9234375 0.53671875 0.0578125 0.0703125
1 0.80234375 0.49140625 0.03125 0.0703125
1 0.8640625 0.471875 0.10625 0.0203125
1 0.88671875 0.4921875 0.0984375 0.0171875
1 0.41484375 0.50703125 0.0609375 0.034375
