1 0.53515625 0.134375 0.16875 0.04375
1 0.36015625 0.1390625 0.1421875 0.0515625
1 0.45390625 0.17265625 0.153125 0.034375
1 0.25078125 0.209375 0.1484375 0.040625
1 0.47109375 0.240625 0.125 0.059375
1 0.72734375 0.2078125 0.1265625 0.0484375
1 0.728125 0.275 0.075 0.078125
1 0.60703125 0.31640625 0.1484375 0.0640625
1 0.515625 0.31015625 0.1234375 0.09375
1 0.42734375 0.31875 0.0671875 0.09375
1 0.30546875 0.31640625 0.0921875 0.115625
1 0.18515625 0.2796875 0.0875 0.0921875
1 0.0890625 0.2546875 0.0578125 0.0546875
1 0.06953125 0.325 0.08125 0.0890625
1 0.0859375 0.396875 0.096875 0.040625
1 0.23828125 0.42734375 0.1015625 0.0875
1 0.375 0.396875 0.053125 0.1
1 0.7984375 0.33828125 0.071875 0.115625
1 0.875 0.3328125 0.0703125 0.10625
1 0.8609375 0.43515625 0.0703125 0.1234375
1 0.89765625 0.56015625 0.1171875 0.103125
1 0.7859375 0.51875 0.1484375 0.0390625
1 0.73671875 0.60234375 0.1453125 0.059375
1 0.59921875 0.56875 0.1484375 0.04375
1 0.6234375 0.47109375 0.1453125 0.0296875
1 0.44609375 0.56796875 0.146875 0.0328125
1 0.23828125 0.4984375 0.0984375 0.05625
1 0.11640625 0.50078125 0.0453125 0.1015625
1 0.04375 0.54453125 0.06875 0.0875
1 0.034375 0.44453125 0.06875 0.0625
1 0.1953125 0.63046875 0.084375 0.090625
1 0.35234375 0.6421875 0.0765625 0.0984375
1 0.44140625 0.659375 0.10625 0.0390625
1 0.28671875 0.703125 0.115625 0.0671875
1 0.41875 0.73515625 0.128125 0.05625
1 0.52578125 0.775 0.128125 0.0671875
1 0.68359375 0.72578125 0.121875 0.0703125
