1 0.36328125 0.2609375 0.1375 0.040625
1 0.77890625 0.29921875 0.0859375 0.0875
1 0.92265625 0.48203125 0.0875 0.0765625
1 0.75625 0.39765625 0.0359375 0.0890625
1 0.6796875 0.3921875 0.1203125 0.0609375
1 0.5859375 0.34453125 0.115625 0.0390625
1 0.45078125 0.35625 0.1328125 0.03125
1 0.35390625 0.3953125 0.059375 0.09375
1 0.53125 0.43359375 0.1 0.0640625
1 0.196875 0.41875 0.04375 0.1046875
1 0.47109375 0.47734375 0.090625 0.0203125
1 0.275 0.515625 0.1265625 0.0421875
1 0.28359375 0.6375 0.0375 0.090625
1 0.31328125 0.58515625 0.096875 0.0390625
1 0.38359375 0.66875 0.121875 0.0390625
1 0.60625 0.6234375 0.0515625 0.1109375
1 0.5921875 0.728125 0.0359375 0.1015625
