1 0.71328125 0.81015625 0.10625 0.05
1 0.75625 0.7859375 0.071875 0.0796875
1 0.76171875 0.76484375 0.0921875 0.0578125
1 0.8484375 0.7484375 0.0796875 0.075
1 0.76328125 0.72421875 0.0734375 0.040625
1 0.81875 0.7109375 0.0296875 0.071875
1 0.77734375 0.703125 0.084375 0.075
1 0.7546875 0.6765625 0.0890625 0.0546875
1 0.7921875 0.69375 0.059375 0.065625
1 0.89296875 0.70859375 0.0828125 0.0734375
1 0.853125 0.6953125 0.1046875 0.0484375
1 0.88671875 0.66640625 0.096875 0.021875
1 0.79453125 0.634375 0.084375 0.0390625
1 0.865625 0.60703125 0.1046875 0.03125
1 0.72890625 0.61171875 0.0546875 0.0828125
1 0.70078125 0.6359375 0.0234375 0.059375
1 0.67265625 0.66171875 0.1 0.028125
1 0.65546875 0.69296875 0.0359375 0.065625
1 0.653125 0.72734375 0.046875 0.065625
1 0.60703125 0.675 0.0984375 0.0390625
1 0.67734375 0.78203125 0.0796875 0.075
1 0.6015625 0.78671875 0.0828125 0.0546875
1 0.55234375 0.83125 0.090625 0.0671875
1 0.56875 0.83125 0.121875 0.034375
1 0.5796875 0.74609375 0.1 0.05
1 0.5953125 0.72890625 0.0734375 0.0640625
1 0.56328125 0.6984375 0.08125 0.05
1 0.51484375 0.7671875 0.1234375 0.021875
1 0.48046875 0.7984375 0.0859375 0.0828125
1 0.4703125 0.8171875 0.065625 0.0609375
1 0.4171875 0.77578125 0.034375 0.09375
1 0.47890625 0.715625 0.109375 0.028125
1 0.49765625 0.6640625 0.0921875 0.0359375
1 0.53046875 0.6125 0.046875 0.0625
1 0.57421875 0.61015625 0.0546875 0.0546875
1 0.65859375 0.60859375 0.0515625 0.0515625
1 0.43359375 0.70390625 0.1 0.015625
1 0.40859375 0.7453125 0.05625 0.0546875
1 0.35859375 0.721875 0.090625 0.0421875
1 0.33515625 0.7 0.0890625 0.0203125
1 0.38984375 0.67890625 0.0796875 0.0234375
1 0.44609375 0.6671875 0.0375 0.078125
1 0.3578125 0.78203125 0.090625 0.04375
1 0.31484375 0.79140625 0.078125 0.065625
1 0.32109375 0.771875 0.10625 0.0328125
1 0.2984375 0.76171875 0.0609375 0.0609375
1 0.24765625 0.76796875 0.021875 0.075
1 0.21875 0.68046875 0.0453125 0.0640625
1 0.253125 0.72734375 0.0484375 0.078125
1 0.24609375 0.721875 0.084375 0.0234375
1 0.2609375 0.671875 0.028125 0.0796875
1 0.2546875 0.653125 0.0796875 0.0625
1 0.23828125 0.64140625 0.09375 0.03125
1 0.3140625 0.65 0.0703125 0.0359375
1 0.3734375 0.66328125 0.0984375 0.0203125
1 0.34296875 0.63671875 0.0890625 0.0375
1 0.359375 0.63671875 0.096875 0.0375
1 0.3921875 0.61640625 0.075 0.0453125
1 0.33359375 0.590625 0.0671875 0.046875
1 0.2390625 0.603125 0.075 0.0390625
1 0.178125 0.6171875 0.046875 0.0484375
1 0.13203125 0.6203125 0.03125 0.0625
1 0.15703125 0.6828125 0.0484375 0.0671875
1 0.17578125 0.74140625 0.06875 0.084375
1 0.1859375 0.70859375 0.06875 0.075
1 0.2125 0.57265625 0.0984375 0.0234375
1 0.13515625 0.5140625 0.0796875 0.05625
1 0.15 0.525 0.040625 0.0640625
1 0.22578125 0.5234375 0.05 0.059375
1 0.2546875 0.50859375 0.0625 0.06875
1 0.24375 0.5453125 0.084375 0.034375
1 0.2828125 0.5328125 0.0515625 0.0796875
1 0.3265625 0.57109375 0.09375 0.0265625
1 0.4078125 0.565625 0.059375 0.0421875
1 0.3890625 0.55390625 0.0703125 0.0578125
1 0.4484375 0.56328125 0.0359375 0.06875
1 0.49375 0.525 0.0796875 0.0515625
1 0.49921875 0.56640625 0.025 0.0578125
1 0.303125 0.50546875 0.1 0.028125
1 0.38828125 0.48671875 0.0703125 0.0328125
1 0.34765625 0.48984375 0.103125 0.034375
1 0.36875 0.46875 0.078125 0.0328125
1 0.309375 0.471875 0.04375 0.05
1 0.2984375 0.4703125 0.0375 0.025
1 0.3375 0.44375 0.075 0.0359375
1 0.28046875 0.43515625 0.078125 0.0484375
1 0.38515625 0.4328125 0.0796875 0.025
1 0.4296875 0.44296875 0.06875 0.0328125
1 0.4421875 0.46640625 0.053125 0.05
1 0.46796875 0.48828125 0.0984375 0.0171875
1 0.53125 0.45234375 0.075 0.034375
1 0.47734375 0.47734375 0.0578125 0.021875
1 0.53125 0.44140625 0.0625 0.01875
1 0.48046875 0.4390625 0.0625 0.0296875
1 0.5171875 0.4109375 0.0515625 0.046875
1 0.17421875 0.41796875 0.1109375 0.025
1 0.26484375 0.3875 0.0703125 0.0296875
1 0.38125 0.40234375 0.09375 0.0265625
1 0.44921875 0.375 0.0796875 0.0234375
1 0.43203125 0.38203125 0.0484375 0.05
1 0.39921875 0.36328125 0.075 0.0171875
1 0.37265625 0.35390625 0.078125 0.021875
1 0.434375 0.33671875 0.0453125 0.05
1 0.4078125 0.32734375 0.0796875 0.03125
1 0.37578125 0.2875 0.05 0.04375
1 0.42265625 0.28125 0.0765625 0.040625
1 0.48359375 0.303125 0.040625 0.0484375
1 0.49765625 0.35234375 0.078125 0.015625
1 0.52734375 0.37109375 0.0765625 0.015625
1 0.5390625 0.3546875 0.0546875 0.0203125
1 0.8203125 0.57890625 0.0859375 0.05
1 0.7859375 0.54375 0.0390625 0.0578125
1 0.82578125 0.54375 0.021875 0.0640625
1 0.82421875 0.50703125 0.053125 0.065625
1 0.8 0.50546875 0.0703125 0.053125
1 0.93046875 0.5109375 0.09375 0.021875
1 0.8453125 0.46875 0.0625 0.0640625
1 0.74375 0.52890625 0.028125 0.0546875
1 0.66796875 0.525 0.0234375 0.071875
1 0.6875 0.55 0.0625 0.03125
1 0.659375 0.534375 0.09375 0.05
1 0.6421875 0.55234375 0.0453125 0.05625
1 0.609375 0.53984375 0.1125 0.025
1 0.60078125 0.49921875 0.0859375 0.028125
1 0.66328125 0.48671875 0.0953125 0.028125
1 0.59609375 0.4609375 0.0828125 0.0375
1 0.65546875 0.46484375 0.06875 0.04375
1 0.6765625 0.453125 0.0703125 0.04375
1 0.73671875 0.47109375 0.08125 0.0265625
1 0.578125 0.40390625 0.0265625 0.059375
1 0.63828125 0.40390625 0.034375 0.05
1 0.61328125 0.36953125 0.0828125 0.028125
1 0.55859375 0.2984375 0.0828125 0.040625
1 0.553125 0.28125 0.071875 0.0359375
1 0.58515625 0.31875 0.08125 0.040625
1 0.58828125 0.31484375 0.065625 0.0328125
1 0.6890625 0.31796875 0.0828125 0.0484375
1 0.61328125 0.3421875 0.0953125 0.028125
1 0.61015625 0.34765625 0.04375 0.0359375
1 0.665625 0.38125 0.03125 0.0625
1 0.68984375 0.3515625 0.08125 0.03125
1 0.6953125 0.39609375 0.075 0.03125
1 0.74296875 0.428125 0.0484375 0.0390625
1 0.72265625 0.40625 0.046875 0.040625
1 0.74140625 0.3828125 0.09375 0.0234375
1 0.76328125 0.39375 0.065625 0.0328125
1 0.871875 0.4125 0.0671875 0.0328125
1 0.88671875 0.43671875 0.0875 0.0234375
1 0.91328125 0.4109375 0.0578125 0.0625
1 0.8359375 0.40390625 0.103125 0.0234375
1 0.759375 0.3796875 0.059375 0.0203125
