1 0.5828125 0.84140625 0.0984375 0.0546875
1 0.56796875 0.5546875 0.06953125 0.03671875
1 0.60859375 0.5640625 0.08125 0.05
1 0.56875 0.59765625 0.10390625 0.02578125
1 0.6984375 0.640625 0.034375 0.07109375
1 0.6234375 0.75625 0.084375 0.02734375
1 0.65 0.728125 0.04140625 0.075
1 0.66875 0.69453125 0.04609375 0.06484375
1 0.50546875 0.62265625 0.10625 0.03359375
1 0.4515625 0.6390625 0.0765625 0.04375
1 0.396875 0.665625 0.10859375 0.03359375
1 0.4890625 0.70703125 0.04921875 0.0640625
1 0.49375 0.74765625 0.078125 0.03828125
1 0.4375 0.77734375 0.06953125 0.0671875
