1 0.3984375 0.28515625 0.08671875 0.03828125
1 0.428125 0.34609375 0.07265625 0.0375
1 0.4 0.3796875 0.08515625 0.0625
1 0.4765625 0.30546875 0.05390625 0.07890625
1 0.53828125 0.2453125 0.0609375 0.0734375
1 0.5625 0.2203125 0.02734375 0.06171875
1 0.6 0.209375 0.04921875 0.09453125
1 0.55390625 0.3125 0.0671875 0.0671875
1 0.55625 0.30625 0.0828125 0.0328125
1 0.5046875 0.3609375 0.05078125 0.08515625
1 0.5796875 0.3828125 0.03046875 0.09765625
1 0.5953125 0.32265625 0.071875 0.0390625
1 0.62890625 0.31953125 0.0921875 0.04921875
1 0.70625 0.29375 0.09296875 0.0953125
1 0.76796875 0.265625 0.05546875 0.07890625
1 0.77265625 0.31015625 0.10390625 0.03359375
1 0.76015625 0.38203125 0.07421875 0.06015625
1 0.7765625 0.44296875 0.06328125 0.103125
1 0.86328125 0.4140625 0.0828125 0.053125
1 0.86875 0.4953125 0.03046875 0.11796875
1 0.853125 0.57890625 0.08203125 0.05625
1 0.72578125 0.49453125 0.0890625 0.0375
1 0.68984375 0.5015625 0.0734375 0.090625
1 0.63828125 0.50390625 0.04140625 0.0671875
1 0.7328125 0.61484375 0.084375 0.1015625
1 0.753125 0.63203125 0.07734375 0.11015625
1 0.8328125 0.709375 0.07734375 0.128125
1 0.8140625 0.6609375 0.0546875 0.109375
1 0.809375 0.73203125 0.1 0.1078125
1 0.62265625 0.60625 0.07734375 0.103125
1 0.67578125 0.7171875 0.071875 0.1046875
1 0.6765625 0.84453125 0.02890625 0.13203125
1 0.71015625 0.8140625 0.0453125 0.134375
1 0.7046875 0.87890625 0.121875 0.06796875
1 0.50625 0.70625 0.12890625 0.06328125
1 0.5046875 0.93671875 0.1234375 0.0671875
1 0.39609375 0.77734375 0.02734375 0.0953125
1 0.44609375 0.8515625 0.084375 0.109375
1 0.43671875 0.85390625 0.13203125 0.053125
1 0.4546875 0.8296875 0.10546875 0.08984375
1 0.434375 0.62578125 0.0984375 0.0625
1 0.34140625 0.47890625 0.04140625 0.1328125
1 0.29375 0.440625 0.06953125 0.0796875
1 0.240625 0.403125 0.05703125 0.08671875
1 0.25546875 0.4859375 0.0296875 0.09140625
1 0.21796875 0.48984375 0.06796875 0.09140625
1 0.25234375 0.5484375 0.03203125 0.06953125
1 0.1875 0.5703125 0.09375 0.0890625
1 0.209375 0.64453125 0.08984375 0.09375
1 0.33515625 0.66328125 0.0421875 0.115625
1 0.3015625 0.77734375 0.07265625 0.1453125
1 0.29765625 0.746875 0.1265625 0.05
1 0.221875 0.7859375 0.0859375 0.1140625
1 0.18984375 0.74765625 0.05625 0.11015625
