1 0.621875 0.12734375 0.0828125 0.0390625
1 0.6046875 0.10234375 0.0828125 0.0296875
1 0.61484375 0.11953125 0.0625 0.0328125
1 0.52421875 0.0984375 0.0765625 0.0421875
1 0.45234375 0.1125 0.021875 0.059375
1 0.44296875 0.1703125 0.065625 0.03125
1 0.4421875 0.1515625 0.0734375 0.059375
1 0.39609375 0.1015625 0.0625 0.046875
1 0.38984375 0.1390625 0.065625 0.04375
1 0.35703125 0.1703125 0.0578125 0.059375
1 0.33125 0.115625 0.065625 0.0546875
1 0.29453125 0.12734375 0.053125 0.0609375
1 0.2671875 0.15625 0.0703125 0.04375
1 0.36953125 0.2109375 0.0828125 0.034375
1 0.38125 0.2078125 0.078125 0.0171875
1 0.39765625 0.2171875 0.0703125 0.015625
1 0.35390625 0.2859375 0.021875 0.0921875
1 0.3828125 0.24453125 0.025 0.065625
1 0.32734375 0.26953125 0.028125 0.0578125
1 0.34375 0.25703125 0.05625 0.046875
1 0.30703125 0.309375 0.0390625 0.0625
1 0.45390625 0.25078125 0.0625 0.0453125
1 0.46875 0.21875 0.0625 0.028125
1 0.5078125 0.2171875 0.0671875 0.0328125
1 0.5453125 0.225 0.078125 0.0328125
1 0.71171875 0.14609375 0.08125 0.03125
1 0.671875 0.22734375 0.05625 0.0265625
1 0.63203125 0.22734375 0.0515625 0.05625
1 0.5984375 0.28515625 0.065625 0.0484375
1 0.53046875 0.30078125 0.0234375 0.09375
1 0.57578125 0.33125 0.0671875 0.05
1 0.446875 0.33828125 0.0703125 0.015625
1 0.36953125 0.359375 0.078125 0.034375
1 0.39453125 0.33515625 0.0234375 0.046875
1 0.440625 0.378125 0.015625 0.0640625
1 0.44140625 0.4140625 0.0328125 0.0546875
1 0.51015625 0.41796875 0.071875 0.0328125
1 0.5671875 0.41015625 0.0421875 0.034375
1 0.60703125 0.375 0.021875 0.053125
1 0.67734375 0.34453125 0.0328125 0.0609375
1 0.68515625 0.38515625 0.0703125 0.04375
1 0.6984375 0.44765625 0.04375 0.0546875
1 0.66640625 0.46640625 0.0234375 0.075
1 0.621875 0.47421875 0.0328125 0.0765625
1 0.62734375 0.44140625 0.021875 0.0859375
1 0.578125 0.48046875 0.0578125 0.0484375
1 0.52109375 0.5046875 0.0609375 0.0609375
1 0.53984375 0.5375 0.0359375 0.0765625
1 0.5515625 0.5296875 0.059375 0.0421875
1 0.44296875 0.46484375 0.046875 0.04375
1 0.540625 0.61015625 0.0796875 0.04375
1 0.50078125 0.6171875 0.0625 0.0375
1 0.41796875 0.56796875 0.0671875 0.04375
1 0.4 0.63203125 0.025 0.0453125
1 0.42421875 0.61640625 0.03125 0.0546875
1 0.41953125 0.6828125 0.0546875 0.0765625
1 0.5171875 0.6765625 0.0703125 0.034375
1 0.27578125 0.33828125 0.0390625 0.0671875
1 0.24375 0.390625 0.059375 0.05625
1 0.29296875 0.41328125 0.040625 0.065625
1 0.32421875 0.37734375 0.071875 0.0296875
1 0.31328125 0.36953125 0.0546875 0.05
1 0.34453125 0.47578125 0.04375 0.1
1 0.328125 0.51875 0.08125 0.0359375
1 0.34921875 0.5109375 0.0703125 0.03125
1 0.31328125 0.54453125 0.0265625 0.05625
1 0.28828125 0.6140625 0.0703125 0.0671875
1 0.3640625 0.66015625 0.0546875 0.0765625
1 0.35546875 0.6171875 0.0734375 0.0359375
1 0.34765625 0.7078125 0.08125 0.040625
1 0.3140625 0.71484375 0.05625 0.0671875
1 0.33046875 0.6953125 0.046875 0.0515625
1 0.3328125 0.77578125 0.090625 0.028125
1 0.32265625 0.753125 0.0859375 0.0515625
1 0.31328125 0.81875 0.0609375 0.0640625
1 0.3234375 0.86640625 0.03125 0.0984375
1 0.2640625 0.85703125 0.040625 0.0875
1 0.23671875 0.83828125 0.0484375 0.0734375
1 0.221875 0.65703125 0.06875 0.04375
1 0.265625 0.690625 0.0578125 0.0421875
1 0.19140625 0.7125 0.040625 0.071875
1 0.2453125 0.7828125 0.059375 0.0671875
1 0.2234375 0.75546875 0.071875 0.0546875
1 0.28125 0.76328125 0.0515625 0.0609375
1 0.2296875 0.7203125 0.059375 0.05
1 0.265625 0.75625 0.0890625 0.028125
1 0.15625 0.75234375 0.0640625 0.065625
1 0.13359375 0.753125 0.034375 0.0859375
1 0.38515625 0.890625 0.0890625 0.0546875
1 0.42578125 0.7484375 0.0984375 0.0375
1 0.40703125 0.7515625 0.1 0.0203125
1 0.5015625 0.75078125 0.0875 0.0265625
1 0.51875 0.7421875 0.0546875 0.046875
1 0.4546875 0.81953125 0.06875 0.0328125
1 0.4484375 0.8046875 0.06875 0.0359375
1 0.4609375 0.78359375 0.065625 0.0328125
1 0.4421875 0.771875 0.053125 0.071875
1 0.56640625 0.75859375 0.0453125 0.0546875
1 0.5421875 0.7921875 0.090625 0.0234375
1 0.48125 0.84453125 0.0671875 0.021875
1 0.50390625 0.83671875 0.0390625 0.075
1 0.54453125 0.83984375 0.0640625 0.0640625
1 0.5203125 0.83125 0.03125 0.0609375
1 0.5703125 0.8546875 0.0875 0.034375
1 0.4421875 0.85390625 0.09375 0.0328125
1 0.40546875 0.8296875 0.0859375 0.046875
1 0.375 0.8609375 0.0921875 0.0421875
1 0.46796875 0.91015625 0.0828125 0.034375
1 0.453125 0.8921875 0.1 0.0296875
1 0.615625 0.90390625 0.0890625 0.0265625
1 0.55625 0.9109375 0.10625 0.0640625
1 0.59453125 0.88515625 0.1015625 0.0203125
1 0.6453125 0.8546875 0.0625 0.0640625
1 0.690625 0.85390625 0.090625 0.0421875
1 0.7609375 0.80625 0.09375 0.0296875
1 0.60703125 0.7953125 0.065625 0.021875
1 0.675 0.77734375 0.0625 0.03125
1 0.64609375 0.778125 0.0703125 0.078125
1 0.70859375 0.759375 0.0640625 0.046875
1 0.78828125 0.76953125 0.109375 0.0265625
1 0.6421875 0.7234375 0.0859375 0.0359375
1 0.70625 0.6671875 0.046875 0.0359375
1 0.6328125 0.7078125 0.03125 0.03125
1 0.7578125 0.66328125 0.0453125 0.0640625
1 0.7390625 0.71796875 0.0265625 0.08125
1 0.82578125 0.7078125 0.0859375 0.053125
1 0.79375 0.7078125 0.05625 0.075
1 0.86640625 0.68671875 0.08125 0.0859375
1 0.7296875 0.6109375 0.0734375 0.028125
1 0.6625 0.6390625 0.065625 0.046875
1 0.6328125 0.653125 0.046875 0.0546875
1 0.64609375 0.60546875 0.0875 0.040625
1 0.596875 0.6140625 0.04375 0.0625
1 0.83984375 0.228125 0.0703125 0.0328125
1 0.8 0.2609375 0.034375 0.0953125
1 0.8 0.31328125 0.0203125 0.0765625
1 0.82890625 0.29296875 0.034375 0.0640625
1 0.86171875 0.25546875 0.0890625 0.0265625
1 0.85703125 0.2984375 0.05 0.090625
1 0.8609375 0.3734375 0.034375 0.1125
1 0.89765625 0.365625 0.0890625 0.06875
1 0.8 0.353125 0.0390625 0.01875
1 0.75234375 0.31796875 0.0671875 0.0671875
1 0.7546875 0.4109375 0.0390625 0.0625
1 0.80546875 0.4359375 0.021875 0.059375
1 0.81953125 0.4734375 0.1046875 0.0203125
1 0.8609375 0.5046875 0.071875 0.0609375
1 0.8484375 0.4984375 0.03125 0.0796875
1 0.81640625 0.53359375 0.096875 0.059375
1 0.8109375 0.53515625 0.028125 0.0796875
1 0.82734375 0.51875 0.040625 0.04375
1 0.81484375 0.58984375 0.0359375 0.0625
1 0.75859375 0.5171875 0.0828125 0.0546875
1 0.76484375 0.5734375 0.034375 0.0734375
1 0.73671875 0.5390625 0.028125 0.103125
1 0.69921875 0.57890625 0.090625 0.0328125
1 0.69140625 0.546875 0.0828125 0.05625
1 0.659375 0.54375 0.071875 0.0578125
1 0.1890625 0.209375 0.0359375 0.0828125
1 0.2484375 0.27578125 0.075 0.084375
1 0.2390625 0.29296875 0.0375 0.090625
1 0.2140625 0.28671875 0.0296875 0.0703125
1 0.178125 0.25078125 0.090625 0.0609375
1 0.1546875 0.33359375 0.075 0.05
1 0.13984375 0.29609375 0.0640625 0.0296875
1 0.13671875 0.271875 0.0734375 0.028125
1 0.1953125 0.3625 0.0546875 0.0703125
1 0.16171875 0.44765625 0.0171875 0.0765625
1 0.175 0.43515625 0.0203125 0.09375
1 0.184375 0.440625 0.0640625 0.0234375
1 0.06875 0.4203125 0.090625 0.040625
1 0.078125 0.446875 0.0484375 0.0546875
1 0.0421875 0.471875 0.0234375 0.0609375
1 0.0421875 0.5265625 0.0296875 0.0609375
1 0.07109375 0.49453125 0.05625 0.040625
1 0.1125 0.4546875 0.078125 0.0484375
1 0.125 0.50703125 0.0640625 0.065625
1 0.1109375 0.47578125 0.028125 0.084375
1 0.1921875 0.515625 0.040625 0.0671875
1 0.225 0.475 0.0265625 0.0828125
1 0.27578125 0.5453125 0.0734375 0.0375
1 0.2453125 0.56640625 0.046875 0.0390625
1 0.2578125 0.5546875 0.0484375 0.0484375
1 0.2109375 0.575 0.0546875 0.09375
1 0.1375 0.5640625 0.028125 0.0640625
1 0.16328125 0.565625 0.075 0.01875
1 0.16796875 0.646875 0.0375 0.0734375
1 0.18515625 0.60859375 0.021875 0.065625
1 0.1765625 0.646875 0.0671875 0.0484375
1 0.1375 0.6765625 0.04375 0.0546875
1 0.1296875 0.62421875 0.0609375 0.078125
1 0.06484375 0.5921875 0.1015625 0.0328125
1 0.07265625 0.62265625 0.071875 0.0796875
1 0.08671875 0.68359375 0.0390625 0.0828125
1 0.853125 0.425 0.0296875 0.046875
