1 0.48203125 0.284375 0.109375 0.0625
1 0.37109375 0.3 0.128125 0.0328125
1 0.74296875 0.375 0.1203125 0.034375
1 0.57890625 0.41875 0.1328125 0.0375
1 0.309375 0.42578125 0.128125 0.0390625
1 0.1921875 0.47578125 0.13125 0.034375
1 0.36953125 0.53046875 0.128125 0.046875
1 0.63828125 0.49140625 0.0921875 0.0609375
1 0.85078125 0.5171875 0.075 0.0953125
1 0.8296875 0.6609375 0.0484375 0.1109375
1 0.59609375 0.6890625 0.0546875 0.09375
1 0.53125 0.6015625 0.09375 0.08125
1 0.25234375 0.55625 0.0484375 0.0921875
1 0.1796875 0.59453125 0.040625 0.090625
1 0.16953125 0.67109375 0.1265625 0.0203125
1 0.44296875 0.73359375 0.121875 0.04375
1 0.49453125 0.84609375 0.146875 0.05
