1 0.62734375 0.78515625 0.1 0.03125
1 0.66796875 0.74765625 0.078125 0.065625
1 0.62109375 0.72734375 0.1046875 0.03125
1 0.5484375 0.734375 0.075 0.0453125
1 0.6234375 0.69375 0.0796875 0.0171875
1 0.55859375 0.70390625 0.071875 0.03125
1 0.50390625 0.70078125 0.0875 0.01875
1 0.45546875 0.73359375 0.1140625 0.0265625
1 0.465625 0.7109375 0.0921875 0.0296875
1 0.4890625 0.6796875 0.109375 0.0234375
1 0.409375 0.6890625 0.0515625 0.04375
1 0.384375 0.78203125 0.121875 0.046875
1 0.33046875 0.7640625 0.0828125 0.0515625
1 0.3140625 0.7515625 0.0546875 0.065625
1 0.221875 0.75390625 0.0703125 0.0484375
1 0.29296875 0.715625 0.109375 0.028125
1 0.33828125 0.68203125 0.0640625 0.0578125
1 0.36015625 0.6640625 0.1046875 0.04375
1 0.4265625 0.65 0.0609375 0.053125
1 0.4515625 0.62265625 0.028125 0.08125
1 0.53125 0.61875 0.1234375 0.0359375
1 0.590625 0.65390625 0.08125 0.0296875
1 0.5828125 0.65078125 0.06875 0.0578125
1 0.55390625 0.64453125 0.053125 0.0234375
1 0.67109375 0.6390625 0.03125 0.0578125
1 0.7171875 0.64140625 0.078125 0.0203125
1 0.746875 0.67265625 0.1078125 0.01875
1 0.72734375 0.6921875 0.053125 0.0671875
1 0.6703125 0.69609375 0.0859375 0.05
1 0.83125 0.6734375 0.065625 0.0640625
1 0.8578125 0.63203125 0.0296875 0.0828125
1 0.890625 0.625 0.0625 0.040625
1 0.77734375 0.6109375 0.08125 0.025
1 0.88203125 0.59296875 0.078125 0.04375
1 0.85546875 0.584375 0.0546875 0.059375
1 0.88203125 0.55625 0.0546875 0.08125
1 0.91328125 0.5375 0.040625 0.0765625
1 0.8015625 0.553125 0.05 0.0734375
1 0.778125 0.57421875 0.071875 0.04375
1 0.70234375 0.5453125 0.0625 0.0453125
1 0.74296875 0.53359375 0.0515625 0.0640625
1 0.81328125 0.4984375 0.075 0.0390625
1 0.78125 0.496875 0.0265625 0.053125
1 0.7046875 0.490625 0.0515625 0.0703125
1 0.7328125 0.4546875 0.040625 0.0640625
1 0.66484375 0.475 0.078125 0.0515625
1 0.62890625 0.434375 0.071875 0.0640625
1 0.621875 0.55 0.0265625 0.0578125
1 0.653125 0.58203125 0.0875 0.0203125
1 0.51953125 0.578125 0.109375 0.0453125
1 0.53046875 0.54375 0.0765625 0.0515625
1 0.53671875 0.5078125 0.0421875 0.059375
1 0.609375 0.50078125 0.09375 0.0234375
1 0.5796875 0.4796875 0.0265625 0.059375
1 0.509375 0.453125 0.0234375 0.0640625
1 0.4984375 0.43046875 0.08125 0.0453125
1 0.43671875 0.5453125 0.03125 0.075
1 0.45546875 0.51875 0.04375 0.075
1 0.48203125 0.515625 0.0328125 0.06875
1 0.8296875 0.4203125 0.071875 0.028125
1 0.81171875 0.41171875 0.05 0.0875
1 0.7015625 0.4140625 0.090625 0.0140625
1 0.71953125 0.384375 0.059375 0.0390625
1 0.68515625 0.3765625 0.059375 0.0390625
1 0.6234375 0.38203125 0.090625 0.03125
1 0.54375 0.37578125 0.10625 0.01875
1 0.85859375 0.3953125 0.1078125 0.0203125
1 0.8390625 0.32578125 0.06875 0.0671875
1 0.86953125 0.37421875 0.0703125 0.04375
1 0.76796875 0.315625 0.0765625 0.0515625
1 0.7578125 0.359375 0.0453125 0.0734375
1 0.7 0.3390625 0.0703125 0.046875
1 0.82578125 0.29453125 0.059375 0.071875
1 0.82890625 0.29375 0.08125 0.0484375
1 0.69375 0.25390625 0.05625 0.053125
1 0.64375 0.27421875 0.0625 0.0515625
1 0.640625 0.30078125 0.0765625 0.028125
1 0.603125 0.31484375 0.0328125 0.0609375
1 0.565625 0.3296875 0.0796875 0.0546875
1 0.59453125 0.26875 0.0734375 0.0546875
1 0.69921875 0.2125 0.0875 0.0296875
1 0.65703125 0.19296875 0.0828125 0.0375
1 0.5421875 0.171875 0.096875 0.028125
1 0.515625 0.25546875 0.0625 0.046875
1 0.5328125 0.25859375 0.03125 0.0671875
1 0.46953125 0.24765625 0.0546875 0.0640625
1 0.48203125 0.2578125 0.05625 0.0578125
1 0.4875 0.29375 0.0609375 0.0625
1 0.4625 0.34375 0.0703125 0.034375
1 0.39609375 0.4015625 0.0859375 0.0359375
1 0.3765625 0.42578125 0.109375 0.0203125
1 0.3609375 0.475 0.078125 0.01875
1 0.38359375 0.5046875 0.0390625 0.053125
1 0.34140625 0.61328125 0.0921875 0.0203125
1 0.196875 0.66015625 0.121875 0.028125
1 0.20078125 0.6140625 0.090625 0.046875
1 0.2375 0.5453125 0.0796875 0.0421875
1 0.19296875 0.58203125 0.0328125 0.059375
1 0.20859375 0.528125 0.0765625 0.0515625
1 0.29375 0.49921875 0.0703125 0.05625
1 0.3015625 0.44921875 0.1125 0.0234375
1 0.2453125 0.4390625 0.0578125 0.028125
1 0.18125 0.459375 0.0984375 0.0171875
1 0.14609375 0.4921875 0.0921875 0.021875
1 0.1140625 0.41796875 0.040625 0.084375
1 0.165625 0.40078125 0.0484375 0.0765625
1 0.16640625 0.3359375 0.0625 0.05625
1 0.19765625 0.3578125 0.065625 0.0703125
1 0.17265625 0.35859375 0.0328125 0.0703125
1 0.32734375 0.37109375 0.071875 0.0421875
1 0.38515625 0.3359375 0.0671875 0.04375
1 0.31953125 0.340625 0.0921875 0.0390625
1 0.28671875 0.3171875 0.1 0.0234375
1 0.34375 0.28203125 0.0859375 0.0421875
1 0.21796875 0.3078125 0.028125 0.065625
1 0.17109375 0.2984375 0.08125 0.0359375
1 0.1984375 0.2609375 0.1046875 0.0359375
1 0.2953125 0.23671875 0.1046875 0.028125
1 0.209375 0.246875 0.10625 0.0171875
1 0.30390625 0.22109375 0.09375 0.034375
1 0.40390625 0.2203125 0.0921875 0.04375
1 0.35546875 0.18515625 0.046875 0.0546875
