1 0.496875 0.5078125 0.09765625 0.046875
1 0.675 0.40546875 0.11875 0.03984375
1 0.5625 0.38671875 0.09140625 0.03984375
1 0.62890625 0.2890625 0.12421875 0.05625
1 0.46171875 0.28203125 0.034375 0.08359375
1 0.5140625 0.253125 0.0484375 0.071875
1 0.4 0.22578125 0.0890625 0.021875
1 0.46171875 0.33671875 0.1109375 0.03671875
1 0.40078125 0.30078125 0.121875 0.03515625
1 0.33515625 0.26484375 0.10703125 0.046875
1 0.27421875 0.38359375 0.1203125 0.05625
1 0.29453125 0.33125 0.103125 0.03984375
1 0.21875 0.3453125 0.10078125 0.05625
1 0.1515625 0.3203125 0.03828125 0.0671875
1 0.2 0.284375 0.04296875 0.07890625
1 0.16796875 0.421875 0.0515625 0.0890625
1 0.20703125 0.3921875 0.115625 0.03515625
1 0.08359375 0.4203125 0.0484375 0.08671875
1 0.1640625 0.36640625 0.12109375 0.0234375
