1 0.5203125 0.24453125 0.08125 0.040625
1 0.60703125 0.25078125 0.0796875 0.0171875
1 0.56015625 0.28671875 0.096875 0.0296875
1 0.4796875 0.3046875 0.040625 0.059375
1 0.4265625 0.259375 0.05 0.03125
1 0.36015625 0.2734375 0.0625 0.0234375
1 0.32109375 0.32578125 0.0796875 0.046875
1 0.25078125 0.36875 0.046875 0.059375
1 0.30078125 0.396875 0.0625 0.0421875
1 0.2125 0.4171875 0.06875 0.0453125
1 0.19765625 0.46796875 0.0484375 0.0703125
1 0.19375 0.5015625 0.05625 0.0515625
1 0.2828125 0.48203125 0.0390625 0.05
1 0.35859375 0.5125 0.0265625 0.06875
1 0.48359375 0.52578125 0.0609375 0.025
1 0.40390625 0.4734375 0.0953125 0.025
1 0.4765625 0.43515625 0.0984375 0.0265625
1 0.409375 0.36640625 0.059375 0.0296875
1 0.4859375 0.38671875 0.0796875 0.0296875
1 0.55078125 0.40859375 0.0296875 0.0640625
1 0.61484375 0.35 0.0546875 0.0609375
1 0.6625 0.4046875 0.0796875 0.034375
1 0.6875 0.32734375 0.06875 0.0390625
1 0.7296875 0.378125 0.0609375 0.0578125
1 0.690625 0.290625 0.0515625 0.0625
1 0.77890625 0.33984375 0.059375 0.046875
1 0.815625 0.40078125 0.04375 0.0515625
1 0.784375 0.4546875 0.0390625 0.071875
1 0.72578125 0.465625 0.0234375 0.0703125
1 0.75859375 0.5125 0.0734375 0.046875
1 0.8078125 0.5265625 0.0421875 0.06875
1 0.75390625 0.56484375 0.03125 0.05625
1 0.73984375 0.62734375 0.08125 0.05
1 0.69609375 0.68125 0.0828125 0.03125
1 0.6390625 0.65859375 0.0421875 0.0796875
1 0.56171875 0.7171875 0.1 0.0296875
1 0.46015625 0.7203125 0.08125 0.0578125
1 0.3453125 0.6953125 0.0640625 0.06875
1 0.48203125 0.6515625 0.09375 0.034375
1 0.42890625 0.60234375 0.028125 0.0703125
1 0.540625 0.58046875 0.103125 0.025
1 0.6375 0.5453125 0.059375 0.0640625
1 0.26953125 0.6203125 0.04375 0.0609375
1 0.20546875 0.61171875 0.03125 0.071875
1 0.1640625 0.5515625 0.09375 0.04375
1 0.2890625 0.578125 0.053125 0.0734375
