1 0.384375 0.28671875 0.0953125 0.03984375
1 0.40546875 0.28203125 0.08984375 0.034375
1 0.40859375 0.25859375 0.0828125 0.03984375
1 0.40859375 0.259375 0.05390625 0.06875
1 0.4046875 0.23828125 0.084375 0.05703125
1 0.47109375 0.25546875 0.08359375 0.04375
1 0.475 0.2375 0.11328125 0.021875
1 0.446875 0.27109375 0.07578125 0.034375
1 0.5265625 0.2203125 0.10546875 0.02890625
1 0.56171875 0.23203125 0.10703125 0.03359375
1 0.53359375 0.2890625 0.08828125 0.053125
1 0.48984375 0.31796875 0.10859375 0.02265625
1 0.4203125 0.32734375 0.06953125 0.04453125
1 0.64140625 0.25234375 0.03046875 0.06640625
1 0.66640625 0.26875 0.04765625 0.07578125
1 0.6671875 0.26796875 0.04375 0.09765625
1 0.7046875 0.271875 0.084375 0.0515625
1 0.7296875 0.3109375 0.096875 0.04609375
1 0.778125 0.3328125 0.06171875 0.0609375
1 0.64609375 0.3359375 0.10234375 0.06484375
1 0.621875 0.3421875 0.0515625 0.06640625
1 0.6109375 0.31328125 0.046875 0.0703125
1 0.575 0.3734375 0.115625 0.0375
1 0.3203125 0.2921875 0.03046875 0.08125
1 0.271875 0.30234375 0.06328125 0.05859375
1 0.2515625 0.3046875 0.06875 0.03515625
1 0.31015625 0.340625 0.1015625 0.05078125
1 0.334375 0.32421875 0.09921875 0.0421875
1 0.18515625 0.371875 0.06171875 0.07890625
1 0.25078125 0.44296875 0.0328125 0.0703125
1 0.3609375 0.39921875 0.10703125 0.03359375
1 0.74453125 0.38828125 0.13203125 0.0328125
1 0.7359375 0.396875 0.0578125 0.07109375
1 0.8109375 0.43984375 0.08515625 0.04609375
1 0.83125 0.459375 0.02578125 0.090625
1 0.8625 0.48671875 0.075 0.05
1 0.65546875 0.453125 0.1046875 0.0375
1 0.77109375 0.540625 0.08359375 0.03671875
1 0.74453125 0.5734375 0.084375 0.04453125
1 0.68359375 0.59921875 0.0828125 0.05859375
1 0.63984375 0.6640625 0.071875 0.075
1 0.59765625 0.721875 0.0390625 0.07734375
1 0.565625 0.759375 0.05703125 0.06640625
1 0.50546875 0.76875 0.09609375 0.06171875
1 0.528125 0.7046875 0.03828125 0.0671875
1 0.5375 0.615625 0.0875 0.05859375
1 0.45859375 0.6296875 0.05078125 0.09375
1 0.4609375 0.69296875 0.08515625 0.06015625
1 0.4625 0.721875 0.09140625 0.02890625
1 0.36328125 0.7296875 0.04140625 0.06328125
1 0.36796875 0.62421875 0.03828125 0.08046875
1 0.32109375 0.62890625 0.05625 0.07109375
1 0.38671875 0.490625 0.078125 0.0484375
1 0.21796875 0.53359375 0.0359375 0.06015625
1 0.13828125 0.475 0.02734375 0.06171875
