1 0.4984375 0.71015625 0.159375 0.0421875
1 0.7359375 0.659375 0.109375 0.053125
1 0.8875 0.54921875 0.1 0.059375
1 0.25703125 0.61640625 0.0859375 0.059375
1 0.453125 0.58125 0.1203125 0.034375
1 0.38671875 0.5390625 0.1 0.034375
1 0.46171875 0.4671875 0.0296875 0.0796875
1 0.39609375 0.47890625 0.0390625 0.065625
1 0.15625 0.5546875 0.0484375 0.0734375
1 0.19453125 0.50546875 0.0953125 0.0578125
1 0.16875 0.44140625 0.028125 0.0828125
1 0.2796875 0.35390625 0.1171875 0.0359375
1 0.45859375 0.340625 0.0671875 0.071875
1 0.27578125 0.33125 0.1265625 0.0234375
1 0.56796875 0.29140625 0.09375 0.046875
1 0.56484375 0.42265625 0.03125 0.078125
1 0.7171875 0.39453125 0.0796875 0.08125
