1 0.4984375 0.11484375 0.09375 0.0609375
1 0.38984375 0.18515625 0.075 0.059375
1 0.38046875 0.14296875 0.084375 0.040625
1 0.2609375 0.2125 0.046875 0.0671875
1 0.31640625 0.1484375 0.0921875 0.03125
1 0.43984375 0.20078125 0.040625 0.0890625
1 0.32421875 0.29140625 0.0671875 0.084375
1 0.3515625 0.2375 0.0875 0.034375
1 0.2640625 0.246875 0.0703125 0.059375
1 0.45546875 0.290625 0.075 0.0625
1 0.38515625 0.31640625 0.084375 0.05
1 0.3140625 0.35546875 0.0984375 0.046875
1 0.146875 0.33828125 0.0421875 0.1015625
1 0.2140625 0.3328125 0.034375 0.08125
1 0.09296875 0.440625 0.0296875 0.103125
1 0.18125 0.43203125 0.028125 0.096875
1 0.07734375 0.4984375 0.08125 0.065625
1 0.17109375 0.54375 0.0296875 0.0921875
1 0.2421875 0.609375 0.075 0.06875
1 0.34140625 0.56953125 0.1078125 0.046875
1 0.3109375 0.46796875 0.0671875 0.075
1 0.37109375 0.4390625 0.0421875 0.0796875
1 0.42578125 0.484375 0.1 0.0453125
1 0.47109375 0.3734375 0.10625 0.0375
1 0.5484375 0.36875 0.0828125 0.040625
1 0.6109375 0.3640625 0.096875 0.0703125
1 0.603125 0.221875 0.0875 0.040625
1 0.615625 0.26796875 0.028125 0.071875
1 0.65703125 0.33125 0.05 0.0796875
1 0.6390625 0.11640625 0.0890625 0.0328125
1 0.70859375 0.13515625 0.0796875 0.034375
1 0.775 0.16953125 0.0828125 0.0296875
1 0.8296875 0.19921875 0.090625 0.0578125
1 0.73359375 0.2796875 0.0828125 0.0546875
1 0.81171875 0.28046875 0.078125 0.0671875
1 0.8140625 0.409375 0.0828125 0.059375
1 0.8015625 0.35546875 0.1078125 0.034375
1 0.86484375 0.37265625 0.0609375 0.0828125
1 0.9 0.35 0.075 0.078125
1 0.87265625 0.515625 0.0625 0.0765625
1 0.79609375 0.52421875 0.0390625 0.096875
1 0.86171875 0.44921875 0.065625 0.059375
1 0.9 0.578125 0.05625 0.096875
1 0.9328125 0.55546875 0.053125 0.0828125
1 0.93984375 0.4875 0.0359375 0.0625
1 0.88203125 0.63515625 0.0734375 0.0671875
1 0.81953125 0.5828125 0.0375 0.075
1 0.73671875 0.5328125 0.0953125 0.065625
1 0.69296875 0.4828125 0.1234375 0.0296875
1 0.70859375 0.409375 0.10625 0.0421875
1 0.59921875 0.446875 0.0734375 0.065625
1 0.5578125 0.4421875 0.125 0.0359375
1 0.8359375 0.69921875 0.0296875 0.0671875
1 0.78359375 0.65234375 0.034375 0.084375
1 0.8078125 0.66796875 0.0546875 0.0703125
1 0.68359375 0.696875 0.065625 0.08125
1 0.67734375 0.63046875 0.05625 0.0765625
1 0.740625 0.75546875 0.08125 0.071875
1 0.66640625 0.80234375 0.0890625 0.0609375
1 0.66953125 0.8203125 0.0796875 0.0390625
1 0.60546875 0.81484375 0.065625 0.0453125
1 0.64296875 0.7625 0.0890625 0.08125
1 0.51640625 0.85078125 0.1234375 0.034375
1 0.4953125 0.8125 0.1265625 0.03125
1 0.54296875 0.7296875 0.096875 0.0859375
1 0.35859375 0.81484375 0.1078125 0.04375
1 0.42890625 0.76796875 0.11875 0.0828125
1 0.54375 0.6796875 0.1015625 0.0578125
1 0.49609375 0.62109375 0.06875 0.075
1 0.45078125 0.575 0.0625 0.0734375
1 0.4203125 0.64609375 0.1015625 0.0390625
1 0.3328125 0.67578125 0.1046875 0.0390625
1 0.1890625 0.703125 0.0703125 0.0609375
