1 0.43828125 0.153125 0.0734375 0.0484375
1 0.35859375 0.21015625 0.028125 0.078125
1 0.38515625 0.16640625 0.0671875 0.078125
1 0.29296875 0.190625 0.0640625 0.0703125
1 0.58046875 0.171875 0.1234375 0.0359375
1 0.52109375 0.2390625 0.08125 0.0265625
1 0.44609375 0.275 0.05 0.09375
1 0.396875 0.33828125 0.0328125 0.0640625
1 0.4140625 0.2765625 0.0484375 0.0359375
1 0.51796875 0.35 0.05 0.0765625
1 0.5421875 0.30859375 0.0921875 0.0265625
1 0.5703125 0.27734375 0.103125 0.025
1 0.61171875 0.2546875 0.04375 0.0546875
1 0.66953125 0.209375 0.0484375 0.0828125
1 0.28359375 0.29921875 0.0484375 0.0671875
1 0.31640625 0.28984375 0.0390625 0.0609375
1 0.221875 0.29375 0.06875 0.0703125
1 0.14296875 0.3140625 0.059375 0.0765625
1 0.26796875 0.34765625 0.0921875 0.034375
1 0.31328125 0.3765625 0.065625 0.04375
1 0.3453125 0.340625 0.0875 0.034375
1 0.42421875 0.384375 0.0421875 0.0765625
1 0.34921875 0.4296875 0.0546875 0.0875
1 0.1546875 0.40703125 0.1125 0.0296875
1 0.075 0.3796875 0.059375 0.04375
1 0.06171875 0.47421875 0.025 0.075
1 0.1140625 0.5015625 0.0390625 0.0703125
1 0.146875 0.47578125 0.0484375 0.05625
1 0.29140625 0.6078125 0.0625 0.0609375
1 0.29140625 0.5625 0.084375 0.04375
1 0.30546875 0.51015625 0.09375 0.0328125
1 0.278125 0.50390625 0.059375 0.0625
1 0.396875 0.50078125 0.0890625 0.0375
1 0.38515625 0.49375 0.0640625 0.0609375
1 0.4625 0.4953125 0.040625 0.0796875
1 0.565625 0.41015625 0.0671875 0.0640625
1 0.58671875 0.42265625 0.0859375 0.0515625
1 0.7046875 0.36875 0.0421875 0.0671875
1 0.70703125 0.36796875 0.078125 0.0296875
1 0.73828125 0.2859375 0.1015625 0.03125
1 0.79921875 0.3546875 0.0609375 0.0703125
1 0.815625 0.32734375 0.059375 0.0578125
1 0.85703125 0.30078125 0.0953125 0.034375
1 0.76328125 0.42421875 0.0296875 0.0875
1 0.8796875 0.4375 0.1109375 0.0375
1 0.88125 0.40234375 0.0671875 0.0453125
1 0.890625 0.3578125 0.121875 0.03125
1 0.9609375 0.4796875 0.075 0.059375
1 0.94765625 0.528125 0.0609375 0.0421875
1 0.834375 0.4828125 0.053125 0.059375
1 0.8640625 0.5578125 0.1046875 0.0265625
1 0.69375 0.4984375 0.0328125 0.0640625
1 0.63046875 0.565625 0.078125 0.028125
1 0.49609375 0.5875 0.1015625 0.03125
1 0.425 0.63671875 0.06875 0.0296875
1 0.18984375 0.53671875 0.0515625 0.065625
1 0.07578125 0.59765625 0.0578125 0.071875
1 0.11640625 0.5640625 0.0671875 0.071875
1 0.121875 0.64609375 0.0375 0.0796875
1 0.1875 0.70625 0.05 0.0828125
1 0.2328125 0.65 0.0984375 0.0515625
1 0.23203125 0.5984375 0.1 0.0515625
1 0.33515625 0.6609375 0.08125 0.065625
1 0.33828125 0.62109375 0.0609375 0.0640625
1 0.146875 0.70703125 0.084375 0.03125
1 0.23046875 0.75 0.0859375 0.0453125
1 0.25390625 0.7234375 0.04375 0.0609375
1 0.346875 0.72734375 0.028125 0.075
1 0.39296875 0.7578125 0.0703125 0.0421875
1 0.30546875 0.815625 0.1015625 0.0375
1 0.440625 0.7421875 0.065625 0.065625
1 0.48984375 0.72734375 0.0671875 0.05625
1 0.4640625 0.69140625 0.0734375 0.0390625
1 0.58203125 0.69609375 0.065625 0.0765625
1 0.52265625 0.72421875 0.0703125 0.046875
1 0.65703125 0.653125 0.0359375 0.075
1 0.7296875 0.63984375 0.0453125 0.0625
1 0.78203125 0.5953125 0.0375 0.0953125
1 0.71875 0.69765625 0.06875 0.0640625
1 0.75625 0.69140625 0.0484375 0.078125
1 0.82265625 0.653125 0.0359375 0.06875
1 0.86171875 0.6453125 0.04375 0.059375
1 0.90546875 0.628125 0.0609375 0.0828125
1 0.815625 0.7703125 0.0859375 0.046875
1 0.84765625 0.7421875 0.05 0.096875
1 0.9046875 0.70859375 0.059375 0.075
1 0.73046875 0.790625 0.040625 0.103125
1 0.77734375 0.78359375 0.10625 0.028125
1 0.65859375 0.7546875 0.121875 0.0359375
1 0.5765625 0.790625 0.0875 0.04375
1 0.66796875 0.8453125 0.121875 0.0484375
1 0.44765625 0.859375 0.0375 0.0625
1 0.46484375 0.83984375 0.053125 0.0640625
1 0.5015625 0.853125 0.0515625 0.075
1 0.5515625 0.88359375 0.0890625 0.0265625
