1 0.06171875 0.51796875 0.0328125 0.0984375
1 0.1015625 0.4953125 0.08515625 0.0859375
1 0.13125 0.6 0.05546875 0.11953125
1 0.14375 0.58203125 0.08125 0.096875
1 0.15078125 0.5171875 0.0984375 0.04921875
1 0.13046875 0.46484375 0.1046875 0.05625
1 0.090625 0.4296875 0.08125 0.06875
1 0.1171875 0.41015625 0.12109375 0.06171875
1 0.146875 0.4015625 0.103125 0.05390625
1 0.13203125 0.35078125 0.10859375 0.0625
1 0.146875 0.28125 0.06875 0.07890625
1 0.22265625 0.29609375 0.11328125 0.08203125
1 0.23671875 0.275 0.0390625 0.1171875
1 0.29296875 0.234375 0.07265625 0.06796875
1 0.3359375 0.18125 0.06484375 0.08828125
1 0.54375 0.22421875 0.06484375 0.11328125
1 0.5671875 0.1484375 0.04609375 0.115625
1 0.6125 0.1953125 0.08984375 0.07421875
1 0.6734375 0.178125 0.128125 0.03984375
1 0.4734375 0.228125 0.0953125 0.08828125
1 0.44765625 0.16875 0.06484375 0.12109375
1 0.23984375 0.48359375 0.09296875 0.08984375
1 0.2078125 0.46171875 0.0875 0.06640625
1 0.253125 0.37421875 0.06171875 0.10703125
1 0.40859375 0.384375 0.10234375 0.06015625
1 0.4546875 0.31328125 0.109375 0.05
1 0.6015625 0.29140625 0.05703125 0.08125
1 0.71015625 0.30625 0.13671875 0.065625
1 0.7609375 0.265625 0.1421875 0.0421875
1 0.75390625 0.45625 0.04296875 0.09296875
1 0.83125 0.36796875 0.0828125 0.0703125
1 0.921875 0.40234375 0.07265625 0.1015625
1 0.93828125 0.52890625 0.1125 0.06328125
1 0.94609375 0.49375 0.1078125 0.0515625
1 0.82265625 0.5375 0.06015625 0.10546875
1 0.65859375 0.62109375 0.0484375 0.0921875
1 0.51640625 0.634375 0.1203125 0.06953125
1 0.5140625 0.621875 0.07734375 0.06640625
1 0.578125 0.56875 0.034375 0.10078125
1 0.64609375 0.553125 0.04609375 0.1
1 0.5140625 0.7546875 0.0734375 0.0859375
1 0.58984375 0.721875 0.0921875 0.071875
1 0.53125 0.80625 0.11171875 0.021875
1 0.39765625 0.534375 0.04765625 0.10703125
1 0.215625 0.72109375 0.103125 0.09140625
1 0.2125 0.6578125 0.13046875 0.0890625
1 0.2375 0.6265625 0.075 0.06953125
1 0.28984375 0.57265625 0.0984375 0.09921875
1 0.184375 0.6109375 0.075 0.090625
1 0.4125 0.77578125 0.09375 0.07265625
1 0.37890625 0.68671875 0.05703125 0.075
1 0.3921875 0.70234375 0.13828125 0.04921875
1 0.49375 0.72265625 0.1171875 0.0453125
1 0.5109375 0.69921875 0.1265625 0.05390625
1 0.42265625 0.6234375 0.13515625 0.0515625
