1 0.42734375 0.8859375 0.13125 0.046875
1 0.5390625 0.8796875 0.1265625 0.034375
1 0.41015625 0.8390625 0.134375 0.0609375
1 0.2625 0.7890625 0.1109375 0.0828125
1 0.43515625 0.74296875 0.0625 0.090625
1 0.59921875 0.8015625 0.1265625 0.0671875
1 0.6859375 0.796875 0.0859375 0.05625
1 0.74921875 0.79375 0.059375 0.08125
1 0.790625 0.7484375 0.0578125 0.0484375
1 0.70390625 0.70546875 0.0671875 0.028125
1 0.61953125 0.66640625 0.065625 0.09375
1 0.50546875 0.69140625 0.075 0.0953125
1 0.28828125 0.671875 0.1 0.0796875
1 0.671875 0.6609375 0.090625 0.046875
1 0.825 0.65546875 0.0796875 0.04375
1 0.82109375 0.60546875 0.1078125 0.0453125
1 0.6484375 0.60078125 0.103125 0.046875
1 0.7046875 0.51328125 0.0671875 0.0828125
1 0.66640625 0.5703125 0.128125 0.0265625
1 0.8203125 0.51328125 0.090625 0.0265625
1 0.628125 0.4953125 0.1 0.021875
1 0.54609375 0.525 0.0453125 0.096875
1 0.48515625 0.54765625 0.1046875 0.0796875
1 0.21796875 0.61015625 0.0625 0.0984375
1 0.17265625 0.55234375 0.0484375 0.090625
1 0.21875 0.5 0.134375 0.0625
1 0.55 0.47265625 0.0515625 0.0625
1 0.56796875 0.4140625 0.0359375 0.10625
1 0.41640625 0.42265625 0.115625 0.046875
1 0.23203125 0.421875 0.125 0.0390625
1 0.31328125 0.36484375 0.0671875 0.0875
1 0.36796875 0.26640625 0.103125 0.0796875
1 0.51953125 0.2703125 0.128125 0.034375
1 0.525 0.3734375 0.0578125 0.0765625
1 0.6796875 0.3484375 0.0421875 0.0765625
1 0.76015625 0.434375 0.103125 0.046875
1 0.78203125 0.39765625 0.06875 0.06875
