1 0.52734375 0.82578125 0.078125 0.034375
1 0.37265625 0.8328125 0.0546875 0.0625
1 0.5171875 0.79140625 0.090625 0.0421875
1 0.6140625 0.80546875 0.09375 0.021875
1 0.52890625 0.7765625 0.0328125 0.0609375
1 0.49609375 0.77578125 0.0625 0.0609375
1 0.44296875 0.73125 0.0453125 0.0703125
1 0.43828125 0.72109375 0.0921875 0.0171875
1 0.51953125 0.73046875 0.08125 0.028125
1 0.528125 0.7140625 0.06875 0.0203125
1 0.4546875 0.6890625 0.0578125 0.0515625
1 0.5578125 0.72890625 0.08125 0.0234375
1 0.60234375 0.76171875 0.0640625 0.059375
1 0.60234375 0.74375 0.075 0.0359375
1 0.64609375 0.7515625 0.075 0.059375
1 0.59921875 0.6875 0.034375 0.0703125
1 0.65625 0.72421875 0.0765625 0.0546875
1 0.6921875 0.72109375 0.078125 0.071875
1 0.73984375 0.7390625 0.084375 0.0390625
1 0.684375 0.6515625 0.0515625 0.053125
1 0.66953125 0.65625 0.040625 0.0421875
1 0.59375 0.6578125 0.0796875 0.053125
1 0.6125 0.62109375 0.0546875 0.0421875
1 0.59921875 0.596875 0.04375 0.078125
1 0.53046875 0.6265625 0.0875 0.046875
1 0.59453125 0.6 0.0578125 0.01875
1 0.7125 0.64921875 0.078125 0.0390625
1 0.71328125 0.67421875 0.053125 0.034375
1 0.690625 0.62421875 0.090625 0.034375
1 0.753125 0.6515625 0.0578125 0.04375
1 0.79453125 0.66171875 0.0875 0.040625
1 0.79453125 0.63125 0.0859375 0.040625
1 0.815625 0.6921875 0.059375 0.065625
1 0.82578125 0.66171875 0.06875 0.0734375
1 0.775 0.7015625 0.03125 0.0625
1 0.87421875 0.6390625 0.0390625 0.0515625
1 0.85234375 0.6109375 0.0546875 0.059375
1 0.7875 0.59296875 0.08125 0.065625
1 0.859375 0.58203125 0.0921875 0.025
1 0.78671875 0.5921875 0.090625 0.0234375
1 0.71484375 0.5875 0.0890625 0.0203125
1 0.7625 0.56640625 0.05 0.05625
1 0.71953125 0.5765625 0.065625 0.0390625
1 0.68046875 0.57890625 0.0515625 0.059375
1 0.721875 0.54453125 0.065625 0.0234375
1 0.85859375 0.5640625 0.06875 0.0546875
1 0.79375 0.54765625 0.0484375 0.0390625
1 0.7296875 0.51875 0.03125 0.0578125
1 0.74296875 0.51171875 0.0546875 0.040625
1 0.71953125 0.509375 0.0296875 0.0578125
1 0.8828125 0.5515625 0.078125 0.065625
1 0.83125 0.5125 0.0625 0.065625
1 0.878125 0.51484375 0.0609375 0.0609375
1 0.859375 0.5171875 0.03125 0.06875
1 0.81171875 0.47265625 0.071875 0.05
1 0.73125 0.46015625 0.0625 0.0484375
1 0.8078125 0.43984375 0.0890625 0.025
1 0.77109375 0.42890625 0.08125 0.06875
1 0.7203125 0.425 0.065625 0.0390625
1 0.77578125 0.39921875 0.0546875 0.071875
1 0.83828125 0.37578125 0.08125 0.0515625
1 0.7828125 0.3296875 0.0578125 0.0546875
1 0.7484375 0.3375 0.078125 0.0234375
1 0.75 0.36953125 0.0328125 0.0640625
1 0.73984375 0.284375 0.0265625 0.053125
1 0.6890625 0.2890625 0.03125 0.06875
1 0.67734375 0.3578125 0.05625 0.046875
1 0.68359375 0.3265625 0.046875 0.025
1 0.6328125 0.3640625 0.0875 0.0296875
1 0.65390625 0.36015625 0.0375 0.028125
1 0.68125 0.3625 0.0265625 0.034375
1 0.6453125 0.353125 0.078125 0.0171875
1 0.64375 0.40703125 0.0828125 0.0453125
1 0.634375 0.39453125 0.03125 0.0671875
1 0.57109375 0.3796875 0.0625 0.0359375
1 0.56640625 0.36328125 0.071875 0.025
1 0.55 0.37578125 0.0625 0.04375
1 0.55625 0.3296875 0.05 0.046875
1 0.61796875 0.31875 0.0359375 0.0546875
1 0.6140625 0.33125 0.03125 0.0390625
1 0.58828125 0.30078125 0.046875 0.0421875
1 0.646875 0.32578125 0.071875 0.03125
1 0.65859375 0.28046875 0.059375 0.053125
1 0.63515625 0.2609375 0.096875 0.0203125
1 0.63671875 0.246875 0.0875 0.0125
1 0.5421875 0.24609375 0.0828125 0.021875
1 0.5375 0.259375 0.08125 0.009375
1 0.625 0.446875 0.0515625 0.0765625
1 0.65234375 0.4953125 0.0515625 0.071875
1 0.66640625 0.46015625 0.0625 0.04375
1 0.61640625 0.44921875 0.0640625 0.03125
1 0.59453125 0.47109375 0.0390625 0.05
1 0.61875 0.5015625 0.0609375 0.040625
1 0.63828125 0.55234375 0.0359375 0.06875
1 0.571875 0.55390625 0.053125 0.053125
1 0.52421875 0.4984375 0.0375 0.0515625
1 0.5328125 0.5265625 0.0828125 0.0390625
1 0.503125 0.571875 0.0546875 0.05
1 0.46484375 0.52890625 0.0609375 0.0484375
1 0.41796875 0.546875 0.05625 0.0484375
1 0.42109375 0.55546875 0.0703125 0.034375
1 0.4578125 0.571875 0.071875 0.0203125
1 0.36328125 0.5171875 0.0765625 0.034375
1 0.3546875 0.48125 0.0703125 0.028125
1 0.325 0.4390625 0.065625 0.028125
1 0.50703125 0.41953125 0.0703125 0.03125
1 0.50625 0.428125 0.08125 0.0109375
1 0.5375 0.42734375 0.0578125 0.034375
1 0.46796875 0.41328125 0.0765625 0.021875
1 0.46875 0.37578125 0.0625 0.025
1 0.50703125 0.37890625 0.0765625 0.0421875
1 0.465625 0.33203125 0.0828125 0.0484375
1 0.446875 0.328125 0.053125 0.0609375
1 0.49765625 0.334375 0.078125 0.021875
1 0.40625 0.346875 0.0765625 0.0296875
1 0.47109375 0.30625 0.0546875 0.0234375
1 0.503125 0.2828125 0.0671875 0.03125
1 0.4671875 0.28828125 0.075 0.0265625
1 0.403125 0.28515625 0.0546875 0.0375
1 0.45625 0.21953125 0.0921875 0.0265625
1 0.3515625 0.246875 0.0234375 0.0703125
1 0.31953125 0.2484375 0.025 0.0546875
1 0.3015625 0.24609375 0.0421875 0.0609375
1 0.31015625 0.278125 0.0703125 0.0421875
1 0.309375 0.32578125 0.0546875 0.0515625
1 0.3125 0.30546875 0.0328125 0.0296875
1 0.32421875 0.35625 0.0296875 0.0390625
1 0.296875 0.40546875 0.0671875 0.034375
1 0.27109375 0.26640625 0.046875 0.0609375
1 0.25546875 0.284375 0.034375 0.0703125
1 0.18125 0.296875 0.0953125 0.0140625
1 0.2078125 0.30234375 0.06875 0.025
1 0.221875 0.39921875 0.078125 0.0390625
1 0.22734375 0.4453125 0.0390625 0.071875
1 0.24921875 0.4953125 0.03125 0.0671875
1 0.23359375 0.49921875 0.03125 0.06875
1 0.246875 0.5484375 0.05625 0.053125
1 0.20078125 0.5328125 0.0640625 0.046875
1 0.31171875 0.54765625 0.0328125 0.0515625
1 0.32109375 0.58125 0.059375 0.05625
1 0.3671875 0.61484375 0.0265625 0.0546875
1 0.31171875 0.6265625 0.06875 0.03125
1 0.30546875 0.66640625 0.0296875 0.0671875
1 0.303125 0.6234375 0.034375 0.0453125
1 0.3515625 0.67265625 0.0296875 0.059375
1 0.40234375 0.76875 0.0640625 0.046875
1 0.3328125 0.79140625 0.09375 0.025
1 0.28515625 0.77109375 0.1 0.01875
1 0.31953125 0.7578125 0.0703125 0.0203125
1 0.2140625 0.7546875 0.0359375 0.0734375
1 0.19453125 0.71328125 0.06875 0.0828125
1 0.25390625 0.684375 0.0703125 0.04375
1 0.19375 0.6765625 0.040625 0.0625
1 0.09140625 0.65546875 0.0296875 0.078125
1 0.12734375 0.64140625 0.0453125 0.065625
1 0.15390625 0.64609375 0.0671875 0.04375
1 0.0515625 0.6296875 0.0296875 0.0765625
1 0.11015625 0.59765625 0.0390625 0.0609375
1 0.078125 0.56875 0.0203125 0.059375
1 0.11171875 0.56484375 0.0296875 0.0578125
1 0.03203125 0.559375 0.0484375 0.0765625
1 0.1453125 0.540625 0.0265625 0.0671875
1 0.1328125 0.51484375 0.021875 0.0671875
1 0.1734375 0.46875 0.0625 0.021875
1 0.1640625 0.4546875 0.01875 0.05625
1 0.15 0.490625 0.025 0.053125
1 0.0765625 0.51640625 0.025 0.0625
1 0.11640625 0.48125 0.0671875 0.0234375
1 0.04453125 0.490625 0.0859375 0.0203125
1 0.0671875 0.4828125 0.0546875 0.0640625
1 0.05703125 0.47109375 0.1046875 0.0171875
1 0.0703125 0.44296875 0.084375 0.015625
1 0.07578125 0.40703125 0.08125 0.0359375
1 0.1578125 0.3890625 0.0328125 0.0515625
1 0.1015625 0.37734375 0.03125 0.075
1 0.0671875 0.39296875 0.0828125 0.0421875
