1 0.2625 0.62734375 0.05390625 0.084375
1 0.30546875 0.65 0.09296875 0.05546875
1 0.334375 0.56953125 0.08671875 0.04765625
1 0.37109375 0.6109375 0.04296875 0.07734375
1 0.3890625 0.559375 0.053125 0.06171875
1 0.23828125 0.75625 0.0421875 0.0875
1 0.26015625 0.71328125 0.06953125 0.08125
1 0.3203125 0.77265625 0.14375 0.04140625
1 0.3890625 0.71171875 0.12578125 0.0328125
1 0.259375 0.84609375 0.13515625 0.0703125
1 0.4078125 0.76953125 0.11484375 0.05078125
1 0.41796875 0.834375 0.1515625 0.03046875
1 0.4265625 0.59765625 0.05 0.05703125
1 0.421875 0.6578125 0.065625 0.0796875
1 0.45078125 0.55859375 0.0734375 0.03203125
1 0.5109375 0.60546875 0.128125 0.03203125
1 0.484375 0.56953125 0.0796875 0.03515625
1 0.540625 0.5421875 0.05234375 0.06953125
1 0.5625 0.55 0.0828125 0.0234375
1 0.48828125 0.53203125 0.08359375 0.03125
1 0.621875 0.5484375 0.0828125 0.05390625
1 0.6078125 0.54375 0.03671875 0.065625
1 0.665625 0.52421875 0.09140625 0.053125
1 0.66796875 0.5375 0.0375 0.06875
1 0.75234375 0.5875 0.0609375 0.07421875
1 0.75703125 0.54375 0.090625 0.0640625
1 0.76015625 0.58125 0.046875 0.06484375
1 0.67421875 0.62265625 0.05390625 0.07578125
1 0.82578125 0.6671875 0.1015625 0.05234375
1 0.80859375 0.62578125 0.10078125 0.03046875
1 0.746875 0.68125 0.053125 0.08828125
1 0.74765625 0.640625 0.1 0.0421875
1 0.82109375 0.7046875 0.03828125 0.0953125
1 0.8890625 0.728125 0.071875 0.08046875
1 0.73515625 0.7421875 0.053125 0.06796875
1 0.62578125 0.6796875 0.053125 0.07421875
1 0.49921875 0.69609375 0.04609375 0.08984375
1 0.56953125 0.68984375 0.10234375 0.040625
1 0.65859375 0.73125 0.053125 0.090625
1 0.6671875 0.80625 0.1140625 0.05
1 0.58203125 0.834375 0.14375 0.046875
