1 0.59921875 0.365625 0.12109375 0.04921875
1 0.6015625 0.3203125 0.10703125 0.034375
1 0.61640625 0.409375 0.0765625 0.0828125
1 0.61015625 0.4265625 0.0515625 0.07734375
1 0.63828125 0.3671875 0.0921875 0.0484375
1 0.7078125 0.4015625 0.121875 0.040625
1 0.68515625 0.36484375 0.075 0.06875
1 0.4171875 0.46875 0.10859375 0.065625
1 0.46171875 0.43046875 0.040625 0.06953125
1 0.47109375 0.37890625 0.10703125 0.0625
1 0.5015625 0.3421875 0.0984375 0.034375
1 0.49921875 0.4953125 0.10625 0.04765625
1 0.5296875 0.46953125 0.090625 0.08828125
1 0.28671875 0.42265625 0.1515625 0.0375
1 0.18828125 0.46328125 0.06328125 0.05390625
1 0.12734375 0.46796875 0.10078125 0.06328125
1 0.12578125 0.5484375 0.05390625 0.08984375
1 0.42109375 0.5421875 0.06953125 0.0703125
1 0.7640625 0.43125 0.05 0.08984375
1 0.76484375 0.48984375 0.1265625 0.028125
1 0.83984375 0.53046875 0.06484375 0.06640625
1 0.94375 0.60703125 0.1 0.078125
1 0.78828125 0.6953125 0.15625 0.034375
1 0.76796875 0.6546875 0.12265625 0.06171875
1 0.75625 0.61875 0.13359375 0.0796875
1 0.74140625 0.5703125 0.0453125 0.046875
1 0.73359375 0.734375 0.059375 0.08359375
1 0.78125 0.75625 0.10859375 0.078125
1 0.65234375 0.7140625 0.15234375 0.08125
1 0.46953125 0.62265625 0.15390625 0.03125
1 0.51796875 0.5875 0.11015625 0.03828125
1 0.615625 0.61171875 0.153125 0.0796875
1 0.53515625 0.68046875 0.14140625 0.0515625
1 0.565625 0.82265625 0.09140625 0.13046875
1 0.490625 0.83515625 0.20859375 0.05
1 0.32265625 0.69453125 0.16171875 0.0640625
1 0.30703125 0.64765625 0.09296875 0.05390625
1 0.19921875 0.63828125 0.165625 0.03515625
1 0.12421875 0.72578125 0.17890625 0.053125
1 0.03984375 0.69140625 0.0796875 0.05234375
