1 0.37265625 0.14453125 0.1015625 0.03125
1 0.4453125 0.1390625 0.0609375 0.0421875
1 0.33359375 0.2234375 0.0875 0.0546875
1 0.32734375 0.20390625 0.071875 0.071875
1 0.23046875 0.16875 0.090625 0.028125
1 0.28359375 0.14453125 0.08125 0.025
1 0.58359375 0.13359375 0.0671875 0.0453125
1 0.6109375 0.146875 0.06875 0.0296875
1 0.5875 0.1796875 0.0703125 0.040625
1 0.5421875 0.17578125 0.0640625 0.0765625
1 0.68046875 0.15546875 0.0796875 0.0328125
1 0.7484375 0.19453125 0.034375 0.065625
1 0.76953125 0.22890625 0.090625 0.0234375
1 0.834375 0.2375 0.065625 0.03125
1 0.88671875 0.30078125 0.0640625 0.0609375
1 0.63046875 0.28203125 0.078125 0.0421875
1 0.49765625 0.2640625 0.021875 0.0703125
1 0.45859375 0.3 0.0875 0.0453125
1 0.34140625 0.32421875 0.125 0.04375
1 0.37578125 0.37890625 0.078125 0.0734375
1 0.55859375 0.3796875 0.1046875 0.025
1 0.634375 0.3515625 0.0859375 0.078125
1 0.77890625 0.38828125 0.0984375 0.0546875
1 0.534375 0.4328125 0.096875 0.046875
1 0.61953125 0.45703125 0.0984375 0.0484375
1 0.8703125 0.44140625 0.0265625 0.084375
1 0.9109375 0.421875 0.075 0.0609375
1 0.953125 0.44609375 0.0875 0.065625
1 0.89921875 0.52421875 0.0703125 0.084375
1 0.96015625 0.41796875 0.0390625 0.06875
1 0.925 0.63359375 0.0328125 0.1046875
1 0.95859375 0.6046875 0.0359375 0.0875
1 0.853125 0.621875 0.0484375 0.090625
1 0.784375 0.5296875 0.0859375 0.0703125
1 0.73515625 0.54609375 0.059375 0.0578125
1 0.7828125 0.6375 0.0671875 0.0734375
1 0.8078125 0.72578125 0.028125 0.1046875
1 0.8375 0.6921875 0.0296875 0.0703125
1 0.75859375 0.7 0.0578125 0.0703125
1 0.86015625 0.759375 0.0890625 0.0875
1 0.76796875 0.8046875 0.0921875 0.0640625
1 0.73515625 0.796875 0.0890625 0.0578125
1 0.6578125 0.83828125 0.0890625 0.0859375
1 0.6953125 0.828125 0.0328125 0.084375
1 0.46484375 0.87890625 0.103125 0.0390625
1 0.6 0.76328125 0.090625 0.078125
1 0.55 0.79140625 0.065625 0.1046875
1 0.59765625 0.86015625 0.0984375 0.0640625
1 0.5703125 0.85625 0.0734375 0.05625
1 0.15234375 0.2296875 0.1328125 0.05
1 0.14609375 0.27734375 0.028125 0.0578125
1 0.1125 0.3265625 0.0453125 0.084375
1 0.065625 0.27734375 0.0875 0.0140625
1 0.209375 0.3484375 0.0625 0.078125
1 0.265625 0.42265625 0.0390625 0.06875
1 0.08828125 0.4578125 0.0328125 0.1015625
1 0.1640625 0.52578125 0.034375 0.0875
1 0.37421875 0.44140625 0.1046875 0.021875
1 0.5125 0.5125 0.090625 0.0515625
1 0.60390625 0.59765625 0.0578125 0.075
1 0.375 0.54453125 0.109375 0.0234375
1 0.19921875 0.61328125 0.046875 0.06875
1 0.1296875 0.60625 0.0609375 0.078125
1 0.18359375 0.7203125 0.075 0.05
1 0.3 0.7171875 0.0921875 0.0484375
1 0.52109375 0.66796875 0.0265625 0.0875
1 0.43828125 0.78359375 0.090625 0.053125
1 0.33828125 0.78828125 0.0984375 0.0359375
1 0.2640625 0.81328125 0.096875 0.0359375
1 0.3671875 0.85078125 0.11875 0.021875
1 0.47578125 0.83203125 0.1203125 0.0234375
1 0.434375 0.825 0.059375 0.015625
1 0.60703125 0.8734375 0.05625 0.0390625
