1 0.70859375 0.278125 0.08125 0.0390625
1 0.7265625 0.315625 0.071875 0.075
1 0.71953125 0.334375 0.090625 0.0578125
1 0.71015625 0.371875 0.05625 0.0625
1 0.62421875 0.30703125 0.1203125 0.025
1 0.65546875 0.28828125 0.09375 0.04375
1 0.6046875 0.26875 0.075 0.0296875
1 0.56484375 0.27421875 0.1046875 0.015625
1 0.5890625 0.31640625 0.06875 0.0796875
1 0.603125 0.3390625 0.109375 0.034375
1 0.56015625 0.36484375 0.103125 0.0203125
1 0.63046875 0.39296875 0.0359375 0.053125
1 0.67421875 0.41015625 0.0296875 0.0875
1 0.66953125 0.446875 0.0578125 0.0515625
1 0.62265625 0.4578125 0.1046875 0.01875
1 0.59921875 0.41328125 0.0265625 0.078125
1 0.57265625 0.4765625 0.08125 0.028125
1 0.74140625 0.41640625 0.053125 0.071875
1 0.8171875 0.40078125 0.109375 0.034375
1 0.78828125 0.39921875 0.0578125 0.0703125
1 0.80546875 0.43125 0.096875 0.0484375
1 0.8578125 0.4453125 0.0234375 0.065625
1 0.828125 0.459375 0.0984375 0.034375
1 0.81875 0.48359375 0.0859375 0.0171875
1 0.84765625 0.50859375 0.10625 0.021875
1 0.84140625 0.540625 0.10625 0.046875
1 0.78515625 0.57578125 0.0875 0.046875
1 0.84375 0.584375 0.028125 0.078125
1 0.7703125 0.6484375 0.0328125 0.0890625
1 0.70625 0.528125 0.0796875 0.065625
1 0.69453125 0.55234375 0.0671875 0.078125
1 0.6265625 0.56171875 0.0859375 0.0546875
1 0.61484375 0.625 0.09375 0.025
1 0.52578125 0.52578125 0.040625 0.0625
1 0.646875 0.6828125 0.059375 0.0625
1 0.70859375 0.70390625 0.1078125 0.0328125
1 0.7390625 0.74921875 0.084375 0.0625
1 0.665625 0.73359375 0.0875 0.05
1 0.59375 0.7015625 0.0421875 0.071875
1 0.53359375 0.70859375 0.0640625 0.0609375
1 0.52421875 0.621875 0.028125 0.0734375
1 0.47109375 0.62578125 0.0421875 0.0484375
1 0.44296875 0.67109375 0.03125 0.0859375
1 0.48984375 0.7265625 0.08125 0.0328125
1 0.64921875 0.765625 0.065625 0.046875
1 0.58671875 0.803125 0.090625 0.05625
1 0.553125 0.778125 0.1015625 0.0234375
1 0.48046875 0.7921875 0.0828125 0.0359375
1 0.4921875 0.81953125 0.1046875 0.028125
1 0.39296875 0.78671875 0.0953125 0.025
1 0.42734375 0.74453125 0.11875 0.0203125
1 0.4 0.61875 0.040625 0.0734375
1 0.4375 0.55234375 0.05625 0.0453125
1 0.40859375 0.56015625 0.0671875 0.05
1 0.421875 0.5078125 0.096875 0.021875
1 0.4359375 0.4546875 0.0546875 0.0609375
1 0.4296875 0.4109375 0.0890625 0.0359375
1 0.5046875 0.41328125 0.090625 0.0296875
1 0.428125 0.36875 0.1046875 0.0234375
1 0.46640625 0.31875 0.028125 0.078125
1 0.50546875 0.25859375 0.0890625 0.021875
1 0.428125 0.26328125 0.075 0.0484375
1 0.4203125 0.2859375 0.090625 0.021875
1 0.34453125 0.284375 0.09375 0.0234375
1 0.4 0.334375 0.0859375 0.028125
1 0.3265625 0.3234375 0.0609375 0.0625
1 0.37421875 0.44765625 0.071875 0.046875
1 0.32890625 0.4484375 0.034375 0.0609375
1 0.26171875 0.40703125 0.09375 0.065625
1 0.22421875 0.33828125 0.0984375 0.0265625
1 0.16328125 0.40078125 0.09375 0.0359375
1 0.21484375 0.45546875 0.08125 0.0390625
1 0.25625 0.4984375 0.0515625 0.065625
1 0.31875 0.540625 0.0359375 0.071875
1 0.1046875 0.44140625 0.0359375 0.06875
1 0.16171875 0.4703125 0.0671875 0.04375
1 0.1453125 0.48359375 0.0375 0.0640625
1 0.08828125 0.5 0.0609375 0.0421875
1 0.15390625 0.5390625 0.0484375 0.06875
1 0.1 0.56875 0.078125 0.065625
1 0.13515625 0.5765625 0.040625 0.071875
1 0.20859375 0.58046875 0.0265625 0.078125
1 0.23125 0.5375 0.05625 0.05625
1 0.26953125 0.5921875 0.034375 0.059375
1 0.1203125 0.61953125 0.0421875 0.0671875
1 0.24140625 0.64765625 0.1078125 0.0265625
1 0.13515625 0.6859375 0.0328125 0.0703125
1 0.35234375 0.62109375 0.0328125 0.065625
1 0.259375 0.69765625 0.025 0.053125
1 0.2859375 0.71640625 0.04375 0.065625
1 0.3421875 0.709375 0.1078125 0.03125
1 0.203125 0.7140625 0.084375 0.05625
1 0.1734375 0.73125 0.0546875 0.0546875
1 0.27421875 0.78828125 0.115625 0.0234375
1 0.31328125 0.76484375 0.065625 0.0625
