1 0.64453125 0.17421875 0.11875 0.0453125
1 0.7703125 0.2296875 0.1203125 0.0453125
1 0.809375 0.33984375 0.0765625 0.096875
1 0.58125 0.2578125 0.1359375 0.0609375
1 0.40234375 0.275 0.1328125 0.028125
1 0.29609375 0.3234375 0.1078125 0.0625
1 0.24921875 0.38984375 0.1125 0.0609375
1 0.14609375 0.33515625 0.0453125 0.084375
1 0.15234375 0.49453125 0.1203125 0.0390625
1 0.328125 0.48828125 0.11875 0.046875
1 0.490625 0.4796875 0.0984375 0.04375
1 0.5234375 0.59140625 0.0359375 0.096875
1 0.12578125 0.51796875 0.065625 0.078125
1 0.13828125 0.5625 0.109375 0.0546875
1 0.2953125 0.7 0.115625 0.059375
1 0.3125 0.71796875 0.1078125 0.053125
1 0.4484375 0.76953125 0.1265625 0.0359375
