1 0.55078125 0.78671875 0.0484375 0.071875
1 0.61796875 0.778125 0.1125 0.0265625
1 0.53203125 0.76484375 0.1 0.0421875
1 0.490625 0.7828125 0.0671875 0.059375
1 0.4234375 0.7953125 0.096875 0.046875
1 0.54765625 0.74296875 0.0875 0.0203125
1 0.46328125 0.715625 0.0625 0.065625
1 0.41796875 0.76328125 0.090625 0.0140625
1 0.41640625 0.7296875 0.065625 0.065625
1 0.4015625 0.69765625 0.0359375 0.0546875
1 0.38828125 0.75625 0.0921875 0.0171875
1 0.6015625 0.7203125 0.0828125 0.040625
1 0.54296875 0.70859375 0.0765625 0.0265625
1 0.63046875 0.69609375 0.0828125 0.034375
1 0.55703125 0.64296875 0.0390625 0.0703125
1 0.5734375 0.63515625 0.0265625 0.05625
1 0.49140625 0.634375 0.0390625 0.0734375
1 0.446875 0.6015625 0.0671875 0.078125
1 0.3390625 0.73203125 0.0765625 0.0640625
1 0.2984375 0.765625 0.0796875 0.025
1 0.328125 0.71796875 0.0515625 0.065625
1 0.33359375 0.64765625 0.0703125 0.075
1 0.31875 0.6796875 0.04375 0.04375
1 0.2546875 0.725 0.0578125 0.0625
1 0.2625 0.68515625 0.075 0.04375
1 0.23359375 0.71796875 0.09375 0.0265625
1 0.24921875 0.6390625 0.0546875 0.0640625
1 0.2859375 0.61953125 0.0890625 0.05625
1 0.36953125 0.5734375 0.0296875 0.0734375
1 0.29609375 0.61328125 0.0765625 0.0546875
1 0.165625 0.64453125 0.0609375 0.0671875
1 0.13984375 0.58984375 0.025 0.06875
1 0.1609375 0.55546875 0.0625 0.0484375
1 0.21484375 0.5640625 0.08125 0.0171875
1 0.28828125 0.57890625 0.10625 0.021875
1 0.303125 0.54140625 0.0828125 0.0515625
1 0.31953125 0.534375 0.046875 0.0625
1 0.2546875 0.54296875 0.0390625 0.0609375
1 0.2796875 0.4859375 0.053125 0.0609375
1 0.190625 0.49765625 0.05625 0.0484375
1 0.40625 0.53203125 0.0828125 0.03125
1 0.3375 0.5 0.0609375 0.0625
1 0.38671875 0.48671875 0.0453125 0.0640625
1 0.42265625 0.50078125 0.0328125 0.05625
1 0.34609375 0.44375 0.0359375 0.06875
1 0.39140625 0.44609375 0.0703125 0.0421875
1 0.44140625 0.44609375 0.0359375 0.059375
1 0.45703125 0.425 0.0890625 0.0375
1 0.45234375 0.525 0.0296875 0.075
1 0.503125 0.5296875 0.08125 0.021875
1 0.50703125 0.48984375 0.0390625 0.09375
1 0.49765625 0.47734375 0.059375 0.0703125
1 0.53671875 0.55078125 0.05625 0.0609375
1 0.5703125 0.5828125 0.078125 0.0234375
1 0.096875 0.5453125 0.03125 0.075
1 0.08046875 0.50546875 0.034375 0.059375
1 0.08046875 0.45234375 0.04375 0.0453125
1 0.11328125 0.3921875 0.0609375 0.0765625
1 0.1421875 0.42578125 0.021875 0.06875
1 0.12734375 0.390625 0.0453125 0.0390625
1 0.12578125 0.328125 0.0546875 0.053125
1 0.16640625 0.353125 0.0484375 0.071875
1 0.21875 0.39375 0.065625 0.040625
1 0.190625 0.44453125 0.0625 0.059375
1 0.209375 0.359375 0.0703125 0.046875
1 0.2015625 0.3234375 0.075 0.04375
1 0.23359375 0.325 0.0921875 0.0234375
1 0.2875 0.3765625 0.075 0.03125
1 0.33671875 0.3515625 0.084375 0.0390625
1 0.2921875 0.29765625 0.090625 0.021875
1 0.2859375 0.22421875 0.0546875 0.0734375
1 0.33515625 0.26796875 0.0921875 0.034375
1 0.36171875 0.171875 0.084375 0.0375
1 0.45546875 0.171875 0.1 0.0359375
1 0.4578125 0.23828125 0.078125 0.0421875
1 0.49921875 0.23671875 0.0890625 0.0390625
1 0.4375 0.28046875 0.071875 0.04375
1 0.45625 0.29375 0.040625 0.0703125
1 0.509375 0.27578125 0.0328125 0.0703125
1 0.53046875 0.303125 0.0890625 0.04375
1 0.55390625 0.2984375 0.0703125 0.0234375
1 0.52265625 0.321875 0.0765625 0.0484375
1 0.43203125 0.3390625 0.0875 0.0234375
1 0.58828125 0.33125 0.0796875 0.0234375
1 0.5796875 0.265625 0.046875 0.0609375
1 0.57890625 0.23046875 0.0828125 0.0390625
1 0.6015625 0.20625 0.1203125 0.028125
1 0.65390625 0.23828125 0.090625 0.0421875
1 0.68515625 0.26171875 0.0265625 0.075
1 0.62421875 0.3109375 0.046875 0.06875
1 0.6578125 0.35703125 0.084375 0.053125
1 0.5578125 0.378125 0.0828125 0.053125
1 0.46953125 0.37734375 0.071875 0.0203125
1 0.39921875 0.3875 0.1 0.0234375
1 0.534375 0.44140625 0.0765625 0.0234375
1 0.5671875 0.41640625 0.0359375 0.0625
1 0.60078125 0.40859375 0.0703125 0.0625
1 0.58828125 0.44765625 0.078125 0.05625
1 0.659375 0.42578125 0.0671875 0.0515625
1 0.64375 0.4046875 0.0890625 0.0390625
1 0.73359375 0.321875 0.046875 0.05625
1 0.7234375 0.3640625 0.0640625 0.05
1 0.70859375 0.3828125 0.0265625 0.06875
1 0.69765625 0.42734375 0.05 0.0625
1 0.71328125 0.4640625 0.059375 0.0703125
1 0.7265625 0.4671875 0.0640625 0.0515625
1 0.7046875 0.49609375 0.071875 0.0375
1 0.728125 0.4265625 0.0484375 0.0625
1 0.75390625 0.41484375 0.0578125 0.0703125
1 0.759375 0.365625 0.0609375 0.0421875
1 0.79296875 0.35234375 0.0421875 0.059375
1 0.82265625 0.34609375 0.0734375 0.0703125
1 0.8359375 0.3984375 0.05625 0.065625
1 0.82421875 0.434375 0.04375 0.065625
1 0.81640625 0.42265625 0.0375 0.084375
1 0.80546875 0.446875 0.028125 0.053125
1 0.80546875 0.4953125 0.0625 0.0609375
1 0.8078125 0.47890625 0.0359375 0.0515625
1 0.77421875 0.47421875 0.0390625 0.065625
1 0.79921875 0.52734375 0.03125 0.0671875
1 0.815625 0.48671875 0.0234375 0.034375
1 0.85625 0.49296875 0.034375 0.059375
1 0.87109375 0.44140625 0.03125 0.0875
1 0.88984375 0.51484375 0.0265625 0.0828125
1 0.86484375 0.55078125 0.025 0.0796875
1 0.8265625 0.5828125 0.059375 0.0640625
1 0.82109375 0.57265625 0.0546875 0.071875
1 0.8640625 0.6375 0.05625 0.059375
1 0.85078125 0.621875 0.0796875 0.0546875
1 0.81171875 0.6515625 0.0546875 0.0890625
1 0.8140625 0.66796875 0.0921875 0.0375
1 0.7609375 0.6609375 0.09375 0.059375
1 0.76796875 0.7109375 0.0671875 0.075
1 0.75 0.69921875 0.0765625 0.05
1 0.6921875 0.7125 0.0875 0.040625
1 0.71328125 0.7109375 0.0703125 0.0609375
1 0.6703125 0.709375 0.0796875 0.0359375
1 0.6875 0.746875 0.115625 0.0328125
1 0.66328125 0.65078125 0.046875 0.075
1 0.7171875 0.621875 0.0796875 0.05
1 0.77421875 0.60859375 0.0546875 0.0515625
1 0.76484375 0.59921875 0.0453125 0.0578125
1 0.76484375 0.56875 0.06875 0.05625
1 0.7046875 0.5796875 0.03125 0.071875
1 0.62734375 0.609375 0.0796875 0.015625
1 0.66484375 0.56953125 0.0296875 0.078125
1 0.61484375 0.5421875 0.028125 0.065625
1 0.5984375 0.5328125 0.0984375 0.0234375
1 0.7046875 0.5359375 0.0328125 0.0859375
1 0.76328125 0.52578125 0.06875 0.06875
1 0.58828125 0.4921875 0.065625 0.0390625
