1 0.709375 0.7375 0.06875 0.075
1 0.684375 0.70703125 0.078125 0.0703125
1 0.61875 0.7 0.059375 0.0546875
1 0.61953125 0.77421875 0.040625 0.0765625
1 0.54296875 0.8171875 0.03125 0.103125
1 0.4875 0.78671875 0.0734375 0.0296875
1 0.45390625 0.74296875 0.0296875 0.075
1 0.3890625 0.77890625 0.0703125 0.0296875
1 0.36875 0.7125 0.0734375 0.0484375
1 0.4296875 0.64375 0.021875 0.1046875
1 0.65390625 0.6234375 0.0796875 0.025
1 0.52890625 0.56796875 0.059375 0.075
1 0.57734375 0.54453125 0.0390625 0.109375
1 0.68515625 0.54765625 0.0796875 0.034375
1 0.78046875 0.53359375 0.08125 0.0671875
1 0.61875 0.4875 0.0671875 0.05
1 0.60859375 0.4234375 0.090625 0.0578125
1 0.7234375 0.40859375 0.075 0.0546875
1 0.5078125 0.44921875 0.05625 0.0703125
1 0.42578125 0.54375 0.0203125 0.1015625
1 0.3234375 0.60703125 0.0390625 0.0921875
1 0.3578125 0.5453125 0.0609375 0.03125
1 0.30546875 0.55703125 0.046875 0.0953125
1 0.3453125 0.465625 0.028125 0.0890625
1 0.32734375 0.3 0.0703125 0.078125
1 0.34296875 0.2859375 0.0515625 0.090625
1 0.3609375 0.2140625 0.0734375 0.0453125
1 0.40703125 0.22734375 0.0625 0.0921875
1 0.44296875 0.26796875 0.0265625 0.109375
1 0.4765625 0.334375 0.084375 0.04375
1 0.53359375 0.284375 0.0328125 0.078125
1 0.56640625 0.25703125 0.040625 0.096875
1 0.70234375 0.27890625 0.0625 0.09375
1 0.5015625 0.15078125 0.08125 0.0640625
1 0.2765625 0.6390625 0.034375 0.0984375
1 0.25390625 0.53359375 0.0265625 0.1125
1 0.29140625 0.4203125 0.0765625 0.065625
