1 0.59375 0.74296875 0.0796875 0.015625
1 0.6203125 0.69609375 0.0828125 0.0421875
1 0.54140625 0.709375 0.0625 0.0515625
1 0.49140625 0.68671875 0.0546875 0.059375
1 0.39921875 0.71328125 0.0640625 0.075
1 0.29921875 0.6796875 0.046875 0.071875
1 0.23828125 0.66015625 0.0625 0.06875
1 0.23203125 0.59765625 0.125 0.0296875
1 0.3453125 0.625 0.1 0.0265625
1 0.4 0.5859375 0.0921875 0.0375
1 0.22578125 0.5546875 0.0765625 0.0515625
1 0.34375 0.53125 0.0671875 0.0640625
1 0.4109375 0.53046875 0.0625 0.0546875
1 0.53046875 0.58359375 0.053125 0.0671875
1 0.6171875 0.56875 0.04375 0.0765625
1 0.77734375 0.625 0.1234375 0.0265625
1 0.72578125 0.52890625 0.09375 0.0484375
1 0.815625 0.56953125 0.09375 0.0453125
1 0.6671875 0.49453125 0.028125 0.06875
1 0.77890625 0.4921875 0.0859375 0.040625
1 0.84765625 0.4734375 0.0546875 0.078125
1 0.7625 0.43515625 0.065625 0.0546875
1 0.4765625 0.48671875 0.040625 0.08125
1 0.35546875 0.4734375 0.078125 0.059375
1 0.17890625 0.5046875 0.090625 0.0390625
1 0.24296875 0.4828125 0.0703125 0.0828125
1 0.18828125 0.45 0.028125 0.06875
1 0.2578125 0.33203125 0.06875 0.0484375
1 0.35234375 0.43359375 0.0671875 0.0609375
1 0.46015625 0.4203125 0.1140625 0.0234375
1 0.56171875 0.39296875 0.0546875 0.0734375
1 0.715625 0.3953125 0.0921875 0.040625
1 0.65625 0.36640625 0.090625 0.0484375
1 0.81015625 0.37890625 0.0265625 0.078125
1 0.85390625 0.41953125 0.05625 0.0546875
1 0.8359375 0.40703125 0.084375 0.0265625
1 0.7640625 0.35390625 0.0515625 0.0625
1 0.69609375 0.340625 0.078125 0.0609375
1 0.6203125 0.2515625 0.078125 0.034375
1 0.6421875 0.29140625 0.0703125 0.0484375
1 0.58203125 0.3375 0.090625 0.028125
1 0.49609375 0.3640625 0.09375 0.0296875
1 0.390625 0.37734375 0.0578125 0.040625
1 0.34140625 0.34140625 0.0703125 0.040625
1 0.303125 0.33359375 0.0515625 0.059375
1 0.3953125 0.3078125 0.0390625 0.0625
1 0.43671875 0.31640625 0.0296875 0.0609375
1 0.48984375 0.2921875 0.0640625 0.0421875
1 0.52578125 0.31875 0.059375 0.0484375
1 0.48203125 0.25859375 0.0921875 0.0421875
1 0.359375 0.278125 0.1046875 0.034375
