1 0.6328125 0.8109375 0.1046875 0.0515625
1 0.52421875 0.8125 0.090625 0.03125
1 0.34453125 0.78203125 0.078125 0.0765625
1 0.25859375 0.70703125 0.071875 0.071875
1 0.2078125 0.5296875 0.0296875 0.1484375
1 0.2765625 0.5609375 0.0296875 0.1390625
1 0.3375 0.53671875 0.078125 0.046875
1 0.39375 0.54765625 0.053125 0.1234375
1 0.4390625 0.6515625 0.0453125 0.1046875
1 0.49375 0.7265625 0.1 0.05
1 0.67890625 0.6921875 0.0609375 0.0828125
1 0.534375 0.6046875 0.0390625 0.1109375
1 0.5765625 0.528125 0.03125 0.11875
1 0.70859375 0.42421875 0.0734375 0.0796875
1 0.4671875 0.41796875 0.0609375 0.1015625
1 0.340625 0.42734375 0.0640625 0.06875
1 0.2328125 0.33203125 0.0875 0.078125
1 0.32421875 0.271875 0.0984375 0.0546875
1 0.41015625 0.2515625 0.0609375 0.10625
1 0.50625 0.2296875 0.0328125 0.1265625
1 0.53203125 0.34140625 0.0328125 0.08125
1 0.59921875 0.290625 0.0859375 0.03125
1 0.678125 0.2625 0.059375 0.0859375
1 0.690625 0.19296875 0.0859375 0.0765625
1 0.36171875 0.14453125 0.0890625 0.0671875
1 0.4390625 0.1640625 0.071875 0.059375
