1 0.3953125 0.79453125 0.115625 0.0359375
1 0.653125 0.7265625 0.0578125 0.1203125
1 0.30546875 0.7171875 0.1265625 0.03125
1 0.31171875 0.65390625 0.053125 0.1203125
1 0.7546875 0.653125 0.103125 0.09375
1 0.2328125 0.51328125 0.13125 0.046875
1 0.46484375 0.45703125 0.09375 0.0953125
1 0.5515625 0.50546875 0.1046875 0.090625
1 0.68671875 0.55546875 0.1125 0.03125
1 0.7703125 0.53046875 0.1234375 0.0625
1 0.69921875 0.43125 0.040625 0.0953125
1 0.796875 0.39140625 0.0828125 0.0859375
1 0.63515625 0.3296875 0.140625 0.0421875
1 0.2875 0.3140625 0.0828125 0.0796875
1 0.6625 0.28359375 0.121875 0.040625
1 0.24375 0.23671875 0.096875 0.0671875
1 0.4953125 0.19296875 0.128125 0.0296875
