1 0.38671875 0.9078125 0.175 0.0796875
1 0.540625 0.865625 0.065625 0.1171875
1 0.69453125 0.8796875 0.15625 0.040625
1 0.47265625 0.76171875 0.0453125 0.128125
1 0.6796875 0.76875 0.0515625 0.1078125
1 0.78671875 0.76953125 0.04375 0.140625
1 0.89921875 0.7375 0.0546875 0.1140625
1 0.88828125 0.6578125 0.0796875 0.0796875
1 0.2125 0.828125 0.15625 0.0625
1 0.34375 0.7296875 0.13125 0.065625
1 0.2125 0.7328125 0.128125 0.0984375
1 0.0234375 0.6796875 0.046875 0.11875
1 0.16953125 0.67109375 0.1640625 0.0359375
1 0.1609375 0.603125 0.1421875 0.04375
1 0.10703125 0.5390625 0.075 0.075
1 0.11953125 0.44765625 0.0734375 0.05625
1 0.16953125 0.36953125 0.1078125 0.0484375
1 0.2859375 0.4765625 0.1140625 0.065625
1 0.3546875 0.42578125 0.053125 0.090625
1 0.27578125 0.58203125 0.078125 0.0828125
1 0.425 0.5640625 0.053125 0.1046875
1 0.3421875 0.56640625 0.0625 0.0828125
1 0.39765625 0.50859375 0.1140625 0.0203125
1 0.53984375 0.5546875 0.0421875 0.090625
1 0.45625 0.440625 0.04375 0.0890625
1 0.465625 0.325 0.0546875 0.075
1 0.52109375 0.35 0.121875 0.046875
1 0.48359375 0.409375 0.0515625 0.0640625
1 0.609375 0.37578125 0.1328125 0.0421875
1 0.67578125 0.41875 0.075 0.0625
1 0.7390625 0.37265625 0.09375 0.0765625
1 0.590625 0.28046875 0.1265625 0.03125
1 0.80859375 0.43984375 0.0375 0.0671875
1 0.74609375 0.48359375 0.128125 0.0453125
1 0.6 0.48046875 0.109375 0.0453125
1 0.66171875 0.55 0.0609375 0.0859375
1 0.6859375 0.60859375 0.0671875 0.0671875
1 0.74453125 0.55 0.1265625 0.0234375
1 0.60546875 0.68125 0.0609375 0.11875
1 0.71171875 0.66875 0.128125 0.0625
1 0.86953125 0.5734375 0.1546875 0.028125
1 0.88515625 0.57578125 0.0953125 0.10625
