1 0.5453125 0.80703125 0.059375 0.0671875
1 0.42421875 0.81796875 0.1046875 0.028125
1 0.29921875 0.76328125 0.0796875 0.03125
1 0.4125 0.78359375 0.08125 0.0265625
1 0.6125 0.7765625 0.09375 0.0484375
1 0.3984375 0.69921875 0.040625 0.0625
1 0.35078125 0.6359375 0.0765625 0.0515625
1 0.25078125 0.634375 0.1125 0.04375
1 0.7046875 0.6609375 0.0984375 0.0546875
1 0.71328125 0.57890625 0.0671875 0.0859375
1 0.5875 0.59765625 0.0734375 0.0609375
1 0.52421875 0.553125 0.0390625 0.0578125
1 0.48046875 0.50703125 0.053125 0.05625
1 0.6265625 0.515625 0.034375 0.0734375
1 0.753125 0.540625 0.065625 0.0734375
1 0.46171875 0.41328125 0.09375 0.04375
1 0.3046875 0.421875 0.0640625 0.0640625
