1 0.36484375 0.14453125 0.103125 0.0546875
1 0.409375 0.16875 0.06875 0.0734375
1 0.5125 0.22265625 0.0953125 0.0375
1 0.50078125 0.17421875 0.075 0.0296875
1 0.58203125 0.1546875 0.1046875 0.0375
1 0.678125 0.19375 0.059375 0.0859375
1 0.675 0.27109375 0.0859375 0.065625
1 0.75859375 0.26015625 0.08125 0.0484375
1 0.85625 0.28203125 0.1171875 0.0328125
1 0.88515625 0.34453125 0.078125 0.0953125
1 0.73515625 0.31953125 0.109375 0.0296875
1 0.7578125 0.38359375 0.0921875 0.0765625
1 0.84296875 0.45234375 0.04375 0.0765625
1 0.84765625 0.4046875 0.10625 0.0421875
1 0.93359375 0.43984375 0.1203125 0.05
1 0.78046875 0.61484375 0.0734375 0.075
1 0.79296875 0.6 0.028125 0.084375
1 0.8078125 0.55859375 0.0421875 0.059375
1 0.875 0.5203125 0.0453125 0.0453125
1 0.8875 0.57265625 0.021875 0.0890625
1 0.940625 0.60078125 0.0375 0.09375
1 0.971875 0.58359375 0.0265625 0.0640625
1 0.2734375 0.1984375 0.1015625 0.0375
1 0.34765625 0.22734375 0.084375 0.0453125
1 0.359375 0.2921875 0.075 0.0375
1 0.359375 0.2546875 0.053125 0.0765625
1 0.4265625 0.240625 0.06875 0.053125
1 0.53046875 0.284375 0.0828125 0.0390625
1 0.4703125 0.35 0.1 0.0375
1 0.4859375 0.31796875 0.10625 0.046875
1 0.39765625 0.340625 0.0421875 0.0609375
1 0.38828125 0.390625 0.10625 0.034375
1 0.2046875 0.60234375 0.0890625 0.06875
1 0.24375 0.553125 0.0609375 0.059375
1 0.2359375 0.50859375 0.0375 0.0859375
1 0.29375 0.4796875 0.0546875 0.071875
1 0.309375 0.409375 0.0609375 0.04375
1 0.27890625 0.3359375 0.0453125 0.078125
1 0.24375 0.2671875 0.096875 0.0515625
1 0.17734375 0.38984375 0.11875 0.0671875
1 0.19375 0.3265625 0.1015625 0.0296875
1 0.11640625 0.45546875 0.046875 0.065625
1 0.103125 0.4359375 0.059375 0.06875
1 0.12890625 0.39453125 0.05 0.0609375
1 0.1125 0.35625 0.0546875 0.059375
1 0.16796875 0.3078125 0.0609375 0.04375
1 0.184375 0.48203125 0.084375 0.046875
1 0.20546875 0.43125 0.0984375 0.040625
1 0.084375 0.575 0.04375 0.0703125
1 0.13828125 0.5375 0.10625 0.0390625
1 0.4875 0.4515625 0.034375 0.0625
1 0.54609375 0.41875 0.0515625 0.0734375
1 0.47890625 0.41640625 0.0953125 0.025
1 0.66796875 0.37578125 0.04375 0.078125
1 0.6203125 0.47109375 0.075 0.046875
1 0.61328125 0.4578125 0.059375 0.05
1 0.49296875 0.48671875 0.0953125 0.0421875
1 0.31953125 0.48515625 0.028125 0.06875
1 0.36328125 0.48125 0.059375 0.0671875
1 0.40703125 0.45546875 0.096875 0.03125
1 0.315625 0.58828125 0.0453125 0.0859375
1 0.3984375 0.565625 0.0671875 0.05
1 0.4359375 0.5921875 0.0421875 0.0828125
1 0.45859375 0.68359375 0.096875 0.0328125
1 0.48125 0.64609375 0.0765625 0.0359375
1 0.51015625 0.590625 0.084375 0.0328125
1 0.56171875 0.55 0.1015625 0.0265625
1 0.671875 0.60078125 0.10625 0.0203125
1 0.70625 0.56015625 0.0859375 0.028125
1 0.7046875 0.521875 0.0828125 0.0265625
1 0.7203125 0.5140625 0.040625 0.0796875
1 0.70234375 0.64453125 0.090625 0.028125
1 0.59609375 0.659375 0.0828125 0.078125
1 0.51953125 0.71953125 0.0515625 0.078125
1 0.63671875 0.7203125 0.059375 0.0828125
1 0.72734375 0.740625 0.034375 0.078125
1 0.73828125 0.71171875 0.0875 0.046875
1 0.86015625 0.72109375 0.071875 0.065625
1 0.85546875 0.68125 0.0640625 0.0625
1 0.89375 0.671875 0.053125 0.090625
1 0.8359375 0.6546875 0.046875 0.05625
1 0.68828125 0.8171875 0.1171875 0.0265625
1 0.6546875 0.79375 0.078125 0.0609375
1 0.5890625 0.85078125 0.059375 0.0765625
1 0.58828125 0.82109375 0.0546875 0.0765625
1 0.4984375 0.84375 0.1 0.0265625
1 0.459375 0.81484375 0.1109375 0.0375
1 0.23203125 0.66875 0.071875 0.078125
1 0.28125 0.6625 0.0578125 0.0890625
1 0.15703125 0.66484375 0.078125 0.075
1 0.35625 0.7234375 0.059375 0.06875
1 0.34921875 0.69140625 0.078125 0.0421875
1 0.3953125 0.70703125 0.0640625 0.0734375
1 0.396875 0.7671875 0.075 0.0625
1 0.3484375 0.80234375 0.1015625 0.0578125
