1 0.17734375 0.31796875 0.06875 0.0796875
1 0.4765625 0.1875 0.115625 0.0578125
1 0.45703125 0.3125 0.075 0.0765625
1 0.66640625 0.27890625 0.0578125 0.071875
1 0.56484375 0.36328125 0.1171875 0.0515625
1 0.4703125 0.3953125 0.0609375 0.0765625
1 0.684375 0.36875 0.0765625 0.059375
1 0.77421875 0.3578125 0.028125 0.0921875
1 0.76640625 0.44921875 0.0578125 0.09375
1 0.58515625 0.45703125 0.05 0.09375
1 0.6015625 0.5015625 0.0578125 0.0875
1 0.66796875 0.58125 0.0734375 0.075
1 0.734375 0.5921875 0.071875 0.0703125
1 0.3265625 0.55 0.0390625 0.1046875
1 0.209375 0.559375 0.053125 0.10625
1 0.40078125 0.61484375 0.1109375 0.0328125
1 0.65390625 0.6640625 0.1078125 0.0265625
