1 0.5171875 0.74765625 0.071875 0.0734375
1 0.46484375 0.709375 0.0859375 0.025
1 0.39609375 0.75078125 0.09375 0.01875
1 0.64296875 0.709375 0.078125 0.0609375
1 0.71953125 0.6984375 0.1015625 0.021875
1 0.71796875 0.66875 0.109375 0.0234375
1 0.74453125 0.640625 0.075 0.0578125
1 0.7796875 0.64375 0.0390625 0.0671875
1 0.72421875 0.615625 0.0875 0.0328125
1 0.825 0.6515625 0.0375 0.0578125
1 0.83359375 0.59140625 0.0390625 0.090625
1 0.8390625 0.58984375 0.06875 0.071875
1 0.78359375 0.58125 0.0703125 0.0671875
1 0.884375 0.5734375 0.0421875 0.059375
1 0.87578125 0.5265625 0.0421875 0.06875
1 0.91484375 0.5140625 0.021875 0.075
1 0.86796875 0.50234375 0.0203125 0.040625
1 0.85390625 0.46171875 0.0390625 0.0546875
1 0.87734375 0.434375 0.046875 0.0859375
1 0.85234375 0.43671875 0.0296875 0.0625
1 0.91171875 0.43046875 0.040625 0.096875
1 0.82890625 0.5046875 0.0296875 0.078125
1 0.775 0.51171875 0.0984375 0.065625
1 0.7546875 0.55703125 0.10625 0.0265625
1 0.7109375 0.5171875 0.0921875 0.025
1 0.7375 0.4671875 0.109375 0.0421875
1 0.6484375 0.665625 0.10625 0.03125
1 0.58515625 0.6578125 0.109375 0.0390625
1 0.45546875 0.6671875 0.0625 0.059375
1 0.3828125 0.6953125 0.0546875 0.09375
1 0.39609375 0.63359375 0.0921875 0.0265625
1 0.5328125 0.62734375 0.0828125 0.065625
1 0.3921875 0.59765625 0.09375 0.04375
1 0.46953125 0.590625 0.0671875 0.0703125
1 0.62890625 0.58828125 0.0421875 0.0625
1 0.6171875 0.5109375 0.0390625 0.075
1 0.21015625 0.67890625 0.075 0.0578125
1 0.2953125 0.70546875 0.0640625 0.071875
1 0.27578125 0.65 0.1109375 0.0703125
1 0.1625 0.6125 0.025 0.0734375
1 0.16953125 0.5484375 0.0546875 0.0734375
1 0.26171875 0.51484375 0.090625 0.0390625
1 0.44921875 0.53046875 0.0765625 0.0390625
1 0.4703125 0.50703125 0.0828125 0.0265625
1 0.55546875 0.5109375 0.0390625 0.046875
1 0.63671875 0.4609375 0.08125 0.053125
1 0.11328125 0.540625 0.03125 0.0578125
1 0.384375 0.48046875 0.0625 0.059375
1 0.4671875 0.45625 0.0953125 0.05
1 0.56015625 0.43203125 0.090625 0.01875
1 0.61875 0.3953125 0.090625 0.0421875
1 0.24453125 0.47109375 0.0828125 0.025
1 0.11171875 0.484375 0.0328125 0.071875
1 0.13671875 0.4796875 0.1328125 0.04375
1 0.13046875 0.43359375 0.109375 0.040625
1 0.296875 0.42890625 0.03125 0.0703125
1 0.2296875 0.4296875 0.0890625 0.05625
1 0.35625 0.4453125 0.090625 0.0265625
1 0.34765625 0.4 0.053125 0.08125
1 0.40546875 0.4 0.0453125 0.071875
1 0.47890625 0.40390625 0.096875 0.0296875
1 0.44296875 0.38671875 0.0671875 0.06875
1 0.41171875 0.3953125 0.0296875 0.078125
1 0.596875 0.359375 0.0890625 0.046875
1 0.6796875 0.35390625 0.0328125 0.0875
1 0.7546875 0.4015625 0.0625 0.09375
1 0.72578125 0.4109375 0.0625 0.053125
1 0.7984375 0.434375 0.0515625 0.0765625
1 0.828125 0.33515625 0.1328125 0.0390625
1 0.11015625 0.37421875 0.025 0.0625
1 0.16875 0.3296875 0.0453125 0.0859375
1 0.15 0.40234375 0.090625 0.040625
1 0.1625 0.39296875 0.08125 0.04375
1 0.25703125 0.34921875 0.0453125 0.078125
1 0.31328125 0.33671875 0.0984375 0.04375
1 0.36875 0.3359375 0.0234375 0.0734375
1 0.45390625 0.29375 0.1171875 0.0359375
1 0.4890625 0.35 0.1265625 0.06875
1 0.275 0.27890625 0.11875 0.046875
1 0.33203125 0.24453125 0.0859375 0.084375
1 0.4328125 0.24296875 0.090625 0.03125
1 0.5203125 0.23515625 0.125 0.0625
1 0.5046875 0.25703125 0.0765625 0.0703125
1 0.40859375 0.1640625 0.1015625 0.0609375
1 0.4109375 0.20078125 0.0953125 0.05
1 0.52421875 0.1453125 0.1 0.0328125
1 0.58515625 0.1875 0.125 0.0453125
1 0.60390625 0.23984375 0.1125 0.04375
1 0.60234375 0.3015625 0.1015625 0.0265625
1 0.7078125 0.3 0.096875 0.04375
1 0.79921875 0.25546875 0.0796875 0.053125
1 0.7625 0.3 0.09375 0.0515625
1 0.7 0.18671875 0.1203125 0.071875
1 0.6671875 0.23828125 0.096875 0.053125
1 0.71171875 0.2609375 0.10625 0.046875
