1 0.74375 0.221875 0.0609375 0.071875
1 0.48828125 0.259375 0.1015625 0.040625
1 0.3546875 0.29453125 0.090625 0.06875
1 0.465625 0.359375 0.0640625 0.08125
1 0.30546875 0.4078125 0.0859375 0.1140625
1 0.50390625 0.46328125 0.0828125 0.09375
1 0.6828125 0.5078125 0.0625 0.0953125
1 0.809375 0.45 0.109375 0.0328125
1 0.90625 0.6453125 0.04375 0.1015625
1 0.80078125 0.6328125 0.0890625 0.0890625
1 0.71015625 0.75546875 0.0609375 0.10625
1 0.425 0.7265625 0.11875 0.0484375
1 0.51484375 0.590625 0.1 0.0625
1 0.3125 0.5921875 0.071875 0.0859375
1 0.2328125 0.55078125 0.034375 0.0953125
1 0.12890625 0.61875 0.0375 0.1046875
1 0.45546875 0.89375 0.1453125 0.0453125
