1 0.17734375 0.68203125 0.06875 0.0796875
1 0.4765625 0.8125 0.115625 0.0578125
1 0.45703125 0.6875 0.075 0.0765625
1 0.66640625 0.72109375 0.0578125 0.071875
1 0.56484375 0.63671875 0.1171875 0.0515625
1 0.4703125 0.6046875 0.0609375 0.0765625
1 0.684375 0.63125 0.0765625 0.059375
1 0.77421875 0.6421875 0.028125 0.090625
1 0.76640625 0.55078125 0.0578125 0.09375
1 0.58515625 0.54296875 0.05 0.09375
1 0.6015625 0.4984375 0.0578125 0.0875
1 0.66796875 0.41875 0.0734375 0.075
1 0.734375 0.4078125 0.071875 0.0703125
1 0.3265625 0.45 0.0390625 0.1046875
1 0.209375 0.440625 0.053125 0.1078125
1 0.40078125 0.38515625 0.1109375 0.0328125
1 0.65390625 0.3359375 0.1078125 0.0265625
