1 0.67421875 0.26171875 0.1171875 0.06875
1 0.49296875 0.3171875 0.09375 0.0859375
1 0.34921875 0.3 0.1 0.0765625
1 0.13671875 0.3640625 0.1109375 0.04375
1 0.25078125 0.41484375 0.1421875 0.0359375
1 0.0359375 0.440625 0.065625 0.06875
1 0.56484375 0.38515625 0.0328125 0.1015625
1 0.5359375 0.42890625 0.115625 0.0609375
1 0.821875 0.34453125 0.121875 0.0578125
1 0.65546875 0.440625 0.05 0.1140625
1 0.88828125 0.44296875 0.05 0.0859375
1 0.7796875 0.53515625 0.065625 0.071875
1 0.85859375 0.62578125 0.05 0.08125
1 0.721875 0.6109375 0.0453125 0.096875
1 0.66484375 0.62421875 0.05625 0.059375
1 0.475 0.6109375 0.0390625 0.0921875
1 0.4265625 0.5015625 0.1078125 0.0640625
1 0.321875 0.56484375 0.1484375 0.025
1 0.15859375 0.48984375 0.0921875 0.078125
1 0.0578125 0.5140625 0.115625 0.046875
1 0.11171875 0.590625 0.1578125 0.0390625
1 0.3609375 0.62109375 0.121875 0.0359375
1 0.3640625 0.715625 0.109375 0.034375
1 0.35390625 0.78046875 0.075 0.0578125
1 0.46015625 0.7296875 0.046875 0.0546875
1 0.5984375 0.68984375 0.1359375 0.028125
