1 0.60234375 0.76171875 0.115625 0.0515625
1 0.3390625 0.78515625 0.0875 0.040625
1 0.20859375 0.74453125 0.0359375 0.0734375
1 0.234375 0.73125 0.0515625 0.0828125
1 0.275 0.71953125 0.0390625 0.08125
1 0.4046875 0.72421875 0.0421875 0.078125
1 0.5171875 0.73203125 0.1 0.065625
1 0.5125 0.684375 0.128125 0.0359375
1 0.59453125 0.64453125 0.10625 0.03125
1 0.696875 0.64765625 0.0984375 0.0390625
1 0.640625 0.58984375 0.0625 0.096875
1 0.79140625 0.60390625 0.1 0.0390625
1 0.19140625 0.68359375 0.09375 0.0671875
1 0.79140625 0.51875 0.1140625 0.0515625
1 0.56015625 0.53671875 0.0359375 0.1078125
1 0.46953125 0.58359375 0.1 0.065625
1 0.375 0.58046875 0.09375 0.05625
1 0.315625 0.55859375 0.0515625 0.0796875
1 0.171875 0.63046875 0.1125 0.0328125
1 0.2140625 0.5765625 0.0296875 0.090625
1 0.2453125 0.53046875 0.046875 0.09375
1 0.21171875 0.49140625 0.0375 0.08125
1 0.15078125 0.50703125 0.0703125 0.0546875
1 0.08671875 0.5171875 0.028125 0.075
1 0.1125 0.46484375 0.1140625 0.034375
1 0.19453125 0.4078125 0.04375 0.0828125
1 0.26640625 0.39375 0.0515625 0.096875
1 0.34921875 0.475 0.078125 0.01875
1 0.39921875 0.509375 0.065625 0.046875
1 0.4265625 0.459375 0.0796875 0.0609375
1 0.5234375 0.46796875 0.034375 0.0953125
1 0.63671875 0.3921875 0.0640625 0.1
1 0.6828125 0.3484375 0.090625 0.0875
1 0.58828125 0.3375 0.0546875 0.0796875
1 0.509375 0.36796875 0.071875 0.0765625
1 0.44609375 0.37890625 0.071875 0.078125
1 0.4015625 0.38671875 0.1140625 0.040625
1 0.265625 0.32421875 0.115625 0.0328125
1 0.2796875 0.24609375 0.08125 0.071875
1 0.48046875 0.26328125 0.0609375 0.0859375
1 0.52421875 0.3140625 0.1234375 0.034375
1 0.578125 0.2796875 0.1125 0.03125
