1 0.58671875 0.765625 0.09140625 0.046875
1 0.64453125 0.7234375 0.10078125 0.02890625
1 0.67421875 0.71953125 0.05390625 0.06484375
1 0.675 0.53984375 0.07265625 0.0453125
1 0.69375 0.64765625 0.071875 0.06796875
1 0.6890625 0.61953125 0.07265625 0.06640625
1 0.68828125 0.5796875 0.05546875 0.06171875
1 0.50390625 0.59453125 0.06796875 0.0484375
1 0.44296875 0.609375 0.09453125 0.0359375
1 0.51484375 0.6609375 0.0671875 0.0484375
1 0.5484375 0.71484375 0.05625 0.06640625
1 0.475 0.7453125 0.1015625 0.0390625
1 0.48125 0.7171875 0.0328125 0.06796875
1 0.428125 0.71015625 0.05703125 0.06640625
