1 0.775 0.48125 0.1359375 0.04296875
1 0.56484375 0.5046875 0.14140625 0.03125
1 0.37421875 0.56640625 0.1 0.10703125
1 0.3640625 0.52890625 0.1171875 0.0859375
1 0.2453125 0.5296875 0.12109375 0.05859375
1 0.2109375 0.5609375 0.09296875 0.08046875
1 0.175 0.5921875 0.09609375 0.0765625
1 0.21953125 0.64375 0.11953125 0.06875
1 0.13671875 0.65859375 0.08203125 0.10234375
1 0.17890625 0.7421875 0.075 0.11484375
1 0.27265625 0.70546875 0.10625 0.11171875
1 0.27890625 0.5765625 0.07890625 0.096875
1 0.4984375 0.55859375 0.084375 0.078125
1 0.425 0.62734375 0.121875 0.11328125
1 0.54609375 0.59140625 0.12734375 0.0953125
1 0.35546875 0.71328125 0.11875 0.0859375
1 0.46796875 0.74765625 0.184375 0.06328125
1 0.4765625 0.71484375 0.15859375 0.04375
1 0.35234375 0.7875 0.1890625 0.0703125
1 0.4890625 0.80625 0.19296875 0.03671875
1 0.5390625 0.83515625 0.1953125 0.0796875
1 0.5578125 0.7203125 0.05546875 0.13671875
1 0.6296875 0.66875 0.0734375 0.09921875
1 0.69609375 0.81015625 0.1734375 0.109375
1 0.7796875 0.55625 0.1375 0.09921875
1 0.73828125 0.603125 0.16953125 0.07578125
1 0.71484375 0.64140625 0.11875 0.08984375
1 0.7078125 0.7109375 0.11953125 0.11328125
1 0.80703125 0.67109375 0.12109375 0.08515625
1 0.8171875 0.7171875 0.0640625 0.1453125
1 0.87421875 0.6984375 0.0671875 0.13046875
