1 0.57421875 0.83984375 0.059375 0.0875
1 0.71796875 0.7734375 0.078125 0.0734375
1 0.5484375 0.765625 0.11875 0.05625
1 0.44140625 0.72890625 0.0640625 0.078125
1 0.403125 0.7453125 0.0625 0.09375
1 0.34765625 0.75078125 0.06875 0.0734375
1 0.7359375 0.69921875 0.0484375 0.0875
1 0.66953125 0.68203125 0.0578125 0.090625
1 0.61875 0.6734375 0.084375 0.04375
1 0.56328125 0.70390625 0.10625 0.0390625
1 0.18125 0.628125 0.0421875 0.059375
1 0.22578125 0.57890625 0.09375 0.0234375
1 0.34296875 0.5875 0.0859375 0.04375
1 0.44921875 0.615625 0.109375 0.0203125
1 0.5375 0.6109375 0.04375 0.08125
1 0.64296875 0.61328125 0.065625 0.075
1 0.875 0.659375 0.0984375 0.0375
1 0.8546875 0.571875 0.053125 0.0859375
1 0.7859375 0.60859375 0.0953125 0.0703125
1 0.73828125 0.56640625 0.0515625 0.05625
1 0.70703125 0.584375 0.0484375 0.0828125
1 0.64140625 0.5671875 0.1015625 0.05625
1 0.52109375 0.55703125 0.09375 0.0390625
1 0.42734375 0.5546875 0.115625 0.0296875
1 0.44375 0.5125 0.0875 0.0515625
1 0.36953125 0.484375 0.1140625 0.0640625
1 0.3 0.45078125 0.09375 0.0390625
1 0.30390625 0.38515625 0.0390625 0.071875
1 0.359375 0.36484375 0.0546875 0.06875
1 0.415625 0.36875 0.040625 0.0796875
1 0.49765625 0.40625 0.134375 0.025
1 0.615625 0.490625 0.04375 0.096875
1 0.559375 0.475 0.0296875 0.0859375
1 0.7171875 0.49375 0.0546875 0.0828125
1 0.78515625 0.50390625 0.125 0.0375
1 0.51328125 0.346875 0.103125 0.046875
1 0.55859375 0.3046875 0.0984375 0.0515625
1 0.65078125 0.3375 0.1109375 0.03125
1 0.66015625 0.41171875 0.0703125 0.06875
1 0.74375 0.440625 0.05625 0.046875
1 0.7515625 0.39453125 0.046875 0.0828125
1 0.81875 0.40390625 0.0390625 0.0921875
