1 0.459375 0.38046875 0.12890625 0.02734375
1 0.40703125 0.425 0.1109375 0.06015625
1 0.48984375 0.428125 0.11171875 0.0265625
1 0.2859375 0.4265625 0.13125 0.05390625
1 0.2546875 0.47109375 0.109375 0.08125
1 0.26796875 0.47109375 0.11796875 0.0421875
1 0.2078125 0.4609375 0.14375 0.0390625
1 0.165625 0.4828125 0.05390625 0.07890625
1 0.10390625 0.58515625 0.08515625 0.09453125
1 0.10625 0.59140625 0.1140625 0.090625
1 0.32421875 0.5671875 0.04765625 0.109375
1 0.134375 0.67578125 0.06953125 0.0984375
1 0.22890625 0.68203125 0.08046875 0.109375
1 0.42578125 0.52265625 0.13203125 0.05390625
