1 0.41171875 0.328125 0.040625 0.03671875
1 0.35 0.3625 0.084375 0.02734375
1 0.28046875 0.43125 0.03828125 0.05234375
1 0.27421875 0.40390625 0.05 0.05546875
1 0.29921875 0.371875 0.05234375 0.07421875
1 0.3421875 0.33828125 0.03671875 0.04921875
1 0.31328125 0.434375 0.0546875 0.059375
1 0.37421875 0.453125 0.05546875 0.0765625
1 0.3921875 0.39296875 0.0734375 0.04375
1 0.2046875 0.4078125 0.0796875 0.0734375
1 0.21015625 0.4015625 0.0234375 0.071875
1 0.14140625 0.47578125 0.065625 0.0828125
1 0.1546875 0.5171875 0.0453125 0.0828125
1 0.2171875 0.5 0.065625 0.05546875
1 0.2359375 0.46875 0.0609375 0.0625
1 0.0765625 0.48828125 0.1375 0.02578125
1 0.509375 0.49140625 0.12890625 0.04375
1 0.44921875 0.54453125 0.075 0.0640625
1 0.32421875 0.5046875 0.0796875 0.0828125
1 0.28203125 0.55546875 0.1140625 0.059375
1 0.17421875 0.5984375 0.084375 0.078125
1 0.18828125 0.5625 0.06484375 0.0515625
1 0.0984375 0.64140625 0.140625 0.05234375
1 0.24921875 0.64453125 0.1484375 0.03203125
1 0.35078125 0.66640625 0.1015625 0.08828125
1 0.159375 0.67265625 0.15390625 0.046875
1 0.25625 0.69921875 0.16484375 0.034375
1 0.3234375 0.76015625 0.171875 0.05859375
1 0.43828125 0.82421875 0.14296875 0.053125
1 0.6015625 0.81640625 0.10859375 0.0609375
1 0.68125 0.79765625 0.0875 0.090625
1 0.496875 0.759375 0.1421875 0.05390625
1 0.4828125 0.634375 0.0484375 0.0875
1 0.584375 0.40703125 0.103125 0.028125
1 0.57109375 0.37265625 0.10078125 0.021875
1 0.5859375 0.34609375 0.10859375 0.02890625
1 0.62265625 0.36328125 0.10625 0.0375
1 0.534375 0.39453125 0.0921875 0.0390625
1 0.6921875 0.4078125 0.09921875 0.04453125
1 0.7359375 0.41328125 0.0609375 0.05390625
1 0.8375 0.4421875 0.0921875 0.04140625
1 0.8125 0.4921875 0.08828125 0.08828125
1 0.76171875 0.4734375 0.078125 0.05703125
1 0.77734375 0.51640625 0.13671875 0.0328125
1 0.88828125 0.48828125 0.125 0.0421875
1 0.71953125 0.5484375 0.04609375 0.090625
1 0.73984375 0.59765625 0.06640625 0.07578125
1 0.81328125 0.5984375 0.075 0.0515625
1 0.83828125 0.60625 0.05078125 0.0859375
1 0.93359375 0.57578125 0.05078125 0.08203125
1 0.853125 0.6875 0.10859375 0.07265625
1 0.82421875 0.715625 0.10390625 0.0640625
1 0.784375 0.67265625 0.07265625 0.07265625
1 0.6984375 0.74453125 0.1 0.075
1 0.6625 0.64765625 0.0609375 0.06328125
