1 0.6734375 0.25 0.0734375 0.071875
1 0.75703125 0.25234375 0.0828125 0.0828125
1 0.7265625 0.33671875 0.046875 0.084375
1 0.75078125 0.28984375 0.0390625 0.078125
1 0.79453125 0.33359375 0.0359375 0.0875
1 0.825 0.36796875 0.0484375 0.0765625
1 0.7734375 0.37890625 0.0546875 0.075
1 0.73515625 0.41015625 0.028125 0.0734375
1 0.7828125 0.4046875 0.0421875 0.06875
1 0.6875 0.4109375 0.0328125 0.0984375
1 0.6296875 0.403125 0.0171875 0.065625
1 0.5609375 0.3296875 0.1015625 0.0625
1 0.43359375 0.2984375 0.0359375 0.0671875
1 0.3953125 0.38203125 0.075 0.05
1 0.321875 0.36640625 0.1078125 0.028125
1 0.23984375 0.346875 0.0375 0.08125
1 0.12734375 0.29453125 0.1140625 0.06875
1 0.071875 0.378125 0.06875 0.053125
1 0.13125 0.38046875 0.0796875 0.06875
1 0.15078125 0.41484375 0.0984375 0.0421875
1 0.21875 0.425 0.0421875 0.065625
1 0.07265625 0.46015625 0.0515625 0.071875
1 0.128125 0.48515625 0.0375 0.0609375
1 0.1328125 0.58671875 0.0875 0.05
1 0.1921875 0.575 0.0921875 0.0625
1 0.4171875 0.5015625 0.06875 0.0671875
1 0.5515625 0.47265625 0.1015625 0.0328125
1 0.0609375 0.67578125 0.0609375 0.090625
1 0.16328125 0.64296875 0.0546875 0.078125
1 0.23359375 0.640625 0.0390625 0.0734375
1 0.31015625 0.6296875 0.040625 0.08125
1 0.3296875 0.75546875 0.1015625 0.0390625
1 0.33125 0.78359375 0.103125 0.0328125
1 0.48046875 0.71953125 0.1171875 0.0359375
1 0.475 0.73671875 0.0890625 0.046875
1 0.4609375 0.68984375 0.0875 0.0234375
1 0.61796875 0.7828125 0.0984375 0.0453125
1 0.6953125 0.7296875 0.0625 0.0640625
1 0.6390625 0.6859375 0.121875 0.03125
1 0.653125 0.634375 0.10625 0.0484375
1 0.7015625 0.628125 0.1046875 0.0390625
1 0.79375 0.61640625 0.0609375 0.078125
1 0.69765625 0.53671875 0.075 0.0671875
1 0.7421875 0.53515625 0.090625 0.053125
1 0.771875 0.56953125 0.0703125 0.059375
1 0.853125 0.51640625 0.065625 0.075
1 0.81640625 0.47109375 0.040625 0.0953125
1 0.8 0.4609375 0.1140625 0.0375
