1 0.59296875 0.290625 0.09453125 0.0515625
1 0.46015625 0.2984375 0.1140625 0.02421875
1 0.3875 0.3234375 0.04453125 0.065625
1 0.4171875 0.3453125 0.06875 0.06328125
1 0.584375 0.3578125 0.1203125 0.02578125
1 0.5828125 0.3625 0.0421875 0.08828125
1 0.5609375 0.36875 0.08359375 0.02109375
1 0.65390625 0.38125 0.1109375 0.05546875
1 0.63671875 0.43671875 0.0453125 0.0921875
1 0.771875 0.36875 0.10078125 0.021875
1 0.70859375 0.403125 0.08671875 0.05625
1 0.68828125 0.396875 0.06015625 0.06796875
1 0.73828125 0.453125 0.1234375 0.0359375
1 0.86953125 0.45546875 0.08203125 0.07421875
1 0.796875 0.48828125 0.0703125 0.08125
1 0.66328125 0.51796875 0.0578125 0.09296875
1 0.7171875 0.571875 0.1109375 0.075
1 0.73828125 0.59765625 0.065625 0.12890625
1 0.7734375 0.665625 0.16796875 0.03359375
1 0.6859375 0.6890625 0.13984375 0.0828125
1 0.590625 0.6125 0.11015625 0.0859375
1 0.6078125 0.52265625 0.0875 0.08203125
1 0.50234375 0.4359375 0.15234375 0.0328125
1 0.4640625 0.47734375 0.10234375 0.0546875
1 0.3640625 0.36015625 0.07265625 0.071875
1 0.3953125 0.40390625 0.13671875 0.0265625
1 0.35078125 0.4203125 0.0453125 0.084375
1 0.31953125 0.39609375 0.0296875 0.0609375
1 0.2625 0.40859375 0.09140625 0.053125
1 0.2015625 0.4453125 0.1484375 0.03828125
1 0.215625 0.49296875 0.05078125 0.0640625
1 0.2140625 0.4765625 0.04453125 0.08359375
1 0.1375 0.52890625 0.08125 0.05
1 0.23515625 0.53828125 0.096875 0.05546875
1 0.1890625 0.5703125 0.1328125 0.046875
1 0.1765625 0.63046875 0.1140625 0.0515625
1 0.2375 0.5828125 0.11015625 0.053125
1 0.290625 0.60625 0.12265625 0.03046875
1 0.2984375 0.64609375 0.05625 0.08984375
1 0.2703125 0.63359375 0.075 0.0765625
1 0.1625 0.70859375 0.11875 0.0328125
1 0.21015625 0.65625 0.14609375 0.03125
1 0.25234375 0.765625 0.12890625 0.07109375
1 0.3578125 0.7734375 0.146875 0.05859375
1 0.41328125 0.68515625 0.1171875 0.065625
1 0.49921875 0.66328125 0.14375 0.0390625
1 0.38515625 0.71640625 0.03125 0.08125
1 0.43046875 0.75078125 0.09453125 0.10234375
1 0.49765625 0.7578125 0.10703125 0.09609375
1 0.61796875 0.75546875 0.1109375 0.10546875
1 0.6375 0.81328125 0.10859375 0.11640625
1 0.70625 0.80234375 0.09453125 0.090625
1 0.503125 0.584375 0.0625 0.08671875
