1 0.45703125 0.703125 0.0875 0.065625
1 0.58828125 0.66328125 0.0984375 0.0390625
1 0.321875 0.6578125 0.040625 0.059375
1 0.28046875 0.60859375 0.0359375 0.075
1 0.46328125 0.57421875 0.09375 0.034375
1 0.809375 0.53515625 0.0859375 0.0875
1 0.65859375 0.55625 0.090625 0.0671875
1 0.71015625 0.48515625 0.04375 0.096875
1 0.63515625 0.4359375 0.06875 0.0953125
1 0.58984375 0.44453125 0.0609375 0.0796875
1 0.47734375 0.478125 0.0703125 0.06875
1 0.35 0.48046875 0.0765625 0.0640625
1 0.38359375 0.434375 0.0390625 0.0859375
1 0.38828125 0.2671875 0.115625 0.03125
1 0.78671875 0.290625 0.075 0.075
1 0.51171875 0.2015625 0.0625 0.0625
