1 0.30859375 0.52578125 0.08125 0.05
1 0.3359375 0.54609375 0.05859375 0.07265625
1 0.26875 0.55703125 0.0953125 0.03984375
1 0.24375 0.5734375 0.0640625 0.05625
1 0.3078125 0.60234375 0.06640625 0.0546875
1 0.27890625 0.6328125 0.07265625 0.05234375
1 0.23125 0.61953125 0.05625 0.06953125
1 0.25625 0.67890625 0.05390625 0.08359375
1 0.32109375 0.66171875 0.05390625 0.075
1 0.3296875 0.71796875 0.10234375 0.05859375
1 0.37109375 0.66328125 0.046875 0.0765625
1 0.36796875 0.70703125 0.09765625 0.0390625
1 0.409375 0.65 0.0734375 0.06484375
1 0.4046875 0.57265625 0.06640625 0.05546875
1 0.4546875 0.57578125 0.07890625 0.07265625
1 0.47578125 0.61171875 0.09453125 0.065625
1 0.54765625 0.5625 0.06171875 0.08046875
1 0.56640625 0.51171875 0.12578125 0.03125
1 0.67734375 0.515625 0.12265625 0.028125
1 0.69453125 0.57265625 0.05390625 0.08515625
1 0.61484375 0.62421875 0.0828125 0.0734375
1 0.61796875 0.59296875 0.10078125 0.0703125
1 0.54921875 0.6390625 0.07265625 0.07421875
1 0.596875 0.6796875 0.06171875 0.0796875
1 0.4546875 0.67265625 0.0796875 0.06796875
1 0.4796875 0.68046875 0.034375 0.10234375
1 0.4390625 0.73359375 0.1015625 0.0265625
1 0.509375 0.74453125 0.115625 0.05625
1 0.521875 0.71796875 0.0453125 0.08125
1 0.5703125 0.74765625 0.09609375 0.06796875
1 0.6578125 0.69140625 0.04296875 0.09921875
