1 0.36328125 0.7390625 0.1375 0.040625
1 0.77890625 0.70078125 0.0859375 0.0890625
1 0.92265625 0.51796875 0.0875 0.075
1 0.75625 0.60234375 0.0359375 0.0890625
1 0.6796875 0.6078125 0.1203125 0.0609375
1 0.5859375 0.65546875 0.115625 0.0390625
1 0.45078125 0.64375 0.1328125 0.03125
1 0.35390625 0.6046875 0.059375 0.09375
1 0.53125 0.56640625 0.1 0.0640625
1 0.196875 0.58125 0.04375 0.1046875
1 0.47109375 0.52265625 0.090625 0.0203125
1 0.275 0.484375 0.1265625 0.0421875
1 0.28359375 0.3625 0.0375 0.0921875
1 0.31328125 0.41484375 0.096875 0.0390625
1 0.38359375 0.33125 0.121875 0.0390625
1 0.60625 0.3765625 0.0515625 0.109375
1 0.5921875 0.271875 0.0359375 0.1015625
