1 0.48359375 0.87265625 0.1359375 0.0828125
1 0.3390625 0.8421875 0.1 0.0859375
1 0.24140625 0.78359375 0.1078125 0.0828125
1 0.10078125 0.61953125 0.0375 0.1015625
1 0.19921875 0.596875 0.0765625 0.065625
1 0.446875 0.71015625 0.1 0.0765625
1 0.603125 0.79453125 0.1125 0.034375
1 0.71796875 0.834375 0.1140625 0.04375
1 0.59296875 0.7171875 0.071875 0.0671875
1 0.51953125 0.6625 0.0515625 0.0859375
1 0.63515625 0.68671875 0.071875 0.0484375
1 0.8078125 0.70234375 0.071875 0.096875
1 0.440625 0.5765625 0.0625 0.0859375
1 0.31875 0.540625 0.0390625 0.0921875
1 0.23125 0.48046875 0.1296875 0.0453125
1 0.42734375 0.46640625 0.0484375 0.0875
1 0.52578125 0.5328125 0.065625 0.090625
1 0.6453125 0.57890625 0.0390625 0.078125
1 0.84375 0.6234375 0.0421875 0.0578125
1 0.59765625 0.48203125 0.0484375 0.075
1 0.8421875 0.5359375 0.0671875 0.0703125
1 0.83515625 0.4796875 0.0671875 0.0546875
1 0.5296875 0.41796875 0.0625 0.065625
1 0.4328125 0.34921875 0.0703125 0.0703125
1 0.5234375 0.3328125 0.0875 0.0296875
1 0.68984375 0.36015625 0.071875 0.059375
