1 0.03984375 0.66796875 0.075 0.0796875
1 0.184375 0.67265625 0.0515625 0.08125
1 0.2578125 0.72265625 0.1015625 0.034375
1 0.45078125 0.74375 0.0375 0.084375
1 0.55546875 0.80234375 0.1140625 0.0671875
1 0.66953125 0.7671875 0.05 0.075
1 0.7453125 0.71875 0.0671875 0.071875
1 0.6 0.6671875 0.115625 0.0359375
1 0.625 0.62265625 0.109375 0.0296875
1 0.7765625 0.5984375 0.0859375 0.075
1 0.4265625 0.5890625 0.1078125 0.0515625
1 0.253125 0.63125 0.1015625 0.0421875
1 0.18984375 0.55703125 0.0984375 0.0671875
1 0.52734375 0.5421875 0.0375 0.096875
1 0.5890625 0.5140625 0.0515625 0.0875
1 0.80546875 0.503125 0.075 0.0765625
1 0.796875 0.40234375 0.075 0.08125
1 0.725 0.32109375 0.096875 0.05625
1 0.66484375 0.42265625 0.0515625 0.0546875
1 0.53125 0.415625 0.0578125 0.0765625
1 0.38671875 0.46796875 0.040625 0.0921875
1 0.3203125 0.3734375 0.05 0.0984375
1 0.4 0.35859375 0.0859375 0.071875
1 0.2234375 0.31484375 0.0484375 0.0859375
1 0.36796875 0.296875 0.125 0.0453125
1 0.1296875 0.4671875 0.071875 0.0875
