1 0.58671875 0.19921875 0.0546875 0.0875
1 0.5390625 0.22421875 0.0953125 0.046875
1 0.48359375 0.19296875 0.1015625 0.05
1 0.54921875 0.24375 0.059375 0.03125
1 0.53671875 0.27421875 0.1140625 0.046875
1 0.53125 0.28984375 0.065625 0.0640625
1 0.49765625 0.29375 0.0734375 0.0625
1 0.56171875 0.31328125 0.075 0.0421875
1 0.61171875 0.25703125 0.028125 0.096875
1 0.62578125 0.27109375 0.0734375 0.0640625
1 0.63359375 0.31875 0.0625 0.06875
1 0.64296875 0.33046875 0.09375 0.021875
1 0.58359375 0.34609375 0.1140625 0.021875
1 0.45 0.25390625 0.0796875 0.0546875
1 0.4125 0.26171875 0.0203125 0.075
1 0.3625 0.27734375 0.0921875 0.0515625
1 0.38515625 0.22421875 0.075 0.0484375
1 0.3515625 0.2125 0.075 0.06875
1 0.3484375 0.2453125 0.0828125 0.034375
1 0.31484375 0.26328125 0.0734375 0.0296875
1 0.284375 0.24375 0.028125 0.0765625
1 0.25390625 0.25078125 0.071875 0.05
1 0.24375 0.2984375 0.090625 0.053125
1 0.2890625 0.30859375 0.0578125 0.0265625
1 0.2359375 0.29453125 0.03125 0.08125
1 0.19765625 0.31171875 0.046875 0.0515625
1 0.22109375 0.35390625 0.028125 0.0765625
1 0.1828125 0.353125 0.0375 0.0703125
1 0.26015625 0.36875 0.08125 0.0234375
1 0.290625 0.340625 0.075 0.0234375
1 0.3359375 0.365625 0.053125 0.0625
1 0.3734375 0.35859375 0.109375 0.0234375
1 0.4140625 0.32265625 0.10625 0.03125
1 0.425 0.32109375 0.0421875 0.075
1 0.36328125 0.31328125 0.090625 0.0296875
1 0.46171875 0.35625 0.0828125 0.065625
1 0.48515625 0.38828125 0.04375 0.0703125
1 0.49765625 0.3796875 0.0375 0.059375
1 0.42421875 0.40234375 0.08125 0.0453125
1 0.5234375 0.3921875 0.0265625 0.078125
1 0.54609375 0.4203125 0.0515625 0.0671875
1 0.50859375 0.43359375 0.0546875 0.0328125
1 0.45625 0.446875 0.040625 0.0671875
1 0.4109375 0.4484375 0.065625 0.0171875
1 0.45078125 0.4578125 0.025 0.040625
1 0.553125 0.46328125 0.0984375 0.05
1 0.59765625 0.39375 0.0484375 0.0640625
1 0.58828125 0.37265625 0.075 0.0296875
1 0.59765625 0.46015625 0.0515625 0.05
1 0.54921875 0.46953125 0.078125 0.0296875
1 0.490625 0.49921875 0.0234375 0.0484375
1 0.52578125 0.5328125 0.0984375 0.0265625
1 0.5515625 0.50390625 0.1015625 0.025
1 0.59296875 0.496875 0.0828125 0.025
1 0.61953125 0.521875 0.03125 0.046875
1 0.35625 0.41328125 0.046875 0.05625
1 0.321875 0.4640625 0.028125 0.0859375
1 0.28125 0.42109375 0.025 0.05625
1 0.2359375 0.428125 0.0296875 0.0765625
1 0.39296875 0.4859375 0.071875 0.040625
1 0.390625 0.49609375 0.0828125 0.028125
1 0.39765625 0.50703125 0.071875 0.0234375
1 0.38984375 0.515625 0.0875 0.0328125
1 0.4015625 0.559375 0.0375 0.053125
1 0.2984375 0.51171875 0.08125 0.046875
1 0.3421875 0.55234375 0.0859375 0.034375
1 0.2625 0.5296875 0.0546875 0.046875
1 0.27109375 0.54765625 0.0484375 0.0359375
1 0.25078125 0.54921875 0.0515625 0.065625
1 0.2296875 0.49609375 0.0515625 0.0796875
1 0.22734375 0.515625 0.0640625 0.0484375
1 0.23359375 0.56640625 0.109375 0.040625
1 0.34296875 0.58359375 0.0859375 0.021875
1 0.49140625 0.56328125 0.0609375 0.0546875
1 0.47890625 0.590625 0.08125 0.015625
1 0.46328125 0.615625 0.0984375 0.028125
1 0.39140625 0.6484375 0.046875 0.0546875
1 0.45234375 0.6234375 0.0625 0.028125
1 0.459375 0.66171875 0.071875 0.05625
1 0.3890625 0.6765625 0.078125 0.0390625
1 0.41953125 0.68203125 0.01875 0.0671875
1 0.33984375 0.73671875 0.0421875 0.071875
1 0.38515625 0.7484375 0.0234375 0.065625
1 0.4640625 0.7390625 0.08125 0.028125
1 0.5046875 0.70546875 0.040625 0.059375
1 0.52109375 0.67578125 0.0390625 0.053125
1 0.5578125 0.67734375 0.0984375 0.01875
1 0.659375 0.6640625 0.08125 0.0265625
1 0.6234375 0.67734375 0.0625 0.01875
1 0.58359375 0.69375 0.078125 0.0203125
1 0.59453125 0.7171875 0.059375 0.0390625
1 0.58359375 0.73125 0.065625 0.0453125
1 0.64140625 0.7296875 0.0546875 0.0375
1 0.57421875 0.74609375 0.0859375 0.046875
1 0.5171875 0.77734375 0.0640625 0.0453125
1 0.459375 0.771875 0.0890625 0.0203125
1 0.3390625 0.64140625 0.0546875 0.04375
1 0.31796875 0.6390625 0.1109375 0.0171875
1 0.303125 0.62734375 0.0265625 0.0484375
1 0.559375 0.5984375 0.08125 0.03125
1 0.59375 0.634375 0.0734375 0.05
1 0.6390625 0.57890625 0.0203125 0.06875
1 0.64296875 0.53359375 0.0546875 0.0421875
1 0.74921875 0.66640625 0.0734375 0.0453125
1 0.73359375 0.62265625 0.0671875 0.0359375
1 0.76953125 0.6265625 0.0734375 0.03125
1 0.7921875 0.58359375 0.034375 0.0734375
1 0.7484375 0.59375 0.0671875 0.04375
1 0.69453125 0.59296875 0.059375 0.053125
1 0.70078125 0.5515625 0.0609375 0.053125
1 0.684375 0.5171875 0.0765625 0.046875
1 0.76640625 0.55546875 0.0953125 0.0390625
1 0.7625 0.5328125 0.028125 0.075
1 0.784375 0.50703125 0.065625 0.0546875
1 0.66171875 0.4828125 0.103125 0.03125
1 0.7109375 0.4875 0.0796875 0.0578125
1 0.7296875 0.41875 0.0828125 0.0390625
1 0.725 0.4375 0.071875 0.0515625
1 0.72421875 0.48359375 0.053125 0.0609375
1 0.7671875 0.4703125 0.0984375 0.0203125
1 0.77890625 0.45078125 0.06875 0.0234375
1 0.8015625 0.44609375 0.071875 0.034375
1 0.85390625 0.44453125 0.0828125 0.0421875
1 0.84609375 0.51796875 0.028125 0.06875
1 0.83671875 0.55546875 0.0453125 0.0703125
1 0.840625 0.48984375 0.0328125 0.08125
1 0.8359375 0.40078125 0.071875 0.0453125
1 0.84609375 0.325 0.0484375 0.0703125
1 0.7984375 0.3984375 0.0390625 0.059375
1 0.7515625 0.3734375 0.103125 0.040625
1 0.7015625 0.384375 0.06875 0.034375
1 0.64296875 0.3921875 0.0703125 0.0609375
1 0.740625 0.35 0.0828125 0.0515625
1 0.74296875 0.3515625 0.0890625 0.0140625
1 0.74765625 0.3046875 0.0546875 0.0421875
1 0.8046875 0.3515625 0.028125 0.0578125
1 0.796875 0.31484375 0.09375 0.046875
1 0.78046875 0.31796875 0.0921875 0.0390625
1 0.74765625 0.24921875 0.11875 0.046875
1 0.75625 0.27421875 0.0890625 0.0453125
1 0.6796875 0.2828125 0.0703125 0.0484375
1 0.7078125 0.29453125 0.0234375 0.0765625
1 0.11328125 0.3390625 0.03125 0.084375
1 0.06640625 0.3703125 0.03125 0.0796875
1 0.08125 0.4046875 0.053125 0.0734375
1 0.1390625 0.38203125 0.0390625 0.075
1 0.17890625 0.45078125 0.05625 0.046875
1 0.14921875 0.5 0.075 0.0546875
1 0.1828125 0.4953125 0.0703125 0.0359375
