1 0.4890625 0.7359375 0.10625 0.0625
1 0.5890625 0.71953125 0.078125 0.078125
1 0.48828125 0.67109375 0.0765625 0.0703125
1 0.653125 0.6640625 0.0703125 0.078125
1 0.7609375 0.67890625 0.0984375 0.0796875
1 0.80234375 0.578125 0.06875 0.0703125
1 0.7375 0.51953125 0.0359375 0.0765625
1 0.6265625 0.5296875 0.0359375 0.0875
1 0.52890625 0.51484375 0.0734375 0.0734375
1 0.51328125 0.57421875 0.046875 0.071875
1 0.6765625 0.41328125 0.0734375 0.0703125
1 0.784375 0.3859375 0.11875 0.0375
1 0.60234375 0.36953125 0.0734375 0.0609375
1 0.41640625 0.3234375 0.0984375 0.040625
1 0.4375 0.62265625 0.0515625 0.065625
1 0.37734375 0.59375 0.084375 0.065625
1 0.24140625 0.55078125 0.1015625 0.025
