1 0.4453125 0.20390625 0.1421875 0.0875
1 0.56484375 0.22265625 0.1140625 0.0640625
1 0.38984375 0.2828125 0.1171875 0.06875
1 0.4125 0.3015625 0.1359375 0.071875
1 0.73984375 0.26171875 0.1125 0.059375
1 0.87578125 0.33203125 0.078125 0.1
1 0.796875 0.32890625 0.1375 0.0625
1 0.828125 0.38828125 0.053125 0.1
1 0.55 0.3703125 0.1328125 0.0453125
1 0.2125 0.3078125 0.08125 0.109375
1 0.1390625 0.33828125 0.071875 0.0984375
1 0.0484375 0.340625 0.0578125 0.103125
1 0.2265625 0.38828125 0.13125 0.05625
1 0.10390625 0.46484375 0.0515625 0.090625
1 0.07890625 0.51953125 0.078125 0.05625
1 0.240625 0.4796875 0.0703125 0.084375
1 0.3875 0.4609375 0.0953125 0.0765625
1 0.53125 0.47421875 0.1171875 0.065625
1 0.60546875 0.44609375 0.0453125 0.1203125
1 0.6765625 0.4734375 0.0984375 0.053125
1 0.759375 0.46328125 0.0625 0.0875
1 0.9171875 0.51484375 0.115625 0.04375
1 0.77265625 0.55078125 0.09375 0.078125
1 0.596875 0.5921875 0.084375 0.0609375
1 0.50546875 0.5875 0.0515625 0.078125
1 0.39765625 0.5828125 0.0359375 0.084375
1 0.63203125 0.66171875 0.125 0.040625
1 0.81875 0.61015625 0.1359375 0.0546875
1 0.8046875 0.67734375 0.1328125 0.0359375
1 0.75625 0.7015625 0.0671875 0.0625
1 0.634375 0.7359375 0.0515625 0.071875
1 0.5828125 0.76171875 0.059375 0.071875
1 0.48203125 0.7203125 0.0390625 0.0703125
1 0.43515625 0.690625 0.0640625 0.0578125
1 0.384375 0.72109375 0.0828125 0.0515625
1 0.28359375 0.72578125 0.078125 0.0546875
1 0.41171875 0.7609375 0.078125 0.059375
1 0.29375 0.66640625 0.078125 0.0296875
1 0.25859375 0.6625 0.0953125 0.0671875
1 0.18125 0.61328125 0.1 0.05625
1 0.2359375 0.68046875 0.05 0.0671875
1 0.10390625 0.61171875 0.103125 0.078125
