1 0.44140625 0.15703125 0.08125 0.040625
1 0.32734375 0.18125 0.046875 0.0796875
1 0.365625 0.1828125 0.0421875 0.0828125
1 0.403125 0.16796875 0.084375 0.0671875
1 0.55546875 0.1765625 0.115625 0.0328125
1 0.69375 0.20234375 0.121875 0.0296875
1 0.66484375 0.2375 0.0890625 0.0390625
1 0.61484375 0.26796875 0.1015625 0.03125
1 0.5703125 0.23515625 0.078125 0.0296875
1 0.4921875 0.2546875 0.128125 0.0265625
1 0.39296875 0.34765625 0.071875 0.0546875
1 0.41328125 0.31953125 0.04375 0.0765625
1 0.4359375 0.27265625 0.0703125 0.028125
1 0.30390625 0.309375 0.0671875 0.0578125
1 0.29296875 0.2609375 0.0375 0.05625
1 0.2078125 0.34453125 0.0359375 0.06875
1 0.22890625 0.32578125 0.0640625 0.0546875
1 0.140625 0.3140625 0.1 0.0328125
1 0.4625 0.35 0.096875 0.0390625
1 0.53359375 0.34765625 0.0390625 0.078125
1 0.55859375 0.3140625 0.0859375 0.021875
1 0.63984375 0.35859375 0.0625 0.0609375
1 0.74296875 0.37265625 0.0765625 0.0359375
1 0.76015625 0.378125 0.0484375 0.0671875
1 0.8125 0.340625 0.04375 0.0984375
1 0.83125 0.28125 0.109375 0.0359375
1 0.87421875 0.3125 0.0953125 0.0375
1 0.83515625 0.3515625 0.05625 0.0671875
1 0.9109375 0.36484375 0.1265625 0.0234375
1 0.89765625 0.39609375 0.084375 0.0515625
1 0.9015625 0.4453125 0.1015625 0.0390625
1 0.81328125 0.453125 0.0578125 0.065625
1 0.74140625 0.4546875 0.078125 0.0484375
1 0.63125 0.41328125 0.078125 0.05
1 0.97109375 0.4859375 0.0578125 0.059375
1 0.971875 0.53984375 0.05625 0.0328125
1 0.9125 0.56171875 0.121875 0.0234375
1 0.89453125 0.64765625 0.10625 0.0359375
1 0.91640625 0.63984375 0.053125 0.0921875
1 0.78203125 0.59375 0.1140625 0.05
1 0.6640625 0.596875 0.053125 0.05625
1 0.703125 0.58515625 0.0359375 0.059375
1 0.70390625 0.52890625 0.0359375 0.06875
1 0.77734375 0.69453125 0.05625 0.096875
1 0.82578125 0.665625 0.0390625 0.0640625
1 0.909375 0.71796875 0.040625 0.0890625
1 0.79453125 0.75 0.040625 0.0875
1 0.83046875 0.775 0.075 0.0515625
1 0.84765625 0.771875 0.109375 0.046875
1 0.67890625 0.68359375 0.046875 0.0765625
1 0.7265625 0.69453125 0.053125 0.0609375
1 0.56875 0.66484375 0.0875 0.046875
1 0.55546875 0.725 0.0734375 0.06875
1 0.58125 0.72578125 0.059375 0.0703125
1 0.5984375 0.7765625 0.078125 0.0484375
1 0.5125 0.52578125 0.1015625 0.0265625
1 0.321875 0.38671875 0.0625 0.059375
1 0.3671875 0.4390625 0.0390625 0.103125
1 0.10859375 0.4203125 0.121875 0.040625
1 0.0765625 0.39609375 0.065625 0.053125
1 0.1375 0.45390625 0.034375 0.0703125
1 0.2859375 0.50546875 0.0390625 0.0734375
1 0.39453125 0.503125 0.06875 0.071875
1 0.43984375 0.546875 0.08125 0.046875
1 0.42421875 0.5140625 0.075 0.075
1 0.46015625 0.59375 0.1 0.028125
1 0.42265625 0.63984375 0.0953125 0.03125
1 0.46484375 0.69765625 0.0890625 0.0453125
1 0.34921875 0.653125 0.0609375 0.071875
1 0.28984375 0.5609375 0.09375 0.0484375
1 0.33828125 0.615625 0.05 0.0859375
1 0.2375 0.52578125 0.0765625 0.06875
1 0.1953125 0.571875 0.08125 0.059375
1 0.1328125 0.51953125 0.03125 0.0703125
1 0.13828125 0.58359375 0.0734375 0.075
1 0.06171875 0.5203125 0.0390625 0.0796875
1 0.08046875 0.68359375 0.0328125 0.090625
1 0.13046875 0.71015625 0.0484375 0.090625
1 0.18828125 0.76015625 0.0875 0.04375
1 0.2171875 0.76015625 0.0625 0.075
1 0.2453125 0.7375 0.071875 0.0359375
1 0.23359375 0.66796875 0.0390625 0.06875
1 0.2484375 0.6625 0.1171875 0.040625
1 0.36953125 0.75078125 0.0625 0.0625
1 0.328125 0.82890625 0.0765625 0.0734375
1 0.45859375 0.84921875 0.0671875 0.0484375
1 0.49453125 0.7953125 0.0625 0.084375
1 0.4453125 0.7875 0.096875 0.0265625
1 0.47734375 0.890625 0.04375 0.06875
1 0.53125 0.88984375 0.0859375 0.0328125
1 0.5140625 0.8828125 0.05 0.0921875
1 0.66953125 0.86171875 0.09375 0.065625
1 0.7578125 0.825 0.0359375 0.0921875
1 0.6921875 0.79375 0.046875 0.096875
