1 0.41640625 0.2140625 0.103125 0.034375
1 0.62265625 0.25625 0.090625 0.053125
1 0.5125 0.265625 0.05 0.065625
1 0.44609375 0.26640625 0.05625 0.0796875
1 0.47734375 0.30546875 0.0515625 0.0296875
1 0.35390625 0.290625 0.1078125 0.025
1 0.52734375 0.35859375 0.0875 0.034375
1 0.65625 0.30546875 0.0390625 0.08125
1 0.71328125 0.328125 0.0390625 0.0828125
1 0.70078125 0.35234375 0.0984375 0.0515625
1 0.76171875 0.31953125 0.05 0.06875
1 0.8046875 0.34609375 0.028125 0.078125
1 0.6484375 0.37734375 0.090625 0.065625
1 0.775 0.38515625 0.0828125 0.040625
1 0.72421875 0.428125 0.0484375 0.0734375
1 0.67890625 0.421875 0.0625 0.0609375
1 0.821875 0.3984375 0.0953125 0.053125
1 0.878125 0.39921875 0.0265625 0.065625
1 0.83984375 0.42734375 0.078125 0.0703125
1 0.7671875 0.45 0.075 0.06875
1 0.8828125 0.5484375 0.0328125 0.075
1 0.85546875 0.51796875 0.05 0.078125
1 0.80546875 0.52109375 0.0390625 0.08125
1 0.83125 0.55703125 0.0484375 0.0734375
1 0.76328125 0.528125 0.0359375 0.065625
1 0.5796875 0.44765625 0.08125 0.053125
1 0.63125 0.4828125 0.0828125 0.040625
1 0.5390625 0.503125 0.10625 0.021875
1 0.615625 0.53359375 0.0796875 0.0515625
1 0.596875 0.521875 0.075 0.0328125
1 0.67265625 0.53984375 0.075 0.053125
1 0.6484375 0.57890625 0.0859375 0.028125
1 0.66484375 0.59609375 0.1 0.0265625
1 0.75234375 0.6046875 0.0890625 0.0265625
1 0.7765625 0.61875 0.0421875 0.059375
1 0.7484375 0.66875 0.0765625 0.0453125
1 0.76875 0.6734375 0.1171875 0.0234375
1 0.66796875 0.66640625 0.0984375 0.04375
1 0.74609375 0.7109375 0.090625 0.0546875
1 0.665625 0.709375 0.0734375 0.0515625
1 0.58828125 0.68203125 0.08125 0.04375
1 0.59765625 0.6296875 0.1 0.0359375
1 0.5390625 0.65546875 0.0859375 0.0671875
1 0.515625 0.5671875 0.1140625 0.028125
1 0.42734375 0.53984375 0.078125 0.0578125
1 0.42421875 0.64140625 0.0953125 0.03125
1 0.4546875 0.71015625 0.0390625 0.06875
1 0.4390625 0.70546875 0.0859375 0.0203125
1 0.52421875 0.7125 0.08125 0.0640625
1 0.6875 0.77734375 0.046875 0.065625
1 0.61953125 0.78046875 0.065625 0.0359375
1 0.5203125 0.75625 0.0796875 0.05
1 0.40546875 0.73125 0.0765625 0.0546875
1 0.42890625 0.7625 0.103125 0.0203125
1 0.509375 0.82578125 0.08125 0.0390625
1 0.4109375 0.78984375 0.0890625 0.0203125
1 0.384375 0.8046875 0.0953125 0.025
1 0.425 0.46640625 0.0390625 0.071875
1 0.44140625 0.3953125 0.0375 0.06875
1 0.3203125 0.38359375 0.0484375 0.078125
1 0.284375 0.325 0.034375 0.1
1 0.23046875 0.31484375 0.046875 0.071875
1 0.16484375 0.4796875 0.0890625 0.05625
1 0.1828125 0.565625 0.0296875 0.0828125
1 0.2203125 0.58203125 0.115625 0.0203125
1 0.2765625 0.61015625 0.109375 0.0203125
1 0.1046875 0.5859375 0.0390625 0.053125
1 0.0484375 0.55625 0.05625 0.05
1 0.0859375 0.621875 0.0765625 0.075
1 0.17109375 0.628125 0.0484375 0.0546875
1 0.31796875 0.64453125 0.05625 0.046875
1 0.08671875 0.69765625 0.0953125 0.021875
1 0.303125 0.75546875 0.075 0.0640625
