1 0.57109375 0.78203125 0.10625 0.0359375
1 0.49375 0.7625 0.0484375 0.0671875
1 0.54375 0.74765625 0.1015625 0.0296875
1 0.58203125 0.753125 0.06875 0.0203125
1 0.47734375 0.759375 0.0703125 0.040625
1 0.4984375 0.71640625 0.0328125 0.0515625
1 0.47421875 0.67890625 0.0421875 0.078125
1 0.56875 0.69453125 0.0640625 0.059375
1 0.55546875 0.671875 0.0734375 0.0265625
1 0.6171875 0.6890625 0.075 0.04375
1 0.6203125 0.734375 0.075 0.0453125
1 0.67734375 0.71953125 0.0640625 0.03125
1 0.71875 0.73828125 0.0421875 0.05625
1 0.4984375 0.65078125 0.0640625 0.040625
1 0.440625 0.6609375 0.05 0.06875
1 0.4125 0.7046875 0.0515625 0.06875
1 0.43046875 0.715625 0.059375 0.05
1 0.37734375 0.75 0.0875 0.0421875
1 0.35625 0.7203125 0.0890625 0.0203125
1 0.31015625 0.73125 0.053125 0.0390625
1 0.34921875 0.678125 0.0703125 0.0578125
1 0.365625 0.64609375 0.08125 0.0234375
1 0.53515625 0.615625 0.0875 0.040625
1 0.52421875 0.6109375 0.04375 0.0546875
1 0.49765625 0.590625 0.071875 0.04375
1 0.46640625 0.57109375 0.1109375 0.0234375
1 0.428125 0.5703125 0.065625 0.0234375
1 0.50859375 0.5375 0.053125 0.0546875
1 0.4875 0.53671875 0.0546875 0.0421875
1 0.55625 0.52421875 0.0734375 0.0421875
1 0.5265625 0.52109375 0.0796875 0.0265625
1 0.61171875 0.5359375 0.1046875 0.015625
1 0.5875 0.5390625 0.0359375 0.0625
1 0.48046875 0.4953125 0.0546875 0.0234375
1 0.53515625 0.4921875 0.0625 0.025
1 0.49453125 0.45 0.084375 0.0515625
1 0.42890625 0.4078125 0.0875 0.025
1 0.496875 0.42578125 0.0359375 0.059375
1 0.52734375 0.3984375 0.05625 0.0578125
1 0.51328125 0.375 0.0875 0.0359375
1 0.559375 0.3875 0.1015625 0.040625
1 0.48984375 0.346875 0.0546875 0.0390625
1 0.50703125 0.3484375 0.028125 0.059375
1 0.521875 0.3359375 0.084375 0.0265625
1 0.60078125 0.35859375 0.03125 0.0421875
1 0.52734375 0.30625 0.046875 0.059375
1 0.56171875 0.3140625 0.03125 0.078125
1 0.5796875 0.3203125 0.078125 0.0296875
1 0.584375 0.3 0.0359375 0.065625
1 0.53984375 0.28671875 0.0640625 0.0234375
1 0.61171875 0.2703125 0.0796875 0.0390625
1 0.63359375 0.31328125 0.028125 0.071875
1 0.65390625 0.3203125 0.040625 0.0640625
1 0.66171875 0.35703125 0.0484375 0.0546875
1 0.703125 0.35546875 0.1140625 0.0203125
1 0.7421875 0.37734375 0.05625 0.0546875
1 0.759375 0.35 0.0265625 0.06875
1 0.7765625 0.39765625 0.075 0.034375
1 0.7125 0.33203125 0.078125 0.028125
1 0.5421875 0.2609375 0.04375 0.0515625
1 0.5078125 0.2703125 0.0609375 0.0125
1 0.484375 0.275 0.0421875 0.053125
1 0.4515625 0.284375 0.0328125 0.0546875
1 0.45859375 0.2703125 0.0515625 0.04375
1 0.40390625 0.33671875 0.0921875 0.040625
1 0.40703125 0.31875 0.0625 0.0703125
1 0.4171875 0.303125 0.0484375 0.04375
1 0.4265625 0.27265625 0.059375 0.04375
1 0.46484375 0.32265625 0.0765625 0.0375
1 0.38046875 0.29921875 0.05625 0.0453125
1 0.34609375 0.3046875 0.0453125 0.05625
1 0.346875 0.2765625 0.065625 0.0421875
1 0.32890625 0.34921875 0.0890625 0.0390625
1 0.325 0.33515625 0.0578125 0.0359375
1 0.42109375 0.3859375 0.078125 0.028125
1 0.42265625 0.3671875 0.090625 0.040625
1 0.36015625 0.37421875 0.075 0.0359375
1 0.6 0.45078125 0.065625 0.0484375
1 0.59765625 0.42578125 0.0640625 0.046875
1 0.60390625 0.42109375 0.0796875 0.04375
1 0.646875 0.41484375 0.025 0.0671875
1 0.6453125 0.503125 0.059375 0.01875
1 0.63828125 0.4828125 0.06875 0.034375
1 0.7 0.50625 0.1015625 0.0296875
1 0.70703125 0.46953125 0.0515625 0.0546875
1 0.72890625 0.51171875 0.046875 0.0609375
1 0.7 0.44296875 0.0703125 0.053125
1 0.7453125 0.43359375 0.03125 0.0578125
1 0.740625 0.42890625 0.084375 0.015625
1 0.69140625 0.42421875 0.0640625 0.05
1 0.83359375 0.425 0.075 0.021875
1 0.81015625 0.47890625 0.0765625 0.0328125
1 0.8015625 0.4796875 0.0484375 0.0546875
1 0.8453125 0.46875 0.0671875 0.04375
1 0.84921875 0.5140625 0.078125 0.0484375
1 0.809375 0.54609375 0.071875 0.059375
1 0.8421875 0.5421875 0.053125 0.034375
1 0.76640625 0.57734375 0.084375 0.0484375
1 0.7703125 0.55390625 0.059375 0.04375
1 0.70078125 0.5390625 0.084375 0.0375
1 0.6640625 0.5609375 0.0703125 0.0578125
1 0.62890625 0.56953125 0.065625 0.065625
1 0.621875 0.62578125 0.0671875 0.0625
1 0.64140625 0.5953125 0.04375 0.06875
1 0.696875 0.62421875 0.1078125 0.0359375
1 0.5984375 0.63046875 0.0625 0.0421875
1 0.7046875 0.67734375 0.125 0.0234375
1 0.75625 0.6984375 0.0625 0.0296875
1 0.79453125 0.65859375 0.059375 0.0734375
1 0.7640625 0.66171875 0.075 0.028125
1 0.78671875 0.62265625 0.0578125 0.0703125
1 0.746875 0.6046875 0.121875 0.0265625
1 0.83046875 0.6171875 0.071875 0.0375
1 0.81796875 0.5953125 0.0734375 0.0265625
1 0.7984375 0.5703125 0.0609375 0.0421875
1 0.2640625 0.7140625 0.0328125 0.0703125
1 0.29765625 0.690625 0.034375 0.0625
1 0.234375 0.6890625 0.053125 0.0578125
1 0.31796875 0.62265625 0.0625 0.0703125
1 0.27421875 0.62265625 0.03125 0.084375
1 0.16796875 0.65390625 0.025 0.0640625
1 0.190625 0.634375 0.0359375 0.065625
1 0.20703125 0.63203125 0.025 0.0625
1 0.24921875 0.59140625 0.0578125 0.040625
1 0.2234375 0.57890625 0.0734375 0.0359375
1 0.2890625 0.553125 0.078125 0.04375
1 0.33984375 0.5625 0.0703125 0.0515625
1 0.36640625 0.5578125 0.05625 0.04375
1 0.4171875 0.51875 0.075 0.03125
1 0.3578125 0.52734375 0.06875 0.0453125
1 0.3484375 0.4984375 0.078125 0.028125
1 0.3765625 0.46328125 0.0703125 0.0359375
1 0.27890625 0.5 0.0859375 0.0203125
1 0.2890625 0.478125 0.0890625 0.0296875
1 0.28203125 0.4859375 0.0953125 0.021875
1 0.32890625 0.4609375 0.078125 0.028125
1 0.35703125 0.43359375 0.096875 0.021875
1 0.31328125 0.425 0.09375 0.015625
1 0.25703125 0.44765625 0.084375 0.021875
1 0.3109375 0.3984375 0.0921875 0.025
1 0.27578125 0.36015625 0.0546875 0.0546875
1 0.234375 0.40703125 0.059375 0.0546875
1 0.2234375 0.39921875 0.084375 0.0140625
1 0.2234375 0.3375 0.03125 0.0546875
1 0.14765625 0.4234375 0.0796875 0.0171875
1 0.1546875 0.46328125 0.03125 0.0546875
1 0.19453125 0.46953125 0.0875 0.0328125
1 0.20234375 0.49296875 0.078125 0.021875
1 0.1734375 0.534375 0.09375 0.0390625
1 0.16484375 0.50703125 0.075 0.0296875
