1 0.39921875 0.14140625 0.0984375 0.046875
1 0.43046875 0.17578125 0.053125 0.0625
1 0.3515625 0.17109375 0.075 0.040625
1 0.334375 0.23515625 0.08125 0.04375
1 0.29296875 0.2265625 0.0703125 0.0625
1 0.24765625 0.17265625 0.040625 0.0734375
1 0.30859375 0.14375 0.0796875 0.0265625
1 0.59765625 0.23203125 0.0359375 0.0859375
1 0.6359375 0.24375 0.075 0.078125
1 0.6328125 0.18984375 0.0828125 0.05625
1 0.64609375 0.1390625 0.0890625 0.0234375
1 0.71328125 0.1890625 0.11875 0.03125
1 0.5671875 0.2328125 0.0703125 0.046875
1 0.496875 0.18828125 0.05625 0.05
1 0.46328125 0.24140625 0.0828125 0.0390625
1 0.45390625 0.3015625 0.0984375 0.046875
1 0.31484375 0.3234375 0.03125 0.08125
1 0.35703125 0.32421875 0.0515625 0.0640625
1 0.1984375 0.35703125 0.0390625 0.078125
1 0.22421875 0.30390625 0.08125 0.0265625
1 0.16796875 0.2921875 0.0375 0.09375
1 0.1359375 0.28828125 0.08125 0.0390625
1 0.08125 0.36484375 0.06875 0.0796875
1 0.2109375 0.4203125 0.109375 0.05
1 0.775 0.2375 0.109375 0.0265625
1 0.91328125 0.35546875 0.09375 0.04375
1 0.8890625 0.3234375 0.0640625 0.0515625
1 0.79140625 0.43515625 0.03125 0.0828125
1 0.81015625 0.40703125 0.075 0.0546875
1 0.840625 0.39453125 0.078125 0.046875
1 0.62734375 0.3625 0.0953125 0.0421875
1 0.4890625 0.4203125 0.103125 0.0375
1 0.30546875 0.475 0.0453125 0.0828125
1 0.09375 0.46015625 0.034375 0.1
1 0.1671875 0.546875 0.0234375 0.0890625
1 0.22421875 0.5875 0.0578125 0.0578125
1 0.29140625 0.57734375 0.0609375 0.08125
1 0.38828125 0.50703125 0.0796875 0.0625
1 0.4140625 0.5609375 0.05 0.0734375
1 0.4609375 0.50625 0.1 0.0390625
1 0.54375 0.52421875 0.0984375 0.040625
1 0.60546875 0.5265625 0.0421875 0.08125
1 0.7015625 0.4953125 0.025 0.075
1 0.75234375 0.54609375 0.1125 0.0578125
1 0.81640625 0.553125 0.0828125 0.090625
1 0.965625 0.4328125 0.04375 0.0765625
1 0.91953125 0.4875 0.0734375 0.08125
1 0.84765625 0.4828125 0.0359375 0.0828125
1 0.9171875 0.61015625 0.053125 0.09375
1 0.8375 0.59765625 0.0375 0.1046875
1 0.78203125 0.62890625 0.096875 0.0515625
1 0.859375 0.73984375 0.040625 0.109375
1 0.90546875 0.6875 0.065625 0.1
1 0.775 0.709375 0.059375 0.0875
1 0.80546875 0.775 0.0703125 0.071875
1 0.69140625 0.80546875 0.078125 0.078125
1 0.7359375 0.7765625 0.0390625 0.0703125
1 0.6234375 0.7484375 0.1046875 0.0203125
1 0.590625 0.8578125 0.06875 0.0390625
1 0.62734375 0.84921875 0.059375 0.059375
1 0.65390625 0.85234375 0.059375 0.0453125
1 0.4953125 0.88046875 0.08125 0.0375
1 0.55546875 0.7453125 0.078125 0.078125
1 0.51015625 0.8234375 0.109375 0.03125
1 0.475 0.84296875 0.0875 0.0375
1 0.39140625 0.84765625 0.1125 0.0578125
1 0.28046875 0.81484375 0.1046875 0.0375
1 0.3625 0.7921875 0.1203125 0.0390625
1 0.35859375 0.640625 0.078125 0.0453125
1 0.28046875 0.66875 0.109375 0.021875
1 0.31328125 0.7171875 0.0984375 0.0515625
1 0.19140625 0.7234375 0.078125 0.0546875
