1 0.5234375 0.7171875 0.084375 0.05625
1 0.48828125 0.71953125 0.0390625 0.0578125
1 0.45703125 0.71953125 0.05625 0.046875
1 0.4375 0.69375 0.0484375 0.0546875
1 0.41328125 0.71015625 0.071875 0.04375
1 0.321875 0.68828125 0.0859375 0.0390625
1 0.3078125 0.640625 0.08125 0.046875
1 0.60625 0.69375 0.0390625 0.0625
1 0.67578125 0.67265625 0.0609375 0.0359375
1 0.72578125 0.66875 0.059375 0.0546875
1 0.68203125 0.64296875 0.0984375 0.028125
1 0.603125 0.634375 0.040625 0.0453125
1 0.44140625 0.6453125 0.0859375 0.0359375
1 0.37890625 0.61484375 0.0546875 0.028125
1 0.48125 0.609375 0.0328125 0.0515625
1 0.4921875 0.63359375 0.084375 0.03125
1 0.54921875 0.6046875 0.0671875 0.0625
1 0.66015625 0.590625 0.0859375 0.0265625
1 0.56796875 0.62734375 0.0375 0.0546875
1 0.81796875 0.6546875 0.090625 0.0328125
1 0.83984375 0.6328125 0.0921875 0.028125
1 0.790625 0.62265625 0.0578125 0.053125
1 0.72421875 0.6015625 0.0484375 0.0421875
1 0.79140625 0.58984375 0.0328125 0.0625
1 0.76328125 0.5734375 0.0328125 0.0515625
1 0.2484375 0.65703125 0.0890625 0.0203125
1 0.2125 0.62109375 0.090625 0.05
1 0.21640625 0.58828125 0.0640625 0.05
1 0.2953125 0.59453125 0.0875 0.028125
1 0.334375 0.5625 0.0609375 0.059375
1 0.43125 0.5703125 0.0828125 0.04375
1 0.3421875 0.57109375 0.0375 0.0578125
1 0.43125 0.53203125 0.078125 0.0359375
1 0.490625 0.53515625 0.0171875 0.0484375
1 0.5125 0.53515625 0.0390625 0.053125
1 0.5734375 0.56875 0.0453125 0.071875
1 0.671875 0.54921875 0.01875 0.05625
1 0.73515625 0.53828125 0.071875 0.0640625
1 0.7796875 0.5390625 0.0734375 0.0546875
1 0.63828125 0.53515625 0.028125 0.0421875
1 0.5796875 0.5375 0.040625 0.059375
1 0.63359375 0.515625 0.090625 0.0203125
1 0.60078125 0.50234375 0.05 0.0578125
1 0.4421875 0.49296875 0.025 0.05625
1 0.52890625 0.484375 0.0953125 0.0234375
1 0.553125 0.47421875 0.059375 0.0546875
1 0.32734375 0.515625 0.0796875 0.0328125
1 0.38671875 0.52109375 0.0703125 0.028125
1 0.21328125 0.503125 0.0890625 0.0328125
1 0.215625 0.5109375 0.0375 0.0640625
1 0.16875 0.50546875 0.0296875 0.0609375
1 0.1125 0.51875 0.0578125 0.0578125
1 0.12578125 0.4578125 0.090625 0.0390625
1 0.17578125 0.45859375 0.046875 0.05625
1 0.2390625 0.41640625 0.0578125 0.046875
1 0.27734375 0.434375 0.0421875 0.0796875
1 0.32265625 0.446875 0.1 0.034375
1 0.34296875 0.45703125 0.0703125 0.0328125
1 0.4140625 0.46796875 0.0703125 0.05
1 0.50859375 0.453125 0.059375 0.0609375
1 0.52265625 0.421875 0.0625 0.0578125
1 0.440625 0.41015625 0.065625 0.0546875
1 0.38359375 0.4109375 0.040625 0.065625
1 0.3453125 0.40078125 0.0640625 0.04375
1 0.31875 0.42578125 0.0265625 0.0625
1 0.171875 0.4234375 0.046875 0.0546875
1 0.1328125 0.3875 0.0546875 0.0578125
1 0.175 0.38046875 0.05625 0.053125
1 0.20390625 0.3609375 0.05625 0.075
1 0.27109375 0.3796875 0.0546875 0.0703125
1 0.3796875 0.36953125 0.1078125 0.03125
1 0.38984375 0.35703125 0.075 0.0515625
1 0.16328125 0.3171875 0.0765625 0.0671875
1 0.1984375 0.32421875 0.046875 0.0578125
1 0.271875 0.2796875 0.0546875 0.0796875
1 0.31875 0.2578125 0.1015625 0.03125
1 0.3671875 0.2984375 0.1 0.0515625
1 0.3390625 0.315625 0.0671875 0.053125
1 0.45859375 0.3515625 0.0578125 0.0734375
1 0.50078125 0.3671875 0.0390625 0.075
1 0.48828125 0.4 0.0859375 0.0453125
1 0.22265625 0.23984375 0.0453125 0.0703125
1 0.27421875 0.25 0.1140625 0.0546875
1 0.3546875 0.2109375 0.109375 0.0421875
1 0.35078125 0.17109375 0.1375 0.034375
1 0.4625 0.14296875 0.14375 0.0296875
1 0.44453125 0.2125 0.0546875 0.0625
1 0.44609375 0.2203125 0.09375 0.0421875
1 0.5671875 0.19296875 0.1140625 0.0453125
1 0.6078125 0.1796875 0.0546875 0.096875
1 0.503125 0.25078125 0.0984375 0.0265625
1 0.43203125 0.28828125 0.109375 0.0765625
1 0.49609375 0.2921875 0.1109375 0.0625
1 0.571875 0.25546875 0.109375 0.0390625
1 0.4828125 0.296875 0.05625 0.0546875
1 0.3859375 0.271875 0.0765625 0.0328125
1 0.559375 0.36484375 0.09375 0.0328125
1 0.55 0.35703125 0.046875 0.071875
1 0.628125 0.33671875 0.078125 0.0609375
1 0.60859375 0.29609375 0.0546875 0.084375
1 0.6875 0.1875 0.103125 0.0515625
1 0.71875 0.2203125 0.1078125 0.071875
1 0.796875 0.2265625 0.0609375 0.090625
1 0.71015625 0.275 0.0890625 0.0640625
1 0.72890625 0.21953125 0.0515625 0.0625
1 0.8625 0.2609375 0.1296875 0.0296875
1 0.840625 0.30078125 0.1203125 0.034375
1 0.86328125 0.32109375 0.1328125 0.0265625
1 0.73515625 0.32578125 0.0359375 0.0703125
1 0.77265625 0.30234375 0.0421875 0.0703125
1 0.853125 0.37734375 0.103125 0.0328125
1 0.76953125 0.32734375 0.0265625 0.06875
1 0.7546875 0.3390625 0.0234375 0.0546875
1 0.6578125 0.375 0.09375 0.03125
1 0.9359375 0.39140625 0.034375 0.084375
1 0.9390625 0.390625 0.0609375 0.071875
1 0.73125 0.36328125 0.1375 0.0375
1 0.74375 0.38359375 0.0984375 0.028125
1 0.78671875 0.4140625 0.078125 0.0484375
1 0.84765625 0.40625 0.0390625 0.0625
1 0.8140625 0.4 0.05 0.053125
1 0.8234375 0.42265625 0.0703125 0.06875
1 0.871875 0.43203125 0.034375 0.0484375
1 0.88671875 0.45703125 0.025 0.0671875
1 0.8203125 0.475 0.1078125 0.01875
1 0.83515625 0.4796875 0.059375 0.0484375
1 0.86171875 0.47265625 0.0375 0.0546875
1 0.59296875 0.4125 0.04375 0.0703125
1 0.953125 0.44296875 0.0875 0.040625
1 0.95703125 0.471875 0.084375 0.0328125
1 0.6453125 0.45234375 0.0671875 0.0703125
1 0.67578125 0.43359375 0.028125 0.0609375
1 0.70625 0.41640625 0.053125 0.0671875
1 0.7203125 0.43671875 0.0390625 0.0671875
1 0.69296875 0.396875 0.028125 0.0484375
1 0.70859375 0.478125 0.084375 0.0171875
1 0.7546875 0.48515625 0.10625 0.046875
1 0.796875 0.47734375 0.046875 0.053125
1 0.928125 0.50859375 0.1265625 0.046875
1 0.925 0.49765625 0.046875 0.0671875
1 0.9453125 0.53203125 0.0890625 0.0625
1 0.68828125 0.4890625 0.0734375 0.0421875
1 0.56640625 0.53671875 0.05 0.0546875
1 0.6984375 0.53125 0.040625 0.059375
