1 0.66171875 0.74140625 0.065625 0.08125
1 0.55546875 0.696875 0.078125 0.0734375
1 0.45078125 0.690625 0.1015625 0.0359375
1 0.603125 0.62421875 0.0546875 0.0859375
1 0.7203125 0.65234375 0.0359375 0.0921875
1 0.7859375 0.54140625 0.028125 0.0890625
1 0.6015625 0.51640625 0.0640625 0.0765625
1 0.3890625 0.59609375 0.0859375 0.0515625
1 0.32734375 0.5890625 0.0265625 0.0703125
1 0.38828125 0.55546875 0.0625 0.04375
1 0.10234375 0.6296875 0.103125 0.0546875
1 0.14921875 0.5828125 0.1296875 0.046875
1 0.23671875 0.54453125 0.0640625 0.0796875
1 0.1078125 0.50546875 0.05 0.078125
1 0.4953125 0.47734375 0.084375 0.021875
1 0.3203125 0.4109375 0.0515625 0.0609375
1 0.46015625 0.33046875 0.034375 0.0859375
