1 0.68046875 0.696875 0.0828125 0.028125
1 0.56328125 0.66015625 0.0890625 0.021875
1 0.4484375 0.66875 0.0515625 0.06875
1 0.33671875 0.61484375 0.1015625 0.046875
1 0.4109375 0.5734375 0.078125 0.04375
1 0.48984375 0.55859375 0.0390625 0.090625
1 0.33984375 0.4984375 0.0703125 0.0515625
1 0.428125 0.48203125 0.0609375 0.0765625
1 0.6359375 0.58046875 0.0859375 0.0515625
1 0.68125 0.6578125 0.0828125 0.059375
1 0.72421875 0.621875 0.078125 0.05
1 0.74609375 0.5359375 0.078125 0.0703125
1 0.83046875 0.44140625 0.0796875 0.0609375
1 0.78203125 0.509375 0.028125 0.08125
1 0.67578125 0.41875 0.065625 0.0859375
1 0.70703125 0.4390625 0.04375 0.078125
1 0.61875 0.409375 0.0390625 0.08125
1 0.484375 0.375 0.0796875 0.0609375
1 0.31875 0.36015625 0.078125 0.078125
1 0.21484375 0.37109375 0.090625 0.053125
1 0.21640625 0.453125 0.0875 0.0234375
1 0.46328125 0.28828125 0.04375 0.0890625
1 0.72578125 0.309375 0.1046875 0.046875
1 0.63359375 0.23984375 0.06875 0.0828125
1 0.54296875 0.184375 0.0859375 0.04375
1 0.51328125 0.14140625 0.0515625 0.06875
