1 0.246875 0.16953125 0.040625 0.0703125
1 0.2984375 0.14609375 0.078125 0.034375
1 0.39296875 0.1421875 0.103125 0.0453125
1 0.3546875 0.2296875 0.078125 0.0421875
1 0.36484375 0.1734375 0.096875 0.0203125
1 0.2953125 0.2234375 0.096875 0.0515625
1 0.4984375 0.1390625 0.0875 0.0578125
1 0.546875 0.15390625 0.0734375 0.059375
1 0.58359375 0.20078125 0.034375 0.0890625
1 0.64765625 0.1390625 0.0859375 0.025
1 0.64765625 0.203125 0.0625 0.053125
1 0.6828125 0.175 0.1046875 0.0359375
1 0.75625 0.19296875 0.103125 0.0265625
1 0.81484375 0.2296875 0.090625 0.03125
1 0.48984375 0.24453125 0.065625 0.0640625
1 0.45703125 0.30390625 0.0953125 0.046875
1 0.63125 0.290625 0.0984375 0.05
1 0.6765625 0.328125 0.1078125 0.0421875
1 0.8171875 0.33984375 0.0671875 0.0625
1 0.9453125 0.3703125 0.0796875 0.0609375
1 0.93125 0.33984375 0.0703125 0.05
1 0.87578125 0.415625 0.084375 0.059375
1 0.97109375 0.44765625 0.0453125 0.075
1 0.915625 0.45859375 0.09375 0.0453125
1 0.896875 0.51640625 0.0984375 0.046875
1 0.80859375 0.5109375 0.065625 0.0765625
1 0.853125 0.565625 0.1171875 0.046875
1 0.74140625 0.53203125 0.0953125 0.05
1 0.9203125 0.61640625 0.05 0.078125
1 0.81875 0.6640625 0.03125 0.0671875
1 0.83125 0.63515625 0.034375 0.05625
1 0.84375 0.60546875 0.0390625 0.0859375
1 0.89296875 0.6734375 0.0890625 0.0734375
1 0.86015625 0.7421875 0.0375 0.1
1 0.8046875 0.7890625 0.0484375 0.071875
1 0.76953125 0.70546875 0.0640625 0.0875
1 0.7203125 0.79921875 0.0375 0.0671875
1 0.684375 0.8046875 0.071875 0.0640625
1 0.62734375 0.84765625 0.0578125 0.0578125
1 0.6515625 0.8546875 0.05625 0.03125
1 0.58125 0.85859375 0.0875 0.0375
1 0.49609375 0.87265625 0.1109375 0.028125
1 0.51953125 0.8171875 0.13125 0.021875
1 0.47109375 0.83515625 0.0953125 0.0296875
1 0.59140625 0.71953125 0.0859375 0.021875
1 0.5390625 0.75703125 0.0875 0.0625
1 0.69296875 0.61171875 0.0546875 0.0671875
1 0.3734375 0.84375 0.1265625 0.025
1 0.35625 0.7875 0.109375 0.0359375
1 0.271875 0.81171875 0.09375 0.0390625
1 0.38359375 0.6875 0.034375 0.0953125
1 0.30859375 0.721875 0.0921875 0.0546875
1 0.259375 0.6765625 0.1046875 0.0265625
1 0.184375 0.721875 0.071875 0.05
1 0.5703125 0.5640625 0.0546875 0.0671875
1 0.5703125 0.475 0.04375 0.0828125
1 0.4859375 0.5015625 0.1046875 0.0484375
1 0.4921875 0.41328125 0.1125 0.0375
1 0.31171875 0.35234375 0.075 0.053125
1 0.3109375 0.31484375 0.0390625 0.075
1 0.19453125 0.36015625 0.05 0.08125
1 0.175 0.2828125 0.0484375 0.0921875
1 0.2015625 0.3046875 0.0828125 0.028125
1 0.09765625 0.27890625 0.0859375 0.040625
1 0.08984375 0.3671875 0.053125 0.0765625
1 0.23203125 0.41875 0.1140625 0.0328125
1 0.309375 0.4671875 0.0375 0.0734375
1 0.09375 0.45625 0.028125 0.1
1 0.165625 0.5375 0.025 0.0875
1 0.21171875 0.59609375 0.0453125 0.0640625
1 0.28671875 0.57734375 0.05625 0.075
1 0.4703125 0.46484375 0.065625 0.0703125
1 0.4328125 0.56875 0.0703125 0.05625
