1 0.61328125 0.746875 0.090625 0.0328125
1 0.69296875 0.7203125 0.10625 0.0328125
1 0.684375 0.69609375 0.0578125 0.0578125
1 0.58203125 0.703125 0.0546875 0.059375
1 0.53515625 0.734375 0.0984375 0.021875
1 0.446875 0.734375 0.109375 0.03125
1 0.765625 0.6609375 0.0703125 0.0671875
1 0.81953125 0.64453125 0.046875 0.0546875
1 0.75546875 0.62890625 0.0515625 0.0625
1 0.696875 0.6421875 0.0578125 0.0546875
1 0.715625 0.60859375 0.0796875 0.0515625
1 0.71171875 0.575 0.0703125 0.0671875
1 0.6484375 0.590625 0.0796875 0.0515625
1 0.6046875 0.621875 0.096875 0.028125
1 0.79453125 0.5890625 0.05 0.0671875
1 0.7875 0.50078125 0.028125 0.0734375
1 0.8625 0.54453125 0.0703125 0.0734375
1 0.86796875 0.56328125 0.059375 0.0546875
1 0.82890625 0.5890625 0.034375 0.034375
1 0.88828125 0.47421875 0.03125 0.078125
1 0.82109375 0.46796875 0.0390625 0.0734375
1 0.8625 0.4015625 0.0453125 0.06875
1 0.80546875 0.41953125 0.071875 0.05625
1 0.79609375 0.39765625 0.075 0.04375
1 0.88828125 0.36484375 0.040625 0.0796875
1 0.81796875 0.309375 0.0671875 0.059375
1 0.75078125 0.30546875 0.0578125 0.0453125
1 0.684375 0.334375 0.0890625 0.03125
1 0.6984375 0.36171875 0.0625 0.046875
1 0.71640625 0.44609375 0.075 0.04375
1 0.65703125 0.45234375 0.025 0.0703125
1 0.6796875 0.51328125 0.1046875 0.0265625
1 0.75390625 0.2546875 0.0984375 0.0421875
1 0.67265625 0.17734375 0.0859375 0.03125
1 0.625 0.2078125 0.1015625 0.021875
1 0.5796875 0.24140625 0.0921875 0.034375
1 0.56875 0.27265625 0.0734375 0.0171875
1 0.58359375 0.30703125 0.05625 0.059375
1 0.590625 0.31328125 0.0765625 0.0171875
1 0.553125 0.25078125 0.0640625 0.0328125
1 0.56015625 0.1984375 0.08125 0.025
1 0.53359375 0.18984375 0.090625 0.0234375
1 0.55 0.159375 0.0875 0.021875
1 0.56953125 0.36328125 0.0828125 0.01875
1 0.54140625 0.409375 0.053125 0.0578125
1 0.61875 0.4328125 0.0546875 0.059375
1 0.553125 0.5203125 0.0921875 0.0171875
1 0.45546875 0.496875 0.071875 0.05625
1 0.43828125 0.43203125 0.0265625 0.0640625
1 0.46484375 0.3953125 0.090625 0.021875
1 0.49921875 0.31953125 0.103125 0.0296875
1 0.48671875 0.25 0.0953125 0.05
1 0.43203125 0.21875 0.08125 0.0359375
1 0.384375 0.26640625 0.0796875 0.0484375
1 0.3921875 0.3421875 0.053125 0.0421875
1 0.3625 0.37265625 0.05 0.0484375
1 0.3578125 0.4578125 0.046875 0.0625
1 0.32734375 0.49296875 0.0546875 0.059375
1 0.42421875 0.56171875 0.078125 0.046875
1 0.41171875 0.6453125 0.1015625 0.0203125
1 0.41875 0.68671875 0.0765625 0.025
1 0.2953125 0.6859375 0.0953125 0.025
1 0.24921875 0.63203125 0.075 0.04375
1 0.26484375 0.478125 0.053125 0.0734375
1 0.203125 0.51875 0.040625 0.075
1 0.171875 0.496875 0.03125 0.0796875
1 0.15546875 0.46796875 0.025 0.0859375
1 0.2140625 0.44375 0.0296875 0.0625
1 0.2015625 0.390625 0.0328125 0.071875
1 0.13828125 0.35703125 0.040625 0.05625
1 0.26015625 0.3578125 0.040625 0.059375
1 0.315625 0.34375 0.04375 0.0515625
1 0.22109375 0.2546875 0.0640625 0.0546875
