1 0.3765625 0.37890625 0.08203125 0.02109375
1 0.43828125 0.39453125 0.0828125 0.0296875
1 0.4515625 0.390625 0.04609375 0.0625
1 0.49375 0.36875 0.03515625 0.04921875
1 0.3984375 0.41953125 0.06875 0.0625
1 0.44765625 0.44765625 0.08203125 0.05859375
1 0.35546875 0.45 0.075 0.05
1 0.35 0.42109375 0.08515625 0.03359375
1 0.284375 0.47265625 0.084375 0.0515625
1 0.20625 0.5015625 0.0703125 0.03828125
1 0.3328125 0.5109375 0.03125 0.07265625
1 0.32890625 0.4984375 0.02578125 0.05234375
1 0.3265625 0.4953125 0.090625 0.0203125
1 0.384375 0.53671875 0.0328125 0.06484375
1 0.39140625 0.49765625 0.084375 0.0578125
1 0.50078125 0.4734375 0.03515625 0.06171875
1 0.55703125 0.434375 0.071875 0.02109375
1 0.5859375 0.3875 0.065625 0.05234375
1 0.65703125 0.41796875 0.0484375 0.0578125
1 0.71171875 0.4453125 0.08984375 0.025
1 0.68984375 0.478125 0.07890625 0.04453125
1 0.68359375 0.525 0.06875 0.0421875
1 0.709375 0.51875 0.0765625 0.053125
1 0.546875 0.534375 0.08828125 0.05703125
1 0.54453125 0.54140625 0.06015625 0.0703125
1 0.5828125 0.58515625 0.0390625 0.0734375
1 0.61953125 0.57421875 0.02734375 0.0578125
1 0.48828125 0.58125 0.07578125 0.05
1 0.37265625 0.5828125 0.0515625 0.06015625
1 0.24609375 0.540625 0.134375 0.01796875
1 0.23515625 0.56640625 0.09765625 0.0328125
1 0.26015625 0.57890625 0.08515625 0.040625
1 0.26796875 0.55390625 0.0609375 0.03359375
1 0.21953125 0.6421875 0.03203125 0.07578125
1 0.240625 0.60859375 0.05546875 0.05
1 0.28125 0.625 0.06015625 0.0640625
1 0.28359375 0.66796875 0.04453125 0.0765625
1 0.19921875 0.68359375 0.0375 0.06796875
1 0.1515625 0.6859375 0.053125 0.0765625
1 0.209375 0.73671875 0.0640625 0.06484375
1 0.23828125 0.72421875 0.08984375 0.02734375
1 0.24765625 0.71328125 0.04609375 0.08828125
1 0.284375 0.73359375 0.07734375 0.059375
1 0.29140625 0.78515625 0.11953125 0.03359375
1 0.3328125 0.7765625 0.0734375 0.0671875
1 0.3609375 0.7078125 0.034375 0.1
1 0.390625 0.75625 0.08671875 0.071875
1 0.325 0.82421875 0.0375 0.0765625
1 0.365625 0.82265625 0.04609375 0.08203125
1 0.4640625 0.7640625 0.13515625 0.02578125
1 0.5015625 0.7203125 0.10859375 0.05625
1 0.55703125 0.784375 0.04921875 0.09921875
1 0.59375 0.71328125 0.1140625 0.075
1 0.6984375 0.70390625 0.06328125 0.0640625
1 0.7109375 0.66484375 0.06015625 0.0875
