1 0.54921875 0.16953125 0.0390625 0.078125
1 0.5796875 0.18828125 0.0765625 0.0890625
1 0.4515625 0.22734375 0.1140625 0.03125
1 0.69765625 0.2015625 0.1140625 0.0265625
1 0.61328125 0.24453125 0.0984375 0.0546875
1 0.6265625 0.28125 0.1109375 0.0546875
1 0.80859375 0.2515625 0.175 0.0390625
1 0.29921875 0.2640625 0.084375 0.075
1 0.28046875 0.3421875 0.0515625 0.0703125
1 0.26875 0.4296875 0.0765625 0.0390625
1 0.5703125 0.38671875 0.090625 0.075
1 0.7328125 0.3515625 0.134375 0.04375
1 0.8890625 0.346875 0.1203125 0.05625
1 0.8203125 0.45625 0.0828125 0.040625
1 0.88671875 0.553125 0.0859375 0.1
1 0.58828125 0.47890625 0.04375 0.0828125
1 0.50234375 0.4796875 0.10625 0.046875
1 0.36328125 0.525 0.08125 0.065625
1 0.259375 0.50234375 0.0484375 0.075
1 0.48984375 0.559375 0.0921875 0.0359375
1 0.5796875 0.5828125 0.0671875 0.090625
1 0.3875 0.6390625 0.1046875 0.03125
1 0.49765625 0.66328125 0.1140625 0.0265625
1 0.6890625 0.65 0.0671875 0.0671875
1 0.69296875 0.75078125 0.1125 0.034375
1 0.84375 0.69609375 0.1 0.0734375
