1 0.41640625 0.7859375 0.103125 0.034375
1 0.62265625 0.74375 0.090625 0.0515625
1 0.5125 0.734375 0.05 0.065625
1 0.44609375 0.73359375 0.05625 0.0796875
1 0.47734375 0.69453125 0.0515625 0.028125
1 0.35390625 0.709375 0.1078125 0.0265625
1 0.52734375 0.64140625 0.0875 0.034375
1 0.65625 0.69453125 0.0390625 0.08125
1 0.71328125 0.671875 0.0390625 0.0828125
1 0.70078125 0.64765625 0.0984375 0.0515625
1 0.76171875 0.68046875 0.05 0.0671875
1 0.8046875 0.65390625 0.028125 0.078125
1 0.6484375 0.62265625 0.090625 0.065625
1 0.775 0.61484375 0.0828125 0.040625
1 0.72421875 0.571875 0.0484375 0.0734375
1 0.67890625 0.578125 0.0625 0.0609375
1 0.821875 0.6015625 0.0953125 0.053125
1 0.878125 0.60078125 0.0265625 0.065625
1 0.83984375 0.57265625 0.078125 0.0703125
1 0.7671875 0.55 0.075 0.06875
1 0.8828125 0.4515625 0.0328125 0.075
1 0.85546875 0.48203125 0.05 0.078125
1 0.80546875 0.47890625 0.0390625 0.08125
1 0.83125 0.44296875 0.0484375 0.0734375
1 0.76328125 0.471875 0.0359375 0.065625
1 0.5796875 0.55234375 0.08125 0.053125
1 0.63125 0.5171875 0.0828125 0.040625
1 0.5390625 0.496875 0.10625 0.021875
1 0.615625 0.46640625 0.0796875 0.053125
1 0.596875 0.478125 0.075 0.0328125
1 0.67265625 0.46015625 0.075 0.053125
1 0.6484375 0.42109375 0.0859375 0.028125
1 0.66484375 0.40390625 0.1 0.0265625
1 0.75234375 0.3953125 0.0890625 0.0265625
1 0.7765625 0.38125 0.0421875 0.0609375
1 0.7484375 0.33125 0.0765625 0.0453125
1 0.76875 0.3265625 0.1171875 0.0234375
1 0.66796875 0.33359375 0.0984375 0.0453125
1 0.74609375 0.2890625 0.090625 0.0546875
1 0.665625 0.290625 0.0734375 0.0515625
1 0.58828125 0.31796875 0.08125 0.0453125
1 0.59765625 0.3703125 0.1 0.0359375
1 0.5390625 0.34453125 0.0859375 0.0671875
1 0.515625 0.4328125 0.1140625 0.028125
1 0.42734375 0.46015625 0.078125 0.0578125
1 0.42421875 0.35859375 0.0953125 0.03125
1 0.4546875 0.28984375 0.0390625 0.06875
1 0.4390625 0.29453125 0.0859375 0.0203125
1 0.52421875 0.2875 0.08125 0.0625
1 0.6875 0.22265625 0.046875 0.065625
1 0.61953125 0.21953125 0.065625 0.0359375
1 0.5203125 0.24375 0.0796875 0.05
1 0.40546875 0.26875 0.0765625 0.0546875
1 0.42890625 0.2375 0.103125 0.021875
1 0.509375 0.17421875 0.08125 0.0390625
1 0.4109375 0.21015625 0.0890625 0.0203125
1 0.384375 0.1953125 0.0953125 0.025
1 0.425 0.53359375 0.0390625 0.071875
1 0.44140625 0.6046875 0.0375 0.0671875
1 0.3203125 0.61640625 0.0484375 0.078125
1 0.284375 0.675 0.034375 0.0984375
1 0.23046875 0.68515625 0.046875 0.0734375
1 0.16484375 0.5203125 0.0890625 0.05625
1 0.1828125 0.434375 0.0296875 0.0828125
1 0.2203125 0.41796875 0.115625 0.0203125
1 0.2765625 0.38984375 0.109375 0.0203125
1 0.1046875 0.4140625 0.0390625 0.053125
1 0.0484375 0.44375 0.05625 0.05
1 0.0859375 0.378125 0.0765625 0.0765625
1 0.17109375 0.371875 0.0484375 0.0546875
1 0.31796875 0.35546875 0.05625 0.046875
1 0.08671875 0.30234375 0.0953125 0.021875
1 0.303125 0.24453125 0.075 0.0640625
