1 0.73125 0.70078125 0.096875 0.04375
1 0.76484375 0.6671875 0.0890625 0.034375
1 0.759375 0.61640625 0.0515625 0.0625
1 0.7859375 0.55703125 0.0296875 0.059375
1 0.67109375 0.70703125 0.0453125 0.0828125
1 0.57890625 0.7015625 0.0921875 0.0375
1 0.58046875 0.6453125 0.08125 0.0265625
1 0.62890625 0.53671875 0.0671875 0.0421875
1 0.74453125 0.509375 0.0828125 0.0171875
1 0.71953125 0.47890625 0.05 0.0578125
1 0.8265625 0.3828125 0.0609375 0.0734375
1 0.846875 0.40078125 0.0265625 0.084375
1 0.81484375 0.359375 0.05625 0.0671875
1 0.75 0.37265625 0.075 0.0203125
1 0.75234375 0.4046875 0.0859375 0.01875
1 0.71328125 0.43046875 0.0765625 0.0359375
1 0.65625 0.37734375 0.0390625 0.0765625
1 0.640625 0.48984375 0.0578125 0.05625
1 0.59453125 0.47265625 0.0546875 0.0421875
1 0.478125 0.51640625 0.034375 0.0625
1 0.49296875 0.478125 0.071875 0.0515625
1 0.4015625 0.45859375 0.05 0.0609375
1 0.4171875 0.7484375 0.034375 0.0484375
1 0.36640625 0.75078125 0.053125 0.046875
1 0.26875 0.725 0.078125 0.05625
1 0.35546875 0.67421875 0.0796875 0.034375
1 0.321875 0.68828125 0.046875 0.03125
1 0.36953125 0.615625 0.0421875 0.059375
1 0.4046875 0.5734375 0.0359375 0.0859375
1 0.29765625 0.60546875 0.05625 0.0671875
1 0.2328125 0.634375 0.05 0.053125
1 0.2234375 0.58046875 0.0265625 0.0609375
1 0.1828125 0.5421875 0.0296875 0.0515625
1 0.3140625 0.509375 0.0296875 0.075
1 0.25234375 0.45859375 0.09375 0.0734375
1 0.24140625 0.484375 0.0765625 0.0484375
1 0.10625 0.4734375 0.084375 0.0328125
1 0.3515625 0.40859375 0.03125 0.0765625
1 0.196875 0.3609375 0.0375 0.084375
1 0.35546875 0.33515625 0.103125 0.0265625
1 0.47265625 0.3625 0.0375 0.0515625
1 0.40859375 0.3140625 0.0890625 0.025
1 0.27421875 0.2828125 0.0578125 0.03125
1 0.21953125 0.28984375 0.0453125 0.0703125
1 0.39921875 0.24765625 0.0390625 0.0875
1 0.50234375 0.21796875 0.0796875 0.0609375
1 0.471875 0.27890625 0.053125 0.0765625
1 0.471875 0.28515625 0.0640625 0.0890625
1 0.45625 0.2453125 0.053125 0.0703125
1 0.5421875 0.29296875 0.09375 0.025
1 0.590625 0.259375 0.0984375 0.0375
1 0.64140625 0.28671875 0.0984375 0.021875
