1 0.60234375 0.83359375 0.0953125 0.01875
1 0.49375 0.85390625 0.115625 0.021875
1 0.46328125 0.82734375 0.0234375 0.0609375
1 0.39375 0.8390625 0.109375 0.0203125
1 0.2953125 0.82421875 0.053125 0.071875
1 0.4015625 0.8046875 0.1125 0.0234375
1 0.525 0.8109375 0.0890625 0.01875
1 0.5421875 0.81015625 0.071875 0.03125
1 0.48828125 0.77109375 0.0875 0.0515625
1 0.5234375 0.77578125 0.0796875 0.040625
1 0.4640625 0.75 0.0765625 0.0578125
1 0.59765625 0.79453125 0.0734375 0.034375
1 0.5875 0.77734375 0.06875 0.0484375
1 0.61328125 0.759375 0.1125 0.0203125
1 0.603125 0.7546875 0.09375 0.0234375
1 0.684375 0.78203125 0.0515625 0.065625
1 0.69453125 0.77109375 0.1015625 0.0359375
1 0.76796875 0.76015625 0.08125 0.075
1 0.7578125 0.75 0.0671875 0.075
1 0.71875 0.740625 0.0796875 0.0421875
1 0.7 0.725 0.090625 0.040625
1 0.828125 0.7265625 0.0859375 0.0546875
1 0.821875 0.69296875 0.0265625 0.0828125
1 0.69375 0.69375 0.071875 0.034375
1 0.74765625 0.684375 0.090625 0.0203125
1 0.6171875 0.6984375 0.109375 0.0359375
1 0.5453125 0.7171875 0.0421875 0.0484375
1 0.47421875 0.703125 0.1140625 0.028125
1 0.41171875 0.73203125 0.0984375 0.0203125
1 0.38359375 0.721875 0.021875 0.0796875
1 0.71015625 0.66640625 0.04375 0.0484375
1 0.7734375 0.64453125 0.0765625 0.065625
1 0.73046875 0.64609375 0.0765625 0.0234375
1 0.828125 0.63359375 0.0921875 0.0609375
1 0.875 0.5921875 0.040625 0.084375
1 0.84375 0.53046875 0.05 0.0671875
1 0.81171875 0.4734375 0.078125 0.0453125
1 0.83828125 0.52578125 0.0265625 0.0515625
1 0.73359375 0.55078125 0.053125 0.0453125
1 0.7234375 0.578125 0.0859375 0.0234375
1 0.66953125 0.60546875 0.0953125 0.0234375
1 0.65859375 0.65234375 0.0828125 0.04375
1 0.696875 0.59765625 0.0796875 0.028125
1 0.65625 0.62890625 0.0609375 0.0328125
1 0.55 0.6421875 0.0890625 0.0625
1 0.52890625 0.6484375 0.05625 0.075
1 0.6 0.61015625 0.0984375 0.040625
1 0.57421875 0.57890625 0.065625 0.04375
1 0.68671875 0.5171875 0.0234375 0.06875
1 0.74375 0.475 0.0578125 0.0453125
1 0.62734375 0.5265625 0.028125 0.065625
1 0.61328125 0.50859375 0.0671875 0.046875
1 0.64921875 0.47421875 0.0984375 0.0171875
1 0.6265625 0.46875 0.0328125 0.0484375
1 0.78359375 0.4546875 0.0734375 0.0453125
1 0.73203125 0.44296875 0.028125 0.053125
1 0.79453125 0.44921875 0.046875 0.05
1 0.76953125 0.42421875 0.10625 0.0203125
1 0.703125 0.42578125 0.0671875 0.0171875
1 0.66875 0.425 0.078125 0.0390625
1 0.7546875 0.3984375 0.0828125 0.0390625
1 0.803125 0.3859375 0.0359375 0.065625
1 0.8453125 0.396875 0.0296875 0.075
1 0.7796875 0.33046875 0.109375 0.0515625
1 0.69453125 0.35234375 0.103125 0.03125
1 0.759375 0.334375 0.0734375 0.0359375
1 0.7078125 0.37890625 0.04375 0.0375
1 0.6796875 0.37109375 0.0390625 0.053125
1 0.646875 0.36953125 0.075 0.0390625
1 0.64765625 0.37265625 0.0828125 0.028125
1 0.63046875 0.440625 0.0390625 0.0546875
1 0.61875 0.41484375 0.046875 0.0625
1 0.62421875 0.3265625 0.021875 0.0453125
1 0.64609375 0.334375 0.0296875 0.0484375
1 0.63515625 0.35859375 0.0421875 0.0390625
1 0.7296875 0.29296875 0.0953125 0.0171875
1 0.665625 0.2859375 0.103125 0.028125
1 0.528125 0.41171875 0.0859375 0.053125
1 0.47109375 0.37109375 0.065625 0.0359375
1 0.55703125 0.3984375 0.0828125 0.0125
1 0.575 0.38359375 0.0828125 0.0234375
1 0.5515625 0.3484375 0.0203125 0.0796875
1 0.5765625 0.3546875 0.0703125 0.0234375
1 0.52734375 0.36171875 0.0953125 0.0234375
1 0.50390625 0.36015625 0.0515625 0.0671875
1 0.5125 0.3375 0.0734375 0.03125
1 0.48984375 0.32109375 0.0625 0.021875
1 0.57421875 0.29296875 0.0265625 0.059375
1 0.51171875 0.26953125 0.0765625 0.0328125
1 0.50859375 0.24921875 0.103125 0.0265625
1 0.33671875 0.78125 0.0984375 0.0359375
1 0.20703125 0.7921875 0.059375 0.0546875
1 0.22421875 0.746875 0.0640625 0.05
1 0.22265625 0.73125 0.03125 0.078125
1 0.27578125 0.74921875 0.078125 0.0546875
1 0.3328125 0.7078125 0.065625 0.059375
1 0.21953125 0.70234375 0.0453125 0.065625
1 0.171875 0.74296875 0.071875 0.046875
1 0.16328125 0.69609375 0.0640625 0.053125
1 0.175 0.7015625 0.0609375 0.0390625
1 0.128125 0.73203125 0.05 0.05625
1 0.13828125 0.6546875 0.0375 0.0703125
1 0.2578125 0.68046875 0.04375 0.0625
1 0.2375 0.67421875 0.0515625 0.0453125
1 0.2875 0.65390625 0.0265625 0.059375
1 0.29453125 0.63046875 0.0671875 0.028125
1 0.278125 0.64375 0.015625 0.0515625
1 0.3640625 0.65234375 0.0625 0.025
1 0.22265625 0.63984375 0.028125 0.05
1 0.21328125 0.60234375 0.03125 0.0734375
1 0.14765625 0.6140625 0.0578125 0.053125
1 0.165625 0.5984375 0.065625 0.0578125
1 0.1859375 0.584375 0.028125 0.05625
1 0.17578125 0.5859375 0.0265625 0.053125
1 0.21484375 0.553125 0.0375 0.0390625
1 0.196875 0.51953125 0.0546875 0.0671875
1 0.27578125 0.5078125 0.0671875 0.0484375
1 0.29921875 0.4875 0.071875 0.034375
1 0.315625 0.54609375 0.0890625 0.046875
1 0.3328125 0.53359375 0.0265625 0.065625
1 0.31953125 0.58046875 0.0390625 0.0546875
1 0.3703125 0.609375 0.0890625 0.05
1 0.3671875 0.590625 0.0265625 0.0515625
1 0.3078125 0.44765625 0.09375 0.0390625
1 0.21171875 0.4375 0.0640625 0.0359375
1 0.29609375 0.41328125 0.0421875 0.0421875
1 0.26796875 0.37890625 0.084375 0.0171875
1 0.26484375 0.3640625 0.0484375 0.0421875
1 0.2984375 0.3703125 0.06875 0.021875
1 0.24296875 0.3484375 0.0625 0.04375
1 0.26640625 0.31640625 0.075 0.0453125
1 0.3078125 0.31484375 0.0703125 0.04375
1 0.44609375 0.63515625 0.084375 0.01875
1 0.4484375 0.61171875 0.0796875 0.0390625
1 0.41640625 0.56171875 0.059375 0.0640625
1 0.4640625 0.565625 0.0546875 0.0296875
1 0.51796875 0.56640625 0.04375 0.0609375
1 0.5296875 0.5265625 0.075 0.0296875
1 0.48359375 0.5421875 0.075 0.0265625
1 0.41796875 0.5109375 0.034375 0.046875
1 0.3890625 0.53984375 0.0453125 0.0453125
1 0.40546875 0.5 0.0671875 0.0359375
1 0.36953125 0.50234375 0.071875 0.0515625
1 0.4921875 0.49140625 0.06875 0.05
1 0.49140625 0.46171875 0.0328125 0.06875
1 0.4625 0.453125 0.0546875 0.0546875
1 0.44453125 0.45703125 0.0953125 0.0265625
1 0.434375 0.48125 0.0375 0.053125
1 0.43984375 0.41953125 0.0625 0.034375
1 0.39453125 0.37421875 0.0828125 0.028125
1 0.38125 0.29921875 0.071875 0.05
