1 0.68984375 0.1921875 0.11875 0.0546875
1 0.4625 0.2890625 0.0390625 0.096875
1 0.315625 0.2265625 0.0703125 0.0640625
1 0.28203125 0.3109375 0.0984375 0.040625
1 0.3875 0.4203125 0.0921875 0.071875
1 0.46171875 0.4796875 0.059375 0.0828125
1 0.16796875 0.45703125 0.0765625 0.1171875
1 0.30078125 0.5765625 0.0765625 0.090625
1 0.62578125 0.44453125 0.0921875 0.03125
1 0.73046875 0.521875 0.10625 0.0421875
1 0.88046875 0.56171875 0.0578125 0.1015625
1 0.8171875 0.80703125 0.0640625 0.0921875
1 0.7640625 0.74375 0.1 0.0625
1 0.65390625 0.6828125 0.1109375 0.078125
1 0.4203125 0.71484375 0.128125 0.0640625
1 0.38125 0.86328125 0.1203125 0.0453125
1 0.12734375 0.6828125 0.0609375 0.1125
