1 0.31328125 0.21796875 0.09375 0.0203125
1 0.42109375 0.21171875 0.1328125 0.028125
1 0.47265625 0.20859375 0.078125 0.0546875
1 0.53984375 0.21640625 0.034375 0.075
1 0.50234375 0.25390625 0.0765625 0.0640625
1 0.5265625 0.2453125 0.1015625 0.0234375
1 0.39453125 0.275 0.08125 0.0390625
1 0.4015625 0.27421875 0.065625 0.04375
1 0.24453125 0.2578125 0.065625 0.065625
1 0.2671875 0.25078125 0.09375 0.0203125
1 0.34140625 0.2859375 0.0640625 0.06875
1 0.3453125 0.325 0.0640625 0.04375
1 0.35234375 0.33671875 0.04375 0.05
1 0.2671875 0.3515625 0.028125 0.08125
1 0.2 0.32578125 0.0875 0.0234375
1 0.12734375 0.32578125 0.11875 0.03125
1 0.15078125 0.3859375 0.078125 0.075
1 0.178125 0.3578125 0.078125 0.0484375
1 0.14296875 0.37421875 0.0765625 0.021875
1 0.0859375 0.3640625 0.1125 0.0203125
1 0.05078125 0.48671875 0.028125 0.0625
1 0.10703125 0.48671875 0.1046875 0.021875
1 0.1015625 0.52734375 0.0828125 0.0625
1 0.16953125 0.48203125 0.0484375 0.059375
1 0.1890625 0.44609375 0.0734375 0.0375
1 0.2390625 0.503125 0.08125 0.015625
1 0.25390625 0.47734375 0.0484375 0.059375
1 0.21484375 0.50625 0.0546875 0.0453125
1 0.30390625 0.48984375 0.0765625 0.021875
1 0.30625 0.490625 0.05625 0.04375
1 0.3515625 0.478125 0.071875 0.0171875
1 0.075 0.55703125 0.1015625 0.0265625
1 0.08046875 0.58828125 0.0546875 0.0484375
1 0.0953125 0.62734375 0.075 0.0546875
1 0.1125 0.60703125 0.046875 0.059375
1 0.13984375 0.61875 0.0359375 0.0671875
1 0.153125 0.59140625 0.0265625 0.040625
1 0.18515625 0.6046875 0.0671875 0.0484375
1 0.1671875 0.67890625 0.0390625 0.0640625
1 0.20859375 0.728125 0.0578125 0.075
1 0.23515625 0.7203125 0.06875 0.0390625
1 0.27265625 0.7109375 0.03125 0.05
1 0.2546875 0.67734375 0.0953125 0.046875
1 0.25703125 0.7015625 0.028125 0.040625
1 0.26015625 0.6515625 0.0875 0.0375
1 0.31796875 0.63203125 0.0625 0.03125
1 0.2953125 0.66328125 0.025 0.053125
1 0.28828125 0.59609375 0.0265625 0.0453125
1 0.21640625 0.5890625 0.0609375 0.0515625
1 0.24453125 0.625 0.028125 0.034375
1 0.2484375 0.54375 0.0734375 0.0359375
1 0.29140625 0.53359375 0.0828125 0.0375
1 0.396875 0.5359375 0.0640625 0.0125
1 0.425 0.521875 0.021875 0.0484375
1 0.403125 0.571875 0.0921875 0.0328125
1 0.38515625 0.60859375 0.0375 0.0546875
1 0.37578125 0.66328125 0.0703125 0.046875
1 0.40546875 0.62734375 0.0921875 0.04375
1 0.4328125 0.62109375 0.0703125 0.059375
1 0.4328125 0.6625 0.0828125 0.0390625
1 0.35546875 0.72109375 0.0640625 0.0546875
1 0.43046875 0.4875 0.0828125 0.0203125
1 0.453125 0.49296875 0.075 0.0453125
1 0.49140625 0.475 0.0265625 0.05
1 0.4578125 0.4265625 0.0828125 0.015625
1 0.41796875 0.390625 0.0546875 0.0546875
1 0.43046875 0.409375 0.034375 0.053125
1 0.3109375 0.35546875 0.03125 0.065625
1 0.35078125 0.371875 0.1046875 0.0234375
1 0.39453125 0.36875 0.0984375 0.025
1 0.3796875 0.396875 0.0234375 0.0421875
1 0.31171875 0.41953125 0.0453125 0.06875
1 0.2765625 0.39453125 0.09375 0.0234375
1 0.31171875 0.43125 0.0640625 0.0484375
1 0.459375 0.4328125 0.0375 0.0578125
1 0.47890625 0.44140625 0.09375 0.0328125
1 0.50703125 0.4296875 0.0515625 0.05
1 0.55390625 0.4546875 0.078125 0.053125
1 0.546875 0.396875 0.0359375 0.06875
1 0.49140625 0.34140625 0.109375 0.0296875
1 0.49140625 0.36640625 0.09375 0.01875
1 0.4734375 0.30546875 0.08125 0.021875
1 0.575 0.3328125 0.078125 0.034375
1 0.53984375 0.275 0.1015625 0.0296875
1 0.55703125 0.2859375 0.078125 0.06875
1 0.61875 0.28828125 0.09375 0.040625
1 0.5953125 0.2359375 0.0546875 0.065625
1 0.62421875 0.31640625 0.0703125 0.025
1 0.6515625 0.24453125 0.08125 0.046875
1 0.7234375 0.26796875 0.0703125 0.05
1 0.6921875 0.2828125 0.0625 0.0453125
1 0.7328125 0.3125 0.0265625 0.0671875
1 0.7328125 0.36953125 0.05 0.0734375
1 0.60703125 0.39921875 0.0359375 0.0578125
1 0.60390625 0.42265625 0.059375 0.0578125
1 0.721875 0.35546875 0.0765625 0.0296875
1 0.81171875 0.30234375 0.0375 0.090625
1 0.67734375 0.4078125 0.0546875 0.0484375
1 0.7 0.43671875 0.0671875 0.059375
1 0.6 0.4703125 0.05625 0.065625
1 0.53515625 0.5046875 0.065625 0.046875
1 0.60625 0.5296875 0.0421875 0.05625
1 0.665625 0.47578125 0.0640625 0.0515625
1 0.66484375 0.5109375 0.0390625 0.0609375
1 0.66328125 0.50546875 0.06875 0.0484375
1 0.84375 0.371875 0.078125 0.04375
1 0.9125 0.3609375 0.04375 0.0859375
1 0.85625 0.40625 0.071875 0.0578125
1 0.78671875 0.39609375 0.0984375 0.0390625
1 0.78828125 0.4265625 0.0546875 0.046875
1 0.74375 0.4828125 0.034375 0.0640625
1 0.7859375 0.471875 0.025 0.06875
1 0.821875 0.47890625 0.028125 0.0484375
1 0.75078125 0.5421875 0.0265625 0.065625
1 0.78046875 0.48984375 0.0359375 0.05625
1 0.82109375 0.50234375 0.06875 0.0484375
1 0.871875 0.46875 0.0359375 0.071875
1 0.91640625 0.4359375 0.065625 0.0640625
1 0.95546875 0.44609375 0.0453125 0.078125
1 0.709375 0.50625 0.046875 0.046875
1 0.7234375 0.5625 0.0359375 0.078125
1 0.70078125 0.58046875 0.0375 0.059375
1 0.62109375 0.5703125 0.065625 0.04375
1 0.5640625 0.57109375 0.09375 0.0203125
1 0.45234375 0.546875 0.046875 0.0625
1 0.459375 0.5515625 0.0609375 0.0390625
1 0.46640625 0.5921875 0.040625 0.05625
1 0.51875 0.59296875 0.0625 0.040625
1 0.51015625 0.58203125 0.0515625 0.034375
1 0.50703125 0.625 0.0703125 0.0296875
1 0.55390625 0.6375 0.09375 0.01875
1 0.5546875 0.63359375 0.05625 0.040625
1 0.50390625 0.66328125 0.0609375 0.0484375
1 0.63125 0.603125 0.0734375 0.04375
1 0.596875 0.628125 0.0578125 0.046875
1 0.65078125 0.6421875 0.0875 0.0421875
1 0.671875 0.640625 0.065625 0.040625
1 0.5828125 0.671875 0.065625 0.05625
1 0.61015625 0.69609375 0.0828125 0.0359375
1 0.7234375 0.6375 0.0734375 0.0203125
1 0.79296875 0.53515625 0.0640625 0.040625
1 0.8828125 0.5203125 0.103125 0.05
1 0.87421875 0.54921875 0.0625 0.0515625
1 0.825 0.5765625 0.034375 0.0390625
1 0.94140625 0.5609375 0.0921875 0.03125
1 0.89296875 0.5765625 0.1109375 0.028125
1 0.9125 0.59921875 0.090625 0.053125
1 0.79296875 0.6140625 0.0796875 0.053125
1 0.8765625 0.621875 0.0359375 0.0703125
1 0.81171875 0.6171875 0.059375 0.0484375
1 0.87578125 0.65546875 0.1 0.0265625
1 0.8015625 0.6578125 0.0328125 0.05
1 0.7703125 0.66328125 0.071875 0.0609375
1 0.85 0.67265625 0.046875 0.0671875
1 0.8078125 0.709375 0.0296875 0.0625
1 0.74609375 0.7 0.0953125 0.0328125
1 0.7203125 0.671875 0.0390625 0.0609375
1 0.69140625 0.675 0.0390625 0.04375
1 0.73203125 0.73515625 0.0671875 0.0515625
1 0.73515625 0.76796875 0.075 0.034375
1 0.2921875 0.78203125 0.0734375 0.053125
1 0.4359375 0.70703125 0.0734375 0.0421875
1 0.4734375 0.715625 0.040625 0.0484375
1 0.43125 0.71015625 0.0328125 0.0328125
1 0.396875 0.7765625 0.084375 0.03125
1 0.46796875 0.74296875 0.0890625 0.03125
1 0.540625 0.728125 0.0484375 0.04375
1 0.56796875 0.76640625 0.028125 0.075
1 0.559375 0.75546875 0.0609375 0.0484375
1 0.615625 0.79453125 0.03125 0.0578125
1 0.55859375 0.80859375 0.0796875 0.025
1 0.5359375 0.7875 0.034375 0.05625
1 0.5125 0.75703125 0.0390625 0.059375
1 0.4921875 0.7796875 0.0625 0.0421875
1 0.45859375 0.778125 0.071875 0.0453125
1 0.465625 0.8234375 0.0984375 0.025
1 0.48828125 0.8015625 0.0859375 0.021875
