1 0.46875 0.10546875 0.034375 0.0859375
1 0.42421875 0.12578125 0.0296875 0.0796875
1 0.3890625 0.21953125 0.0390625 0.0609375
1 0.38671875 0.18984375 0.021875 0.0703125
1 0.40703125 0.13984375 0.0703125 0.025
1 0.39453125 0.16328125 0.0609375 0.04375
1 0.34375 0.228125 0.046875 0.0703125
1 0.3515625 0.14921875 0.0875 0.05625
1 0.35625 0.08671875 0.078125 0.0203125
1 0.32890625 0.1078125 0.075 0.04375
1 0.309375 0.14375 0.08125 0.04375
1 0.2609375 0.14609375 0.028125 0.0734375
1 0.28046875 0.21171875 0.0234375 0.08125
1 0.23203125 0.1734375 0.05625 0.065625
1 0.2515625 0.265625 0.0796875 0.05625
1 0.22734375 0.23828125 0.0234375 0.0671875
1 0.24609375 0.20703125 0.0484375 0.0484375
1 0.16328125 0.24453125 0.040625 0.0640625
1 0.1796875 0.25546875 0.0796875 0.0484375
1 0.13828125 0.2375 0.0734375 0.04375
1 0.1078125 0.28359375 0.0359375 0.0671875
1 0.109375 0.3140625 0.08125 0.0390625
1 0.13203125 0.353125 0.084375 0.025
1 0.14296875 0.375 0.0546875 0.06875
1 0.06953125 0.36640625 0.06875 0.0546875
1 0.1265625 0.415625 0.0734375 0.0328125
1 0.1953125 0.359375 0.059375 0.0765625
1 0.2671875 0.3484375 0.0484375 0.0765625
1 0.28984375 0.3859375 0.04375 0.0890625
1 0.3078125 0.3328125 0.0703125 0.0203125
1 0.36953125 0.3328125 0.053125 0.03125
1 0.42265625 0.325 0.06875 0.046875
1 0.38984375 0.27421875 0.03125 0.05
1 0.45390625 0.246875 0.0859375 0.0359375
1 0.51015625 0.22890625 0.0703125 0.065625
1 0.46015625 0.20703125 0.053125 0.0234375
1 0.52109375 0.31484375 0.06875 0.0421875
1 0.51015625 0.29375 0.0328125 0.0625
1 0.52578125 0.26015625 0.04375 0.0703125
1 0.56875 0.34609375 0.0421875 0.0703125
1 0.48203125 0.4265625 0.0859375 0.0828125
1 0.4296875 0.4390625 0.0296875 0.1
1 0.45703125 0.37265625 0.0328125 0.0484375
1 0.47265625 0.47421875 0.0765625 0.05
1 0.5484375 0.46015625 0.040625 0.0890625
1 0.1859375 0.428125 0.046875 0.075
1 0.1984375 0.471875 0.0890625 0.025
1 0.1953125 0.459375 0.0390625 0.0703125
1 0.1078125 0.47265625 0.028125 0.06875
1 0.13984375 0.54140625 0.021875 0.08125
1 0.165625 0.54140625 0.0640625 0.040625
1 0.2 0.57265625 0.053125 0.0796875
1 0.24453125 0.49765625 0.09375 0.0609375
1 0.334375 0.51328125 0.096875 0.0515625
1 0.32109375 0.57421875 0.0921875 0.0625
1 0.365625 0.64453125 0.0828125 0.04375
1 0.36015625 0.62109375 0.0328125 0.078125
1 0.31328125 0.64375 0.0359375 0.1
1 0.1984375 0.62890625 0.0890625 0.0234375
1 0.07265625 0.61328125 0.0296875 0.08125
1 0.05859375 0.565625 0.059375 0.0890625
1 0.04609375 0.53515625 0.046875 0.0984375
1 0.1640625 0.690625 0.075 0.053125
1 0.18828125 0.69453125 0.0484375 0.06875
1 0.2171875 0.7046875 0.040625 0.09375
1 0.125 0.72734375 0.0328125 0.09375
1 0.165625 0.78515625 0.046875 0.0640625
1 0.1875 0.7734375 0.0390625 0.0828125
1 0.26640625 0.72890625 0.065625 0.059375
1 0.296875 0.8125 0.0890625 0.0515625
1 0.26015625 0.80546875 0.028125 0.096875
1 0.321875 0.79140625 0.0953125 0.034375
1 0.37265625 0.8109375 0.0546875 0.0484375
1 0.290625 0.871875 0.0625 0.0859375
1 0.33359375 0.86640625 0.06875 0.059375
1 0.35 0.9015625 0.075 0.028125
1 0.40390625 0.890625 0.0625 0.0625
1 0.43125 0.85234375 0.040625 0.08125
1 0.38671875 0.7453125 0.0546875 0.0359375
1 0.44609375 0.78828125 0.0890625 0.06875
1 0.47109375 0.85546875 0.0671875 0.0953125
1 0.509375 0.80859375 0.0390625 0.0765625
1 0.540625 0.77890625 0.0671875 0.0265625
1 0.58984375 0.76484375 0.0765625 0.065625
1 0.61875 0.76484375 0.09375 0.0265625
1 0.5140625 0.7234375 0.0734375 0.0515625
1 0.48203125 0.6609375 0.0671875 0.0515625
1 0.52578125 0.6609375 0.0796875 0.0375
1 0.5046875 0.61640625 0.1171875 0.0234375
1 0.42421875 0.5984375 0.065625 0.0359375
1 0.49765625 0.5984375 0.0703125 0.025
1 0.5953125 0.61015625 0.0796875 0.0625
1 0.6265625 0.65390625 0.096875 0.0453125
1 0.6671875 0.725 0.0671875 0.0796875
1 0.56328125 0.8765625 0.0890625 0.046875
1 0.55 0.86484375 0.0609375 0.0671875
1 0.61328125 0.83515625 0.053125 0.0859375
1 0.625 0.8484375 0.1109375 0.0328125
1 0.678125 0.83828125 0.065625 0.1078125
1 0.73203125 0.7890625 0.028125 0.0921875
1 0.79453125 0.79609375 0.078125 0.075
1 0.76171875 0.8015625 0.0296875 0.08125
1 0.8375 0.75625 0.0328125 0.09375
1 0.846875 0.7109375 0.04375 0.075
1 0.790625 0.715625 0.0828125 0.0640625
1 0.7875 0.725 0.0453125 0.0671875
1 0.80234375 0.659375 0.1296875 0.0234375
1 0.803125 0.671875 0.0375 0.06875
1 0.9234375 0.63828125 0.115625 0.034375
1 0.9265625 0.62265625 0.04375 0.078125
1 0.715625 0.60390625 0.0421875 0.059375
1 0.8703125 0.61015625 0.0625 0.046875
1 0.83515625 0.60234375 0.0703125 0.0484375
1 0.865625 0.5265625 0.0453125 0.0546875
1 0.884375 0.5859375 0.0484375 0.0578125
1 0.83125 0.571875 0.0671875 0.0671875
1 0.95 0.51171875 0.090625 0.075
1 0.784375 0.55859375 0.0296875 0.078125
1 0.76015625 0.5328125 0.01875 0.0875
1 0.725 0.50390625 0.059375 0.025
1 0.64453125 0.5703125 0.0953125 0.025
1 0.6 0.51953125 0.059375 0.0609375
1 0.66953125 0.48671875 0.0828125 0.025
1 0.584375 0.13046875 0.0234375 0.08125
1 0.62734375 0.26796875 0.0265625 0.0796875
1 0.6296875 0.221875 0.04375 0.0359375
1 0.653125 0.20234375 0.0234375 0.075
1 0.61328125 0.35703125 0.0296875 0.084375
1 0.66953125 0.35703125 0.075 0.0390625
1 0.64375 0.3609375 0.028125 0.059375
1 0.709375 0.33203125 0.04375 0.08125
1 0.7578125 0.27734375 0.03125 0.084375
1 0.75546875 0.1875 0.0984375 0.0359375
1 0.7546875 0.15234375 0.0625 0.0484375
1 0.82890625 0.2234375 0.0375 0.065625
1 0.84921875 0.2921875 0.090625 0.046875
1 0.8640625 0.25703125 0.078125 0.034375
1 0.8828125 0.234375 0.0765625 0.0328125
1 0.85078125 0.334375 0.053125 0.0984375
1 0.8390625 0.27890625 0.034375 0.0578125
1 0.834375 0.3546875 0.03125 0.0703125
1 0.775 0.3515625 0.04375 0.096875
1 0.72265625 0.40546875 0.0734375 0.0546875
1 0.73203125 0.45546875 0.0828125 0.0203125
1 0.77265625 0.44296875 0.0234375 0.090625
1 0.84375 0.4859375 0.0921875 0.0234375
1 0.8140625 0.48515625 0.046875 0.0828125
1 0.90703125 0.44140625 0.08125 0.0546875
1 0.9375 0.375 0.0671875 0.065625
1 0.93984375 0.3421875 0.0765625 0.0328125
1 0.90703125 0.3921875 0.0640625 0.0796875
