1 0.35 0.18125 0.14453125 0.03125
1 0.41484375 0.17265625 0.1203125 0.0796875
1 0.49453125 0.159375 0.115625 0.0671875
1 0.59140625 0.1515625 0.11328125 0.0859375
1 0.55625 0.16640625 0.046875 0.0875
1 0.54765625 0.221875 0.08671875 0.071875
1 0.58046875 0.221875 0.11328125 0.05
1 0.64453125 0.20078125 0.1125 0.04375
1 0.7328125 0.2515625 0.0703125 0.08984375
1 0.78046875 0.23515625 0.0796875 0.1015625
1 0.83984375 0.26328125 0.046875 0.09765625
1 0.628125 0.28046875 0.14453125 0.0703125
1 0.26015625 0.22578125 0.1359375 0.06328125
1 0.346875 0.2609375 0.0546875 0.06484375
1 0.21328125 0.2796875 0.1 0.0875
1 0.20234375 0.3765625 0.140625 0.09921875
1 0.215625 0.325 0.1546875 0.06484375
1 0.1484375 0.40546875 0.09140625 0.05625
1 0.18359375 0.4046875 0.10546875 0.08359375
1 0.26015625 0.42421875 0.11328125 0.07578125
1 0.33046875 0.36328125 0.07734375 0.09453125
1 0.43359375 0.38203125 0.109375 0.0796875
1 0.44375 0.34140625 0.11953125 0.046875
1 0.57734375 0.359375 0.0421875 0.075
1 0.79375 0.365625 0.0484375 0.084375
1 0.84375 0.346875 0.0828125 0.1
1 0.70390625 0.3890625 0.04296875 0.090625
1 0.65078125 0.46875 0.053125 0.109375
1 0.859375 0.49140625 0.0875 0.11015625
1 0.54140625 0.4421875 0.07421875 0.06796875
1 0.46484375 0.49453125 0.10078125 0.05390625
1 0.47578125 0.4703125 0.1109375 0.03046875
1 0.3859375 0.465625 0.11640625 0.03984375
1 0.12109375 0.4609375 0.17265625 0.0546875
1 0.08671875 0.50078125 0.13203125 0.09375
1 0.09296875 0.59921875 0.10703125 0.05234375
1 0.0921875 0.56875 0.1265625 0.059375
1 0.16015625 0.6640625 0.14140625 0.0515625
1 0.2515625 0.5953125 0.13203125 0.040625
1 0.2328125 0.53359375 0.0890625 0.0875
1 0.33515625 0.6015625 0.1546875 0.06640625
1 0.33125 0.54453125 0.1484375 0.04453125
1 0.3140625 0.65703125 0.1234375 0.0421875
1 0.3703125 0.625 0.109375 0.07421875
1 0.49296875 0.56953125 0.1421875 0.06640625
1 0.6125 0.60234375 0.12265625 0.0640625
1 0.69609375 0.64609375 0.08125 0.11171875
1 0.70625 0.61328125 0.08203125 0.08828125
1 0.778125 0.60390625 0.07265625 0.09296875
1 0.70546875 0.68515625 0.125 0.059375
1 0.57421875 0.6796875 0.175 0.06328125
1 0.490625 0.6921875 0.11640625 0.05390625
1 0.41875 0.72890625 0.13828125 0.04453125
1 0.46171875 0.775 0.1375 0.0515625
1 0.43359375 0.734375 0.1109375 0.05078125
