1 0.51015625 0.2078125 0.0859375 0.0515625
1 0.3765625 0.246875 0.10625 0.0265625
1 0.6046875 0.27734375 0.0390625 0.0546875
1 0.44609375 0.296875 0.109375 0.0265625
1 0.46171875 0.27734375 0.096875 0.0203125
1 0.21328125 0.28125 0.0359375 0.0546875
1 0.17109375 0.32421875 0.09375 0.040625
1 0.1859375 0.37265625 0.109375 0.0328125
1 0.28203125 0.38671875 0.0953125 0.0375
1 0.22109375 0.43515625 0.075 0.059375
1 0.0859375 0.45 0.034375 0.0734375
1 0.13203125 0.5359375 0.05 0.059375
1 0.16875 0.5640625 0.0484375 0.0578125
1 0.16953125 0.68125 0.059375 0.075
1 0.21484375 0.6375 0.065625 0.0703125
1 0.18671875 0.54921875 0.0703125 0.05625
1 0.25859375 0.5140625 0.0765625 0.05625
1 0.24765625 0.5203125 0.0390625 0.078125
1 0.37578125 0.6828125 0.08125 0.0703125
1 0.33046875 0.66171875 0.09375 0.028125
1 0.534375 0.78515625 0.10625 0.0296875
1 0.46484375 0.6984375 0.115625 0.0734375
1 0.4796875 0.71875 0.0953125 0.0359375
1 0.39609375 0.61640625 0.0921875 0.040625
1 0.41875 0.48359375 0.1 0.053125
1 0.40625 0.57734375 0.1078125 0.0203125
1 0.3796875 0.5640625 0.1015625 0.040625
1 0.534375 0.5359375 0.06875 0.0515625
1 0.37109375 0.44140625 0.06875 0.065625
1 0.38203125 0.4375 0.0875 0.0546875
1 0.40234375 0.3625 0.046875 0.0703125
1 0.70703125 0.33046875 0.0765625 0.0421875
1 0.628125 0.39609375 0.1203125 0.034375
1 0.546875 0.42421875 0.0578125 0.028125
1 0.51796875 0.41875 0.0359375 0.065625
1 0.5921875 0.43984375 0.1140625 0.025
1 0.69765625 0.44921875 0.04375 0.0671875
1 0.63984375 0.47265625 0.046875 0.0453125
1 0.8203125 0.39296875 0.040625 0.0640625
1 0.7859375 0.415625 0.0609375 0.059375
1 0.71015625 0.49765625 0.0609375 0.04375
1 0.6859375 0.5578125 0.059375 0.0734375
1 0.6203125 0.5953125 0.0421875 0.078125
1 0.68359375 0.52578125 0.04375 0.0796875
1 0.7421875 0.57265625 0.078125 0.075
1 0.78671875 0.5625 0.0921875 0.05625
1 0.790625 0.6125 0.0359375 0.0484375
1 0.78671875 0.60703125 0.071875 0.025
1 0.7671875 0.6703125 0.1125 0.0546875
1 0.7671875 0.68984375 0.0671875 0.0796875
1 0.6203125 0.70859375 0.0859375 0.0515625
1 0.653125 0.68359375 0.04375 0.0625
