1 0.72734375 0.7046875 0.04375 0.071875
1 0.76484375 0.68046875 0.0859375 0.046875
1 0.784375 0.64765625 0.04375 0.084375
1 0.734375 0.64453125 0.071875 0.0375
1 0.840625 0.6375 0.0328125 0.0734375
1 0.66640625 0.68671875 0.071875 0.0796875
1 0.62890625 0.69140625 0.0703125 0.0734375
1 0.61796875 0.7359375 0.0453125 0.084375
1 0.553125 0.68515625 0.0734375 0.059375
1 0.49375 0.76640625 0.0328125 0.0734375
1 0.409375 0.7703125 0.0859375 0.0515625
1 0.43515625 0.728125 0.1 0.0296875
1 0.484375 0.665625 0.071875 0.0625
1 0.5390625 0.6359375 0.0984375 0.0234375
1 0.5984375 0.60703125 0.0359375 0.0546875
1 0.67734375 0.63671875 0.065625 0.0578125
1 0.6640625 0.596875 0.1 0.0546875
1 0.715625 0.5984375 0.1015625 0.0390625
1 0.83671875 0.56796875 0.10625 0.0484375
1 0.83828125 0.5484375 0.08125 0.046875
1 0.83359375 0.51953125 0.0859375 0.025
1 0.77109375 0.5265625 0.065625 0.0609375
1 0.73359375 0.55859375 0.0921875 0.0296875
1 0.67109375 0.5421875 0.059375 0.0703125
1 0.709375 0.48046875 0.075 0.0671875
1 0.87578125 0.47421875 0.084375 0.0515625
1 0.87109375 0.44140625 0.1046875 0.0453125
1 0.7890625 0.44375 0.0234375 0.0640625
1 0.809375 0.41328125 0.1015625 0.034375
1 0.859375 0.39765625 0.046875 0.0734375
1 0.828125 0.321875 0.0875 0.0609375
1 0.74375 0.3796875 0.03125 0.0765625
1 0.71875 0.36328125 0.0328125 0.078125
1 0.7125 0.365625 0.0875 0.0203125
1 0.6484375 0.38828125 0.08125 0.0578125
1 0.7265625 0.321875 0.0953125 0.046875
1 0.66953125 0.27109375 0.0796875 0.0609375
1 0.6640625 0.23203125 0.078125 0.0484375
1 0.784375 0.26875 0.1296875 0.0375
1 0.7609375 0.225 0.1171875 0.03125
1 0.73984375 0.20703125 0.1125 0.0203125
1 0.4953125 0.58671875 0.053125 0.053125
1 0.5765625 0.53515625 0.05 0.0640625
1 0.58046875 0.484375 0.10625 0.0203125
1 0.465625 0.53671875 0.0234375 0.0609375
1 0.4359375 0.590625 0.0265625 0.08125
1 0.3796875 0.640625 0.06875 0.0296875
1 0.3734375 0.703125 0.0625 0.075
1 0.4 0.51484375 0.046875 0.0609375
1 0.5734375 0.4359375 0.0640625 0.05
1 0.5765625 0.38125 0.0296875 0.071875
1 0.51953125 0.40546875 0.0796875 0.0265625
1 0.51796875 0.384375 0.0203125 0.05625
1 0.57421875 0.33203125 0.0828125 0.0453125
1 0.45 0.4203125 0.0625 0.0484375
1 0.43359375 0.43828125 0.0828125 0.021875
1 0.3734375 0.4328125 0.0421875 0.05625
1 0.39765625 0.35625 0.0421875 0.0703125
1 0.51484375 0.2734375 0.0828125 0.05625
1 0.53828125 0.25390625 0.0421875 0.084375
1 0.47578125 0.21640625 0.0359375 0.065625
1 0.478125 0.1953125 0.1046875 0.0390625
1 0.3921875 0.175 0.0796875 0.0375
1 0.3609375 0.2890625 0.0984375 0.0703125
1 0.30859375 0.2140625 0.0375 0.0859375
1 0.25703125 0.21640625 0.028125 0.065625
1 0.215625 0.22890625 0.040625 0.0625
1 0.1765625 0.2796875 0.028125 0.0640625
1 0.2453125 0.30859375 0.1 0.0375
1 0.20859375 0.290625 0.034375 0.0640625
1 0.26328125 0.34453125 0.025 0.0734375
1 0.31640625 0.38359375 0.0640625 0.04375
1 0.20859375 0.3671875 0.0359375 0.065625
1 0.22890625 0.421875 0.028125 0.0609375
1 0.13828125 0.36953125 0.0359375 0.0703125
1 0.096875 0.41015625 0.040625 0.0765625
1 0.1375 0.40703125 0.071875 0.0546875
1 0.30078125 0.459375 0.04375 0.0625
1 0.19609375 0.4546875 0.0609375 0.0609375
1 0.34453125 0.50703125 0.1015625 0.0359375
1 0.26015625 0.53828125 0.071875 0.0421875
1 0.225 0.56171875 0.0953125 0.046875
1 0.15 0.50546875 0.053125 0.0703125
1 0.0921875 0.4609375 0.0609375 0.0546875
1 0.084375 0.4953125 0.08125 0.028125
1 0.078125 0.53125 0.08125 0.03125
1 0.16484375 0.590625 0.109375 0.028125
1 0.22734375 0.621875 0.0625 0.0609375
1 0.14609375 0.62421875 0.06875 0.0515625
1 0.19140625 0.66796875 0.1 0.01875
1 0.2515625 0.7234375 0.084375 0.0515625
1 0.25078125 0.7 0.0796875 0.05625
1 0.215625 0.6671875 0.0671875 0.0515625
1 0.3296875 0.7546875 0.0859375 0.0359375
1 0.32421875 0.68046875 0.0953125 0.0234375
