1 0.26015625 0.228125 0.0375 0.0875
1 0.296875 0.20234375 0.040625 0.0546875
1 0.3328125 0.17734375 0.0609375 0.0640625
1 0.33984375 0.19921875 0.0546875 0.065625
1 0.3890625 0.1734375 0.065625 0.0546875
1 0.46015625 0.16015625 0.0984375 0.0234375
1 0.35390625 0.2375 0.0359375 0.0640625
1 0.18359375 0.27578125 0.034375 0.078125
1 0.1359375 0.3078125 0.0375 0.0765625
1 0.50703125 0.18828125 0.109375 0.0328125
1 0.44296875 0.228125 0.0421875 0.0734375
1 0.42421875 0.29765625 0.040625 0.0671875
1 0.3265625 0.3109375 0.1015625 0.053125
1 0.13828125 0.3671875 0.0328125 0.075
1 0.24453125 0.3875 0.0609375 0.0578125
1 0.171875 0.4 0.0359375 0.0671875
1 0.22421875 0.42109375 0.0765625 0.046875
1 0.14375 0.43671875 0.0375 0.0734375
1 0.1109375 0.453125 0.0484375 0.06875
1 0.18125 0.4609375 0.0359375 0.0578125
1 0.203125 0.490625 0.0625 0.0484375
1 0.19140625 0.51796875 0.090625 0.040625
1 0.12265625 0.54609375 0.0453125 0.0609375
1 0.20703125 0.565625 0.06875 0.0578125
1 0.275 0.5953125 0.1 0.021875
1 0.25 0.57578125 0.05625 0.0453125
1 0.3328125 0.584375 0.0515625 0.0421875
1 0.2859375 0.5046875 0.0546875 0.0609375
1 0.29453125 0.4625 0.05625 0.0546875
1 0.259375 0.453125 0.0390625 0.05
1 0.3515625 0.371875 0.1171875 0.0328125
1 0.3453125 0.41484375 0.0359375 0.059375
1 0.384375 0.46953125 0.0609375 0.0578125
1 0.43203125 0.39765625 0.021875 0.0703125
1 0.5203125 0.36953125 0.0765625 0.0703125
1 0.5140625 0.29296875 0.090625 0.03125
1 0.58359375 0.21796875 0.1078125 0.040625
1 0.5703125 0.16328125 0.0890625 0.0234375
1 0.62578125 0.2703125 0.078125 0.05
1 0.66171875 0.3359375 0.0484375 0.0484375
1 0.48046875 0.4375 0.05 0.0609375
1 0.58203125 0.42421875 0.084375 0.03125
1 0.459375 0.4734375 0.0671875 0.0546875
1 0.52734375 0.4984375 0.0765625 0.0359375
1 0.53984375 0.50546875 0.0578125 0.05625
1 0.52578125 0.54375 0.08125 0.0171875
1 0.38828125 0.528125 0.06875 0.0421875
1 0.475 0.56796875 0.0890625 0.04375
1 0.2828125 0.63984375 0.0734375 0.0515625
1 0.4609375 0.63515625 0.0890625 0.0203125
1 0.41953125 0.6984375 0.0984375 0.025
1 0.3796875 0.70859375 0.1 0.015625
1 0.47109375 0.64453125 0.090625 0.021875
1 0.54296875 0.65859375 0.0765625 0.025
1 0.51015625 0.67109375 0.084375 0.0203125
1 0.578125 0.675 0.078125 0.025
1 0.553125 0.71953125 0.075 0.025
1 0.66015625 0.69296875 0.0765625 0.0328125
1 0.63359375 0.64921875 0.0703125 0.0625
1 0.67109375 0.63046875 0.084375 0.0421875
1 0.70390625 0.64453125 0.075 0.0609375
1 0.75078125 0.67734375 0.0671875 0.0515625
1 0.65546875 0.53984375 0.0625 0.0734375
1 0.7640625 0.5546875 0.028125 0.0828125
1 0.7359375 0.49375 0.034375 0.06875
1 0.6390625 0.490625 0.0921875 0.03125
1 0.58515625 0.46953125 0.08125 0.0390625
1 0.74453125 0.43515625 0.0546875 0.078125
1 0.78828125 0.3875 0.046875 0.0703125
1 0.8421875 0.43828125 0.0359375 0.0890625
1 0.8140625 0.32109375 0.0734375 0.046875
1 0.75 0.24765625 0.028125 0.0796875
1 0.703125 0.28203125 0.065625 0.04375
