1 0.54921875 0.1359375 0.075 0.0421875
1 0.64140625 0.16015625 0.05625 0.08125
1 0.69453125 0.26796875 0.0359375 0.103125
1 0.6453125 0.2703125 0.0671875 0.0640625
1 0.57890625 0.28203125 0.0515625 0.0921875
1 0.53671875 0.3125 0.0578125 0.0796875
1 0.4703125 0.33125 0.071875 0.03125
1 0.41171875 0.15703125 0.05625 0.025
1 0.75234375 0.3078125 0.0390625 0.1
1 0.8109375 0.33203125 0.0375 0.0859375
1 0.790625 0.3953125 0.0703125 0.0703125
1 0.7359375 0.36953125 0.0734375 0.09375
1 0.61953125 0.3515625 0.0328125 0.1
1 0.5109375 0.3625 0.078125 0.04375
1 0.37578125 0.25703125 0.0890625 0.0515625
1 0.41171875 0.403125 0.0203125 0.0984375
1 0.484375 0.4296875 0.0578125 0.046875
1 0.578125 0.4515625 0.06875 0.059375
1 0.54140625 0.51328125 0.0671875 0.065625
1 0.6546875 0.465625 0.0828125 0.075
1 0.71484375 0.56171875 0.078125 0.09375
1 0.671875 0.6390625 0.0796875 0.075
1 0.6625 0.7515625 0.040625 0.1453125
1 0.6125 0.80859375 0.1140625 0.05
1 0.55078125 0.6984375 0.0359375 0.1328125
1 0.5578125 0.72734375 0.0828125 0.04375
1 0.48515625 0.66796875 0.040625 0.0875
1 0.51953125 0.784375 0.090625 0.0515625
1 0.5140625 0.81171875 0.0453125 0.1140625
1 0.45703125 0.81484375 0.075 0.075
1 0.40390625 0.6375 0.0796875 0.0625
1 0.3125 0.359375 0.0375 0.1
1 0.2578125 0.33515625 0.046875 0.09375
1 0.271875 0.42734375 0.0703125 0.0453125
1 0.28515625 0.49296875 0.05625 0.084375
1 0.32421875 0.59765625 0.025 0.1125
1 0.28671875 0.6328125 0.0875 0.05625
