1 0.48515625 0.35078125 0.0359375 0.07578125
1 0.528125 0.33671875 0.0390625 0.05859375
1 0.51796875 0.39140625 0.04921875 0.06640625
1 0.6328125 0.36484375 0.0984375 0.05703125
1 0.5640625 0.4046875 0.109375 0.02109375
1 0.62734375 0.4140625 0.09921875 0.028125
1 0.7375 0.434375 0.084375 0.04921875
1 0.7453125 0.42890625 0.06796875 0.040625
1 0.66875 0.44375 0.07890625 0.0296875
1 0.7328125 0.46953125 0.10625 0.02890625
1 0.7421875 0.515625 0.08125 0.0328125
1 0.63046875 0.5046875 0.084375 0.05703125
1 0.71171875 0.56328125 0.08671875 0.0328125
1 0.590625 0.58984375 0.06796875 0.090625
1 0.615625 0.56640625 0.04140625 0.078125
1 0.42265625 0.3875 0.10234375 0.03203125
1 0.40703125 0.359375 0.0953125 0.02421875
1 0.34609375 0.3765625 0.078125 0.0375
1 0.3265625 0.40625 0.07109375 0.03515625
1 0.525 0.49140625 0.0625 0.0671875
1 0.49921875 0.47734375 0.046875 0.07890625
1 0.52265625 0.56875 0.07265625 0.05078125
1 0.3546875 0.45 0.10234375 0.03359375
1 0.37421875 0.44765625 0.0421875 0.05703125
1 0.33984375 0.4875 0.1 0.0453125
1 0.278125 0.5125 0.05703125 0.075
1 0.29140625 0.47734375 0.05 0.0671875
1 0.21640625 0.509375 0.125 0.040625
1 0.24375 0.4875 0.059375 0.06875
1 0.1859375 0.47421875 0.10234375 0.01640625
1 0.165625 0.53046875 0.103125 0.025
1 0.24609375 0.5859375 0.09296875 0.05234375
1 0.334375 0.51875 0.04140625 0.06484375
1 0.30546875 0.55 0.075 0.0234375
1 0.35390625 0.55625 0.1 0.046875
1 0.41328125 0.58984375 0.06796875 0.03671875
1 0.16875 0.6859375 0.0671875 0.07421875
1 0.23046875 0.67578125 0.0421875 0.07578125
1 0.2921875 0.6578125 0.078125 0.04296875
1 0.3140625 0.69453125 0.03515625 0.0703125
1 0.384375 0.6578125 0.103125 0.03515625
1 0.25703125 0.74296875 0.03984375 0.0828125
1 0.303125 0.76171875 0.04140625 0.0921875
1 0.3515625 0.815625 0.0609375 0.09140625
1 0.39140625 0.81484375 0.06796875 0.0671875
1 0.3890625 0.7375 0.0390625 0.1015625
1 0.43671875 0.79921875 0.1015625 0.06171875
1 0.5328125 0.83046875 0.13359375 0.0328125
1 0.51484375 0.825 0.10390625 0.053125
1 0.6078125 0.8125 0.08828125 0.0828125
1 0.49609375 0.71640625 0.1484375 0.02734375
1 0.59375 0.67265625 0.08984375 0.0765625
1 0.64453125 0.75703125 0.09765625 0.0625
1 0.65859375 0.68984375 0.1234375 0.05546875
1 0.74140625 0.6671875 0.0453125 0.0890625
