1 0.55390625 0.25234375 0.0265625 0.0875
1 0.61875 0.2640625 0.0375 0.0640625
1 0.68984375 0.25078125 0.0640625 0.0421875
1 0.74609375 0.30234375 0.1375 0.025
1 0.709375 0.31328125 0.090625 0.046875
1 0.65 0.3734375 0.1015625 0.0453125
1 0.7546875 0.3953125 0.03125 0.08125
1 0.7859375 0.4234375 0.078125 0.059375
1 0.77265625 0.46328125 0.0625 0.03125
1 0.4453125 0.44453125 0.0875 0.0359375
1 0.46796875 0.3125 0.08125 0.040625
1 0.403125 0.26328125 0.065625 0.0390625
1 0.3828125 0.309375 0.025 0.06875
1 0.36875 0.4234375 0.1015625 0.028125
1 0.35546875 0.37578125 0.0859375 0.0359375
1 0.34765625 0.31328125 0.05625 0.0578125
1 0.22265625 0.35703125 0.09375 0.0390625
1 0.27109375 0.39296875 0.1 0.040625
1 0.16484375 0.37109375 0.0375 0.065625
1 0.19921875 0.44140625 0.09375 0.05625
1 0.2171875 0.4546875 0.05 0.05625
1 0.27265625 0.53984375 0.078125 0.059375
1 0.27421875 0.5109375 0.05625 0.0578125
1 0.40703125 0.52265625 0.1171875 0.0234375
1 0.5453125 0.5609375 0.1015625 0.0625
1 0.39453125 0.58984375 0.0671875 0.0890625
1 0.40625 0.63203125 0.0796875 0.05
1 0.37421875 0.55703125 0.0875 0.0359375
1 0.14765625 0.54375 0.109375 0.03125
1 0.1078125 0.54296875 0.0375 0.075
1 0.16171875 0.6078125 0.0609375 0.0671875
1 0.21171875 0.590625 0.078125 0.05
1 0.3015625 0.60546875 0.0453125 0.046875
1 0.51640625 0.62109375 0.08125 0.03125
1 0.80859375 0.61484375 0.034375 0.0546875
1 0.85078125 0.571875 0.034375 0.0796875
1 0.775 0.634375 0.0796875 0.078125
1 0.7734375 0.73671875 0.1046875 0.0578125
1 0.6515625 0.69375 0.034375 0.078125
1 0.7828125 0.696875 0.04375 0.0640625
1 0.68828125 0.78515625 0.040625 0.0765625
1 0.62421875 0.7703125 0.0703125 0.0453125
1 0.5296875 0.77421875 0.090625 0.040625
1 0.48984375 0.715625 0.1328125 0.040625
1 0.34375 0.709375 0.0703125 0.0671875
1 0.446875 0.79296875 0.065625 0.0734375
1 0.43515625 0.80703125 0.0453125 0.059375
1 0.221875 0.7234375 0.128125 0.0203125
1 0.275 0.684375 0.0671875 0.0578125
1 0.2640625 0.65078125 0.078125 0.028125
1 0.221875 0.67734375 0.0296875 0.0796875
1 0.17421875 0.675 0.0359375 0.0734375
