1 0.67734375 0.721875 0.109375 0.03125
1 0.6765625 0.71796875 0.075 0.08125
1 0.5765625 0.74765625 0.121875 0.025
1 0.49609375 0.7171875 0.0328125 0.065625
1 0.575 0.71875 0.078125 0.04375
1 0.38671875 0.7 0.053125 0.0953125
1 0.27578125 0.6828125 0.053125 0.0734375
1 0.33125 0.63828125 0.028125 0.0796875
1 0.434375 0.5890625 0.0859375 0.0390625
1 0.50703125 0.615625 0.1171875 0.034375
1 0.70546875 0.65625 0.10625 0.046875
1 0.809375 0.65 0.0984375 0.0484375
1 0.67734375 0.59609375 0.115625 0.040625
1 0.74765625 0.60078125 0.1 0.0359375
1 0.80234375 0.55703125 0.08125 0.0859375
1 0.8234375 0.5140625 0.0515625 0.0734375
1 0.76484375 0.4953125 0.0234375 0.071875
1 0.67734375 0.5265625 0.0359375 0.0546875
1 0.5640625 0.54765625 0.0625 0.0828125
1 0.5234375 0.50625 0.0515625 0.0828125
1 0.44921875 0.51796875 0.10625 0.0453125
1 0.28671875 0.5421875 0.128125 0.03125
1 0.23125 0.56484375 0.053125 0.0765625
1 0.228125 0.49296875 0.103125 0.0265625
1 0.6375 0.44453125 0.046875 0.090625
1 0.8 0.43125 0.1390625 0.0546875
1 0.796875 0.4203125 0.0453125 0.0859375
1 0.90546875 0.3578125 0.1375 0.0453125
1 0.73984375 0.34921875 0.0828125 0.0765625
1 0.5265625 0.32734375 0.1203125 0.0234375
1 0.45703125 0.3421875 0.1203125 0.0234375
1 0.23046875 0.37890625 0.04375 0.0734375
1 0.33828125 0.27734375 0.125 0.034375
1 0.521875 0.2703125 0.09375 0.065625
1 0.6578125 0.228125 0.1171875 0.0328125
1 0.48515625 0.16015625 0.1109375 0.0453125
1 0.61328125 0.4109375 0.071875 0.046875
