1 0.5015625 0.71015625 0.159375 0.0421875
1 0.2640625 0.659375 0.109375 0.053125
1 0.1125 0.54921875 0.1 0.059375
1 0.74296875 0.61640625 0.0859375 0.059375
1 0.546875 0.58125 0.1203125 0.034375
1 0.61328125 0.5390625 0.1 0.034375
1 0.53828125 0.4671875 0.028125 0.0796875
1 0.60390625 0.47890625 0.0390625 0.065625
1 0.84375 0.5546875 0.0484375 0.0734375
1 0.80546875 0.50546875 0.0953125 0.0578125
1 0.83125 0.44140625 0.028125 0.0828125
1 0.7203125 0.35390625 0.1171875 0.0359375
1 0.54140625 0.340625 0.0671875 0.071875
1 0.72421875 0.33125 0.1265625 0.0234375
1 0.43203125 0.29140625 0.09375 0.046875
1 0.43515625 0.42265625 0.03125 0.078125
1 0.2828125 0.39453125 0.0796875 0.08125
