1 0.3265625 0.25 0.0734375 0.071875
1 0.24296875 0.25234375 0.084375 0.0828125
1 0.2734375 0.33671875 0.046875 0.084375
1 0.24921875 0.28984375 0.0390625 0.078125
1 0.20546875 0.33359375 0.0359375 0.0875
1 0.175 0.36796875 0.0484375 0.0765625
1 0.2265625 0.37890625 0.0546875 0.075
1 0.26484375 0.41015625 0.0296875 0.0734375
1 0.2171875 0.4046875 0.040625 0.06875
1 0.3125 0.4109375 0.0328125 0.0984375
1 0.3703125 0.403125 0.0171875 0.065625
1 0.4390625 0.3296875 0.1015625 0.0625
1 0.56640625 0.2984375 0.0359375 0.0671875
1 0.6046875 0.38203125 0.075 0.05
1 0.678125 0.36640625 0.10625 0.028125
1 0.76015625 0.346875 0.0375 0.08125
1 0.87265625 0.29453125 0.1140625 0.06875
1 0.928125 0.378125 0.06875 0.053125
1 0.86875 0.38046875 0.0796875 0.06875
1 0.84921875 0.41484375 0.0984375 0.0421875
1 0.78125 0.425 0.0421875 0.065625
1 0.92734375 0.46015625 0.053125 0.071875
1 0.871875 0.48515625 0.0375 0.0609375
1 0.8671875 0.58671875 0.0875 0.05
1 0.8078125 0.575 0.090625 0.0625
1 0.5828125 0.5015625 0.06875 0.0671875
1 0.4484375 0.47265625 0.1015625 0.0328125
1 0.9390625 0.67578125 0.0609375 0.090625
1 0.83671875 0.64296875 0.0546875 0.078125
1 0.76640625 0.640625 0.0390625 0.0734375
1 0.68984375 0.6296875 0.040625 0.08125
1 0.6703125 0.75546875 0.103125 0.0390625
1 0.66875 0.78359375 0.103125 0.0328125
1 0.51953125 0.71953125 0.1171875 0.0359375
1 0.525 0.73671875 0.0890625 0.046875
1 0.5390625 0.68984375 0.0875 0.0234375
1 0.38203125 0.7828125 0.0984375 0.0453125
1 0.3046875 0.7296875 0.0625 0.0640625
1 0.3609375 0.6859375 0.121875 0.03125
1 0.346875 0.634375 0.10625 0.0484375
1 0.2984375 0.628125 0.1046875 0.0390625
1 0.20625 0.61640625 0.0609375 0.078125
1 0.30234375 0.53671875 0.075 0.0671875
1 0.2578125 0.53515625 0.090625 0.053125
1 0.228125 0.56953125 0.0703125 0.059375
1 0.146875 0.51640625 0.065625 0.075
1 0.18359375 0.47109375 0.040625 0.0953125
1 0.2 0.4609375 0.1140625 0.0375
