1 0.846875 0.62109375 0.046875 0.0796875
1 0.7953125 0.62734375 0.084375 0.084375
1 0.353125 0.7203125 0.103125 0.0796875
1 0.53671875 0.63046875 0.1328125 0.03125
1 0.3015625 0.5984375 0.0703125 0.0671875
1 0.1171875 0.54375 0.0921875 0.071875
1 0.371875 0.503125 0.059375 0.08125
1 0.5484375 0.51953125 0.03125 0.0828125
1 0.79453125 0.55078125 0.1 0.0671875
1 0.16953125 0.4421875 0.04375 0.084375
1 0.2578125 0.4296875 0.059375 0.06875
1 0.24609375 0.36171875 0.0703125 0.0625
1 0.3703125 0.3875 0.059375 0.0671875
1 0.33046875 0.26171875 0.0921875 0.0578125
1 0.5421875 0.353125 0.0640625 0.059375
1 0.75859375 0.35859375 0.1171875 0.0453125
1 0.6109375 0.2640625 0.10625 0.021875
