1 0.5109375 0.7359375 0.10625 0.0625
1 0.4109375 0.71953125 0.078125 0.078125
1 0.51171875 0.67109375 0.0765625 0.0703125
1 0.346875 0.6640625 0.0703125 0.078125
1 0.2390625 0.67890625 0.1 0.0796875
1 0.19765625 0.578125 0.06875 0.0703125
1 0.2625 0.51953125 0.0359375 0.0765625
1 0.3734375 0.5296875 0.0359375 0.0875
1 0.47109375 0.51484375 0.0734375 0.0734375
1 0.48671875 0.57421875 0.046875 0.071875
1 0.3234375 0.41328125 0.0734375 0.0703125
1 0.215625 0.3859375 0.11875 0.0375
1 0.39765625 0.36953125 0.0734375 0.0609375
1 0.58359375 0.3234375 0.0984375 0.040625
1 0.5625 0.62265625 0.0515625 0.065625
1 0.62265625 0.59375 0.084375 0.065625
1 0.75859375 0.55078125 0.1015625 0.025
