1 0.52890625 0.8296875 0.0765625 0.075
1 0.4140625 0.81015625 0.0890625 0.10625
1 0.34375 0.80546875 0.078125 0.0484375
1 0.41171875 0.73203125 0.0703125 0.071875
1 0.36953125 0.7046875 0.0609375 0.1125
1 0.34375 0.61328125 0.0296875 0.1140625
1 0.38984375 0.59921875 0.034375 0.1109375
1 0.434375 0.590625 0.03125 0.10625
1 0.51796875 0.66796875 0.06875 0.1
1 0.56171875 0.653125 0.059375 0.0546875
1 0.61015625 0.76484375 0.05625 0.1046875
1 0.60546875 0.65625 0.0265625 0.0984375
1 0.71953125 0.73515625 0.028125 0.121875
1 0.76484375 0.528125 0.0328125 0.1203125
1 0.725 0.50859375 0.0671875 0.0828125
1 0.6125 0.5515625 0.0515625 0.125
1 0.50390625 0.553125 0.03125 0.1203125
1 0.26875 0.50703125 0.059375 0.0875
1 0.3 0.41640625 0.0390625 0.090625
1 0.29296875 0.35234375 0.0734375 0.08125
1 0.39609375 0.428125 0.03125 0.109375
1 0.40234375 0.35078125 0.0859375 0.05
1 0.46953125 0.3875 0.0640625 0.05625
1 0.53046875 0.45859375 0.0859375 0.0546875
1 0.72734375 0.43203125 0.0890625 0.0609375
1 0.75546875 0.3421875 0.0328125 0.103125
1 0.66875 0.37109375 0.0828125 0.0328125
1 0.6171875 0.36953125 0.025 0.115625
1 0.53125 0.3875 0.0671875 0.0671875
1 0.55234375 0.29765625 0.028125 0.0859375
1 0.4625 0.334375 0.0859375 0.059375
1 0.496875 0.30078125 0.03125 0.09375
1 0.428125 0.24453125 0.0703125 0.0296875
1 0.35625 0.2296875 0.075 0.046875
1 0.4875 0.21328125 0.0765625 0.065625
1 0.575 0.253125 0.0828125 0.059375
1 0.58046875 0.20390625 0.075 0.0609375
