1 0.4828125 0.7234375 0.121875 0.0703125
1 0.68359375 0.70078125 0.0859375 0.090625
1 0.33046875 0.66875 0.1109375 0.0421875
1 0.43125 0.6 0.0953125 0.071875
1 0.31953125 0.54921875 0.109375 0.0421875
1 0.66875 0.5953125 0.059375 0.078125
1 0.56328125 0.54609375 0.0671875 0.1
1 0.65 0.50859375 0.1375 0.0609375
1 0.803125 0.453125 0.0453125 0.115625
1 0.825 0.421875 0.0578125 0.1203125
1 0.5328125 0.41328125 0.0390625 0.096875
1 0.409375 0.475 0.0875 0.08125
1 0.21640625 0.4203125 0.046875 0.0953125
1 0.13671875 0.38203125 0.0609375 0.075
1 0.4140625 0.403125 0.075 0.1015625
1 0.315625 0.24296875 0.0953125 0.109375
1 0.51484375 0.14140625 0.115625 0.04375
