1 0.24609375 0.18828125 0.09375 0.0859375
1 0.30703125 0.21953125 0.0875 0.0953125
1 0.3171875 0.29765625 0.090625 0.0859375
1 0.440625 0.28671875 0.034375 0.08125
1 0.475 0.18203125 0.13125 0.05625
1 0.58828125 0.20546875 0.08125 0.09375
1 0.66328125 0.33828125 0.0953125 0.0515625
1 0.5765625 0.34453125 0.059375 0.115625
1 0.8125 0.31015625 0.1109375 0.0625
1 0.809375 0.40859375 0.103125 0.0703125
1 0.69375 0.41171875 0.125 0.0671875
1 0.8484375 0.490625 0.0609375 0.090625
1 0.81796875 0.57890625 0.1296875 0.0453125
1 0.846875 0.60703125 0.0703125 0.0828125
1 0.7578125 0.66015625 0.05625 0.090625
1 0.72734375 0.60390625 0.115625 0.0640625
1 0.67421875 0.5390625 0.0875 0.0609375
1 0.6359375 0.5921875 0.0875 0.0578125
1 0.68359375 0.48671875 0.11875 0.0328125
1 0.6671875 0.71640625 0.1046875 0.059375
1 0.59609375 0.66640625 0.1125 0.04375
1 0.60078125 0.659375 0.0703125 0.078125
1 0.52734375 0.67734375 0.065625 0.0796875
1 0.49453125 0.7234375 0.078125 0.0734375
1 0.421875 0.728125 0.075 0.0515625
1 0.27890625 0.72578125 0.121875 0.0234375
1 0.34453125 0.69609375 0.075 0.0734375
1 0.25703125 0.65 0.0921875 0.040625
1 0.4 0.60859375 0.1328125 0.034375
1 0.34453125 0.63515625 0.1015625 0.0625
1 0.53984375 0.58515625 0.0515625 0.0921875
1 0.4625 0.55546875 0.1203125 0.0328125
1 0.190625 0.621875 0.109375 0.034375
1 0.14609375 0.53671875 0.0390625 0.08125
1 0.0953125 0.465625 0.121875 0.0328125
1 0.3828125 0.484375 0.1515625 0.0375
1 0.3203125 0.38359375 0.1 0.0671875
1 0.35859375 0.42421875 0.10625 0.046875
1 0.25234375 0.3890625 0.0859375 0.0890625
1 0.19609375 0.38203125 0.125 0.06875
1 0.1 0.38984375 0.078125 0.0921875
1 0.17421875 0.3140625 0.121875 0.0328125
