1 0.5453125 0.78828125 0.0515625 0.08125
1 0.565625 0.7484375 0.1140625 0.0234375
1 0.46796875 0.75703125 0.1015625 0.01875
1 0.42734375 0.76640625 0.1 0.0296875
1 0.42890625 0.7390625 0.09375 0.046875
1 0.50859375 0.72734375 0.109375 0.01875
1 0.55703125 0.71328125 0.075 0.0609375
1 0.52890625 0.70546875 0.0484375 0.059375
1 0.54609375 0.6640625 0.0703125 0.0515625
1 0.5359375 0.6578125 0.078125 0.0515625
1 0.5078125 0.67109375 0.0265625 0.0546875
1 0.4390625 0.696875 0.1171875 0.0390625
1 0.61953125 0.70234375 0.090625 0.0359375
1 0.6046875 0.68203125 0.0546875 0.0421875
1 0.6453125 0.66875 0.0890625 0.028125
1 0.6859375 0.69140625 0.075 0.0234375
1 0.71953125 0.678125 0.034375 0.075
1 0.715625 0.71640625 0.0890625 0.059375
1 0.74765625 0.6734375 0.0546875 0.0734375
1 0.82109375 0.6703125 0.0703125 0.059375
1 0.6953125 0.6484375 0.028125 0.0515625
1 0.68671875 0.61171875 0.0359375 0.0875
1 0.634375 0.59609375 0.1125 0.0328125
1 0.57578125 0.59296875 0.075 0.046875
1 0.471875 0.6203125 0.0375 0.0671875
1 0.34765625 0.75 0.05 0.0578125
1 0.32890625 0.71640625 0.0671875 0.0484375
1 0.3515625 0.678125 0.1140625 0.034375
1 0.35859375 0.640625 0.0484375 0.0609375
1 0.32734375 0.62421875 0.1046875 0.034375
1 0.39296875 0.596875 0.071875 0.0609375
1 0.340625 0.5796875 0.0390625 0.0625
1 0.2765625 0.57109375 0.0265625 0.059375
1 0.34453125 0.525 0.065625 0.0328125
1 0.378125 0.49375 0.05 0.059375
1 0.40546875 0.48125 0.0453125 0.06875
1 0.4453125 0.53359375 0.0296875 0.078125
1 0.46484375 0.55703125 0.0390625 0.0765625
1 0.5359375 0.54453125 0.0921875 0.0484375
1 0.61484375 0.5203125 0.046875 0.096875
1 0.6484375 0.54140625 0.0890625 0.03125
1 0.67109375 0.50234375 0.1328125 0.034375
1 0.61796875 0.46484375 0.078125 0.0484375
1 0.52109375 0.48359375 0.1046875 0.0484375
1 0.69765625 0.4796875 0.04375 0.05625
1 0.77578125 0.4953125 0.0765625 0.04375
1 0.7546875 0.48125 0.0296875 0.0796875
1 0.89140625 0.61328125 0.1328125 0.0234375
1 0.9234375 0.5828125 0.0859375 0.028125
1 0.890625 0.55859375 0.1046875 0.03125
1 0.8609375 0.57890625 0.078125 0.053125
1 0.8078125 0.5875 0.071875 0.0453125
1 0.803125 0.55234375 0.0984375 0.0265625
1 0.8625 0.53203125 0.065625 0.0625
1 0.85625 0.51015625 0.078125 0.0546875
1 0.90859375 0.46484375 0.06875 0.078125
1 0.9515625 0.4453125 0.05 0.0765625
1 0.89609375 0.41640625 0.0640625 0.075
1 0.8125 0.44140625 0.0703125 0.0640625
1 0.7984375 0.39453125 0.0390625 0.0515625
1 0.74765625 0.3984375 0.065625 0.0765625
1 0.753125 0.40703125 0.078125 0.0453125
1 0.68984375 0.421875 0.1125 0.0390625
1 0.48046875 0.45390625 0.0546875 0.0765625
1 0.51015625 0.42890625 0.0734375 0.05
1 0.45234375 0.44296875 0.0921875 0.0203125
1 0.5671875 0.40859375 0.06875 0.04375
1 0.4546875 0.41640625 0.0734375 0.015625
1 0.46328125 0.3890625 0.08125 0.034375
1 0.5015625 0.38203125 0.05625 0.05625
1 0.584375 0.3671875 0.0984375 0.034375
1 0.5265625 0.346875 0.0984375 0.034375
1 0.528125 0.3390625 0.028125 0.06875
1 0.83203125 0.3859375 0.040625 0.0640625
1 0.79765625 0.3703125 0.1109375 0.021875
1 0.88125 0.36640625 0.0875 0.0375
1 0.840625 0.33671875 0.1046875 0.0375
1 0.8421875 0.30703125 0.1265625 0.0359375
1 0.79140625 0.31875 0.1109375 0.025
1 0.771875 0.31484375 0.040625 0.0640625
1 0.82578125 0.27890625 0.103125 0.0359375
1 0.7078125 0.31171875 0.0359375 0.075
1 0.70078125 0.2578125 0.05 0.0703125
1 0.63203125 0.2921875 0.0671875 0.0640625
1 0.6046875 0.24921875 0.1046875 0.0453125
1 0.578125 0.2953125 0.0828125 0.046875
1 0.659375 0.203125 0.04375 0.0796875
1 0.5421875 0.2 0.1234375 0.0296875
1 0.53203125 0.16796875 0.1046875 0.01875
1 0.39375 0.2234375 0.05625 0.0625
1 0.4359375 0.26484375 0.075 0.0578125
1 0.45859375 0.3328125 0.075 0.065625
1 0.39453125 0.365625 0.0328125 0.05625
1 0.36875 0.1875 0.04375 0.08125
1 0.30390625 0.23828125 0.034375 0.08125
1 0.321875 0.2734375 0.0625 0.0625
1 0.36953125 0.39921875 0.0828125 0.0515625
1 0.33515625 0.42578125 0.08125 0.0234375
1 0.29375 0.36015625 0.053125 0.0796875
1 0.2453125 0.2484375 0.1046875 0.059375
1 0.1984375 0.23828125 0.0515625 0.059375
1 0.2703125 0.30078125 0.0765625 0.053125
1 0.22890625 0.3609375 0.059375 0.0640625
1 0.2421875 0.40703125 0.1015625 0.034375
1 0.2625 0.3890625 0.0375 0.046875
1 0.20390625 0.40078125 0.075 0.028125
1 0.1375 0.29921875 0.053125 0.065625
1 0.21328125 0.34140625 0.0703125 0.0390625
1 0.1859375 0.28828125 0.0890625 0.046875
1 0.221875 0.32421875 0.0796875 0.05
1 0.1375 0.4375 0.1046875 0.0390625
1 0.1984375 0.4453125 0.0578125 0.0609375
1 0.2734375 0.44296875 0.0421875 0.040625
1 0.23671875 0.48984375 0.0828125 0.05625
1 0.2296875 0.49140625 0.04375 0.0640625
1 0.23984375 0.54609375 0.0296875 0.071875
1 0.2015625 0.57421875 0.0828125 0.0484375
1 0.14765625 0.63203125 0.0359375 0.0828125
1 0.2125 0.63828125 0.0453125 0.0703125
1 0.26171875 0.64296875 0.034375 0.0734375
1 0.24765625 0.6890625 0.0890625 0.04375
1 0.22734375 0.70859375 0.071875 0.046875
