1 0.41484375 0.196875 0.0828125 0.0515625
1 0.43046875 0.2234375 0.1 0.01875
1 0.3875 0.259375 0.065625 0.0796875
1 0.4109375 0.23828125 0.0546875 0.0375
1 0.4296875 0.26875 0.0609375 0.053125
1 0.465625 0.2640625 0.115625 0.0171875
1 0.37265625 0.28203125 0.0296875 0.0625
1 0.4734375 0.209375 0.071875 0.040625
1 0.5140625 0.1953125 0.1046875 0.0265625
1 0.528125 0.22421875 0.090625 0.03125
1 0.60859375 0.19765625 0.1265625 0.0234375
1 0.61875 0.253125 0.1140625 0.0203125
1 0.55 0.25078125 0.046875 0.0796875
1 0.55234375 0.284375 0.09375 0.01875
1 0.5046875 0.3109375 0.1 0.0328125
1 0.42421875 0.33203125 0.03125 0.0671875
1 0.40234375 0.33125 0.053125 0.059375
1 0.309375 0.31328125 0.0390625 0.0578125
1 0.27890625 0.271875 0.0703125 0.06875
1 0.19921875 0.28125 0.115625 0.0328125
1 0.16640625 0.325 0.0421875 0.06875
1 0.28984375 0.371875 0.0421875 0.071875
1 0.23125 0.353125 0.06875 0.053125
1 0.18671875 0.3703125 0.121875 0.025
1 0.23671875 0.38125 0.021875 0.0640625
1 0.16875 0.384375 0.021875 0.0703125
1 0.18671875 0.39609375 0.05625 0.053125
1 0.1421875 0.41484375 0.0375 0.0734375
1 0.09140625 0.4296875 0.0703125 0.025
1 0.18515625 0.43125 0.03125 0.0453125
1 0.14453125 0.425 0.034375 0.0515625
1 0.14140625 0.46171875 0.065625 0.0765625
1 0.19609375 0.471875 0.06875 0.065625
1 0.09375 0.50078125 0.1109375 0.025
1 0.22421875 0.50078125 0.0234375 0.05
1 0.22734375 0.53125 0.01875 0.05
1 0.2125 0.52734375 0.05625 0.0546875
1 0.25390625 0.53515625 0.065625 0.021875
1 0.27734375 0.51640625 0.05 0.0515625
1 0.09140625 0.53671875 0.096875 0.0171875
1 0.30390625 0.47265625 0.0453125 0.04375
1 0.29765625 0.4890625 0.115625 0.01875
1 0.290625 0.43046875 0.0203125 0.0515625
1 0.3703125 0.409375 0.084375 0.0609375
1 0.35625 0.43046875 0.0859375 0.0546875
1 0.3953125 0.49375 0.05 0.0453125
1 0.34921875 0.51875 0.0296875 0.0609375
1 0.215625 0.57578125 0.0515625 0.0328125
1 0.2015625 0.58515625 0.040625 0.065625
1 0.23515625 0.59921875 0.071875 0.0140625
1 0.25625 0.5875 0.0484375 0.0625
1 0.3453125 0.54296875 0.0671875 0.04375
1 0.3203125 0.56953125 0.090625 0.028125
1 0.36328125 0.603125 0.0671875 0.0234375
1 0.303125 0.60390625 0.05625 0.0453125
1 0.11015625 0.565625 0.1234375 0.0234375
1 0.14296875 0.59765625 0.09375 0.04375
1 0.15703125 0.63359375 0.040625 0.0609375
1 0.18828125 0.66328125 0.1078125 0.0359375
1 0.284375 0.64765625 0.0625 0.03125
1 0.203125 0.70078125 0.0875 0.028125
1 0.27890625 0.7015625 0.0390625 0.06875
1 0.340625 0.74453125 0.0390625 0.065625
1 0.36875 0.7296875 0.0859375 0.01875
1 0.334375 0.7578125 0.0703125 0.0296875
1 0.4296875 0.76796875 0.0671875 0.0203125
1 0.396875 0.77890625 0.096875 0.0125
1 0.41796875 0.65625 0.0296875 0.0578125
1 0.45625 0.67734375 0.0390625 0.0625
1 0.5328125 0.74765625 0.0671875 0.040625
1 0.57578125 0.74921875 0.0703125 0.03125
1 0.6046875 0.72890625 0.05 0.046875
1 0.56875 0.70078125 0.0625 0.0296875
1 0.59921875 0.675 0.046875 0.0390625
1 0.596875 0.696875 0.0625 0.0171875
1 0.55625 0.61171875 0.0703125 0.034375
1 0.59296875 0.57734375 0.028125 0.065625
1 0.5984375 0.58046875 0.071875 0.0359375
1 0.5953125 0.5390625 0.059375 0.0390625
1 0.584375 0.56328125 0.059375 0.021875
1 0.5359375 0.53671875 0.0859375 0.028125
1 0.55078125 0.54921875 0.09375 0.01875
1 0.503125 0.5578125 0.0453125 0.04375
1 0.47421875 0.55859375 0.0265625 0.0578125
1 0.5171875 0.4984375 0.0703125 0.0625
1 0.48671875 0.39375 0.10625 0.01875
1 0.47109375 0.39609375 0.0515625 0.0609375
1 0.55 0.40625 0.0640625 0.0484375
1 0.58125 0.38203125 0.0203125 0.071875
1 0.55859375 0.421875 0.0734375 0.03125
1 0.59375 0.403125 0.09375 0.0203125
1 0.79296875 0.28046875 0.0953125 0.03125
1 0.88203125 0.31953125 0.0578125 0.0515625
1 0.721875 0.30078125 0.0671875 0.0546875
1 0.665625 0.315625 0.0953125 0.04375
1 0.78984375 0.340625 0.0234375 0.0671875
1 0.82578125 0.33359375 0.0984375 0.0234375
1 0.68125 0.34296875 0.0796875 0.0265625
1 0.75234375 0.35625 0.0890625 0.0234375
1 0.6796875 0.3828125 0.0328125 0.059375
1 0.76875 0.38828125 0.1046875 0.028125
1 0.85234375 0.40859375 0.1 0.04375
1 0.7046875 0.42421875 0.0796875 0.025
1 0.753125 0.43515625 0.0703125 0.0359375
1 0.640625 0.46875 0.0328125 0.046875
1 0.78515625 0.4703125 0.08125 0.0296875
1 0.83046875 0.4625 0.028125 0.065625
1 0.85 0.50078125 0.028125 0.06875
1 0.6984375 0.53671875 0.090625 0.0359375
1 0.81171875 0.5359375 0.025 0.059375
1 0.6640625 0.58515625 0.0796875 0.0171875
1 0.73203125 0.60859375 0.0546875 0.04375
1 0.77421875 0.63203125 0.0359375 0.078125
1 0.74453125 0.6203125 0.0203125 0.0515625
1 0.68828125 0.63828125 0.04375 0.0390625
1 0.684375 0.640625 0.078125 0.0171875
1 0.62265625 0.64609375 0.0625 0.025
1 0.63984375 0.6625 0.05625 0.04375
1 0.65 0.7375 0.0734375 0.0390625
1 0.67890625 0.74296875 0.08125 0.0359375
1 0.7390625 0.703125 0.0609375 0.0578125
1 0.7640625 0.6765625 0.096875 0.01875
