1 0.64609375 0.8734375 0.1359375 0.0375
1 0.42421875 0.84140625 0.1203125 0.0546875
1 0.32890625 0.8140625 0.0921875 0.0421875
1 0.2703125 0.771875 0.0859375 0.0640625
1 0.21328125 0.6890625 0.0390625 0.05
1 0.13671875 0.6296875 0.0609375 0.0515625
1 0.13046875 0.5515625 0.1140625 0.053125
1 0.2703125 0.640625 0.1046875 0.0484375
1 0.309375 0.75 0.1171875 0.034375
1 0.41875 0.76875 0.078125 0.0890625
1 0.571875 0.775 0.071875 0.059375
1 0.65390625 0.796875 0.0328125 0.09375
1 0.72578125 0.778125 0.0359375 0.0953125
1 0.80234375 0.7421875 0.04375 0.0875
1 0.834375 0.7 0.0609375 0.0828125
1 0.9 0.69453125 0.05625 0.075
1 0.9625 0.5984375 0.0671875 0.0609375
1 0.2328125 0.6 0.0796875 0.0515625
1 0.1203125 0.51171875 0.0890625 0.0703125
1 0.11015625 0.503125 0.08125 0.059375
1 0.26953125 0.48984375 0.1109375 0.0421875
1 0.34296875 0.55234375 0.078125 0.0453125
1 0.4 0.6203125 0.071875 0.0390625
1 0.409375 0.68125 0.071875 0.065625
1 0.465625 0.7046875 0.084375 0.0359375
1 0.53828125 0.68203125 0.09375 0.071875
1 0.5734375 0.62421875 0.0546875 0.059375
1 0.48515625 0.52421875 0.071875 0.0609375
1 0.4390625 0.4546875 0.0859375 0.015625
1 0.5625 0.515625 0.090625 0.034375
1 0.53125 0.5171875 0.0984375 0.040625
1 0.63203125 0.55078125 0.0625 0.053125
1 0.5875 0.60390625 0.0890625 0.05
1 0.65390625 0.62890625 0.0734375 0.071875
1 0.6921875 0.66875 0.0734375 0.0796875
1 0.70859375 0.6171875 0.084375 0.0390625
1 0.7296875 0.66875 0.08125 0.06875
1 0.7859375 0.56796875 0.1078125 0.028125
1 0.63828125 0.471875 0.04375 0.059375
1 0.69375 0.4765625 0.05625 0.0671875
1 0.68359375 0.471875 0.0734375 0.053125
1 0.82265625 0.4859375 0.1125 0.034375
1 0.69765625 0.41640625 0.0359375 0.0609375
1 0.6515625 0.40390625 0.034375 0.05625
1 0.7578125 0.40625 0.0390625 0.034375
1 0.46953125 0.39140625 0.090625 0.015625
1 0.415625 0.35 0.090625 0.04375
1 0.4484375 0.3640625 0.071875 0.0234375
1 0.50234375 0.28828125 0.0875 0.0375
1 0.68984375 0.3046875 0.0984375 0.0375
1 0.62578125 0.36484375 0.0734375 0.0453125
1 0.89453125 0.4203125 0.1203125 0.0359375
