1 0.62109375 0.76640625 0.096875 0.0359375
1 0.68828125 0.740625 0.0421875 0.08125
1 0.49609375 0.77578125 0.0984375 0.025
1 0.44921875 0.7453125 0.103125 0.0265625
1 0.57109375 0.7546875 0.0859375 0.028125
1 0.68515625 0.728125 0.1125 0.0296875
1 0.70078125 0.66796875 0.0390625 0.08125
1 0.7484375 0.66015625 0.025 0.05625
1 0.81875 0.62109375 0.034375 0.0609375
1 0.80625 0.5546875 0.028125 0.065625
1 0.8296875 0.54453125 0.0265625 0.0703125
1 0.703125 0.54921875 0.0625 0.0515625
1 0.58515625 0.56796875 0.08125 0.0203125
1 0.52421875 0.55078125 0.03125 0.0734375
1 0.62734375 0.51484375 0.03125 0.0578125
1 0.57578125 0.4953125 0.0421875 0.0546875
1 0.79375 0.45859375 0.0421875 0.0671875
1 0.68046875 0.453125 0.05625 0.046875
1 0.74375 0.44765625 0.05 0.053125
1 0.71328125 0.390625 0.0546875 0.0765625
1 0.55390625 0.4 0.0828125 0.0578125
1 0.4640625 0.428125 0.103125 0.025
1 0.40859375 0.47265625 0.028125 0.071875
1 0.59140625 0.3515625 0.0921875 0.034375
1 0.553125 0.2953125 0.1109375 0.025
1 0.578125 0.325 0.0640625 0.0203125
1 0.4984375 0.32890625 0.0421875 0.0640625
1 0.46484375 0.3046875 0.0921875 0.0203125
1 0.45234375 0.36953125 0.0328125 0.0609375
1 0.39140625 0.36875 0.0671875 0.0453125
1 0.3234375 0.3796875 0.0890625 0.03125
1 0.284375 0.35078125 0.0765625 0.0453125
1 0.3640625 0.440625 0.0296875 0.06875
1 0.2921875 0.48046875 0.0421875 0.06875
1 0.30859375 0.4421875 0.0421875 0.0453125
1 0.25546875 0.41875 0.0328125 0.065625
1 0.41875 0.66484375 0.0875 0.0234375
1 0.36328125 0.6421875 0.03125 0.075
1 0.39296875 0.61640625 0.0765625 0.0390625
1 0.328125 0.6421875 0.0703125 0.0203125
1 0.25546875 0.62578125 0.0875 0.0546875
1 0.2625 0.68515625 0.08125 0.04375
1 0.24921875 0.71484375 0.0859375 0.0265625
1 0.153125 0.440625 0.0296875 0.0828125
1 0.2234375 0.565625 0.1 0.0359375
1 0.20234375 0.4921875 0.0453125 0.078125
