1 0.19140625 0.21875 0.0359375 0.09375
1 0.3125 0.2921875 0.0546875 0.0703125
1 0.33203125 0.228125 0.0640625 0.096875
1 0.3828125 0.14140625 0.1578125 0.0578125
1 0.509375 0.11328125 0.13125 0.028125
1 0.5859375 0.175 0.1046875 0.0625
1 0.52265625 0.21171875 0.053125 0.103125
1 0.6890625 0.21015625 0.109375 0.0359375
1 0.81328125 0.290625 0.0828125 0.0703125
1 0.71875 0.28671875 0.096875 0.028125
1 0.496875 0.31875 0.04375 0.090625
1 0.5828125 0.37578125 0.06875 0.065625
1 0.678125 0.4125 0.1125 0.04375
1 0.77265625 0.484375 0.0609375 0.0765625
1 0.60390625 0.47265625 0.1171875 0.0296875
1 0.46328125 0.43125 0.059375 0.0875
1 0.38828125 0.428125 0.078125 0.0640625
1 0.35 0.4734375 0.065625 0.065625
1 0.41796875 0.5203125 0.0875 0.0640625
1 0.42890625 0.57890625 0.06875 0.0625
1 0.59609375 0.60234375 0.0359375 0.078125
1 0.53125 0.64609375 0.065625 0.0546875
1 0.609375 0.66796875 0.10625 0.040625
1 0.1859375 0.50078125 0.071875 0.0703125
1 0.27734375 0.57578125 0.1140625 0.028125
1 0.16484375 0.6078125 0.0984375 0.0640625
