1 0.325 0.46875 0.10234375 0.05625
1 0.3296875 0.503125 0.11640625 0.02109375
1 0.4734375 0.47265625 0.1109375 0.04453125
1 0.4921875 0.45859375 0.0875 0.05078125
1 0.5296875 0.4578125 0.10234375 0.040625
1 0.58359375 0.446875 0.11953125 0.0359375
1 0.66640625 0.49609375 0.115625 0.0234375
1 0.634375 0.45859375 0.096875 0.0296875
1 0.7640625 0.49765625 0.10859375 0.03046875
1 0.61875 0.5609375 0.125 0.03046875
1 0.59609375 0.53046875 0.1015625 0.04140625
1 0.57265625 0.48671875 0.0984375 0.0234375
1 0.68984375 0.54453125 0.121875 0.03515625
1 0.878125 0.5828125 0.13515625 0.0421875
1 0.275 0.55703125 0.06015625 0.05859375
1 0.4125 0.56875 0.11875 0.04765625
1 0.46875 0.6453125 0.12890625 0.0578125
1 0.48828125 0.60703125 0.11953125 0.03515625
1 0.4625 0.73125 0.04453125 0.0859375
