1 0.5796875 0.77109375 0.0796875 0.05625
1 0.56640625 0.74140625 0.0484375 0.028125
1 0.5375 0.825 0.08125 0.0515625
1 0.51796875 0.81875 0.0828125 0.059375
1 0.53671875 0.80078125 0.0625 0.028125
1 0.52578125 0.76171875 0.0625 0.015625
1 0.48671875 0.77734375 0.0515625 0.0375
1 0.55234375 0.78125 0.0640625 0.0265625
1 0.45546875 0.8234375 0.0703125 0.0265625
1 0.47734375 0.834375 0.0359375 0.0578125
1 0.58828125 0.86328125 0.040625 0.065625
1 0.5953125 0.815625 0.0390625 0.0578125
1 0.4875 0.86640625 0.090625 0.03125
1 0.4328125 0.8515625 0.0703125 0.0359375
1 0.615625 0.74296875 0.071875 0.01875
1 0.63046875 0.7953125 0.034375 0.0890625
1 0.64296875 0.75390625 0.059375 0.0390625
1 0.64453125 0.70703125 0.059375 0.05
1 0.65546875 0.7171875 0.028125 0.04375
1 0.70234375 0.81796875 0.10625 0.03125
1 0.42578125 0.80078125 0.0796875 0.0421875
1 0.36796875 0.83359375 0.0703125 0.04375
1 0.3015625 0.83359375 0.0765625 0.0609375
1 0.40625 0.75390625 0.1078125 0.0875
1 0.43125 0.7140625 0.090625 0.04375
1 0.41328125 0.73984375 0.075 0.03125
1 0.3453125 0.6765625 0.0859375 0.03125
1 0.31796875 0.69765625 0.0796875 0.0515625
1 0.2828125 0.721875 0.0625 0.04375
1 0.28515625 0.69609375 0.0625 0.0796875
1 0.29765625 0.71328125 0.0265625 0.0828125
1 0.22265625 0.77265625 0.071875 0.0546875
1 0.2265625 0.746875 0.065625 0.0859375
1 0.23046875 0.72890625 0.0671875 0.0671875
1 0.27265625 0.790625 0.0859375 0.03125
1 0.30390625 0.77578125 0.05 0.053125
1 0.340625 0.74296875 0.0921875 0.0625
1 0.2640625 0.7640625 0.053125 0.040625
1 0.24375 0.68125 0.1 0.028125
1 0.52890625 0.6296875 0.0765625 0.046875
1 0.52578125 0.625 0.0328125 0.075
1 0.62421875 0.67109375 0.0828125 0.0515625
1 0.60390625 0.65 0.08125 0.0625
1 0.58984375 0.62421875 0.05625 0.065625
1 0.525 0.69296875 0.0671875 0.040625
1 0.47421875 0.621875 0.0875 0.021875
1 0.45859375 0.5671875 0.071875 0.078125
1 0.4375 0.5734375 0.05 0.078125
1 0.44140625 0.565625 0.08125 0.0265625
1 0.47734375 0.54453125 0.0671875 0.078125
1 0.38046875 0.6203125 0.0375 0.0625
1 0.75546875 0.73359375 0.028125 0.0859375
1 0.7921875 0.74453125 0.034375 0.10625
1 0.72109375 0.5984375 0.05 0.04375
1 0.71328125 0.6046875 0.0640625 0.0375
1 0.72265625 0.64453125 0.0265625 0.065625
1 0.7296875 0.64453125 0.078125 0.025
1 0.740625 0.6828125 0.040625 0.05625
1 0.778125 0.6375 0.06875 0.0265625
1 0.790625 0.6546875 0.04375 0.06875
1 0.8234375 0.5984375 0.046875 0.0859375
1 0.803125 0.59453125 0.0671875 0.0640625
1 0.81015625 0.56796875 0.059375 0.065625
1 0.76640625 0.5625 0.084375 0.0515625
1 0.75 0.5375 0.0609375 0.0671875
1 0.77734375 0.5015625 0.05 0.0796875
1 0.82109375 0.5046875 0.059375 0.0703125
1 0.8015625 0.475 0.0234375 0.0546875
1 0.65234375 0.55625 0.078125 0.0390625
1 0.58359375 0.55625 0.0875 0.06875
1 0.5953125 0.53515625 0.0703125 0.0640625
1 0.69375 0.5296875 0.05625 0.04375
1 0.66328125 0.50078125 0.09375 0.0296875
1 0.65859375 0.50859375 0.075 0.021875
1 0.603125 0.49609375 0.0578125 0.0375
1 0.2765625 0.634375 0.04375 0.0484375
1 0.259375 0.615625 0.1 0.028125
1 0.2734375 0.58984375 0.0703125 0.0609375
1 0.32421875 0.60859375 0.0328125 0.0640625
1 0.33359375 0.58046875 0.096875 0.025
1 0.22578125 0.58203125 0.0421875 0.0484375
1 0.1734375 0.6078125 0.0875 0.0390625
1 0.14921875 0.57578125 0.05625 0.0578125
1 0.278125 0.55859375 0.059375 0.0359375
1 0.25859375 0.52578125 0.0453125 0.0578125
1 0.29375 0.50234375 0.0390625 0.053125
1 0.346875 0.51953125 0.06875 0.0484375
1 0.1453125 0.725 0.040625 0.0953125
1 0.15703125 0.7453125 0.034375 0.090625
1 0.16328125 0.671875 0.0609375 0.0578125
1 0.09375 0.71015625 0.04375 0.0875
1 0.11875 0.68828125 0.0328125 0.0828125
1 0.07421875 0.6109375 0.08125 0.0578125
1 0.02890625 0.55859375 0.0265625 0.0875
1 0.0640625 0.57734375 0.03125 0.071875
1 0.090625 0.53046875 0.0828125 0.0546875
1 0.0921875 0.5234375 0.0328125 0.0796875
1 0.16640625 0.53515625 0.065625 0.0953125
1 0.19453125 0.52421875 0.08125 0.0578125
1 0.18984375 0.47421875 0.0328125 0.0890625
1 0.17890625 0.4625 0.0765625 0.0359375
1 0.25234375 0.45859375 0.040625 0.03125
1 0.20546875 0.4203125 0.0390625 0.05625
1 0.1390625 0.41484375 0.0984375 0.0265625
1 0.040625 0.4234375 0.08125 0.0546875
1 0.04609375 0.3734375 0.078125 0.0703125
1 0.09453125 0.315625 0.028125 0.0734375
1 0.0765625 0.30703125 0.1046875 0.0375
1 0.24375 0.3859375 0.0734375 0.0359375
1 0.3109375 0.446875 0.0515625 0.075
1 0.35234375 0.45078125 0.0234375 0.0828125
1 0.41875 0.478125 0.028125 0.0859375
1 0.49609375 0.46640625 0.0734375 0.0546875
1 0.553125 0.46015625 0.0703125 0.053125
1 0.61171875 0.45390625 0.078125 0.046875
1 0.6140625 0.40703125 0.0859375 0.034375
1 0.60078125 0.4265625 0.0296875 0.0578125
1 0.659375 0.4390625 0.0359375 0.0875
1 0.43359375 0.40703125 0.0671875 0.0390625
1 0.42734375 0.38671875 0.0703125 0.046875
1 0.3703125 0.3703125 0.08125 0.03125
1 0.515625 0.36171875 0.06875 0.046875
1 0.3640625 0.32421875 0.08125 0.03125
1 0.30390625 0.32421875 0.053125 0.04375
1 0.25390625 0.359375 0.06875 0.05625
1 0.24609375 0.32890625 0.06875 0.065625
1 0.22109375 0.28359375 0.059375 0.05625
1 0.221875 0.27421875 0.065625 0.0734375
1 0.29140625 0.290625 0.0265625 0.0828125
1 0.27890625 0.2734375 0.0875 0.0421875
1 0.26015625 0.31015625 0.0515625 0.0765625
1 0.20859375 0.24765625 0.075 0.0265625
1 0.1625 0.2359375 0.0734375 0.040625
1 0.24375 0.2171875 0.025 0.0625
1 0.321875 0.26640625 0.0375 0.0734375
1 0.35390625 0.2359375 0.0546875 0.0359375
1 0.39453125 0.28125 0.0515625 0.0734375
1 0.4046875 0.275 0.0609375 0.05
1 0.20234375 0.1875 0.075 0.0296875
1 0.18125 0.16015625 0.0953125 0.04375
1 0.23828125 0.12421875 0.1 0.0578125
1 0.22421875 0.1390625 0.0875 0.053125
1 0.26953125 0.10078125 0.0375 0.0875
1 0.34609375 0.0796875 0.025 0.0734375
1 0.3890625 0.196875 0.09375 0.0359375
1 0.4234375 0.21875 0.0625 0.0265625
1 0.43203125 0.14375 0.0609375 0.0609375
1 0.43046875 0.1015625 0.0703125 0.059375
1 0.41171875 0.08203125 0.04375 0.059375
1 0.4484375 0.04375 0.1 0.0359375
1 0.4171875 0.0265625 0.0828125 0.0296875
1 0.4734375 0.0984375 0.0296875 0.0625
1 0.4875 0.16953125 0.04375 0.06875
1 0.5078125 0.1609375 0.0640625 0.0796875
1 0.4890625 0.2953125 0.1015625 0.0625
1 0.4828125 0.24453125 0.078125 0.028125
1 0.47265625 0.21640625 0.0375 0.0609375
1 0.54375 0.25625 0.0421875 0.0328125
1 0.59609375 0.246875 0.090625 0.034375
1 0.56640625 0.24921875 0.034375 0.053125
1 0.58515625 0.2859375 0.0734375 0.0359375
1 0.6 0.1953125 0.0640625 0.0421875
1 0.56484375 0.1625 0.075 0.03125
1 0.5984375 0.16796875 0.0546875 0.046875
1 0.553125 0.12265625 0.0328125 0.046875
1 0.60546875 0.1375 0.0390625 0.0484375
1 0.56015625 0.08828125 0.0515625 0.059375
1 0.54765625 0.040625 0.1015625 0.0234375
1 0.61875 0.0609375 0.040625 0.0765625
1 0.61484375 0.09140625 0.0828125 0.0328125
1 0.67265625 0.103125 0.08125 0.04375
1 0.7359375 0.10625 0.05625 0.0765625
1 0.71015625 0.19140625 0.0515625 0.0640625
1 0.715625 0.14765625 0.075 0.0515625
1 0.75078125 0.1625 0.1 0.01875
1 0.65078125 0.21328125 0.0515625 0.0625
1 0.64921875 0.16796875 0.0453125 0.04375
1 0.62890625 0.32421875 0.05625 0.0375
1 0.70625 0.24140625 0.090625 0.025
1 0.68828125 0.23515625 0.05 0.05625
1 0.7625 0.22421875 0.090625 0.0265625
1 0.7890625 0.20703125 0.06875 0.053125
1 0.83203125 0.2046875 0.1 0.034375
1 0.88203125 0.2984375 0.0765625 0.0640625
1 0.790625 0.28515625 0.0515625 0.084375
1 0.809375 0.3671875 0.1 0.0375
1 0.81796875 0.3375 0.0703125 0.0421875
1 0.7515625 0.34375 0.0890625 0.034375
1 0.70234375 0.33984375 0.0703125 0.0765625
1 0.69765625 0.3875 0.08125 0.0234375
1 0.778125 0.39140625 0.0375 0.075
1 0.725 0.42890625 0.0484375 0.0734375
1 0.73671875 0.45546875 0.0296875 0.0890625
1 0.90234375 0.46015625 0.065625 0.0453125
1 0.85703125 0.42421875 0.065625 0.040625
1 0.8953125 0.38203125 0.078125 0.0546875
1 0.91484375 0.42890625 0.0609375 0.0890625
