1 0.44921875 0.75390625 0.04375 0.06875
1 0.44375 0.7578125 0.0796875 0.021875
1 0.39765625 0.753125 0.071875 0.0765625
1 0.4421875 0.7171875 0.0359375 0.05
1 0.53125 0.7734375 0.10625 0.021875
1 0.48984375 0.759375 0.0328125 0.05
1 0.53671875 0.7234375 0.028125 0.071875
1 0.5671875 0.753125 0.078125 0.028125
1 0.59765625 0.71484375 0.0453125 0.08125
1 0.56484375 0.690625 0.0421875 0.075
1 0.62421875 0.75390625 0.090625 0.0296875
1 0.646875 0.72265625 0.1140625 0.025
1 0.6828125 0.7234375 0.078125 0.04375
1 0.72890625 0.69765625 0.0421875 0.08125
1 0.71796875 0.6578125 0.0828125 0.0484375
1 0.76953125 0.675 0.040625 0.0703125
1 0.771875 0.6546875 0.0359375 0.0546875
1 0.8125 0.63203125 0.0421875 0.065625
1 0.7875 0.5859375 0.028125 0.0765625
1 0.6890625 0.634375 0.0515625 0.0546875
1 0.60078125 0.61328125 0.078125 0.0546875
1 0.540625 0.6375 0.0421875 0.0703125
1 0.46171875 0.653125 0.109375 0.028125
1 0.509375 0.60546875 0.040625 0.0703125
1 0.3390625 0.68515625 0.0890625 0.04375
1 0.35546875 0.7421875 0.090625 0.025
1 0.32109375 0.740625 0.0703125 0.0640625
1 0.3375 0.72265625 0.09375 0.0171875
1 0.278125 0.72265625 0.0515625 0.05625
1 0.26171875 0.65390625 0.0359375 0.0796875
1 0.25 0.66796875 0.0859375 0.0359375
1 0.240625 0.66640625 0.065625 0.0578125
1 0.20234375 0.69765625 0.090625 0.05625
1 0.22890625 0.6796875 0.0640625 0.0453125
1 0.36015625 0.64140625 0.090625 0.03125
1 0.35390625 0.61171875 0.11875 0.0234375
1 0.16015625 0.63828125 0.0796875 0.05625
1 0.20390625 0.6140625 0.0296875 0.0734375
1 0.17578125 0.61171875 0.0515625 0.065625
1 0.1671875 0.59296875 0.0859375 0.0515625
1 0.275 0.58046875 0.103125 0.0265625
1 0.1390625 0.54453125 0.025 0.05
1 0.1234375 0.52890625 0.084375 0.0359375
1 0.1953125 0.54375 0.0296875 0.06875
1 0.29453125 0.55390625 0.0859375 0.046875
1 0.24609375 0.5078125 0.0296875 0.0828125
1 0.28828125 0.5109375 0.09375 0.0234375
1 0.16484375 0.50859375 0.0265625 0.078125
1 0.11875 0.49609375 0.046875 0.05625
1 0.03984375 0.46328125 0.078125 0.0453125
1 0.13125 0.46015625 0.10625 0.0359375
1 0.14453125 0.4421875 0.06875 0.04375
1 0.2109375 0.45625 0.0953125 0.0359375
1 0.2390625 0.44453125 0.0609375 0.0453125
1 0.28359375 0.4328125 0.0953125 0.0375
1 0.32109375 0.4765625 0.075 0.0390625
1 0.34296875 0.46640625 0.06875 0.04375
1 0.39765625 0.5203125 0.0390625 0.0703125
1 0.3703125 0.525 0.0578125 0.0640625
1 0.47265625 0.528125 0.090625 0.034375
1 0.53671875 0.51640625 0.0890625 0.0234375
1 0.49140625 0.49296875 0.1 0.0359375
1 0.5703125 0.5609375 0.0640625 0.0796875
1 0.428125 0.47421875 0.0625 0.04375
1 0.72421875 0.559375 0.034375 0.05
1 0.6734375 0.50625 0.0953125 0.0328125
1 0.60234375 0.46484375 0.0953125 0.0296875
1 0.52890625 0.4609375 0.0625 0.0515625
1 0.4375 0.43359375 0.065625 0.05625
1 0.359375 0.434375 0.0765625 0.0421875
1 0.06484375 0.40390625 0.096875 0.0296875
1 0.1375 0.39609375 0.028125 0.0609375
1 0.18359375 0.4109375 0.0328125 0.06875
1 0.2296875 0.375 0.046875 0.071875
1 0.2015625 0.37109375 0.021875 0.059375
1 0.16640625 0.3375 0.1015625 0.0640625
1 0.2828125 0.37421875 0.0578125 0.065625
1 0.26875 0.3015625 0.0390625 0.06875
1 0.3 0.33046875 0.0828125 0.0390625
1 0.40078125 0.36328125 0.03125 0.075
1 0.36015625 0.353125 0.034375 0.0703125
1 0.434375 0.33515625 0.04375 0.05
1 0.340625 0.284375 0.1 0.0234375
1 0.29375 0.25703125 0.0921875 0.046875
1 0.325 0.25234375 0.034375 0.0609375
1 0.346875 0.225 0.065625 0.0625
1 0.34609375 0.184375 0.0859375 0.0453125
1 0.38125 0.2 0.078125 0.03125
1 0.48203125 0.2359375 0.0359375 0.059375
1 0.45 0.26328125 0.11875 0.034375
1 0.50859375 0.30234375 0.125 0.025
1 0.48984375 0.37109375 0.05625 0.06875
1 0.55078125 0.3609375 0.0671875 0.0328125
1 0.5375 0.421875 0.0984375 0.0203125
1 0.61484375 0.41328125 0.0984375 0.034375
1 0.63046875 0.359375 0.0875 0.0375
1 0.625 0.3125 0.0640625 0.05
1 0.5671875 0.1875 0.046875 0.065625
1 0.59609375 0.259375 0.0984375 0.0484375
1 0.61953125 0.24921875 0.0890625 0.05
1 0.6578125 0.24140625 0.103125 0.021875
1 0.72421875 0.29140625 0.0671875 0.0234375
1 0.72265625 0.2703125 0.028125 0.0515625
1 0.7375 0.2640625 0.078125 0.01875
1 0.709375 0.33671875 0.0328125 0.0625
1 0.69375 0.32109375 0.05 0.0515625
1 0.7 0.37890625 0.1015625 0.03125
1 0.68515625 0.4546875 0.034375 0.059375
1 0.75234375 0.4171875 0.04375 0.0625
1 0.91484375 0.528125 0.0265625 0.0765625
1 0.8296875 0.50703125 0.1015625 0.0296875
1 0.83984375 0.46640625 0.1046875 0.03125
1 0.81484375 0.48125 0.06875 0.04375
1 0.80078125 0.4328125 0.05625 0.0484375
1 0.82890625 0.43125 0.0609375 0.05625
1 0.9015625 0.4578125 0.0953125 0.0625
1 0.82890625 0.40390625 0.06875 0.040625
1 0.90078125 0.41796875 0.078125 0.0328125
1 0.80546875 0.375 0.09375 0.0328125
1 0.7984375 0.3578125 0.0640625 0.0703125
1 0.81875 0.34609375 0.0453125 0.05625
1 0.91328125 0.37734375 0.090625 0.0453125
