1 0.42734375 0.1140625 0.13125 0.046875
1 0.5390625 0.1203125 0.1265625 0.034375
1 0.41015625 0.1609375 0.134375 0.0609375
1 0.2625 0.2109375 0.1109375 0.0828125
1 0.43515625 0.25703125 0.0625 0.0921875
1 0.59921875 0.1984375 0.1265625 0.0671875
1 0.6859375 0.203125 0.0859375 0.05625
1 0.74921875 0.20625 0.059375 0.08125
1 0.790625 0.2515625 0.0578125 0.0484375
1 0.70390625 0.29453125 0.0671875 0.028125
1 0.61953125 0.33359375 0.065625 0.09375
1 0.50546875 0.30859375 0.075 0.0953125
1 0.28828125 0.328125 0.1 0.0796875
1 0.671875 0.3390625 0.090625 0.046875
1 0.825 0.34453125 0.0796875 0.04375
1 0.82109375 0.39453125 0.1078125 0.0453125
1 0.6484375 0.39921875 0.103125 0.046875
1 0.7046875 0.48671875 0.0671875 0.0828125
1 0.66640625 0.4296875 0.128125 0.0265625
1 0.8203125 0.48671875 0.090625 0.0265625
1 0.628125 0.5046875 0.1 0.021875
1 0.54609375 0.475 0.0453125 0.096875
1 0.48515625 0.45234375 0.1046875 0.0796875
1 0.21796875 0.38984375 0.0625 0.1
1 0.17265625 0.44765625 0.0484375 0.090625
1 0.21875 0.5 0.134375 0.0625
1 0.55 0.52734375 0.0515625 0.0625
1 0.56796875 0.5859375 0.0359375 0.10625
1 0.41640625 0.57734375 0.115625 0.046875
1 0.23203125 0.578125 0.125 0.0390625
1 0.31328125 0.63515625 0.0671875 0.0890625
1 0.36796875 0.73359375 0.103125 0.078125
1 0.51953125 0.7296875 0.128125 0.034375
1 0.525 0.6265625 0.0578125 0.075
1 0.6796875 0.6515625 0.0421875 0.075
1 0.76015625 0.565625 0.103125 0.046875
1 0.78203125 0.60234375 0.06875 0.0671875
