1 0.47265625 0.82578125 0.078125 0.034375
1 0.62734375 0.8328125 0.05625 0.0625
1 0.4828125 0.79140625 0.090625 0.0421875
1 0.3859375 0.80546875 0.09375 0.021875
1 0.47109375 0.7765625 0.0328125 0.0609375
1 0.50390625 0.77578125 0.0625 0.0609375
1 0.55703125 0.73125 0.04375 0.0703125
1 0.56171875 0.72109375 0.0921875 0.0171875
1 0.48046875 0.73046875 0.08125 0.028125
1 0.471875 0.7140625 0.06875 0.0203125
1 0.5453125 0.6890625 0.0578125 0.0515625
1 0.4421875 0.72890625 0.08125 0.0234375
1 0.39765625 0.76171875 0.0640625 0.059375
1 0.39765625 0.74375 0.075 0.0359375
1 0.35390625 0.7515625 0.0765625 0.059375
1 0.40078125 0.6875 0.034375 0.0703125
1 0.34375 0.72421875 0.0765625 0.0546875
1 0.3078125 0.72109375 0.078125 0.071875
1 0.26015625 0.7390625 0.084375 0.0390625
1 0.315625 0.6515625 0.0515625 0.053125
1 0.33046875 0.65625 0.040625 0.0421875
1 0.40625 0.6578125 0.0796875 0.053125
1 0.3875 0.62109375 0.0546875 0.0421875
1 0.40078125 0.596875 0.04375 0.078125
1 0.46953125 0.6265625 0.0875 0.046875
1 0.40546875 0.6 0.0578125 0.01875
1 0.2875 0.64921875 0.078125 0.0390625
1 0.28671875 0.67421875 0.053125 0.034375
1 0.309375 0.62421875 0.090625 0.034375
1 0.246875 0.6515625 0.0578125 0.04375
1 0.20546875 0.66171875 0.0875 0.040625
1 0.20546875 0.63125 0.0859375 0.040625
1 0.184375 0.6921875 0.0609375 0.065625
1 0.17421875 0.66171875 0.06875 0.0734375
1 0.225 0.7015625 0.03125 0.0625
1 0.12578125 0.6390625 0.0390625 0.0515625
1 0.14765625 0.6109375 0.053125 0.059375
1 0.2125 0.59296875 0.08125 0.065625
1 0.140625 0.58203125 0.0921875 0.025
1 0.21328125 0.5921875 0.090625 0.0234375
1 0.28515625 0.5875 0.0890625 0.0203125
1 0.2375 0.56640625 0.05 0.05625
1 0.28046875 0.5765625 0.065625 0.0390625
1 0.31953125 0.57890625 0.053125 0.059375
1 0.278125 0.54453125 0.065625 0.0234375
1 0.14140625 0.5640625 0.06875 0.0546875
1 0.20625 0.54765625 0.0484375 0.0390625
1 0.2703125 0.51875 0.03125 0.0578125
1 0.25703125 0.51171875 0.0546875 0.040625
1 0.28046875 0.509375 0.0296875 0.0578125
1 0.1171875 0.5515625 0.078125 0.065625
1 0.16875 0.5125 0.0640625 0.065625
1 0.121875 0.51484375 0.0609375 0.0609375
1 0.140625 0.5171875 0.03125 0.06875
1 0.18828125 0.47265625 0.071875 0.05
1 0.26875 0.46015625 0.0625 0.0484375
1 0.1921875 0.43984375 0.0875 0.025
1 0.22890625 0.42890625 0.08125 0.06875
1 0.2796875 0.425 0.0640625 0.0390625
1 0.22421875 0.39921875 0.0546875 0.071875
1 0.16171875 0.37578125 0.08125 0.0515625
1 0.2171875 0.3296875 0.05625 0.0546875
1 0.2515625 0.3375 0.078125 0.0234375
1 0.25 0.36953125 0.0328125 0.0640625
1 0.26015625 0.284375 0.0265625 0.053125
1 0.3109375 0.2890625 0.03125 0.06875
1 0.32265625 0.3578125 0.05625 0.046875
1 0.31640625 0.3265625 0.046875 0.025
1 0.3671875 0.3640625 0.0875 0.0296875
1 0.34609375 0.36015625 0.0375 0.028125
1 0.31875 0.3625 0.0265625 0.034375
1 0.3546875 0.353125 0.078125 0.0171875
1 0.35625 0.40703125 0.0828125 0.0453125
1 0.365625 0.39453125 0.03125 0.0671875
1 0.42890625 0.3796875 0.0625 0.0359375
1 0.43359375 0.36328125 0.071875 0.025
1 0.45 0.37578125 0.0640625 0.04375
1 0.44375 0.3296875 0.05 0.046875
1 0.38203125 0.31875 0.0359375 0.0546875
1 0.3859375 0.33125 0.0328125 0.0390625
1 0.41171875 0.30078125 0.046875 0.0421875
1 0.353125 0.32578125 0.0703125 0.03125
1 0.34140625 0.28046875 0.0609375 0.053125
1 0.36484375 0.2609375 0.0953125 0.0203125
1 0.36328125 0.246875 0.0875 0.0125
1 0.4578125 0.24609375 0.084375 0.021875
1 0.4625 0.259375 0.08125 0.009375
1 0.375 0.446875 0.0515625 0.0765625
1 0.34765625 0.4953125 0.0515625 0.071875
1 0.33359375 0.46015625 0.0625 0.04375
1 0.38359375 0.44921875 0.0640625 0.03125
1 0.40546875 0.47109375 0.040625 0.05
1 0.38125 0.5015625 0.0609375 0.040625
1 0.36171875 0.55234375 0.0359375 0.06875
1 0.428125 0.55390625 0.053125 0.053125
1 0.47578125 0.4984375 0.0375 0.0515625
1 0.4671875 0.5265625 0.0828125 0.0390625
1 0.496875 0.571875 0.05625 0.05
1 0.53515625 0.52890625 0.0609375 0.0484375
1 0.58203125 0.546875 0.05625 0.0484375
1 0.57890625 0.55546875 0.0703125 0.034375
1 0.5421875 0.571875 0.0703125 0.0203125
1 0.63671875 0.5171875 0.0765625 0.034375
1 0.6453125 0.48125 0.0703125 0.028125
1 0.675 0.4390625 0.065625 0.028125
1 0.49296875 0.41953125 0.0703125 0.03125
1 0.49375 0.428125 0.08125 0.0109375
1 0.4625 0.42734375 0.0578125 0.034375
1 0.53203125 0.41328125 0.0765625 0.021875
1 0.53125 0.37578125 0.0625 0.025
1 0.49296875 0.37890625 0.0765625 0.0421875
1 0.534375 0.33203125 0.0828125 0.0484375
1 0.553125 0.328125 0.0515625 0.0609375
1 0.50234375 0.334375 0.078125 0.021875
1 0.59375 0.346875 0.0765625 0.0296875
1 0.52890625 0.30625 0.0546875 0.0234375
1 0.496875 0.2828125 0.0671875 0.03125
1 0.5328125 0.28828125 0.075 0.0265625
1 0.596875 0.28515625 0.0546875 0.0375
1 0.54375 0.21953125 0.0921875 0.0265625
1 0.6484375 0.246875 0.0234375 0.0703125
1 0.68046875 0.2484375 0.025 0.0546875
1 0.6984375 0.24609375 0.0421875 0.0609375
1 0.68984375 0.278125 0.0703125 0.0421875
1 0.690625 0.32578125 0.0546875 0.0515625
1 0.6875 0.30546875 0.0328125 0.0296875
1 0.67578125 0.35625 0.0296875 0.0390625
1 0.703125 0.40546875 0.0671875 0.034375
1 0.72890625 0.26640625 0.046875 0.0609375
1 0.74453125 0.284375 0.034375 0.0703125
1 0.81875 0.296875 0.0953125 0.0140625
1 0.7921875 0.30234375 0.0703125 0.025
1 0.778125 0.39921875 0.078125 0.0390625
1 0.77265625 0.4453125 0.0390625 0.071875
1 0.75078125 0.4953125 0.03125 0.0671875
1 0.76640625 0.49921875 0.03125 0.06875
1 0.753125 0.5484375 0.0546875 0.053125
1 0.79921875 0.5328125 0.0640625 0.046875
1 0.68828125 0.54765625 0.0328125 0.0515625
1 0.67890625 0.58125 0.059375 0.05625
1 0.6328125 0.61484375 0.0265625 0.0546875
1 0.68828125 0.6265625 0.06875 0.03125
1 0.69453125 0.66640625 0.028125 0.0671875
1 0.696875 0.6234375 0.034375 0.0453125
1 0.6484375 0.67265625 0.0296875 0.059375
1 0.59765625 0.76875 0.0640625 0.046875
1 0.6671875 0.79140625 0.09375 0.025
1 0.71484375 0.77109375 0.1 0.01875
1 0.68046875 0.7578125 0.0703125 0.0203125
1 0.7859375 0.7546875 0.0359375 0.0734375
1 0.80546875 0.71328125 0.06875 0.0828125
1 0.74609375 0.684375 0.0703125 0.04375
1 0.80625 0.6765625 0.0421875 0.0625
1 0.90859375 0.65546875 0.0296875 0.078125
1 0.87265625 0.64140625 0.0453125 0.065625
1 0.84609375 0.64609375 0.0671875 0.04375
1 0.9484375 0.6296875 0.0296875 0.0765625
1 0.88984375 0.59765625 0.0390625 0.0609375
1 0.921875 0.56875 0.0203125 0.059375
1 0.88828125 0.56484375 0.0296875 0.0578125
1 0.96796875 0.559375 0.0484375 0.0765625
1 0.8546875 0.540625 0.0265625 0.0671875
1 0.8671875 0.51484375 0.021875 0.0671875
1 0.8265625 0.46875 0.0625 0.021875
1 0.8359375 0.4546875 0.01875 0.05625
1 0.85 0.490625 0.025 0.053125
1 0.9234375 0.51640625 0.025 0.0625
1 0.88359375 0.48125 0.0671875 0.0234375
1 0.95546875 0.490625 0.0859375 0.0203125
1 0.9328125 0.4828125 0.0546875 0.0640625
1 0.94296875 0.47109375 0.1046875 0.0171875
1 0.9296875 0.44296875 0.084375 0.015625
1 0.92421875 0.40703125 0.08125 0.0359375
1 0.8421875 0.3890625 0.034375 0.0515625
1 0.8984375 0.37734375 0.03125 0.075
1 0.9328125 0.39296875 0.0828125 0.0421875
