1 0.5203125 0.75546875 0.08125 0.040625
1 0.60703125 0.74921875 0.0796875 0.015625
1 0.56015625 0.71328125 0.096875 0.028125
1 0.4796875 0.6953125 0.040625 0.059375
1 0.4265625 0.740625 0.05 0.03125
1 0.36015625 0.7265625 0.0625 0.0234375
1 0.32109375 0.67421875 0.0796875 0.046875
1 0.25078125 0.63125 0.046875 0.059375
1 0.30078125 0.603125 0.0625 0.0421875
1 0.2125 0.5828125 0.06875 0.0453125
1 0.19765625 0.53203125 0.0484375 0.0703125
1 0.19375 0.4984375 0.05625 0.0515625
1 0.2828125 0.51796875 0.0390625 0.05
1 0.35859375 0.4875 0.0265625 0.06875
1 0.48359375 0.47421875 0.0609375 0.025
1 0.40390625 0.5265625 0.0953125 0.025
1 0.4765625 0.56484375 0.0984375 0.0265625
1 0.409375 0.63359375 0.059375 0.028125
1 0.4859375 0.61328125 0.0796875 0.0296875
1 0.55078125 0.59140625 0.0296875 0.0640625
1 0.61484375 0.65 0.0546875 0.0609375
1 0.6625 0.5953125 0.0796875 0.034375
1 0.6875 0.67265625 0.06875 0.0390625
1 0.7296875 0.621875 0.0609375 0.0578125
1 0.690625 0.709375 0.0515625 0.0640625
1 0.77890625 0.66015625 0.059375 0.046875
1 0.815625 0.59921875 0.04375 0.0515625
1 0.784375 0.5453125 0.0390625 0.071875
1 0.72578125 0.534375 0.0234375 0.0703125
1 0.75859375 0.4875 0.0734375 0.046875
1 0.8078125 0.4734375 0.0421875 0.06875
1 0.75390625 0.43515625 0.03125 0.05625
1 0.73984375 0.37265625 0.08125 0.05
1 0.69609375 0.31875 0.0828125 0.03125
1 0.6390625 0.34140625 0.0421875 0.078125
1 0.56171875 0.2828125 0.1 0.0296875
1 0.46015625 0.2796875 0.08125 0.05625
1 0.3453125 0.3046875 0.0640625 0.06875
1 0.48203125 0.3484375 0.09375 0.034375
1 0.42890625 0.39765625 0.028125 0.071875
1 0.540625 0.41953125 0.103125 0.025
1 0.6375 0.4546875 0.059375 0.0640625
1 0.26953125 0.3796875 0.04375 0.0609375
1 0.20546875 0.38828125 0.03125 0.071875
1 0.1640625 0.4484375 0.09375 0.04375
1 0.2890625 0.421875 0.053125 0.0734375
