1 0.33515625 0.29921875 0.028125 0.0546875
1 0.39296875 0.3015625 0.05625 0.0703125
1 0.22109375 0.3671875 0.0546875 0.075
1 0.28515625 0.39921875 0.0734375 0.05
1 0.2359375 0.4421875 0.0578125 0.046875
1 0.29609375 0.4671875 0.0859375 0.0390625
1 0.24765625 0.48515625 0.10625 0.021875
1 0.278125 0.4953125 0.04375 0.05625
1 0.175 0.565625 0.0921875 0.0515625
1 0.19375 0.53125 0.046875 0.0515625
1 0.334375 0.546875 0.0703125 0.065625
1 0.34140625 0.5171875 0.109375 0.0234375
1 0.42890625 0.47734375 0.0828125 0.01875
1 0.4671875 0.409375 0.05625 0.0546875
1 0.42734375 0.34921875 0.0875 0.0296875
1 0.5796875 0.3140625 0.0203125 0.0546875
1 0.56328125 0.28984375 0.0640625 0.05625
1 0.61796875 0.290625 0.0359375 0.0640625
1 0.61953125 0.3765625 0.034375 0.053125
1 0.65859375 0.3625 0.0328125 0.0359375
1 0.540625 0.4375 0.0796875 0.034375
1 0.61796875 0.4125 0.10625 0.03125
1 0.7015625 0.40234375 0.090625 0.0296875
1 0.71953125 0.4078125 0.0828125 0.0234375
1 0.73515625 0.32890625 0.0375 0.04375
1 0.6921875 0.3796875 0.0265625 0.034375
1 0.80625 0.425 0.0671875 0.0359375
1 0.76015625 0.465625 0.0953125 0.028125
1 0.821875 0.521875 0.0390625 0.059375
1 0.778125 0.5125 0.0453125 0.0515625
1 0.6109375 0.559375 0.0890625 0.0625
1 0.5578125 0.60625 0.1125 0.0359375
1 0.38984375 0.6109375 0.034375 0.075
1 0.57421875 0.5875 0.0859375 0.0265625
1 0.80078125 0.61796875 0.0484375 0.0703125
1 0.7859375 0.67578125 0.03125 0.0828125
1 0.6921875 0.64765625 0.059375 0.0625
1 0.58828125 0.6625 0.090625 0.01875
1 0.50546875 0.696875 0.0765625 0.0265625
1 0.35234375 0.71796875 0.059375 0.0625
1 0.7515625 0.784375 0.0828125 0.059375
1 0.68515625 0.7703125 0.0984375 0.053125
1 0.5484375 0.79609375 0.0484375 0.0875
1 0.4984375 0.77109375 0.0515625 0.0875
1 0.45625 0.8015625 0.0421875 0.0765625
1 0.4046875 0.7859375 0.0375 0.0921875
1 0.3203125 0.7625 0.0359375 0.0859375
1 0.215625 0.61171875 0.0578125 0.0546875
1 0.28125 0.6171875 0.0546875 0.0609375
1 0.29375 0.7046875 0.0390625 0.0796875
1 0.24296875 0.67890625 0.021875 0.078125
1 0.27734375 0.65625 0.0765625 0.0296875
