1 0.71328125 0.18984375 0.10625 0.05
1 0.75625 0.2140625 0.071875 0.0796875
1 0.76171875 0.23515625 0.0921875 0.0578125
1 0.8484375 0.2515625 0.0796875 0.075
1 0.76328125 0.27578125 0.0734375 0.040625
1 0.81875 0.2890625 0.0296875 0.071875
1 0.77734375 0.296875 0.084375 0.075
1 0.7546875 0.3234375 0.0890625 0.0546875
1 0.7921875 0.30625 0.059375 0.0640625
1 0.89296875 0.29140625 0.0828125 0.0734375
1 0.853125 0.3046875 0.1046875 0.0484375
1 0.88671875 0.33359375 0.096875 0.021875
1 0.79453125 0.365625 0.084375 0.0390625
1 0.865625 0.39296875 0.1046875 0.03125
1 0.72890625 0.38828125 0.0546875 0.0828125
1 0.70078125 0.3640625 0.0234375 0.0609375
1 0.67265625 0.33828125 0.1 0.028125
1 0.65546875 0.30703125 0.0359375 0.065625
1 0.653125 0.27265625 0.046875 0.065625
1 0.60703125 0.325 0.0984375 0.0390625
1 0.67734375 0.21796875 0.0796875 0.075
1 0.6015625 0.21328125 0.0828125 0.0546875
1 0.55234375 0.16875 0.090625 0.0671875
1 0.56875 0.16875 0.121875 0.034375
1 0.5796875 0.25390625 0.1 0.05
1 0.5953125 0.27109375 0.0734375 0.0640625
1 0.56328125 0.3015625 0.08125 0.05
1 0.51484375 0.2328125 0.1234375 0.021875
1 0.48046875 0.2015625 0.0859375 0.0828125
1 0.4703125 0.1828125 0.065625 0.0609375
1 0.4171875 0.22421875 0.034375 0.09375
1 0.47890625 0.284375 0.109375 0.028125
1 0.49765625 0.3359375 0.0921875 0.0359375
1 0.53046875 0.3875 0.046875 0.0625
1 0.57421875 0.38984375 0.0546875 0.0546875
1 0.65859375 0.39140625 0.0515625 0.053125
1 0.43359375 0.29609375 0.1 0.015625
1 0.40859375 0.2546875 0.05625 0.0546875
1 0.35859375 0.278125 0.090625 0.0421875
1 0.33515625 0.3 0.0890625 0.021875
1 0.38984375 0.32109375 0.0796875 0.0234375
1 0.44609375 0.3328125 0.0375 0.078125
1 0.3578125 0.21796875 0.090625 0.04375
1 0.31484375 0.20859375 0.078125 0.065625
1 0.32109375 0.228125 0.10625 0.0328125
1 0.2984375 0.23828125 0.0609375 0.0609375
1 0.24765625 0.23203125 0.021875 0.075
1 0.21875 0.31953125 0.0453125 0.0640625
1 0.253125 0.27265625 0.0484375 0.078125
1 0.24609375 0.278125 0.084375 0.0234375
1 0.2609375 0.328125 0.028125 0.0796875
1 0.2546875 0.346875 0.0796875 0.0625
1 0.23828125 0.35859375 0.09375 0.03125
1 0.3140625 0.35 0.0703125 0.0359375
1 0.3734375 0.33671875 0.0984375 0.021875
1 0.34296875 0.36328125 0.0890625 0.0375
1 0.359375 0.36328125 0.096875 0.0375
1 0.3921875 0.38359375 0.075 0.0453125
1 0.33359375 0.409375 0.0671875 0.0484375
1 0.2390625 0.396875 0.075 0.0390625
1 0.178125 0.3828125 0.046875 0.0484375
1 0.13203125 0.3796875 0.03125 0.0625
1 0.15703125 0.3171875 0.0484375 0.06875
1 0.17578125 0.25859375 0.06875 0.084375
1 0.1859375 0.29140625 0.06875 0.075
1 0.2125 0.42734375 0.0984375 0.0234375
1 0.13515625 0.4859375 0.0796875 0.05625
1 0.15 0.475 0.040625 0.0640625
1 0.22578125 0.4765625 0.05 0.059375
1 0.2546875 0.49140625 0.0625 0.06875
1 0.24375 0.4546875 0.084375 0.034375
1 0.2828125 0.4671875 0.0515625 0.0796875
1 0.3265625 0.42890625 0.09375 0.0265625
1 0.4078125 0.434375 0.059375 0.0421875
1 0.3890625 0.44609375 0.0703125 0.0578125
1 0.4484375 0.43671875 0.0359375 0.06875
1 0.49375 0.475 0.0796875 0.0515625
1 0.49921875 0.43359375 0.025 0.0578125
1 0.303125 0.49453125 0.1 0.028125
1 0.38828125 0.51328125 0.0703125 0.0328125
1 0.34765625 0.51015625 0.103125 0.034375
1 0.36875 0.53125 0.078125 0.0328125
1 0.309375 0.528125 0.04375 0.05
1 0.2984375 0.5296875 0.0375 0.025
1 0.3375 0.55625 0.075 0.0359375
1 0.28046875 0.56484375 0.078125 0.0484375
1 0.38515625 0.5671875 0.0796875 0.025
1 0.4296875 0.55703125 0.06875 0.0328125
1 0.4421875 0.53359375 0.053125 0.05
1 0.46796875 0.51171875 0.0984375 0.0171875
1 0.53125 0.54765625 0.075 0.034375
1 0.47734375 0.52265625 0.0578125 0.021875
1 0.53125 0.55859375 0.0625 0.01875
1 0.48046875 0.5609375 0.0625 0.0296875
1 0.5171875 0.5890625 0.0515625 0.046875
1 0.17421875 0.58203125 0.1109375 0.025
1 0.26484375 0.6125 0.0703125 0.0296875
1 0.38125 0.59765625 0.09375 0.0265625
1 0.44921875 0.625 0.0796875 0.0234375
1 0.43203125 0.61796875 0.0484375 0.05
1 0.39921875 0.63671875 0.075 0.0171875
1 0.37265625 0.64609375 0.078125 0.0203125
1 0.434375 0.66328125 0.0453125 0.05
1 0.4078125 0.67265625 0.0796875 0.03125
1 0.37578125 0.7125 0.05 0.04375
1 0.42265625 0.71875 0.0765625 0.040625
1 0.48359375 0.696875 0.040625 0.05
1 0.49765625 0.64765625 0.078125 0.015625
1 0.52734375 0.62890625 0.0765625 0.015625
1 0.5390625 0.6453125 0.0546875 0.0203125
1 0.8203125 0.42109375 0.0859375 0.05
1 0.7859375 0.45625 0.0390625 0.0578125
1 0.82578125 0.45625 0.021875 0.0640625
1 0.82421875 0.49296875 0.053125 0.065625
1 0.8 0.49453125 0.0703125 0.0515625
1 0.93046875 0.4890625 0.09375 0.021875
1 0.8453125 0.53125 0.0625 0.0640625
1 0.74375 0.47109375 0.028125 0.0546875
1 0.66796875 0.475 0.0234375 0.071875
1 0.6875 0.45 0.0625 0.0328125
1 0.659375 0.465625 0.09375 0.05
1 0.6421875 0.44765625 0.0453125 0.05625
1 0.609375 0.46015625 0.1125 0.025
1 0.60078125 0.50078125 0.0859375 0.028125
1 0.66328125 0.51328125 0.0953125 0.028125
1 0.59609375 0.5390625 0.0828125 0.0375
1 0.65546875 0.53515625 0.06875 0.04375
1 0.6765625 0.546875 0.0703125 0.04375
1 0.73671875 0.52890625 0.08125 0.0265625
1 0.578125 0.59609375 0.0265625 0.059375
1 0.63828125 0.59609375 0.034375 0.05
1 0.61328125 0.63046875 0.0828125 0.028125
1 0.55859375 0.7015625 0.0828125 0.040625
1 0.553125 0.71875 0.071875 0.0359375
1 0.58515625 0.68125 0.08125 0.0421875
1 0.58828125 0.68515625 0.065625 0.034375
1 0.6890625 0.68203125 0.0828125 0.05
1 0.61328125 0.6578125 0.0953125 0.028125
1 0.61015625 0.65234375 0.04375 0.0359375
1 0.665625 0.61875 0.03125 0.0625
1 0.68984375 0.6484375 0.08125 0.03125
1 0.6953125 0.60390625 0.075 0.0328125
1 0.74296875 0.571875 0.0484375 0.0390625
1 0.72265625 0.59375 0.046875 0.040625
1 0.74140625 0.6171875 0.09375 0.0234375
1 0.76328125 0.60625 0.065625 0.0328125
1 0.871875 0.5875 0.0671875 0.0328125
1 0.88671875 0.56328125 0.0875 0.0234375
1 0.91328125 0.5890625 0.0578125 0.0625
1 0.8359375 0.59609375 0.103125 0.0234375
1 0.759375 0.6203125 0.059375 0.0203125
