1 0.246875 0.66875 0.1078125 0.0734375
1 0.2046875 0.56875 0.0359375 0.0859375
1 0.365625 0.5359375 0.1015625 0.0265625
1 0.528125 0.50625 0.084375 0.04375
1 0.5515625 0.6765625 0.1125 0.034375
1 0.571875 0.63984375 0.0296875 0.075
1 0.7796875 0.63515625 0.0671875 0.0515625
1 0.68046875 0.58359375 0.1046875 0.0421875
1 0.7546875 0.53984375 0.0921875 0.0546875
1 0.74921875 0.46171875 0.04375 0.0703125
1 0.66640625 0.4703125 0.0625 0.0671875
1 0.64609375 0.40078125 0.06875 0.0640625
1 0.56015625 0.371875 0.03125 0.0671875
1 0.359375 0.39609375 0.0453125 0.090625
1 0.259375 0.35234375 0.0875 0.0421875
1 0.46015625 0.31328125 0.1046875 0.03125
1 0.603125 0.24296875 0.0859375 0.0375
