1 0.609375 0.26875 0.0578125 0.0625
1 0.44921875 0.28828125 0.1125 0.028125
1 0.34140625 0.33671875 0.1109375 0.03125
1 0.47421875 0.3125 0.1015625 0.0265625
1 0.57109375 0.3359375 0.1015625 0.025
1 0.64296875 0.33828125 0.078125 0.05625
1 0.6890625 0.32265625 0.0421875 0.046875
1 0.709375 0.315625 0.05 0.04375
1 0.625 0.42421875 0.0359375 0.04375
1 0.6640625 0.4328125 0.0703125 0.0328125
1 0.70546875 0.45390625 0.0703125 0.0625
1 0.45234375 0.43046875 0.0921875 0.0421875
1 0.3125 0.37890625 0.0453125 0.0546875
1 0.19453125 0.4015625 0.025 0.0640625
1 0.115625 0.43671875 0.0453125 0.0796875
1 0.11328125 0.51328125 0.03125 0.08125
1 0.19140625 0.51015625 0.0375 0.0703125
1 0.2546875 0.53828125 0.0578125 0.071875
1 0.31171875 0.45390625 0.059375 0.0671875
1 0.30703125 0.52265625 0.0484375 0.0734375
1 0.37109375 0.52421875 0.0625 0.0296875
1 0.48515625 0.4859375 0.0515625 0.065625
1 0.72578125 0.47578125 0.05 0.0609375
1 0.7875 0.50625 0.096875 0.0484375
1 0.76796875 0.48359375 0.0265625 0.0671875
1 0.7953125 0.45625 0.0515625 0.05625
1 0.80703125 0.434375 0.0796875 0.0265625
1 0.85859375 0.47734375 0.053125 0.04375
1 0.83984375 0.509375 0.1078125 0.0359375
1 0.8328125 0.56640625 0.03125 0.0671875
1 0.70859375 0.575 0.0828125 0.046875
1 0.8171875 0.6578125 0.0359375 0.0765625
1 0.73203125 0.7265625 0.028125 0.0625
1 0.76015625 0.69453125 0.04375 0.0765625
1 0.7578125 0.6609375 0.0546875 0.0703125
1 0.5421875 0.62890625 0.0625 0.034375
1 0.50390625 0.65390625 0.0484375 0.08125
1 0.47109375 0.575 0.059375 0.059375
1 0.440625 0.634375 0.0609375 0.059375
1 0.653125 0.77890625 0.1046875 0.0515625
1 0.59453125 0.72890625 0.08125 0.03125
1 0.4921875 0.76328125 0.084375 0.046875
1 0.4 0.8125 0.0765625 0.040625
1 0.40234375 0.76328125 0.0328125 0.0890625
1 0.35546875 0.7453125 0.09375 0.0625
1 0.35078125 0.78984375 0.0515625 0.065625
1 0.29296875 0.734375 0.0359375 0.0625
1 0.2234375 0.7390625 0.0453125 0.078125
1 0.2453125 0.671875 0.0421875 0.0859375
1 0.16484375 0.621875 0.025 0.0671875
1 0.125 0.60625 0.0359375 0.0625
1 0.18984375 0.59296875 0.078125 0.0359375
