1 0.67890625 0.12421875 0.0625 0.0859375
1 0.62109375 0.10703125 0.071875 0.09375
1 0.5734375 0.103125 0.10625 0.034375
1 0.48359375 0.07890625 0.1109375 0.025
1 0.41484375 0.0875 0.05 0.0828125
1 0.41171875 0.09140625 0.1328125 0.0328125
1 0.43671875 0.12421875 0.0578125 0.065625
1 0.4171875 0.115625 0.0640625 0.05
1 0.4671875 0.175 0.0515625 0.0796875
1 0.50078125 0.16953125 0.053125 0.05625
1 0.52265625 0.125 0.0484375 0.0765625
1 0.5484375 0.15 0.0671875 0.0640625
1 0.62265625 0.16875 0.11875 0.021875
1 0.59609375 0.19140625 0.0328125 0.0765625
1 0.6625 0.2140625 0.075 0.071875
1 0.765625 0.18125 0.05 0.0484375
1 0.3765625 0.1546875 0.0640625 0.090625
1 0.43828125 0.225 0.03125 0.0828125
1 0.3703125 0.20390625 0.065625 0.0546875
1 0.29609375 0.1375 0.05 0.0765625
1 0.27109375 0.16640625 0.103125 0.028125
1 0.2265625 0.221875 0.0671875 0.0609375
1 0.2765625 0.17578125 0.0796875 0.0375
1 0.2078125 0.15390625 0.075 0.0734375
1 0.1640625 0.18671875 0.034375 0.0796875
1 0.1484375 0.23203125 0.0484375 0.084375
1 0.20390625 0.26953125 0.090625 0.015625
1 0.1125 0.2546875 0.0578125 0.0859375
1 0.17421875 0.303125 0.0328125 0.05625
1 0.3328125 0.27890625 0.040625 0.0640625
1 0.48828125 0.27109375 0.046875 0.0921875
1 0.44140625 0.28671875 0.071875 0.0484375
1 0.50625 0.26640625 0.0640625 0.0453125
1 0.578125 0.26953125 0.109375 0.0390625
1 0.4515625 0.33203125 0.0671875 0.059375
1 0.51640625 0.346875 0.0421875 0.0765625
1 0.53515625 0.3515625 0.0421875 0.0421875
1 0.5890625 0.36796875 0.0625 0.046875
1 0.5828125 0.36484375 0.0703125 0.021875
1 0.5671875 0.3125 0.0859375 0.0546875
1 0.621875 0.33046875 0.0390625 0.0375
1 0.671875 0.34921875 0.0703125 0.0625
1 0.6859375 0.3015625 0.059375 0.0625
1 0.6796875 0.3765625 0.0546875 0.0578125
1 0.7171875 0.37578125 0.0515625 0.04375
1 0.734375 0.30078125 0.0265625 0.0921875
1 0.7671875 0.25 0.096875 0.0234375
1 0.7546875 0.284375 0.109375 0.0390625
1 0.7484375 0.3375 0.046875 0.078125
1 0.790625 0.26953125 0.04375 0.05
1 0.80390625 0.22578125 0.090625 0.05625
1 0.87890625 0.2125 0.065625 0.078125
1 0.8578125 0.2578125 0.0328125 0.0859375
1 0.89375 0.24453125 0.0640625 0.0984375
1 0.875 0.3046875 0.0828125 0.065625
1 0.846875 0.3171875 0.0484375 0.0609375
1 0.80625 0.31484375 0.075 0.028125
1 0.76640625 0.33046875 0.0859375 0.015625
1 0.83984375 0.3421875 0.1109375 0.0171875
1 0.94453125 0.334375 0.065625 0.0703125
1 0.90859375 0.35234375 0.0890625 0.05625
1 0.78359375 0.39296875 0.0453125 0.0515625
1 0.759375 0.43046875 0.0640625 0.04375
1 0.80078125 0.4359375 0.0796875 0.040625
1 0.7703125 0.43046875 0.025 0.05625
1 0.71875 0.42578125 0.0484375 0.0609375
1 0.69921875 0.44140625 0.0890625 0.0296875
1 0.6796875 0.43828125 0.0734375 0.0390625
1 0.625 0.41171875 0.084375 0.0171875
1 0.83828125 0.42265625 0.0390625 0.01875
1 0.8984375 0.40546875 0.0640625 0.034375
1 0.87890625 0.4578125 0.0671875 0.0609375
1 0.86640625 0.46171875 0.0734375 0.05625
1 0.80625 0.465625 0.03125 0.0765625
1 0.81640625 0.459375 0.0671875 0.065625
1 0.76015625 0.484375 0.075 0.0359375
1 0.69765625 0.4640625 0.053125 0.0421875
1 0.6703125 0.48203125 0.0890625 0.0171875
1 0.684375 0.4859375 0.0671875 0.0421875
1 0.70234375 0.5015625 0.03125 0.05625
1 0.63125 0.51171875 0.034375 0.0484375
1 0.6703125 0.51484375 0.04375 0.046875
1 0.63984375 0.534375 0.0859375 0.034375
1 0.859375 0.5375 0.06875 0.0671875
1 0.86953125 0.52578125 0.0734375 0.0390625
1 0.83359375 0.5390625 0.0640625 0.05625
1 0.78515625 0.5484375 0.0703125 0.0375
1 0.74375 0.5640625 0.034375 0.04375
1 0.6890625 0.5515625 0.075 0.0234375
1 0.70390625 0.5515625 0.04375 0.034375
1 0.79609375 0.59609375 0.059375 0.0515625
1 0.67890625 0.5828125 0.059375 0.0390625
1 0.65078125 0.58515625 0.046875 0.046875
1 0.69140625 0.6046875 0.0796875 0.03125
1 0.67265625 0.634375 0.0890625 0.021875
1 0.59765625 0.5109375 0.0390625 0.053125
1 0.61015625 0.459375 0.059375 0.04375
1 0.565625 0.58515625 0.040625 0.034375
1 0.5546875 0.60859375 0.034375 0.040625
1 0.55078125 0.5140625 0.071875 0.0453125
1 0.5421875 0.5109375 0.0234375 0.053125
1 0.50625 0.55 0.08125 0.040625
1 0.50390625 0.54765625 0.021875 0.0609375
1 0.55859375 0.45078125 0.0796875 0.0296875
1 0.55 0.465625 0.0828125 0.0421875
1 0.54921875 0.425 0.0546875 0.046875
1 0.5296875 0.3921875 0.0625 0.0546875
1 0.465625 0.41484375 0.0484375 0.05625
1 0.4796875 0.4234375 0.0796875 0.03125
1 0.43828125 0.3859375 0.0796875 0.0296875
1 0.375 0.44296875 0.0296875 0.0578125
1 0.48203125 0.45546875 0.059375 0.0453125
1 0.46796875 0.48828125 0.0734375 0.0453125
1 0.5015625 0.496875 0.096875 0.0234375
1 0.44921875 0.49609375 0.0203125 0.0515625
1 0.36015625 0.46640625 0.1015625 0.0296875
1 0.40078125 0.48203125 0.0265625 0.0578125
1 0.41875 0.50859375 0.059375 0.0234375
1 0.45625 0.509375 0.06875 0.0453125
1 0.42265625 0.51953125 0.01875 0.040625
1 0.44453125 0.54296875 0.0203125 0.0484375
1 0.42578125 0.5734375 0.071875 0.0390625
1 0.48515625 0.6015625 0.0703125 0.021875
1 0.43984375 0.60234375 0.0625 0.0421875
1 0.4671875 0.65546875 0.0984375 0.0234375
1 0.31640625 0.62265625 0.0703125 0.059375
1 0.4640625 0.66484375 0.046875 0.0359375
1 0.33125 0.5265625 0.084375 0.0234375
1 0.3390625 0.42734375 0.084375 0.021875
1 0.3078125 0.4140625 0.04375 0.0625
1 0.3265625 0.384375 0.0875 0.0234375
1 0.3515625 0.35390625 0.0359375 0.065625
1 0.378125 0.31875 0.0421875 0.071875
1 0.30390625 0.32734375 0.0296875 0.0609375
1 0.23515625 0.3734375 0.0609375 0.0578125
1 0.26484375 0.40625 0.078125 0.0328125
1 0.228125 0.43203125 0.0765625 0.05
1 0.27578125 0.4625 0.03125 0.06875
1 0.253125 0.50625 0.0921875 0.0234375
1 0.25859375 0.5640625 0.0671875 0.04375
1 0.225 0.5984375 0.075 0.0390625
1 0.190625 0.50703125 0.0453125 0.0578125
1 0.171875 0.48515625 0.0765625 0.021875
1 0.13828125 0.55625 0.0765625 0.0625
1 0.178125 0.3546875 0.0359375 0.0609375
1 0.11875 0.33671875 0.09375 0.0578125
1 0.0578125 0.34140625 0.0796875 0.078125
1 0.0671875 0.39609375 0.090625 0.059375
1 0.1171875 0.4734375 0.1109375 0.025
1 0.06875 0.48125 0.0515625 0.0453125
1 0.121875 0.503125 0.1140625 0.01875
