1 0.4375 0.2125 0.1078125 0.0453125
1 0.68046875 0.30625 0.1078125 0.071875
1 0.82421875 0.3140625 0.1234375 0.0640625
1 0.47421875 0.31015625 0.115625 0.046875
1 0.3859375 0.2796875 0.09375 0.0546875
1 0.2609375 0.3484375 0.0828125 0.0984375
1 0.15546875 0.440625 0.0671875 0.11875
1 0.3609375 0.41953125 0.1328125 0.053125
1 0.48515625 0.42109375 0.0625 0.10625
1 0.38828125 0.51640625 0.0359375 0.1078125
1 0.871875 0.4984375 0.171875 0.028125
1 0.8015625 0.603125 0.103125 0.0671875
1 0.65078125 0.57421875 0.0375 0.0953125
1 0.1921875 0.590625 0.1140625 0.0734375
1 0.265625 0.634375 0.0375 0.0984375
1 0.58359375 0.6609375 0.096875 0.0703125
1 0.71484375 0.775 0.0546875 0.0984375
