1 0.37265625 0.21484375 0.1 0.03125
1 0.33203125 0.25234375 0.078125 0.0640625
1 0.37890625 0.27265625 0.1046875 0.03125
1 0.4515625 0.265625 0.075 0.0453125
1 0.3765625 0.30625 0.0796875 0.015625
1 0.44140625 0.29609375 0.071875 0.03125
1 0.49609375 0.29921875 0.0875 0.0171875
1 0.54453125 0.26640625 0.1140625 0.0265625
1 0.534375 0.2890625 0.0921875 0.0296875
1 0.5109375 0.3203125 0.109375 0.0234375
1 0.590625 0.3109375 0.0515625 0.0453125
1 0.615625 0.21796875 0.121875 0.046875
1 0.66953125 0.2359375 0.0828125 0.053125
1 0.6859375 0.2484375 0.05625 0.065625
1 0.778125 0.24609375 0.071875 0.0484375
1 0.70703125 0.284375 0.109375 0.0296875
1 0.66171875 0.31796875 0.0640625 0.0578125
1 0.63984375 0.3359375 0.1046875 0.04375
1 0.5734375 0.35 0.059375 0.053125
1 0.5484375 0.37734375 0.028125 0.08125
1 0.46875 0.38125 0.1234375 0.0359375
1 0.409375 0.34609375 0.08125 0.0296875
1 0.4171875 0.34921875 0.06875 0.05625
1 0.44609375 0.35546875 0.053125 0.0234375
1 0.32890625 0.3609375 0.03125 0.05625
1 0.2828125 0.35859375 0.078125 0.0203125
1 0.253125 0.32734375 0.1078125 0.01875
1 0.27265625 0.3078125 0.053125 0.0671875
1 0.3296875 0.30390625 0.0859375 0.05
1 0.16875 0.3265625 0.0640625 0.0640625
1 0.1421875 0.36796875 0.0296875 0.0828125
1 0.109375 0.375 0.0625 0.040625
1 0.22265625 0.3890625 0.08125 0.025
1 0.11796875 0.40703125 0.078125 0.04375
1 0.14453125 0.415625 0.0546875 0.059375
1 0.11796875 0.44375 0.0546875 0.08125
1 0.08671875 0.4625 0.040625 0.0765625
1 0.1984375 0.446875 0.05 0.0734375
1 0.221875 0.42578125 0.0703125 0.04375
1 0.29765625 0.4546875 0.0625 0.0453125
1 0.25703125 0.46640625 0.0515625 0.0640625
1 0.18671875 0.5015625 0.075 0.0390625
1 0.21875 0.503125 0.0265625 0.053125
1 0.2953125 0.509375 0.0515625 0.0703125
1 0.2671875 0.5453125 0.040625 0.0640625
1 0.33515625 0.525 0.078125 0.0515625
1 0.37109375 0.565625 0.071875 0.0640625
1 0.378125 0.45 0.0265625 0.0578125
1 0.346875 0.41796875 0.0875 0.0203125
1 0.48046875 0.421875 0.109375 0.0453125
1 0.46953125 0.45625 0.0765625 0.0515625
1 0.46328125 0.4921875 0.0421875 0.059375
1 0.390625 0.49921875 0.09375 0.0234375
1 0.4203125 0.5203125 0.0265625 0.059375
1 0.490625 0.546875 0.0234375 0.0640625
1 0.5015625 0.56953125 0.08125 0.04375
1 0.56328125 0.4546875 0.03125 0.075
1 0.54453125 0.48125 0.04375 0.075
1 0.51796875 0.484375 0.0328125 0.06875
1 0.1703125 0.5796875 0.071875 0.028125
1 0.18828125 0.58828125 0.05 0.0875
1 0.2984375 0.5859375 0.0921875 0.0140625
1 0.28046875 0.615625 0.0609375 0.040625
1 0.31484375 0.6234375 0.059375 0.040625
1 0.3765625 0.61796875 0.0921875 0.03125
1 0.45625 0.62421875 0.10625 0.01875
1 0.14140625 0.6046875 0.1078125 0.0203125
1 0.1609375 0.67421875 0.06875 0.0671875
1 0.13046875 0.62578125 0.0703125 0.04375
1 0.23203125 0.684375 0.0765625 0.0515625
1 0.2421875 0.640625 0.0453125 0.0734375
1 0.3 0.6609375 0.0703125 0.046875
1 0.17421875 0.70546875 0.059375 0.071875
1 0.17109375 0.70625 0.08125 0.0484375
1 0.30625 0.74609375 0.05625 0.053125
1 0.35625 0.72578125 0.0625 0.0515625
1 0.359375 0.69921875 0.0765625 0.028125
1 0.396875 0.68515625 0.0328125 0.059375
1 0.434375 0.6703125 0.0796875 0.0546875
1 0.40546875 0.73125 0.0734375 0.0546875
1 0.30078125 0.7875 0.0875 0.0296875
1 0.34296875 0.80703125 0.084375 0.0375
1 0.4578125 0.828125 0.096875 0.028125
1 0.484375 0.74453125 0.0625 0.046875
1 0.4671875 0.74140625 0.03125 0.0671875
1 0.53046875 0.75234375 0.0546875 0.0640625
1 0.51796875 0.7421875 0.05625 0.0578125
1 0.5125 0.70625 0.0609375 0.0625
1 0.5375 0.65625 0.0703125 0.034375
1 0.60390625 0.5984375 0.0859375 0.0359375
1 0.6234375 0.57421875 0.1109375 0.0203125
1 0.6390625 0.525 0.078125 0.01875
1 0.61640625 0.4953125 0.0390625 0.053125
1 0.65859375 0.38671875 0.0921875 0.0203125
1 0.803125 0.33984375 0.121875 0.028125
1 0.79921875 0.3859375 0.090625 0.046875
1 0.7625 0.4546875 0.0796875 0.0421875
1 0.80703125 0.41796875 0.0328125 0.059375
1 0.79140625 0.471875 0.0765625 0.0515625
1 0.70625 0.50078125 0.0703125 0.0546875
1 0.6984375 0.55078125 0.1125 0.0234375
1 0.7546875 0.5609375 0.0578125 0.028125
1 0.81875 0.540625 0.0984375 0.0171875
1 0.85390625 0.5078125 0.0921875 0.021875
1 0.8859375 0.58203125 0.040625 0.084375
1 0.834375 0.59921875 0.0484375 0.075
1 0.83359375 0.6640625 0.0625 0.05625
1 0.80234375 0.6421875 0.065625 0.071875
1 0.82734375 0.64140625 0.034375 0.0703125
1 0.67265625 0.62890625 0.071875 0.0421875
1 0.61484375 0.6640625 0.0671875 0.04375
1 0.68046875 0.659375 0.0921875 0.0390625
1 0.71328125 0.6828125 0.0984375 0.0234375
1 0.65625 0.71796875 0.0859375 0.0421875
1 0.78203125 0.6921875 0.028125 0.065625
1 0.82890625 0.7015625 0.08125 0.0359375
1 0.8015625 0.7390625 0.1046875 0.0359375
1 0.7046875 0.76328125 0.1046875 0.028125
1 0.790625 0.753125 0.10625 0.015625
1 0.69609375 0.77890625 0.09375 0.034375
1 0.59609375 0.7796875 0.0921875 0.04375
1 0.64453125 0.81484375 0.046875 0.0546875
