1 0.67890625 0.87578125 0.0625 0.0859375
1 0.62109375 0.89296875 0.071875 0.09375
1 0.5734375 0.896875 0.10625 0.034375
1 0.48359375 0.92109375 0.1109375 0.025
1 0.41484375 0.9125 0.05 0.084375
1 0.41171875 0.90859375 0.1328125 0.0328125
1 0.43671875 0.87578125 0.0578125 0.065625
1 0.4171875 0.884375 0.0640625 0.05
1 0.4671875 0.825 0.0515625 0.0796875
1 0.50078125 0.83046875 0.053125 0.0578125
1 0.52265625 0.875 0.0484375 0.0765625
1 0.5484375 0.85 0.0671875 0.0640625
1 0.62265625 0.83125 0.11875 0.021875
1 0.59609375 0.80859375 0.0328125 0.0765625
1 0.6625 0.7859375 0.075 0.071875
1 0.765625 0.81875 0.05 0.0484375
1 0.3765625 0.8453125 0.0640625 0.090625
1 0.43828125 0.775 0.03125 0.0828125
1 0.3703125 0.79609375 0.065625 0.0546875
1 0.29609375 0.8625 0.05 0.0765625
1 0.27109375 0.83359375 0.103125 0.028125
1 0.2265625 0.778125 0.0671875 0.0609375
1 0.2765625 0.82421875 0.0796875 0.0375
1 0.2078125 0.84609375 0.075 0.0734375
1 0.1640625 0.81328125 0.034375 0.0796875
1 0.1484375 0.76796875 0.0484375 0.084375
1 0.20390625 0.73046875 0.090625 0.015625
1 0.1125 0.7453125 0.0578125 0.0859375
1 0.17421875 0.696875 0.0328125 0.0578125
1 0.3328125 0.72109375 0.040625 0.065625
1 0.48828125 0.72890625 0.046875 0.090625
1 0.44140625 0.71328125 0.071875 0.05
1 0.50625 0.73359375 0.0640625 0.0453125
1 0.578125 0.73046875 0.109375 0.0390625
1 0.4515625 0.66796875 0.0671875 0.059375
1 0.51640625 0.653125 0.0421875 0.075
1 0.53515625 0.6484375 0.0421875 0.0421875
1 0.5890625 0.63203125 0.0625 0.046875
1 0.5828125 0.63515625 0.0703125 0.0203125
1 0.5671875 0.6875 0.0859375 0.0546875
1 0.621875 0.66953125 0.0390625 0.0359375
1 0.671875 0.65078125 0.0703125 0.0625
1 0.6859375 0.6984375 0.059375 0.0625
1 0.6796875 0.6234375 0.0546875 0.0578125
1 0.7171875 0.62421875 0.0515625 0.04375
1 0.734375 0.69921875 0.0265625 0.0921875
1 0.7671875 0.75 0.096875 0.0234375
1 0.7546875 0.715625 0.109375 0.0390625
1 0.7484375 0.6625 0.046875 0.078125
1 0.790625 0.73046875 0.04375 0.05
1 0.80390625 0.77421875 0.090625 0.05625
1 0.87890625 0.7875 0.065625 0.078125
1 0.8578125 0.7421875 0.0328125 0.0859375
1 0.89375 0.75546875 0.0640625 0.0984375
1 0.875 0.6953125 0.0828125 0.065625
1 0.846875 0.6828125 0.0484375 0.059375
1 0.80625 0.68515625 0.075 0.028125
1 0.76640625 0.66953125 0.0859375 0.015625
1 0.83984375 0.6578125 0.1109375 0.01875
1 0.94453125 0.665625 0.065625 0.0703125
1 0.90859375 0.64765625 0.0890625 0.05625
1 0.78359375 0.60703125 0.0453125 0.0515625
1 0.759375 0.56953125 0.0640625 0.04375
1 0.80078125 0.5640625 0.0796875 0.040625
1 0.7703125 0.56953125 0.025 0.05625
1 0.71875 0.57421875 0.0484375 0.0609375
1 0.69921875 0.55859375 0.0890625 0.0296875
1 0.6796875 0.56171875 0.0734375 0.0390625
1 0.625 0.58828125 0.084375 0.0171875
1 0.83828125 0.57734375 0.0390625 0.01875
1 0.8984375 0.59453125 0.0640625 0.034375
1 0.87890625 0.5421875 0.0671875 0.0609375
1 0.86640625 0.53828125 0.0734375 0.05625
1 0.80625 0.534375 0.03125 0.0765625
1 0.81640625 0.540625 0.0671875 0.065625
1 0.76015625 0.515625 0.075 0.0359375
1 0.69765625 0.5359375 0.053125 0.0421875
1 0.6703125 0.51796875 0.0890625 0.0171875
1 0.684375 0.5140625 0.0671875 0.0421875
1 0.70234375 0.4984375 0.03125 0.05625
1 0.63125 0.48828125 0.034375 0.0484375
1 0.6703125 0.48515625 0.04375 0.0484375
1 0.63984375 0.465625 0.0859375 0.034375
1 0.859375 0.4625 0.06875 0.06875
1 0.86953125 0.47421875 0.0734375 0.0390625
1 0.83359375 0.4609375 0.0640625 0.05625
1 0.78515625 0.4515625 0.0703125 0.0375
1 0.74375 0.4359375 0.034375 0.04375
1 0.6890625 0.4484375 0.075 0.0234375
1 0.70390625 0.4484375 0.04375 0.034375
1 0.79609375 0.40390625 0.059375 0.0515625
1 0.67890625 0.4171875 0.059375 0.0390625
1 0.65078125 0.41484375 0.046875 0.046875
1 0.69140625 0.3953125 0.0796875 0.03125
1 0.67265625 0.365625 0.0890625 0.021875
1 0.59765625 0.4890625 0.0390625 0.053125
1 0.61015625 0.540625 0.059375 0.04375
1 0.565625 0.41484375 0.040625 0.034375
1 0.5546875 0.39140625 0.034375 0.040625
1 0.55078125 0.4859375 0.071875 0.0453125
1 0.5421875 0.4890625 0.0234375 0.053125
1 0.50625 0.45 0.08125 0.040625
1 0.50390625 0.45234375 0.021875 0.0609375
1 0.55859375 0.54921875 0.0796875 0.028125
1 0.55 0.534375 0.0828125 0.0421875
1 0.54921875 0.575 0.0546875 0.046875
1 0.5296875 0.6078125 0.0625 0.05625
1 0.465625 0.58515625 0.0484375 0.05625
1 0.4796875 0.5765625 0.0796875 0.03125
1 0.43828125 0.6140625 0.0796875 0.0296875
1 0.375 0.55703125 0.0296875 0.0578125
1 0.48203125 0.54453125 0.059375 0.04375
1 0.46796875 0.51171875 0.0734375 0.0453125
1 0.5015625 0.503125 0.096875 0.0234375
1 0.44921875 0.50390625 0.0203125 0.0515625
1 0.36015625 0.53359375 0.1015625 0.028125
1 0.40078125 0.51796875 0.0265625 0.0578125
1 0.41875 0.49140625 0.059375 0.0234375
1 0.45625 0.490625 0.06875 0.04375
1 0.42265625 0.48046875 0.01875 0.040625
1 0.44453125 0.45703125 0.0203125 0.0484375
1 0.42578125 0.4265625 0.071875 0.0390625
1 0.48515625 0.3984375 0.0703125 0.021875
1 0.43984375 0.39765625 0.0625 0.0421875
1 0.4671875 0.34453125 0.0984375 0.0234375
1 0.31640625 0.37734375 0.0703125 0.059375
1 0.4640625 0.33515625 0.046875 0.0359375
1 0.33125 0.4734375 0.084375 0.025
1 0.3390625 0.57265625 0.084375 0.021875
1 0.3078125 0.5859375 0.04375 0.0625
1 0.3265625 0.615625 0.0875 0.0234375
1 0.3515625 0.64609375 0.0359375 0.065625
1 0.378125 0.68125 0.0421875 0.0734375
1 0.30390625 0.67265625 0.0296875 0.0609375
1 0.23515625 0.6265625 0.0609375 0.0578125
1 0.26484375 0.59375 0.078125 0.0328125
1 0.228125 0.56796875 0.0765625 0.05
1 0.27578125 0.5375 0.03125 0.06875
1 0.253125 0.49375 0.0921875 0.0234375
1 0.25859375 0.4359375 0.0671875 0.0453125
1 0.225 0.4015625 0.075 0.0390625
1 0.190625 0.49296875 0.0453125 0.0578125
1 0.171875 0.51484375 0.0765625 0.0203125
1 0.13828125 0.44375 0.0765625 0.0625
1 0.178125 0.6453125 0.0359375 0.0609375
1 0.11875 0.66328125 0.09375 0.0578125
1 0.0578125 0.65859375 0.0796875 0.078125
1 0.0671875 0.60390625 0.090625 0.059375
1 0.1171875 0.5265625 0.1109375 0.0234375
1 0.06875 0.51875 0.0515625 0.0453125
1 0.121875 0.496875 0.1140625 0.01875
