1 0.5625 0.29375 0.09296875 0.05546875
1 0.4546875 0.29921875 0.075 0.04765625
1 0.4078125 0.340625 0.0609375 0.06015625
1 0.3703125 0.3265625 0.03515625 0.0734375
1 0.3546875 0.37421875 0.06484375 0.06953125
1 0.42265625 0.415625 0.1171875 0.03515625
1 0.42265625 0.3859375 0.10546875 0.0328125
1 0.309375 0.390625 0.0359375 0.065625
1 0.3234375 0.428125 0.0390625 0.065625
1 0.2671875 0.39921875 0.08828125 0.05625
1 0.5734375 0.36640625 0.02890625 0.07734375
1 0.56015625 0.3703125 0.090625 0.01484375
1 0.565625 0.3578125 0.1171875 0.02421875
1 0.63515625 0.38984375 0.07421875 0.06328125
1 0.753125 0.36796875 0.1140625 0.02265625
1 0.65859375 0.43828125 0.04296875 0.0640625
1 0.67734375 0.42421875 0.090625 0.0578125
1 0.62265625 0.4484375 0.03359375 0.0921875
1 0.7109375 0.4515625 0.0796875 0.04375
1 0.86796875 0.4609375 0.084375 0.075
1 0.76484375 0.50546875 0.14375 0.034375
1 0.65546875 0.5234375 0.0375 0.10234375
1 0.58046875 0.5375 0.103125 0.08359375
1 0.69375 0.57734375 0.1078125 0.06640625
1 0.73515625 0.59375 0.05234375 0.109375
1 0.6328125 0.6265625 0.1109375 0.04375
1 0.74921875 0.66484375 0.15234375 0.0765625
1 0.72265625 0.73203125 0.11796875 0.10390625
1 0.58984375 0.7390625 0.08125 0.1171875
1 0.6578125 0.8234375 0.1328125 0.040625
1 0.628125 0.82421875 0.115625 0.0953125
1 0.4890625 0.60859375 0.12890625 0.06015625
1 0.4921875 0.67109375 0.14921875 0.03828125
1 0.49375 0.76171875 0.11875 0.10234375
1 0.4359375 0.778125 0.1 0.10859375
1 0.4546875 0.73515625 0.08515625 0.0828125
1 0.365625 0.7125 0.0359375 0.07890625
1 0.40234375 0.4953125 0.09609375 0.084375
1 0.1953125 0.4421875 0.1234375 0.06015625
1 0.19609375 0.49296875 0.03515625 0.0828125
1 0.13203125 0.521875 0.1 0.05
1 0.228125 0.54921875 0.12890625 0.0421875
1 0.25546875 0.54609375 0.09140625 0.04609375
1 0.2046875 0.5765625 0.13203125 0.03203125
1 0.23125 0.58984375 0.103125 0.06328125
1 0.28203125 0.6046875 0.121875 0.02578125
1 0.2515625 0.63515625 0.07109375 0.06796875
1 0.278125 0.66171875 0.0515625 0.07578125
1 0.1640625 0.63125 0.115625 0.05234375
1 0.2109375 0.6546875 0.16015625 0.03125
1 0.16171875 0.70546875 0.13828125 0.0296875
1 0.29609375 0.721875 0.10703125 0.06796875
1 0.346875 0.78046875 0.1296875 0.05859375
1 0.309375 0.8109375 0.14375 0.0796875
