1 0.55078125 0.24609375 0.04375 0.06875
1 0.55625 0.2421875 0.0796875 0.021875
1 0.60234375 0.246875 0.0703125 0.0765625
1 0.5578125 0.2828125 0.0359375 0.0484375
1 0.46875 0.2265625 0.10625 0.021875
1 0.51015625 0.240625 0.0328125 0.05
1 0.46328125 0.2765625 0.0296875 0.071875
1 0.4328125 0.246875 0.0796875 0.0296875
1 0.40234375 0.28515625 0.0453125 0.08125
1 0.43515625 0.309375 0.0421875 0.0765625
1 0.37578125 0.24609375 0.090625 0.0296875
1 0.353125 0.27734375 0.1140625 0.025
1 0.3171875 0.2765625 0.078125 0.04375
1 0.27109375 0.30234375 0.040625 0.08125
1 0.28203125 0.3421875 0.0828125 0.0484375
1 0.23046875 0.325 0.040625 0.0703125
1 0.228125 0.3453125 0.0359375 0.0546875
1 0.1875 0.36796875 0.0421875 0.065625
1 0.2125 0.4140625 0.028125 0.0765625
1 0.3109375 0.365625 0.0515625 0.0546875
1 0.39921875 0.38671875 0.078125 0.0546875
1 0.459375 0.3625 0.0421875 0.0703125
1 0.53828125 0.346875 0.109375 0.0296875
1 0.490625 0.39453125 0.040625 0.0703125
1 0.6609375 0.31484375 0.0890625 0.04375
1 0.64453125 0.2578125 0.090625 0.025
1 0.67890625 0.259375 0.0703125 0.0640625
1 0.6625 0.27734375 0.09375 0.0171875
1 0.721875 0.27734375 0.0515625 0.05625
1 0.73828125 0.34609375 0.0359375 0.078125
1 0.75 0.33203125 0.0859375 0.0359375
1 0.759375 0.33359375 0.065625 0.05625
1 0.79765625 0.30234375 0.090625 0.05625
1 0.77109375 0.3203125 0.0640625 0.0453125
1 0.63984375 0.35859375 0.090625 0.03125
1 0.64609375 0.38828125 0.11875 0.0234375
1 0.83984375 0.36171875 0.0796875 0.0546875
1 0.79609375 0.3859375 0.028125 0.0734375
1 0.82421875 0.38828125 0.0515625 0.065625
1 0.8328125 0.40703125 0.0859375 0.0515625
1 0.725 0.41953125 0.103125 0.0265625
1 0.8609375 0.45546875 0.025 0.05
1 0.8765625 0.47109375 0.0859375 0.0359375
1 0.8046875 0.45625 0.0296875 0.06875
1 0.70546875 0.44609375 0.0875 0.046875
1 0.75390625 0.4921875 0.0296875 0.0828125
1 0.71171875 0.4890625 0.09375 0.0234375
1 0.83515625 0.49140625 0.0265625 0.078125
1 0.88125 0.50390625 0.046875 0.05625
1 0.96015625 0.53671875 0.0796875 0.04375
1 0.86875 0.53984375 0.10625 0.0359375
1 0.85546875 0.5578125 0.06875 0.04375
1 0.7890625 0.54375 0.0953125 0.0359375
1 0.7609375 0.55546875 0.059375 0.04375
1 0.71640625 0.5671875 0.096875 0.0375
1 0.67890625 0.5234375 0.075 0.0390625
1 0.65703125 0.53359375 0.06875 0.04375
1 0.60234375 0.4796875 0.0390625 0.071875
1 0.6296875 0.475 0.0578125 0.0640625
1 0.52734375 0.471875 0.090625 0.034375
1 0.46328125 0.48359375 0.0890625 0.025
1 0.50859375 0.50703125 0.1 0.0359375
1 0.4296875 0.4390625 0.0640625 0.0796875
1 0.571875 0.52578125 0.0625 0.04375
1 0.27578125 0.440625 0.0328125 0.05
1 0.3265625 0.49375 0.0953125 0.0328125
1 0.39765625 0.53515625 0.0953125 0.0296875
1 0.47109375 0.5390625 0.0625 0.0515625
1 0.5625 0.56640625 0.065625 0.05625
1 0.640625 0.565625 0.0765625 0.0421875
1 0.93515625 0.59609375 0.096875 0.0296875
1 0.8625 0.60390625 0.028125 0.0609375
1 0.81640625 0.5890625 0.0328125 0.0671875
1 0.7703125 0.625 0.046875 0.071875
1 0.7984375 0.62890625 0.0203125 0.059375
1 0.83359375 0.6625 0.1015625 0.0640625
1 0.7171875 0.62578125 0.0578125 0.065625
1 0.73125 0.6984375 0.0390625 0.06875
1 0.7 0.66953125 0.0828125 0.040625
1 0.59921875 0.63671875 0.03125 0.075
1 0.63984375 0.646875 0.034375 0.071875
1 0.565625 0.66484375 0.04375 0.05
1 0.659375 0.715625 0.0984375 0.0234375
1 0.70625 0.74296875 0.090625 0.046875
1 0.675 0.74765625 0.034375 0.059375
1 0.653125 0.775 0.065625 0.0625
1 0.65390625 0.815625 0.0875 0.04375
1 0.61875 0.8 0.078125 0.03125
1 0.51796875 0.7640625 0.0359375 0.059375
1 0.55 0.73671875 0.11875 0.034375
1 0.49140625 0.69765625 0.125 0.025
1 0.51015625 0.62890625 0.05625 0.06875
1 0.44921875 0.6390625 0.0671875 0.0328125
1 0.4625 0.578125 0.0984375 0.0203125
1 0.38515625 0.58671875 0.0984375 0.034375
1 0.36953125 0.640625 0.0875 0.0375
1 0.375 0.6875 0.0640625 0.05
1 0.4328125 0.8125 0.0484375 0.065625
1 0.40390625 0.740625 0.1 0.0484375
1 0.38046875 0.75078125 0.0890625 0.05
1 0.3421875 0.75859375 0.1015625 0.021875
1 0.27578125 0.70859375 0.0671875 0.0234375
1 0.27734375 0.7296875 0.028125 0.0515625
1 0.2625 0.7359375 0.078125 0.01875
1 0.290625 0.66328125 0.03125 0.0625
1 0.30625 0.67890625 0.05 0.0515625
1 0.3 0.62109375 0.1015625 0.03125
1 0.31484375 0.5453125 0.034375 0.059375
1 0.24765625 0.5828125 0.0453125 0.0625
1 0.08515625 0.471875 0.0265625 0.0765625
1 0.1703125 0.49296875 0.1015625 0.0296875
1 0.16015625 0.53359375 0.1046875 0.03125
1 0.18515625 0.51875 0.06875 0.04375
1 0.19921875 0.5671875 0.05625 0.0484375
1 0.17109375 0.56875 0.0609375 0.05625
1 0.0984375 0.5421875 0.0953125 0.0625
1 0.17109375 0.59609375 0.06875 0.040625
1 0.09921875 0.58203125 0.078125 0.0328125
1 0.19453125 0.625 0.09375 0.0328125
1 0.2015625 0.6421875 0.0640625 0.0703125
1 0.18125 0.65390625 0.0453125 0.0578125
1 0.08671875 0.62265625 0.090625 0.04375
