1 0.46484375 0.865625 0.16875 0.04375
1 0.63984375 0.8609375 0.1421875 0.0515625
1 0.54609375 0.82734375 0.153125 0.034375
1 0.74921875 0.790625 0.1484375 0.040625
1 0.52890625 0.759375 0.125 0.059375
1 0.27265625 0.7921875 0.1265625 0.05
1 0.271875 0.725 0.075 0.078125
1 0.39296875 0.68359375 0.1484375 0.0640625
1 0.484375 0.68984375 0.1234375 0.09375
1 0.57265625 0.68125 0.0671875 0.0953125
1 0.69453125 0.68359375 0.090625 0.115625
1 0.81484375 0.7203125 0.0875 0.0921875
1 0.9109375 0.7453125 0.0578125 0.0546875
1 0.93046875 0.675 0.08125 0.0890625
1 0.9140625 0.603125 0.096875 0.040625
1 0.76171875 0.57265625 0.1015625 0.0875
1 0.625 0.603125 0.053125 0.1
1 0.2015625 0.66171875 0.071875 0.1140625
1 0.125 0.6671875 0.0703125 0.10625
1 0.1390625 0.56484375 0.0703125 0.121875
1 0.10234375 0.43984375 0.1171875 0.103125
1 0.2140625 0.48125 0.1484375 0.0390625
1 0.26328125 0.39765625 0.1453125 0.059375
1 0.40078125 0.43125 0.1484375 0.0453125
1 0.3765625 0.52890625 0.1453125 0.028125
1 0.55390625 0.43203125 0.146875 0.0328125
1 0.76171875 0.5015625 0.0984375 0.05625
1 0.88359375 0.49921875 0.0453125 0.1015625
1 0.95625 0.45546875 0.06875 0.0875
1 0.965625 0.55546875 0.06875 0.0625
1 0.8046875 0.36953125 0.084375 0.090625
1 0.64765625 0.3578125 0.075 0.0984375
1 0.55859375 0.340625 0.10625 0.0390625
1 0.71328125 0.296875 0.1140625 0.0671875
1 0.58125 0.26484375 0.128125 0.05625
1 0.47421875 0.225 0.128125 0.0671875
1 0.31640625 0.27421875 0.121875 0.0703125
