1 0.71875 0.22734375 0.065625 0.0765625
1 0.68359375 0.215625 0.0640625 0.06875
1 0.6296875 0.20859375 0.1015625 0.0296875
1 0.58515625 0.19765625 0.0625 0.0734375
1 0.52890625 0.1921875 0.1109375 0.053125
1 0.61171875 0.23203125 0.059375 0.0609375
1 0.61171875 0.26640625 0.0875 0.0234375
1 0.690625 0.29453125 0.0796875 0.05625
1 0.703125 0.2859375 0.0421875 0.090625
1 0.7171875 0.28671875 0.0828125 0.046875
1 0.67109375 0.30625 0.05 0.078125
1 0.79296875 0.30859375 0.046875 0.0671875
1 0.8296875 0.3171875 0.0296875 0.0765625
1 0.5578125 0.2828125 0.0453125 0.0625
1 0.5375 0.33671875 0.1125 0.0296875
1 0.484375 0.27890625 0.084375 0.03125
1 0.4640625 0.1890625 0.115625 0.0296875
1 0.39609375 0.19453125 0.0375 0.0703125
1 0.45625 0.20703125 0.0765625 0.021875
1 0.39140625 0.2390625 0.0734375 0.065625
1 0.4140625 0.23671875 0.0984375 0.0296875
1 0.3421875 0.20546875 0.059375 0.075
1 0.44921875 0.2671875 0.1 0.015625
1 0.38828125 0.3046875 0.0375 0.0734375
1 0.4703125 0.34375 0.059375 0.075
1 0.5703125 0.37734375 0.0359375 0.0578125
1 0.6484375 0.40078125 0.0328125 0.0796875
1 0.6484375 0.42109375 0.1 0.03125
1 0.71796875 0.4078125 0.0546875 0.06875
1 0.77265625 0.3859375 0.0484375 0.0609375
1 0.89375 0.41640625 0.0609375 0.0796875
1 0.8359375 0.42421875 0.04375 0.046875
1 0.784375 0.4421875 0.0328125 0.0828125
1 0.834375 0.46640625 0.071875 0.0328125
1 0.82109375 0.48671875 0.0703125 0.059375
1 0.8921875 0.4875 0.028125 0.084375
1 0.91640625 0.5296875 0.04375 0.071875
1 0.8359375 0.52109375 0.0453125 0.059375
1 0.75703125 0.49609375 0.0296875 0.0625
1 0.69921875 0.4609375 0.0625 0.046875
1 0.6890625 0.47890625 0.0796875 0.0359375
1 0.696875 0.51328125 0.0234375 0.046875
1 0.559375 0.42734375 0.0640625 0.0421875
1 0.9578125 0.484375 0.084375 0.046875
1 0.92578125 0.5953125 0.065625 0.046875
1 0.8546875 0.56015625 0.0796875 0.040625
1 0.903125 0.63671875 0.096875 0.04375
1 0.80703125 0.57734375 0.0234375 0.0671875
1 0.79453125 0.5984375 0.01875 0.06875
1 0.81796875 0.58359375 0.0546875 0.0484375
1 0.76328125 0.55625 0.05 0.0671875
1 0.70625 0.5421875 0.0890625 0.0203125
1 0.6234375 0.48359375 0.0234375 0.0640625
1 0.6375 0.5265625 0.090625 0.05
1 0.6484375 0.5734375 0.034375 0.040625
1 0.65703125 0.54140625 0.0484375 0.028125
1 0.61171875 0.56640625 0.0796875 0.034375
1 0.57421875 0.54921875 0.05625 0.059375
1 0.5546875 0.48984375 0.0359375 0.059375
1 0.5140625 0.475 0.0484375 0.0625
1 0.509375 0.425 0.078125 0.0203125
1 0.46171875 0.40859375 0.0875 0.0234375
1 0.43203125 0.4609375 0.0625 0.0609375
1 0.47109375 0.49140625 0.0234375 0.0609375
1 0.51953125 0.55859375 0.0390625 0.06875
1 0.4390625 0.54921875 0.0953125 0.0421875
1 0.565625 0.615625 0.096875 0.0203125
1 0.63515625 0.5984375 0.0515625 0.05
1 0.72109375 0.6140625 0.0578125 0.0625
1 0.75 0.61640625 0.05625 0.04375
1 0.7625 0.6328125 0.04375 0.0734375
1 0.70703125 0.6765625 0.0234375 0.0765625
1 0.7546875 0.65625 0.040625 0.0625
1 0.66875 0.66171875 0.075 0.0359375
1 0.56953125 0.68125 0.059375 0.065625
1 0.50546875 0.67421875 0.025 0.0515625
1 0.51796875 0.65 0.0875 0.0296875
1 0.46015625 0.6140625 0.084375 0.03125
1 0.640625 0.74375 0.084375 0.0359375
1 0.69609375 0.746875 0.0859375 0.03125
1 0.6140625 0.7703125 0.078125 0.0171875
1 0.6328125 0.7890625 0.0828125 0.0421875
1 0.54140625 0.75703125 0.0984375 0.03125
1 0.52109375 0.71953125 0.0890625 0.028125
1 0.43984375 0.74140625 0.034375 0.0671875
1 0.45546875 0.7296875 0.0296875 0.0703125
1 0.3953125 0.4203125 0.1 0.0328125
1 0.40625 0.36328125 0.034375 0.08125
1 0.35390625 0.3828125 0.0453125 0.05625
1 0.31484375 0.33515625 0.1140625 0.025
1 0.3203125 0.3 0.0890625 0.0296875
1 0.2734375 0.25703125 0.0875 0.0421875
1 0.23359375 0.2453125 0.0453125 0.075
1 0.284375 0.26953125 0.065625 0.0609375
1 0.20625 0.28515625 0.10625 0.0265625
1 0.2625 0.33046875 0.0796875 0.05625
1 0.20625 0.34921875 0.0265625 0.078125
1 0.28515625 0.40078125 0.0640625 0.0625
1 0.2125 0.41640625 0.0828125 0.0234375
1 0.15390625 0.3484375 0.1 0.0453125
1 0.0984375 0.375 0.04375 0.071875
1 0.08828125 0.41796875 0.04375 0.09375
1 0.05625 0.44921875 0.0484375 0.0640625
1 0.090625 0.47109375 0.0640625 0.0703125
1 0.1578125 0.49140625 0.0734375 0.053125
1 0.178125 0.44765625 0.05625 0.08125
1 0.2859375 0.465625 0.0703125 0.0265625
1 0.35 0.478125 0.065625 0.0484375
1 0.3015625 0.51875 0.0421875 0.0546875
1 0.3859375 0.5953125 0.0671875 0.0515625
1 0.3453125 0.6078125 0.040625 0.046875
1 0.3125 0.571875 0.0890625 0.0234375
1 0.21640625 0.571875 0.0640625 0.0359375
1 0.06015625 0.51796875 0.046875 0.05
1 0.09296875 0.53203125 0.090625 0.0375
1 0.109375 0.59140625 0.109375 0.03125
1 0.1203125 0.625 0.0859375 0.01875
1 0.15078125 0.64765625 0.0984375 0.01875
1 0.171875 0.67421875 0.065625 0.04375
1 0.35703125 0.6640625 0.1015625 0.0390625
1 0.2453125 0.7046875 0.096875 0.03125
1 0.290625 0.74140625 0.0875 0.0234375
1 0.35 0.7671875 0.1109375 0.0234375
