1 0.73359375 0.253125 0.096875 0.0359375
1 0.6140625 0.23359375 0.05078125 0.09375
1 0.58125 0.2875 0.0875 0.05703125
1 0.59296875 0.27734375 0.08125 0.06640625
1 0.53828125 0.27734375 0.06015625 0.05546875
1 0.49375 0.35546875 0.07109375 0.0671875
1 0.4796875 0.340625 0.07734375 0.04375
1 0.45703125 0.4 0.08984375 0.07421875
1 0.43125 0.3625 0.05546875 0.0671875
1 0.425 0.34921875 0.07421875 0.034375
1 0.365625 0.30390625 0.0984375 0.040625
1 0.5578125 0.45234375 0.02890625 0.1109375
1 0.58125 0.33046875 0.08515625 0.0296875
1 0.671875 0.33828125 0.09765625 0.06796875
1 0.7109375 0.34375 0.10546875 0.03828125
1 0.7765625 0.3421875 0.05625 0.07265625
1 0.8203125 0.39765625 0.078125 0.05234375
1 0.86875 0.44921875 0.03984375 0.1
1 0.76875 0.4140625 0.06953125 0.09609375
1 0.66171875 0.43359375 0.05390625 0.07421875
1 0.69921875 0.49921875 0.10546875 0.040625
1 0.71875 0.5359375 0.090625 0.09453125
1 0.67890625 0.53203125 0.0875 0.07890625
1 0.67890625 0.5984375 0.0796875 0.09140625
1 0.76640625 0.5453125 0.06015625 0.1296875
1 0.83046875 0.5890625 0.075 0.08828125
1 0.79609375 0.6296875 0.028125 0.14921875
1 0.85859375 0.64921875 0.04765625 0.115625
1 0.8453125 0.71171875 0.06484375 0.090625
1 0.809375 0.75546875 0.12578125 0.07421875
1 0.75703125 0.77421875 0.08203125 0.09609375
1 0.68984375 0.67734375 0.03125 0.13125
1 0.67734375 0.82890625 0.03828125 0.125
1 0.64609375 0.915625 0.1265625 0.07421875
1 0.5546875 0.940625 0.10859375 0.0625
1 0.53125 0.7390625 0.10234375 0.07734375
1 0.4265625 0.62421875 0.090625 0.08203125
1 0.44140625 0.7078125 0.10546875 0.06171875
1 0.39453125 0.7328125 0.10859375 0.05859375
1 0.39453125 0.775 0.0328125 0.109375
1 0.4171875 0.8578125 0.14453125 0.05546875
1 0.45703125 0.87578125 0.10390625 0.12421875
1 0.33359375 0.38125 0.1015625 0.05546875
1 0.28359375 0.44609375 0.06484375 0.07734375
1 0.228125 0.44140625 0.0453125 0.09140625
1 0.21953125 0.53515625 0.03359375 0.11015625
1 0.23984375 0.55390625 0.03359375 0.046875
1 0.2046875 0.49140625 0.07578125 0.06875
1 0.17734375 0.57421875 0.084375 0.0890625
1 0.21875 0.63828125 0.115625 0.0625
1 0.1921875 0.7140625 0.09296875 0.0984375
1 0.28828125 0.7875 0.07421875 0.1484375
1 0.31953125 0.61015625 0.028125 0.12109375
1 0.32109375 0.6765625 0.04140625 0.115625
1 0.2578125 0.81796875 0.13203125 0.06875
