1 0.45703125 0.79609375 0.13125 0.0421875
1 0.33984375 0.77890625 0.1015625 0.0203125
1 0.1953125 0.6734375 0.0796875 0.0625
1 0.3484375 0.67890625 0.1015625 0.05
1 0.4171875 0.6015625 0.0984375 0.04375
1 0.40703125 0.509375 0.1078125 0.0265625
1 0.59453125 0.559375 0.0671875 0.0890625
1 0.7265625 0.55859375 0.0359375 0.103125
1 0.86171875 0.51484375 0.04375 0.078125
1 0.7015625 0.39609375 0.04375 0.1
1 0.40546875 0.46796875 0.0734375 0.0640625
1 0.28984375 0.45625 0.0421875 0.096875
1 0.61171875 0.309375 0.1140625 0.0265625
1 0.49140625 0.28984375 0.128125 0.0375
1 0.44140625 0.21796875 0.109375 0.0296875
1 0.54453125 0.203125 0.1421875 0.046875
1 0.446875 0.1890625 0.109375 0.025
