1 0.13203125 0.30078125 0.0453125 0.0703125
1 0.35234375 0.2296875 0.090625 0.059375
1 0.3921875 0.215625 0.109375 0.04375
1 0.4015625 0.2453125 0.109375 0.028125
1 0.428125 0.2703125 0.06875 0.0296875
1 0.36953125 0.28671875 0.05625 0.0421875
1 0.39140625 0.3 0.09375 0.0234375
1 0.32578125 0.2859375 0.046875 0.04375
1 0.28828125 0.28359375 0.0546875 0.0484375
1 0.26328125 0.2953125 0.0703125 0.0390625
1 0.2484375 0.321875 0.090625 0.021875
1 0.32265625 0.309375 0.0671875 0.0515625
1 0.2484375 0.3515625 0.0609375 0.04375
1 0.3140625 0.34375 0.0625 0.0296875
1 0.28046875 0.34921875 0.0609375 0.0515625
1 0.265625 0.33203125 0.025 0.025
1 0.21484375 0.3390625 0.059375 0.021875
1 0.14296875 0.34296875 0.1015625 0.0390625
1 0.18125 0.3734375 0.0953125 0.046875
1 0.17421875 0.3703125 0.08125 0.0578125
1 0.10625 0.425 0.1046875 0.025
1 0.2828125 0.37421875 0.040625 0.0484375
1 0.27890625 0.41015625 0.0515625 0.053125
1 0.30234375 0.4203125 0.0453125 0.053125
1 0.34296875 0.3703125 0.0984375 0.053125
1 0.32734375 0.4421875 0.0390625 0.0546875
1 0.35703125 0.40703125 0.0546875 0.078125
1 0.38828125 0.33984375 0.0359375 0.0609375
1 0.2265625 0.42421875 0.0703125 0.053125
1 0.1875 0.44453125 0.0625 0.0421875
1 0.234375 0.45 0.0890625 0.015625
1 0.23828125 0.45703125 0.1 0.028125
1 0.265625 0.4796875 0.1046875 0.040625
1 0.11875 0.45546875 0.1015625 0.028125
1 0.10234375 0.48515625 0.0734375 0.059375
1 0.19296875 0.48984375 0.0859375 0.0234375
1 0.21875 0.509375 0.09375 0.0171875
1 0.1421875 0.54453125 0.0859375 0.0515625
1 0.221875 0.55078125 0.1015625 0.021875
1 0.22421875 0.5625 0.071875 0.028125
1 0.3578125 0.5296875 0.0765625 0.0359375
1 0.39453125 0.4703125 0.0859375 0.025
1 0.4390625 0.53671875 0.09375 0.028125
1 0.4265625 0.5234375 0.0390625 0.0671875
1 0.42734375 0.42890625 0.0390625 0.065625
1 0.23359375 0.5921875 0.0609375 0.05
1 0.19765625 0.6046875 0.0625 0.065625
1 0.2171875 0.61953125 0.0609375 0.0640625
1 0.19375 0.63046875 0.0671875 0.0671875
1 0.15390625 0.6765625 0.0390625 0.096875
1 0.22578125 0.671875 0.0625 0.0578125
1 0.26015625 0.63125 0.06875 0.0515625
1 0.240625 0.709375 0.040625 0.0796875
1 0.25703125 0.65625 0.0390625 0.0515625
1 0.2796875 0.68125 0.0234375 0.0828125
1 0.3328125 0.646875 0.1125 0.025
1 0.3140625 0.671875 0.1171875 0.025
1 0.21015625 0.73125 0.0484375 0.0671875
1 0.25078125 0.7609375 0.0359375 0.0828125
1 0.29375 0.728125 0.0765625 0.034375
1 0.303125 0.78359375 0.0609375 0.0640625
1 0.353125 0.74765625 0.040625 0.0578125
1 0.36796875 0.71796875 0.09375 0.059375
1 0.38828125 0.67578125 0.0921875 0.0390625
1 0.3671875 0.68359375 0.0828125 0.0578125
1 0.40390625 0.740625 0.0484375 0.05625
1 0.440625 0.7578125 0.0234375 0.0609375
1 0.44375 0.715625 0.0296875 0.0671875
1 0.43671875 0.8171875 0.075 0.0625
1 0.45546875 0.790625 0.0890625 0.0203125
1 0.5375 0.7875 0.08125 0.05625
1 0.55234375 0.7578125 0.0296875 0.0703125
1 0.6109375 0.803125 0.0359375 0.08125
1 0.59140625 0.7546875 0.0390625 0.0609375
1 0.55390625 0.71484375 0.0625 0.0546875
1 0.58828125 0.72734375 0.1140625 0.0296875
1 0.61484375 0.7484375 0.03125 0.04375
1 0.66875 0.81171875 0.096875 0.021875
1 0.68046875 0.746875 0.059375 0.065625
1 0.6625 0.746875 0.0984375 0.03125
1 0.71328125 0.73203125 0.08125 0.0125
1 0.64140625 0.7046875 0.0625 0.0328125
1 0.5515625 0.6890625 0.0859375 0.03125
1 0.57734375 0.6703125 0.09375 0.059375
1 0.55390625 0.6734375 0.03125 0.053125
1 0.6109375 0.66796875 0.078125 0.0453125
1 0.67890625 0.659375 0.0515625 0.0453125
1 0.45703125 0.64375 0.1140625 0.034375
1 0.35390625 0.6 0.1 0.0203125
1 0.43984375 0.5859375 0.078125 0.0484375
1 0.50078125 0.5515625 0.0375 0.06875
1 0.52265625 0.5796875 0.028125 0.0640625
1 0.5109375 0.52109375 0.0484375 0.0578125
1 0.53828125 0.528125 0.05 0.046875
1 0.60390625 0.58125 0.078125 0.05
1 0.58671875 0.54375 0.0859375 0.028125
1 0.621875 0.525 0.053125 0.090625
1 0.6015625 0.5125 0.0609375 0.046875
1 0.6265625 0.5625 0.046875 0.0828125
1 0.68046875 0.5328125 0.034375 0.0765625
1 0.71875 0.60390625 0.021875 0.059375
1 0.71015625 0.59375 0.0203125 0.046875
1 0.69140625 0.62578125 0.0671875 0.04375
1 0.73203125 0.640625 0.034375 0.0703125
1 0.7484375 0.6453125 0.0453125 0.0609375
1 0.74921875 0.6734375 0.04375 0.0609375
1 0.7546875 0.528125 0.0421875 0.078125
1 0.7734375 0.59765625 0.0640625 0.0390625
1 0.7875 0.5703125 0.05 0.059375
1 0.784375 0.5390625 0.090625 0.0296875
1 0.78203125 0.51640625 0.0390625 0.0546875
1 0.81171875 0.49296875 0.04375 0.0484375
1 0.8203125 0.51484375 0.0359375 0.059375
1 0.7796875 0.4765625 0.078125 0.0359375
1 0.7421875 0.45546875 0.028125 0.06875
1 0.79609375 0.45546875 0.034375 0.0703125
1 0.81875 0.46015625 0.078125 0.0234375
1 0.84453125 0.44609375 0.05625 0.0671875
1 0.87890625 0.46796875 0.0390625 0.071875
1 0.85078125 0.490625 0.078125 0.0359375
1 0.89140625 0.5046875 0.0515625 0.0578125
1 0.878125 0.53125 0.0453125 0.0671875
1 0.8671875 0.53984375 0.046875 0.06875
1 0.81015625 0.61484375 0.090625 0.0390625
1 0.8484375 0.58046875 0.0265625 0.065625
1 0.80234375 0.63515625 0.0390625 0.0625
1 0.884375 0.671875 0.1125 0.04375
1 0.8375 0.703125 0.090625 0.0640625
1 0.93828125 0.5640625 0.1078125 0.0484375
1 0.93046875 0.53203125 0.0796875 0.0390625
1 0.94921875 0.590625 0.071875 0.065625
1 0.9375 0.47578125 0.1203125 0.040625
1 0.959375 0.58671875 0.059375 0.03125
1 0.94296875 0.4421875 0.1046875 0.053125
1 0.9109375 0.3578125 0.0296875 0.084375
1 0.85625 0.37109375 0.071875 0.075
1 0.8578125 0.40234375 0.046875 0.0546875
1 0.840625 0.34375 0.0328125 0.0671875
1 0.7875 0.34921875 0.1 0.03125
1 0.75390625 0.3828125 0.0359375 0.053125
1 0.7203125 0.415625 0.0953125 0.0375
1 0.66875 0.40546875 0.10625 0.0265625
1 0.77734375 0.31484375 0.0796875 0.0359375
1 0.75703125 0.328125 0.05625 0.05
1 0.725 0.2859375 0.0515625 0.05625
1 0.77109375 0.28671875 0.0640625 0.046875
1 0.8140625 0.2953125 0.078125 0.0515625
1 0.834375 0.27421875 0.0890625 0.034375
1 0.7453125 0.2453125 0.0546875 0.0671875
1 0.6671875 0.23359375 0.08125 0.0265625
1 0.68046875 0.28515625 0.0390625 0.0484375
1 0.70234375 0.32890625 0.075 0.078125
1 0.675 0.3078125 0.1140625 0.0328125
1 0.640625 0.3421875 0.040625 0.06875
1 0.64453125 0.275 0.053125 0.078125
1 0.6296875 0.28671875 0.0390625 0.053125
1 0.59140625 0.2578125 0.08125 0.04375
1 0.60859375 0.37890625 0.05625 0.0515625
1 0.5921875 0.40078125 0.05625 0.059375
1 0.6046875 0.41015625 0.0390625 0.05625
1 0.69140625 0.4578125 0.0796875 0.040625
1 0.64609375 0.48046875 0.034375 0.0578125
1 0.5796875 0.45234375 0.0328125 0.0640625
1 0.57421875 0.43828125 0.084375 0.0265625
1 0.4890625 0.4296875 0.0625 0.0265625
1 0.46796875 0.38359375 0.05625 0.053125
1 0.47265625 0.3859375 0.0484375 0.0625
1 0.4734375 0.32265625 0.0859375 0.0234375
1 0.48125 0.334375 0.053125 0.0484375
1 0.5375 0.3375 0.0875 0.028125
1 0.58515625 0.3078125 0.0734375 0.046875
1 0.5296875 0.2984375 0.0703125 0.0609375
1 0.51953125 0.2671875 0.1046875 0.03125
1 0.55234375 0.234375 0.0953125 0.0453125
1 0.5796875 0.2234375 0.103125 0.0359375
1 0.55234375 0.18515625 0.1109375 0.034375
1 0.5546875 0.2015625 0.0984375 0.01875
