1 0.4234375 0.4578125 0.05078125 0.0703125
1 0.35859375 0.5125 0.06796875 0.07734375
1 0.2921875 0.5125 0.059375 0.0921875
1 0.23984375 0.54921875 0.0546875 0.075
1 0.271875 0.628125 0.071875 0.08125
1 0.25703125 0.58671875 0.03515625 0.071875
1 0.18203125 0.63125 0.05703125 0.08203125
1 0.20078125 0.69140625 0.09765625 0.06171875
1 0.22578125 0.6703125 0.0984375 0.03828125
1 0.39765625 0.53203125 0.09609375 0.04921875
1 0.4234375 0.58359375 0.040625 0.0671875
1 0.36171875 0.5921875 0.05625 0.08203125
1 0.32578125 0.6609375 0.04765625 0.10703125
1 0.50546875 0.540625 0.0375 0.078125
1 0.50078125 0.60078125 0.103125 0.059375
1 0.48984375 0.590625 0.0796875 0.065625
1 0.5703125 0.52734375 0.12421875 0.0515625
1 0.57421875 0.60703125 0.09375 0.05625
1 0.6296875 0.575 0.109375 0.0515625
1 0.65390625 0.62578125 0.0765625 0.0765625
1 0.78671875 0.64609375 0.09609375 0.07265625
1 0.70078125 0.653125 0.090625 0.04609375
1 0.57578125 0.65234375 0.1234375 0.05078125
1 0.4984375 0.65390625 0.09453125 0.0578125
1 0.390625 0.67265625 0.1265625 0.03515625
1 0.48359375 0.71875 0.08046875 0.0859375
1 0.4375 0.72734375 0.0484375 0.075
1 0.41328125 0.7265625 0.115625 0.03046875
1 0.378125 0.7390625 0.11640625 0.05546875
1 0.5421875 0.73828125 0.10234375 0.0828125
1 0.54375 0.71484375 0.078125 0.06953125
1 0.6140625 0.6828125 0.10234375 0.07578125
1 0.728125 0.71953125 0.07578125 0.08984375
1 0.66640625 0.71953125 0.11796875 0.04765625
1 0.61875 0.74921875 0.07109375 0.06796875
1 0.76875 0.75078125 0.08125 0.0609375
1 0.7140625 0.803125 0.090625 0.0828125
1 0.66171875 0.79765625 0.090625 0.075
1 0.4765625 0.765625 0.09921875 0.05
1 0.3828125 0.8078125 0.121875 0.05390625
1 0.36484375 0.77421875 0.13203125 0.03046875
1 0.26953125 0.74609375 0.06015625 0.0953125
1 0.29296875 0.8265625 0.11875 0.04609375
1 0.4234375 0.79296875 0.109375 0.046875
1 0.4953125 0.8265625 0.03515625 0.0875
1 0.50234375 0.8109375 0.075 0.065625
1 0.57421875 0.8703125 0.09140625 0.08984375
1 0.540625 0.8328125 0.04453125 0.084375
1 0.57265625 0.834375 0.0796875 0.0453125
1 0.62109375 0.8640625 0.0734375 0.0765625
1 0.4734375 0.91015625 0.1234375 0.07265625
1 0.50546875 0.87109375 0.06953125 0.0765625
1 0.44453125 0.86953125 0.109375 0.075
1 0.34609375 0.89140625 0.0921875 0.09921875
