1 0.490625 0.4984375 0.09609375 0.06875
1 0.4171875 0.54140625 0.15078125 0.0453125
1 0.3234375 0.54609375 0.08203125 0.06953125
1 0.2390625 0.5890625 0.06796875 0.08359375
1 0.30546875 0.61953125 0.06328125 0.0859375
1 0.29375 0.69140625 0.10390625 0.09375
1 0.3890625 0.7 0.1640625 0.03515625
1 0.51015625 0.7484375 0.1921875 0.04609375
1 0.61796875 0.7828125 0.171875 0.05546875
1 0.71328125 0.7296875 0.13359375 0.0765625
1 0.5625 0.646875 0.1296875 0.0484375
1 0.675 0.60546875 0.08515625 0.08046875
1 0.459375 0.615625 0.06171875 0.084375
