1 0.06328125 0.64140625 0.05625 0.10625
1 0.13125 0.72890625 0.053125 0.090625
1 0.42109375 0.784375 0.11875 0.0515625
1 0.35703125 0.63671875 0.05625 0.084375
1 0.2171875 0.55625 0.084375 0.1203125
1 0.3015625 0.51796875 0.0859375 0.090625
1 0.4609375 0.48359375 0.059375 0.0859375
1 0.56953125 0.50390625 0.134375 0.0390625
1 0.4703125 0.67734375 0.04375 0.109375
1 0.56875 0.7390625 0.0828125 0.09375
1 0.54765625 0.6484375 0.0375 0.109375
1 0.66015625 0.66875 0.0296875 0.0859375
1 0.70625 0.74765625 0.09375 0.078125
1 0.79609375 0.61328125 0.04375 0.109375
1 0.7125 0.5015625 0.0734375 0.0890625
1 0.7890625 0.47421875 0.0921875 0.075
1 0.7859375 0.41640625 0.125 0.0515625
