1 0.709375 0.2625 0.06875 0.075
1 0.684375 0.29296875 0.078125 0.0703125
1 0.61875 0.3 0.059375 0.0546875
1 0.61953125 0.22578125 0.040625 0.0765625
1 0.54296875 0.1828125 0.03125 0.103125
1 0.4875 0.21328125 0.0734375 0.0296875
1 0.45390625 0.25703125 0.0296875 0.075
1 0.3890625 0.22109375 0.0703125 0.0296875
1 0.36875 0.2875 0.0734375 0.046875
1 0.4296875 0.35625 0.021875 0.1046875
1 0.65390625 0.3765625 0.0796875 0.0234375
1 0.52890625 0.43203125 0.059375 0.075
1 0.57734375 0.45546875 0.0390625 0.109375
1 0.68515625 0.45234375 0.0796875 0.034375
1 0.78046875 0.46640625 0.08125 0.0671875
1 0.61875 0.5125 0.0671875 0.05
1 0.60859375 0.5765625 0.090625 0.0578125
1 0.7234375 0.59140625 0.075 0.0546875
1 0.5078125 0.55078125 0.05625 0.0703125
1 0.42578125 0.45625 0.0203125 0.1015625
1 0.3234375 0.39296875 0.0390625 0.0921875
1 0.3578125 0.4546875 0.0609375 0.03125
1 0.30546875 0.44296875 0.046875 0.09375
1 0.3453125 0.534375 0.028125 0.0890625
1 0.32734375 0.7 0.0703125 0.078125
1 0.34296875 0.7140625 0.0515625 0.090625
1 0.3609375 0.7859375 0.0734375 0.0453125
1 0.40703125 0.77265625 0.0625 0.0921875
1 0.44296875 0.73203125 0.0265625 0.109375
1 0.4765625 0.665625 0.084375 0.04375
1 0.53359375 0.715625 0.0328125 0.078125
1 0.56640625 0.74296875 0.040625 0.096875
1 0.70234375 0.72109375 0.0625 0.09375
1 0.5015625 0.84921875 0.08125 0.0640625
1 0.2765625 0.3609375 0.034375 0.1
1 0.25390625 0.46640625 0.0265625 0.1125
1 0.29140625 0.5796875 0.0765625 0.065625
