1 0.53515625 0.4375 0.04296875 0.06953125
1 0.56953125 0.29296875 0.1015625 0.05625
1 0.5765625 0.259375 0.12578125 0.02265625
1 0.57109375 0.23515625 0.1140625 0.03203125
1 0.45390625 0.26953125 0.08125 0.0390625
1 0.43125 0.3734375 0.0984375 0.05390625
1 0.34375 0.365625 0.0703125 0.06484375
1 0.31328125 0.340625 0.04140625 0.0625
1 0.33984375 0.31796875 0.0484375 0.06875
1 0.3375 0.28515625 0.05625 0.0796875
1 0.253125 0.2875 0.0890625 0.0625
1 0.2671875 0.303125 0.04609375 0.075
1 0.29296875 0.29296875 0.078125 0.0453125
1 0.2734375 0.38515625 0.0609375 0.05703125
1 0.33828125 0.4109375 0.09609375 0.0421875
1 0.2328125 0.36953125 0.07578125 0.07578125
1 0.1484375 0.4015625 0.0421875 0.071875
1 0.1796875 0.3921875 0.13125 0.034375
1 0.18828125 0.43359375 0.14765625 0.02890625
