1 0.45078125 0.83046875 0.0390625 0.078125
1 0.4203125 0.81171875 0.0765625 0.0890625
1 0.5484375 0.77265625 0.1140625 0.03125
1 0.30234375 0.7984375 0.1140625 0.0265625
1 0.38671875 0.75546875 0.0984375 0.0546875
1 0.3734375 0.71875 0.1109375 0.0546875
1 0.19140625 0.7484375 0.175 0.0390625
1 0.70078125 0.7359375 0.0828125 0.075
1 0.71953125 0.6578125 0.0515625 0.0703125
1 0.73125 0.5703125 0.075 0.0390625
1 0.4296875 0.61328125 0.090625 0.075
1 0.2671875 0.6484375 0.134375 0.04375
1 0.1109375 0.653125 0.1203125 0.05625
1 0.1796875 0.54375 0.0828125 0.0390625
1 0.11328125 0.446875 0.0859375 0.1
1 0.41171875 0.52109375 0.04375 0.084375
1 0.49765625 0.5203125 0.1078125 0.046875
1 0.63671875 0.475 0.08125 0.065625
1 0.740625 0.49765625 0.05 0.075
1 0.51015625 0.440625 0.0921875 0.0359375
1 0.4203125 0.4171875 0.0671875 0.090625
1 0.6125 0.3609375 0.1046875 0.03125
1 0.50234375 0.33671875 0.1140625 0.0265625
1 0.3109375 0.35 0.06875 0.06875
1 0.30703125 0.24921875 0.1125 0.034375
1 0.15625 0.30390625 0.1 0.0734375
