1 0.35390625 0.1265625 0.1359375 0.0375
1 0.57578125 0.15859375 0.1203125 0.0546875
1 0.67109375 0.1859375 0.0921875 0.040625
1 0.7296875 0.228125 0.0859375 0.0640625
1 0.78671875 0.3109375 0.0390625 0.05
1 0.86328125 0.3703125 0.0609375 0.0515625
1 0.86953125 0.4484375 0.115625 0.053125
1 0.7296875 0.359375 0.1046875 0.0484375
1 0.690625 0.25 0.1171875 0.034375
1 0.58125 0.23125 0.078125 0.0875
1 0.428125 0.225 0.071875 0.059375
1 0.34609375 0.203125 0.03125 0.09375
1 0.27421875 0.221875 0.0375 0.09375
1 0.19765625 0.2578125 0.04375 0.0875
1 0.165625 0.3 0.0609375 0.0828125
1 0.1 0.30546875 0.05625 0.075
1 0.0375 0.4015625 0.0671875 0.0609375
1 0.7671875 0.4 0.0796875 0.0515625
1 0.8796875 0.48828125 0.0890625 0.0703125
1 0.88984375 0.496875 0.08125 0.059375
1 0.73046875 0.51015625 0.1109375 0.0421875
1 0.65703125 0.44765625 0.078125 0.0453125
1 0.6 0.3796875 0.0734375 0.0390625
1 0.590625 0.31875 0.0703125 0.0640625
1 0.534375 0.2953125 0.084375 0.0359375
1 0.46171875 0.31796875 0.0953125 0.0703125
1 0.4265625 0.37578125 0.0546875 0.059375
1 0.51484375 0.47578125 0.0703125 0.0609375
1 0.5609375 0.5453125 0.0875 0.015625
1 0.4375 0.484375 0.090625 0.034375
1 0.46875 0.4828125 0.0984375 0.040625
1 0.36796875 0.44921875 0.0625 0.053125
1 0.4125 0.39609375 0.0890625 0.0484375
1 0.34609375 0.37109375 0.0734375 0.071875
1 0.3078125 0.33125 0.0734375 0.0796875
1 0.29140625 0.3828125 0.084375 0.0390625
1 0.2703125 0.33125 0.08125 0.06875
1 0.2140625 0.43203125 0.1078125 0.0296875
1 0.36171875 0.528125 0.0453125 0.059375
1 0.30625 0.5234375 0.05625 0.0671875
1 0.31640625 0.528125 0.0734375 0.053125
1 0.17734375 0.5140625 0.1125 0.034375
1 0.30234375 0.58359375 0.0359375 0.0609375
1 0.3484375 0.59609375 0.034375 0.0578125
1 0.2421875 0.59375 0.0390625 0.034375
1 0.53046875 0.60859375 0.090625 0.015625
1 0.584375 0.65 0.090625 0.04375
1 0.5515625 0.6359375 0.0703125 0.0234375
1 0.49765625 0.71171875 0.0875 0.0359375
1 0.31015625 0.6953125 0.0984375 0.0375
1 0.37421875 0.63515625 0.0734375 0.04375
1 0.10546875 0.5796875 0.1203125 0.0359375
