1 0.33359375 0.58828125 0.06171875 0.0703125
1 0.38984375 0.58671875 0.09296875 0.05625
1 0.4890625 0.571875 0.11171875 0.0453125
1 0.45078125 0.60625 0.09453125 0.0296875
1 0.36640625 0.6890625 0.0421875 0.0734375
1 0.3875 0.64375 0.0625 0.0515625
1 0.45625 0.68203125 0.05859375 0.08359375
1 0.5140625 0.6734375 0.034375 0.07734375
1 0.43984375 0.73984375 0.1234375 0.0296875
1 0.54140625 0.70390625 0.0625 0.0671875
1 0.57265625 0.6328125 0.0609375 0.0703125
1 0.57890625 0.603125 0.08984375 0.028125
1 0.65390625 0.625 0.075 0.0671875
