1 0.63359375 0.6171875 0.059375 0.06796875
1 0.5671875 0.60078125 0.09375 0.03203125
1 0.55 0.628125 0.0671875 0.0765625
1 0.509375 0.70390625 0.06796875 0.06484375
1 0.415625 0.7390625 0.1234375 0.025
1 0.33984375 0.6828125 0.04609375 0.07734375
1 0.375 0.63125 0.06640625 0.0515625
1 0.41796875 0.6890625 0.075 0.0671875
1 0.4765625 0.665625 0.04765625 0.06875
1 0.4328125 0.60390625 0.08359375 0.03671875
1 0.46953125 0.5625 0.103125 0.03515625
1 0.36875 0.58203125 0.0875 0.05703125
1 0.31171875 0.58125 0.0703125 0.07265625
