1 0.3953125 0.0953125 0.0515625 0.1125
1 0.59375 0.134375 0.134375 0.046875
1 0.71640625 0.16328125 0.125 0.075
1 0.66328125 0.2125 0.1171875 0.0765625
1 0.825 0.24921875 0.0734375 0.1015625
1 0.7875 0.32578125 0.0984375 0.109375
1 0.9203125 0.31328125 0.1125 0.0734375
1 0.353125 0.2984375 0.0828125 0.11875
1 0.22578125 0.25078125 0.0984375 0.084375
1 0.1359375 0.23671875 0.1140625 0.0875
1 0.13359375 0.37109375 0.08125 0.0953125
1 0.34140625 0.3859375 0.1453125 0.0375
1 0.103125 0.43046875 0.0625 0.0796875
1 0.28828125 0.4796875 0.053125 0.109375
1 0.465625 0.4234375 0.1 0.0453125
1 0.3484375 0.4796875 0.0546875 0.0796875
1 0.5015625 0.46953125 0.125 0.0484375
1 0.46484375 0.46484375 0.0890625 0.05625
1 0.36015625 0.51171875 0.0546875 0.075
1 0.45 0.51328125 0.09375 0.08125
1 0.5703125 0.48359375 0.10625 0.071875
1 0.6375 0.396875 0.175 0.05625
1 0.9640625 0.37421875 0.040625 0.0921875
1 0.925 0.45859375 0.0890625 0.0828125
1 0.95546875 0.57578125 0.0890625 0.0734375
1 0.89140625 0.540625 0.0859375 0.084375
1 0.7484375 0.58203125 0.115625 0.071875
1 0.609375 0.56015625 0.1140625 0.090625
1 0.5359375 0.59375 0.10625 0.065625
1 0.18984375 0.50234375 0.1125 0.04375
1 0.0484375 0.52421875 0.096875 0.0421875
1 0.209375 0.575 0.0546875 0.10625
1 0.2609375 0.725 0.0875 0.08125
1 0.3984375 0.6734375 0.1125 0.0484375
1 0.5171875 0.7359375 0.075 0.0796875
1 0.60078125 0.78203125 0.096875 0.0640625
1 0.65546875 0.6859375 0.1453125 0.059375
1 0.646875 0.67890625 0.1203125 0.0640625
1 0.690625 0.73515625 0.1609375 0.04375
1 0.7875 0.709375 0.06875 0.0953125
1 0.8609375 0.65859375 0.046875 0.1125
1 0.88984375 0.70546875 0.1015625 0.0671875
