1 0.49609375 0.490625 0.109375 0.0640625
1 0.43984375 0.54453125 0.12421875 0.04296875
1 0.34375 0.55625 0.09375 0.078125
1 0.33984375 0.63046875 0.06328125 0.10078125
1 0.26796875 0.6296875 0.04296875 0.08515625
1 0.38671875 0.728125 0.1546875 0.078125
1 0.46953125 0.646875 0.05234375 0.0875
1 0.47109375 0.70859375 0.1578125 0.0359375
1 0.634375 0.66328125 0.15 0.04296875
1 0.69296875 0.60859375 0.10078125 0.0828125
1 0.521875 0.7515625 0.184375 0.04453125
1 0.78203125 0.72890625 0.121875 0.07421875
1 0.6453125 0.79296875 0.17890625 0.03203125
