1 0.74140625 0.55390625 0.09609375 0.03515625
1 0.7453125 0.59140625 0.03046875 0.07421875
1 0.70625 0.59609375 0.04140625 0.06953125
1 0.72265625 0.63046875 0.10625 0.03671875
1 0.678125 0.70703125 0.090625 0.0328125
1 0.584375 0.6578125 0.06640625 0.06953125
1 0.60078125 0.58984375 0.1015625 0.02265625
1 0.55859375 0.5609375 0.09296875 0.03671875
1 0.53046875 0.6171875 0.04921875 0.0734375
1 0.50390625 0.62734375 0.05703125 0.04765625
1 0.409375 0.62421875 0.0421875 0.06484375
1 0.4125 0.678125 0.04921875 0.06953125
1 0.44140625 0.74296875 0.0828125 0.0515625
1 0.46484375 0.73359375 0.090625 0.0203125
