1 0.72734375 0.81796875 0.04375 0.0859375
1 0.58671875 0.79375 0.125 0.05625
1 0.803125 0.77578125 0.0859375 0.0796875
1 0.6109375 0.6921875 0.1125 0.0625
1 0.8140625 0.7140625 0.1140625 0.03125
1 0.7890625 0.63515625 0.084375 0.0875
1 0.684375 0.61015625 0.1265625 0.0359375
1 0.51484375 0.65390625 0.103125 0.028125
1 0.3125 0.6703125 0.10625 0.0734375
1 0.14609375 0.59609375 0.034375 0.0921875
1 0.23359375 0.58828125 0.0984375 0.1
1 0.1625 0.49765625 0.0921875 0.0765625
1 0.225 0.42421875 0.0609375 0.075
1 0.38984375 0.478125 0.13125 0.021875
1 0.46640625 0.54296875 0.146875 0.03125
1 0.61484375 0.52578125 0.109375 0.028125
1 0.49375 0.60078125 0.134375 0.0625
1 0.83671875 0.58125 0.1015625 0.0578125
1 0.7375 0.4796875 0.0859375 0.0515625
1 0.6203125 0.4234375 0.075 0.06875
1 0.4765625 0.4296875 0.125 0.0328125
1 0.42734375 0.31953125 0.121875 0.0328125
1 0.58359375 0.33046875 0.0734375 0.0546875
1 0.66171875 0.32421875 0.0890625 0.053125
1 0.7171875 0.38671875 0.059375 0.053125
1 0.85078125 0.40390625 0.0828125 0.0546875
