1 0.11875 0.45859375 0.11796875 0.02890625
1 0.45078125 0.4125 0.1359375 0.02734375
1 0.55703125 0.403125 0.12421875 0.01796875
1 0.60703125 0.42265625 0.128125 0.03203125
1 0.62890625 0.46015625 0.13046875 0.028125
1 0.75 0.50078125 0.09296875 0.04375
1 0.734375 0.48671875 0.10546875 0.046875
1 0.67109375 0.51875 0.09453125 0.06328125
1 0.64921875 0.509375 0.12421875 0.0328125
1 0.5203125 0.509375 0.1125 0.04140625
1 0.78046875 0.59140625 0.12109375 0.075
1 0.78046875 0.6296875 0.1234375 0.059375
1 0.73125 0.64609375 0.11796875 0.06796875
1 0.6609375 0.67421875 0.14296875 0.0578125
1 0.71640625 0.66171875 0.0546875 0.09453125
1 0.82578125 0.73984375 0.08984375 0.1328125
1 0.83359375 0.68046875 0.0609375 0.10703125
1 0.76875 0.76796875 0.06875 0.11015625
1 0.775 0.7515625 0.1015625 0.090625
