1 0.54296875 0.79609375 0.13125 0.0421875
1 0.66015625 0.77890625 0.1015625 0.0203125
1 0.8046875 0.6734375 0.0796875 0.0625
1 0.6515625 0.67890625 0.1015625 0.05
1 0.5828125 0.6015625 0.0984375 0.04375
1 0.59296875 0.509375 0.10625 0.0265625
1 0.40546875 0.559375 0.0671875 0.0890625
1 0.2734375 0.55859375 0.0359375 0.103125
1 0.13828125 0.51484375 0.04375 0.078125
1 0.2984375 0.39609375 0.0453125 0.1
1 0.59453125 0.46796875 0.0734375 0.0640625
1 0.71015625 0.45625 0.0421875 0.096875
1 0.38828125 0.309375 0.1140625 0.0265625
1 0.50859375 0.28984375 0.128125 0.0375
1 0.55859375 0.21796875 0.109375 0.0296875
1 0.45546875 0.203125 0.1421875 0.046875
1 0.553125 0.1890625 0.109375 0.025
