1 0.42890625 0.78203125 0.10625 0.0359375
1 0.50625 0.7625 0.0484375 0.0671875
1 0.45625 0.74765625 0.1015625 0.0296875
1 0.41796875 0.753125 0.06875 0.0203125
1 0.52265625 0.759375 0.0703125 0.040625
1 0.5015625 0.71640625 0.0328125 0.0515625
1 0.52578125 0.67890625 0.0421875 0.078125
1 0.43125 0.69453125 0.0640625 0.059375
1 0.44453125 0.671875 0.0734375 0.0265625
1 0.3828125 0.6890625 0.075 0.04375
1 0.3796875 0.734375 0.075 0.0453125
1 0.32265625 0.71953125 0.0640625 0.03125
1 0.28125 0.73828125 0.0421875 0.05625
1 0.5015625 0.65078125 0.0640625 0.040625
1 0.559375 0.6609375 0.05 0.06875
1 0.5875 0.7046875 0.0515625 0.06875
1 0.56953125 0.715625 0.059375 0.05
1 0.62265625 0.75 0.0875 0.0421875
1 0.64375 0.7203125 0.0890625 0.0203125
1 0.68984375 0.73125 0.0515625 0.0390625
1 0.65078125 0.678125 0.0703125 0.0578125
1 0.634375 0.64609375 0.08125 0.0234375
1 0.46484375 0.615625 0.0875 0.040625
1 0.47578125 0.6109375 0.04375 0.0546875
1 0.50234375 0.590625 0.071875 0.04375
1 0.53359375 0.57109375 0.1109375 0.0234375
1 0.571875 0.5703125 0.065625 0.0234375
1 0.49140625 0.5375 0.053125 0.0546875
1 0.5125 0.53671875 0.0546875 0.0421875
1 0.44375 0.52421875 0.0734375 0.0421875
1 0.4734375 0.52109375 0.0796875 0.0265625
1 0.38828125 0.5359375 0.103125 0.015625
1 0.4125 0.5390625 0.0375 0.0625
1 0.51953125 0.4953125 0.0546875 0.0234375
1 0.46484375 0.4921875 0.0625 0.025
1 0.50546875 0.45 0.084375 0.0515625
1 0.57109375 0.4078125 0.0875 0.025
1 0.503125 0.42578125 0.0359375 0.059375
1 0.47265625 0.3984375 0.05625 0.0578125
1 0.48671875 0.375 0.0875 0.0359375
1 0.440625 0.3875 0.1015625 0.040625
1 0.51015625 0.346875 0.0546875 0.0390625
1 0.49296875 0.3484375 0.028125 0.059375
1 0.478125 0.3359375 0.084375 0.0265625
1 0.39921875 0.35859375 0.03125 0.0421875
1 0.47265625 0.30625 0.046875 0.059375
1 0.43828125 0.3140625 0.03125 0.078125
1 0.4203125 0.3203125 0.078125 0.0296875
1 0.415625 0.3 0.0375 0.065625
1 0.46015625 0.28671875 0.0640625 0.0234375
1 0.38828125 0.2703125 0.0796875 0.0390625
1 0.36640625 0.31328125 0.0296875 0.071875
1 0.34609375 0.3203125 0.040625 0.0640625
1 0.33828125 0.35703125 0.046875 0.0546875
1 0.296875 0.35546875 0.1140625 0.0203125
1 0.2578125 0.37734375 0.05625 0.0546875
1 0.240625 0.35 0.0265625 0.06875
1 0.2234375 0.39765625 0.075 0.034375
1 0.2875 0.33203125 0.078125 0.028125
1 0.4578125 0.2609375 0.0453125 0.0515625
1 0.4921875 0.2703125 0.0609375 0.0125
1 0.515625 0.275 0.0421875 0.053125
1 0.5484375 0.284375 0.0328125 0.0546875
1 0.54140625 0.2703125 0.0515625 0.04375
1 0.59609375 0.33671875 0.0921875 0.040625
1 0.59296875 0.31875 0.0625 0.0703125
1 0.5828125 0.303125 0.046875 0.04375
1 0.5734375 0.27265625 0.059375 0.04375
1 0.53515625 0.32265625 0.0765625 0.0375
1 0.61953125 0.29921875 0.05625 0.0453125
1 0.65390625 0.3046875 0.04375 0.05625
1 0.653125 0.2765625 0.065625 0.0421875
1 0.67109375 0.34921875 0.0890625 0.0390625
1 0.675 0.33515625 0.0578125 0.0359375
1 0.57890625 0.3859375 0.078125 0.028125
1 0.57734375 0.3671875 0.090625 0.040625
1 0.63984375 0.37421875 0.075 0.0359375
1 0.4 0.45078125 0.0640625 0.0484375
1 0.40234375 0.42578125 0.0640625 0.046875
1 0.39609375 0.42109375 0.0796875 0.04375
1 0.353125 0.41484375 0.025 0.0671875
1 0.3546875 0.503125 0.059375 0.01875
1 0.36171875 0.4828125 0.06875 0.034375
1 0.3 0.50625 0.1015625 0.0296875
1 0.29296875 0.46953125 0.0515625 0.0546875
1 0.27109375 0.51171875 0.046875 0.0609375
1 0.3 0.44296875 0.0703125 0.053125
1 0.2546875 0.43359375 0.03125 0.0578125
1 0.259375 0.42890625 0.084375 0.015625
1 0.30859375 0.42421875 0.0640625 0.05
1 0.16640625 0.425 0.075 0.021875
1 0.18984375 0.47890625 0.0765625 0.0328125
1 0.1984375 0.4796875 0.0484375 0.0546875
1 0.1546875 0.46875 0.0671875 0.04375
1 0.15078125 0.5140625 0.078125 0.0484375
1 0.190625 0.54609375 0.071875 0.059375
1 0.1578125 0.5421875 0.053125 0.034375
1 0.23359375 0.57734375 0.084375 0.0484375
1 0.2296875 0.55390625 0.059375 0.04375
1 0.29921875 0.5390625 0.084375 0.0375
1 0.3359375 0.5609375 0.0703125 0.0578125
1 0.37109375 0.56953125 0.065625 0.065625
1 0.378125 0.62578125 0.06875 0.0625
1 0.35859375 0.5953125 0.04375 0.06875
1 0.303125 0.62421875 0.1078125 0.0359375
1 0.4015625 0.63046875 0.0625 0.0421875
1 0.2953125 0.67734375 0.125 0.0234375
1 0.24375 0.6984375 0.0625 0.0296875
1 0.20546875 0.65859375 0.0609375 0.0734375
1 0.2359375 0.66171875 0.075 0.028125
1 0.21328125 0.62265625 0.0578125 0.0703125
1 0.253125 0.6046875 0.121875 0.0265625
1 0.16953125 0.6171875 0.071875 0.0375
1 0.18203125 0.5953125 0.0734375 0.0265625
1 0.2015625 0.5703125 0.0609375 0.0421875
1 0.7359375 0.7140625 0.034375 0.0703125
1 0.70234375 0.690625 0.034375 0.0625
1 0.765625 0.6890625 0.053125 0.0578125
1 0.68203125 0.62265625 0.0625 0.0703125
1 0.72578125 0.62265625 0.03125 0.084375
1 0.83203125 0.65390625 0.025 0.0640625
1 0.809375 0.634375 0.0359375 0.065625
1 0.79296875 0.63203125 0.025 0.0625
1 0.75078125 0.59140625 0.0578125 0.040625
1 0.7765625 0.57890625 0.0734375 0.0359375
1 0.7109375 0.553125 0.078125 0.04375
1 0.66015625 0.5625 0.0703125 0.0515625
1 0.63359375 0.5578125 0.05625 0.04375
1 0.5828125 0.51875 0.075 0.03125
1 0.6421875 0.52734375 0.06875 0.0453125
1 0.6515625 0.4984375 0.078125 0.028125
1 0.6234375 0.46328125 0.071875 0.0359375
1 0.72109375 0.5 0.0859375 0.0203125
1 0.7109375 0.478125 0.0890625 0.0296875
1 0.71796875 0.4859375 0.09375 0.021875
1 0.67109375 0.4609375 0.078125 0.028125
1 0.64296875 0.43359375 0.096875 0.021875
1 0.68671875 0.425 0.09375 0.015625
1 0.74296875 0.44765625 0.0828125 0.021875
1 0.6890625 0.3984375 0.0921875 0.025
1 0.72421875 0.36015625 0.0546875 0.0546875
1 0.765625 0.40703125 0.059375 0.0546875
1 0.7765625 0.39921875 0.084375 0.0140625
1 0.7765625 0.3375 0.03125 0.0546875
1 0.85234375 0.4234375 0.0796875 0.0171875
1 0.8453125 0.46328125 0.03125 0.0546875
1 0.80546875 0.46953125 0.0875 0.0328125
1 0.79765625 0.49296875 0.078125 0.021875
1 0.8265625 0.534375 0.09375 0.0390625
1 0.83515625 0.50703125 0.075 0.0296875
