1 0.32734375 0.13984375 0.021875 0.0796875
1 0.36953125 0.14765625 0.0765625 0.0640625
1 0.36015625 0.1125 0.0234375 0.05625
1 0.37109375 0.09453125 0.0296875 0.0671875
1 0.31640625 0.0953125 0.025 0.08125
1 0.4203125 0.159375 0.028125 0.0734375
1 0.4390625 0.23828125 0.0625 0.0640625
1 0.44609375 0.17890625 0.0921875 0.0203125
1 0.4546875 0.1734375 0.025 0.065625
1 0.48515625 0.16015625 0.0265625 0.0640625
1 0.51484375 0.1234375 0.075 0.025
1 0.5765625 0.153125 0.0484375 0.0734375
1 0.58515625 0.06328125 0.084375 0.034375
1 0.6203125 0.13125 0.0703125 0.0734375
1 0.65234375 0.190625 0.0796875 0.0359375
1 0.6625 0.20234375 0.025 0.084375
1 0.26875 0.190625 0.0703125 0.0671875
1 0.26796875 0.16953125 0.0359375 0.06875
1 0.21796875 0.1734375 0.0546875 0.0390625
1 0.165625 0.19921875 0.075 0.03125
1 0.24296875 0.23671875 0.0375 0.0328125
1 0.26953125 0.259375 0.06875 0.0328125
1 0.26875 0.25625 0.0609375 0.025
1 0.32421875 0.278125 0.040625 0.0578125
1 0.28046875 0.40625 0.0421875 0.0921875
1 0.28671875 0.34140625 0.0765625 0.0484375
1 0.30390625 0.3109375 0.0640625 0.025
1 0.26796875 0.309375 0.078125 0.0296875
1 0.24375 0.28828125 0.0296875 0.0421875
1 0.21328125 0.3125 0.0671875 0.0234375
1 0.15 0.34296875 0.025 0.0765625
1 0.196875 0.3328125 0.04375 0.0421875
1 0.18359375 0.28671875 0.0796875 0.0296875
1 0.05859375 0.54453125 0.096875 0.059375
1 0.03203125 0.48984375 0.0640625 0.04375
1 0.07890625 0.42734375 0.1109375 0.0359375
1 0.03359375 0.3859375 0.05625 0.0578125
1 0.09453125 0.39453125 0.090625 0.03125
1 0.07421875 0.33359375 0.0703125 0.040625
1 0.121875 0.29765625 0.08125 0.059375
1 0.1859375 0.45234375 0.0421875 0.075
1 0.1296875 0.4671875 0.0796875 0.0671875
1 0.1078125 0.5984375 0.09375 0.0546875
1 0.11171875 0.55390625 0.0765625 0.0546875
1 0.07421875 0.609375 0.071875 0.0734375
1 0.16875 0.6171875 0.04375 0.0875
1 0.159375 0.59453125 0.0265625 0.0859375
1 0.26875 0.53515625 0.0984375 0.0484375
1 0.24609375 0.53125 0.0546875 0.0671875
1 0.2875 0.51015625 0.0625 0.10625
1 0.3671875 0.47890625 0.05625 0.1140625
1 0.46328125 0.290625 0.0625 0.0828125
1 0.4015625 0.40859375 0.05625 0.0609375
1 0.47734375 0.4 0.0875 0.0359375
1 0.5359375 0.4015625 0.06875 0.0625
1 0.509375 0.365625 0.0203125 0.053125
1 0.5390625 0.3390625 0.096875 0.0203125
1 0.5578125 0.21328125 0.0578125 0.0375
1 0.59765625 0.2609375 0.03125 0.090625
1 0.57421875 0.32421875 0.0546875 0.05625
1 0.565625 0.29375 0.075 0.021875
1 0.4234375 0.5046875 0.034375 0.065625
1 0.465625 0.534375 0.0890625 0.0625
1 0.53359375 0.5 0.025 0.0859375
1 0.34296875 0.659375 0.0609375 0.0734375
1 0.33828125 0.60859375 0.1015625 0.025
1 0.609375 0.484375 0.08125 0.0234375
1 0.62578125 0.5296875 0.0203125 0.0859375
1 0.646875 0.509375 0.0328125 0.0890625
1 0.57890625 0.53125 0.08125 0.0453125
1 0.65546875 0.57890625 0.0453125 0.0609375
1 0.6953125 0.55078125 0.0890625 0.04375
1 0.665625 0.42890625 0.059375 0.0515625
1 0.70078125 0.43828125 0.0359375 0.0765625
1 0.65 0.3703125 0.0359375 0.0953125
1 0.66875 0.346875 0.046875 0.08125
1 0.72109375 0.325 0.040625 0.08125
1 0.7078125 0.3359375 0.0359375 0.053125
1 0.71640625 0.14140625 0.071875 0.053125
1 0.7453125 0.13828125 0.075 0.03125
1 0.78515625 0.165625 0.0734375 0.03125
1 0.72734375 0.253125 0.046875 0.065625
1 0.74609375 0.2046875 0.0890625 0.0546875
1 0.7640625 0.26875 0.025 0.0671875
1 0.74765625 0.34296875 0.0421875 0.065625
1 0.76875 0.38984375 0.04375 0.0859375
1 0.75546875 0.38984375 0.0265625 0.071875
1 0.825 0.271875 0.0484375 0.0921875
1 0.81328125 0.34609375 0.03125 0.09375
1 0.90859375 0.31640625 0.1109375 0.0328125
1 0.92578125 0.3984375 0.078125 0.0703125
1 0.9515625 0.39453125 0.071875 0.0765625
1 0.8140625 0.4546875 0.05 0.0625
1 0.840625 0.409375 0.0484375 0.075
1 0.87578125 0.37890625 0.075 0.0640625
1 0.95859375 0.459375 0.065625 0.059375
1 0.89921875 0.46875 0.05625 0.0609375
1 0.8703125 0.47109375 0.0921875 0.0234375
1 0.79140625 0.5234375 0.1140625 0.03125
1 0.80859375 0.51484375 0.0515625 0.0671875
1 0.775 0.6234375 0.096875 0.0296875
1 0.7546875 0.60390625 0.0953125 0.03125
1 0.73828125 0.57578125 0.025 0.09375
1 0.81953125 0.584375 0.059375 0.0703125
1 0.83671875 0.5671875 0.028125 0.090625
1 0.79921875 0.6625 0.0453125 0.103125
1 0.834375 0.7125 0.084375 0.0828125
1 0.84375 0.696875 0.0609375 0.075
1 0.86953125 0.684375 0.059375 0.0703125
1 0.88203125 0.6484375 0.0640625 0.075
1 0.80390625 0.746875 0.109375 0.0453125
1 0.78046875 0.77265625 0.0859375 0.0734375
1 0.65625 0.8015625 0.0421875 0.1078125
1 0.70078125 0.81796875 0.0296875 0.0953125
1 0.74140625 0.825 0.0734375 0.0421875
1 0.6453125 0.86484375 0.121875 0.0375
1 0.5921875 0.59921875 0.0734375 0.065625
1 0.56015625 0.60625 0.0984375 0.034375
1 0.5078125 0.62890625 0.0640625 0.05
1 0.50546875 0.578125 0.0765625 0.0453125
1 0.453125 0.64765625 0.053125 0.0671875
1 0.5921875 0.7109375 0.0796875 0.06875
1 0.59609375 0.70390625 0.05625 0.075
1 0.62421875 0.77578125 0.0375 0.05
1 0.6703125 0.7390625 0.0390625 0.096875
1 0.703125 0.74375 0.103125 0.0328125
1 0.69609375 0.7328125 0.0421875 0.0796875
1 0.7015625 0.70546875 0.078125 0.059375
1 0.575 0.80078125 0.0859375 0.053125
1 0.5796875 0.7890625 0.0546875 0.08125
1 0.615625 0.77265625 0.0515625 0.0828125
1 0.5109375 0.85078125 0.0421875 0.0921875
1 0.4796875 0.80703125 0.1046875 0.021875
1 0.4453125 0.79609375 0.1125 0.03125
1 0.3890625 0.7515625 0.0359375 0.1046875
1 0.43046875 0.73046875 0.0328125 0.0578125
1 0.3921875 0.69921875 0.0953125 0.0390625
1 0.36953125 0.68671875 0.1171875 0.0265625
1 0.3421875 0.7 0.08125 0.0703125
1 0.2796875 0.7234375 0.0421875 0.1078125
1 0.32109375 0.8265625 0.128125 0.0375
1 0.31484375 0.796875 0.053125 0.0828125
1 0.3296875 0.753125 0.1078125 0.034375
1 0.29296875 0.71796875 0.034375 0.0734375
1 0.2453125 0.7828125 0.021875 0.0703125
1 0.42109375 0.85546875 0.1 0.034375
1 0.31953125 0.85625 0.040625 0.0765625
1 0.38671875 0.84921875 0.0546875 0.0421875
1 0.1734375 0.6796875 0.059375 0.0765625
1 0.21015625 0.728125 0.0609375 0.0890625
1 0.159375 0.7625 0.0734375 0.0671875
