1 0.390625 0.73125 0.0578125 0.0625
1 0.55078125 0.71171875 0.1125 0.028125
1 0.65859375 0.66328125 0.1109375 0.03125
1 0.52578125 0.6875 0.1015625 0.0265625
1 0.42890625 0.6640625 0.1015625 0.025
1 0.35703125 0.66171875 0.078125 0.05625
1 0.3109375 0.67734375 0.0421875 0.046875
1 0.290625 0.684375 0.0484375 0.04375
1 0.375 0.57578125 0.0359375 0.04375
1 0.3359375 0.5671875 0.0703125 0.0328125
1 0.29453125 0.54609375 0.0703125 0.0625
1 0.54765625 0.56953125 0.0921875 0.0421875
1 0.6875 0.62109375 0.0453125 0.0546875
1 0.80546875 0.5984375 0.025 0.0625
1 0.884375 0.56328125 0.046875 0.078125
1 0.88671875 0.48671875 0.03125 0.08125
1 0.80859375 0.48984375 0.0375 0.0703125
1 0.7453125 0.46171875 0.0578125 0.071875
1 0.68828125 0.54609375 0.059375 0.0671875
1 0.69296875 0.47734375 0.05 0.0734375
1 0.62890625 0.47578125 0.0625 0.0296875
1 0.51484375 0.5140625 0.0515625 0.065625
1 0.27421875 0.52421875 0.05 0.0609375
1 0.2125 0.49375 0.096875 0.0484375
1 0.23203125 0.51640625 0.0265625 0.0671875
1 0.2046875 0.54375 0.0515625 0.05625
1 0.19296875 0.565625 0.0796875 0.0265625
1 0.14140625 0.52265625 0.053125 0.04375
1 0.16015625 0.490625 0.1078125 0.0359375
1 0.1671875 0.43359375 0.03125 0.0671875
1 0.29140625 0.425 0.0828125 0.046875
1 0.1828125 0.3421875 0.0359375 0.0765625
1 0.26796875 0.2734375 0.028125 0.0625
1 0.23984375 0.30546875 0.04375 0.0765625
1 0.2421875 0.3390625 0.0546875 0.0703125
1 0.4578125 0.37109375 0.0625 0.034375
1 0.49609375 0.34609375 0.0484375 0.0796875
1 0.52890625 0.425 0.059375 0.0609375
1 0.559375 0.365625 0.0609375 0.059375
1 0.346875 0.22109375 0.1046875 0.0515625
1 0.40546875 0.27109375 0.08125 0.03125
1 0.5078125 0.23671875 0.084375 0.046875
1 0.6 0.1875 0.0765625 0.040625
1 0.59765625 0.23671875 0.0328125 0.0890625
1 0.64453125 0.2546875 0.09375 0.0625
1 0.64921875 0.21015625 0.0515625 0.065625
1 0.70703125 0.265625 0.0359375 0.0625
1 0.7765625 0.2609375 0.04375 0.078125
1 0.7546875 0.328125 0.0421875 0.0859375
1 0.83515625 0.378125 0.0265625 0.0671875
1 0.875 0.39375 0.0359375 0.0625
1 0.81015625 0.40703125 0.078125 0.0375
