1 0.93671875 0.64140625 0.05625 0.10625
1 0.86875 0.72890625 0.053125 0.090625
1 0.57890625 0.784375 0.11875 0.0515625
1 0.64296875 0.63671875 0.0578125 0.084375
1 0.7828125 0.55625 0.084375 0.1203125
1 0.6984375 0.51796875 0.0859375 0.090625
1 0.5390625 0.48359375 0.059375 0.0859375
1 0.43046875 0.50390625 0.134375 0.0390625
1 0.5296875 0.67734375 0.04375 0.109375
1 0.43125 0.7390625 0.0828125 0.09375
1 0.45234375 0.6484375 0.0375 0.109375
1 0.33984375 0.66875 0.0296875 0.0859375
1 0.29375 0.74765625 0.09375 0.078125
1 0.20390625 0.61328125 0.04375 0.109375
1 0.2875 0.5015625 0.0734375 0.0890625
1 0.2109375 0.47421875 0.0921875 0.075
1 0.2140625 0.41640625 0.125 0.0515625
