1 0.421875 0.23359375 0.1109375 0.0203125
1 0.25546875 0.25234375 0.040625 0.0765625
1 0.6890625 0.28125 0.075 0.0390625
1 0.621875 0.290625 0.0609375 0.084375
1 0.66875 0.36796875 0.0828125 0.065625
1 0.66015625 0.33203125 0.0984375 0.04375
1 0.59375 0.33984375 0.0609375 0.0609375
1 0.76875 0.3484375 0.096875 0.028125
1 0.7109375 0.41015625 0.0546875 0.040625
1 0.72265625 0.39453125 0.0875 0.0703125
1 0.8109375 0.4203125 0.1296875 0.03125
1 0.846875 0.50859375 0.08125 0.10625
1 0.590625 0.4109375 0.046875 0.0859375
1 0.47890625 0.35546875 0.0859375 0.065625
1 0.453125 0.4703125 0.084375 0.0484375
1 0.475 0.44140625 0.0515625 0.090625
1 0.43671875 0.440625 0.0984375 0.0484375
1 0.49921875 0.503125 0.0703125 0.08125
1 0.5140625 0.48203125 0.1046875 0.0234375
1 0.47578125 0.31953125 0.0296875 0.08125
1 0.3453125 0.353125 0.04375 0.0671875
1 0.28125 0.365625 0.04375 0.0796875
1 0.15 0.375 0.040625 0.075
1 0.3 0.42421875 0.10625 0.04375
1 0.25546875 0.47734375 0.0859375 0.071875
1 0.3125 0.4953125 0.0265625 0.084375
1 0.3359375 0.4921875 0.115625 0.0359375
1 0.1875 0.5140625 0.0296875 0.059375
1 0.43046875 0.55859375 0.1171875 0.01875
1 0.45546875 0.57578125 0.071875 0.075
1 0.3828125 0.61484375 0.10625 0.0453125
1 0.21640625 0.5796875 0.109375 0.0265625
1 0.15859375 0.584375 0.075 0.0390625
1 0.0921875 0.6921875 0.0921875 0.0625
1 0.0984375 0.64453125 0.1109375 0.0421875
1 0.24921875 0.68515625 0.0484375 0.0921875
1 0.26484375 0.73515625 0.09375 0.075
1 0.3328125 0.728125 0.0671875 0.0984375
1 0.37578125 0.725 0.0453125 0.096875
1 0.421875 0.7375 0.046875 0.0890625
1 0.6796875 0.58203125 0.034375 0.0875
1 0.6546875 0.6640625 0.034375 0.08125
1 0.59609375 0.66640625 0.0640625 0.0828125
1 0.5578125 0.7578125 0.0734375 0.0859375
1 0.48203125 0.80078125 0.09375 0.053125
1 0.5703125 0.8109375 0.1078125 0.021875
1 0.5234375 0.825 0.05625 0.0890625
1 0.50234375 0.86171875 0.128125 0.046875
1 0.68828125 0.7859375 0.0890625 0.0703125
1 0.7640625 0.7609375 0.05 0.10625
1 0.853125 0.73828125 0.103125 0.0625
1 0.86328125 0.61640625 0.1328125 0.090625
