1 0.67421875 0.73828125 0.1171875 0.06875
1 0.49296875 0.6828125 0.09375 0.0859375
1 0.34921875 0.7 0.1 0.0765625
1 0.13671875 0.6359375 0.1109375 0.04375
1 0.25078125 0.58515625 0.1421875 0.0359375
1 0.0359375 0.559375 0.065625 0.0671875
1 0.56484375 0.61484375 0.0328125 0.1015625
1 0.5359375 0.57109375 0.115625 0.0609375
1 0.821875 0.65546875 0.121875 0.0578125
1 0.65546875 0.559375 0.05 0.1140625
1 0.88828125 0.55703125 0.05 0.0875
1 0.7796875 0.46484375 0.065625 0.071875
1 0.85859375 0.37421875 0.05 0.08125
1 0.721875 0.3890625 0.0453125 0.096875
1 0.66484375 0.37578125 0.05625 0.0609375
1 0.475 0.3890625 0.0390625 0.0921875
1 0.4265625 0.4984375 0.1078125 0.0640625
1 0.321875 0.43515625 0.1484375 0.025
1 0.15859375 0.51015625 0.0921875 0.078125
1 0.0578125 0.4859375 0.115625 0.046875
1 0.11171875 0.409375 0.1578125 0.0390625
1 0.3609375 0.37890625 0.121875 0.0359375
1 0.3640625 0.284375 0.109375 0.034375
1 0.35390625 0.21953125 0.075 0.05625
1 0.46015625 0.2703125 0.046875 0.0546875
1 0.5984375 0.31015625 0.1359375 0.028125
