1 0.578125 0.3421875 0.12109375 0.040625
1 0.54921875 0.37734375 0.0328125 0.06875
1 0.50625 0.3953125 0.07265625 0.0359375
1 0.6265625 0.39296875 0.10625 0.04375
1 0.6625 0.42109375 0.0875 0.03515625
1 0.6796875 0.40390625 0.1015625 0.01953125
1 0.740625 0.403125 0.07421875 0.071875
1 0.709375 0.434375 0.08515625 0.0484375
1 0.73828125 0.41328125 0.0390625 0.06875
1 0.8 0.44140625 0.04765625 0.0609375
1 0.875 0.5 0.12421875 0.0421875
1 0.8390625 0.475 0.08828125 0.059375
1 0.81953125 0.475 0.075 0.034375
1 0.73125 0.49453125 0.128125 0.0296875
1 0.74921875 0.46953125 0.090625 0.05625
1 0.634375 0.51015625 0.059375 0.0859375
1 0.63515625 0.45859375 0.103125 0.02734375
1 0.70703125 0.55 0.0265625 0.06953125
1 0.74921875 0.575 0.05859375 0.0828125
1 0.76015625 0.5453125 0.040625 0.06015625
1 0.80703125 0.59453125 0.07421875 0.078125
1 0.84453125 0.5765625 0.12890625 0.0421875
1 0.86640625 0.58203125 0.08125 0.07578125
1 0.8265625 0.68828125 0.05 0.0796875
1 0.8578125 0.66953125 0.02734375 0.1
1 0.76484375 0.66328125 0.06640625 0.09296875
1 0.678125 0.61015625 0.04140625 0.09609375
1 0.6359375 0.58125 0.08125 0.07109375
1 0.51953125 0.58359375 0.14296875 0.028125
1 0.5140625 0.54921875 0.121875 0.0375
1 0.4078125 0.4328125 0.1015625 0.04296875
1 0.45234375 0.41953125 0.03359375 0.08046875
1 0.48125 0.51015625 0.10078125 0.059375
1 0.3171875 0.40859375 0.096875 0.04609375
1 0.26796875 0.421875 0.1203125 0.0515625
1 0.2953125 0.45234375 0.1078125 0.034375
