1 0.384375 0.13125 0.084375 0.0296875
1 0.4203125 0.19921875 0.0890625 0.040625
1 0.4375 0.19375 0.025 0.0828125
1 0.4421875 0.165625 0.05 0.0453125
1 0.4109375 0.1703125 0.0765625 0.0546875
1 0.346875 0.14765625 0.0765625 0.0546875
1 0.3265625 0.2015625 0.096875 0.0515625
1 0.34765625 0.20234375 0.0296875 0.0875
1 0.28984375 0.26875 0.0953125 0.0390625
1 0.30390625 0.2375 0.109375 0.0234375
1 0.2375 0.2484375 0.0453125 0.046875
1 0.2453125 0.22421875 0.0390625 0.028125
1 0.26796875 0.20078125 0.06875 0.0453125
1 0.2328125 0.18125 0.0890625 0.046875
1 0.1671875 0.24609375 0.0703125 0.06875
1 0.1984375 0.26015625 0.065625 0.0546875
1 0.20625 0.2390625 0.0515625 0.0734375
1 0.53515625 0.12578125 0.090625 0.0296875
1 0.5328125 0.22109375 0.078125 0.0375
1 0.546875 0.18515625 0.065625 0.0390625
1 0.52109375 0.25859375 0.0921875 0.03125
1 0.5609375 0.24375 0.025 0.06875
1 0.51796875 0.325 0.04375 0.06875
1 0.53828125 0.29296875 0.034375 0.0546875
1 0.6109375 0.296875 0.059375 0.0671875
1 0.68046875 0.31953125 0.1 0.0203125
1 0.64296875 0.35625 0.053125 0.0671875
1 0.6484375 0.30703125 0.05625 0.01875
1 0.6296875 0.1859375 0.0375 0.1015625
1 0.6546875 0.13515625 0.0875 0.0296875
1 0.68125 0.20234375 0.0875 0.078125
1 0.73828125 0.17421875 0.0859375 0.0359375
1 0.72734375 0.23515625 0.0703125 0.0578125
1 0.7640625 0.22421875 0.0359375 0.05625
1 0.7984375 0.24296875 0.028125 0.05625
1 0.77109375 0.275 0.0671875 0.0375
1 0.71015625 0.284375 0.059375 0.0625
1 0.45546875 0.3 0.0875 0.0296875
1 0.41484375 0.309375 0.028125 0.0609375
1 0.55546875 0.38671875 0.05 0.0484375
1 0.56171875 0.3859375 0.05 0.0734375
1 0.6015625 0.37421875 0.0578125 0.0734375
1 0.58046875 0.3296875 0.0203125 0.0328125
1 0.63359375 0.36640625 0.06875 0.0359375
1 0.6796875 0.3859375 0.0703125 0.0171875
1 0.696875 0.42421875 0.0234375 0.0671875
1 0.73828125 0.39296875 0.0671875 0.0265625
1 0.8125 0.37734375 0.0484375 0.0765625
1 0.80703125 0.36796875 0.0734375 0.0546875
1 0.87578125 0.36328125 0.06875 0.05
1 0.91171875 0.3953125 0.0859375 0.0671875
1 0.90625 0.38359375 0.0375 0.096875
1 0.7703125 0.44375 0.103125 0.0484375
1 0.86875 0.4421875 0.06875 0.0296875
1 0.9171875 0.484375 0.0359375 0.0828125
1 0.82734375 0.48515625 0.065625 0.0515625
1 0.82109375 0.48671875 0.0671875 0.059375
1 0.8046875 0.52109375 0.0828125 0.0171875
1 0.8125 0.52265625 0.0328125 0.078125
1 0.8375 0.61796875 0.0625 0.0703125
1 0.8328125 0.57890625 0.0796875 0.053125
1 0.846875 0.534375 0.0515625 0.0546875
1 0.875 0.55 0.0359375 0.065625
1 0.896875 0.540625 0.0421875 0.05625
1 0.90703125 0.5796875 0.0375 0.078125
1 0.93515625 0.56875 0.0671875 0.0515625
1 0.95 0.61171875 0.0484375 0.0640625
1 0.9046875 0.69296875 0.0390625 0.0921875
1 0.80390625 0.6703125 0.0265625 0.06875
1 0.81015625 0.6625 0.0671875 0.0703125
1 0.765625 0.66640625 0.0828125 0.0390625
1 0.78984375 0.6421875 0.034375 0.090625
1 0.82734375 0.6515625 0.021875 0.0875
1 0.71640625 0.6375 0.0828125 0.0640625
1 0.73046875 0.6375 0.075 0.065625
1 0.69609375 0.590625 0.0859375 0.0625
1 0.653125 0.58046875 0.0671875 0.03125
1 0.60625 0.54921875 0.0859375 0.0421875
1 0.68515625 0.5015625 0.0640625 0.0484375
1 0.575 0.4703125 0.065625 0.0609375
1 0.53046875 0.484375 0.0453125 0.053125
1 0.5109375 0.45625 0.0859375 0.0484375
1 0.478125 0.49453125 0.071875 0.0328125
1 0.4421875 0.49765625 0.040625 0.065625
1 0.43359375 0.36171875 0.090625 0.028125
1 0.31796875 0.32890625 0.0609375 0.0390625
1 0.2546875 0.40078125 0.0828125 0.046875
1 0.253125 0.3703125 0.0734375 0.071875
1 0.2578125 0.3390625 0.1046875 0.03125
1 0.25859375 0.31171875 0.090625 0.028125
1 0.23203125 0.36953125 0.084375 0.021875
1 0.3296875 0.43046875 0.075 0.0484375
1 0.23515625 0.45703125 0.0578125 0.059375
1 0.16484375 0.42890625 0.0421875 0.078125
1 0.17734375 0.4125 0.0984375 0.021875
1 0.1375 0.45546875 0.1234375 0.0234375
1 0.13359375 0.4359375 0.06875 0.046875
1 0.11640625 0.3859375 0.0359375 0.0984375
1 0.08359375 0.37109375 0.0765625 0.0390625
1 0.075 0.43125 0.0296875 0.078125
1 0.1390625 0.4890625 0.065625 0.0375
1 0.03515625 0.503125 0.046875 0.0765625
1 0.03828125 0.5734375 0.0296875 0.028125
1 0.04765625 0.590625 0.01875 0.1046875
1 0.1140625 0.59140625 0.0703125 0.05
1 0.14921875 0.61484375 0.040625 0.0640625
1 0.16640625 0.625 0.0203125 0.0796875
1 0.2125 0.5671875 0.059375 0.0625
1 0.21875 0.509375 0.09375 0.0390625
1 0.2703125 0.57890625 0.040625 0.0578125
1 0.2625 0.55859375 0.040625 0.08125
1 0.28828125 0.5015625 0.053125 0.0625
1 0.3171875 0.52421875 0.0609375 0.065625
1 0.2515625 0.63125 0.0703125 0.0625
1 0.28046875 0.6328125 0.0359375 0.103125
1 0.2734375 0.64609375 0.0953125 0.0328125
1 0.271875 0.66171875 0.03125 0.034375
1 0.28515625 0.68359375 0.0328125 0.0671875
1 0.23828125 0.72109375 0.06875 0.075
1 0.18984375 0.7203125 0.0359375 0.071875
1 0.15625 0.6953125 0.0625 0.078125
1 0.10546875 0.70390625 0.0359375 0.0890625
1 0.165625 0.7953125 0.0453125 0.0953125
1 0.22734375 0.803125 0.1015625 0.0484375
1 0.2046875 0.7859375 0.115625 0.028125
1 0.28828125 0.81484375 0.075 0.0578125
1 0.3 0.78828125 0.090625 0.0296875
1 0.32109375 0.7578125 0.0859375 0.028125
1 0.3015625 0.7453125 0.046875 0.059375
1 0.32890625 0.7109375 0.09375 0.0484375
1 0.37578125 0.7078125 0.0375 0.0765625
1 0.39921875 0.7046875 0.053125 0.0796875
1 0.40390625 0.621875 0.09375 0.046875
1 0.375 0.62421875 0.025 0.075
1 0.4125 0.565625 0.0375 0.078125
1 0.2375 0.859375 0.115625 0.028125
1 0.3890625 0.83515625 0.075 0.0640625
1 0.3671875 0.903125 0.0453125 0.084375
1 0.409375 0.91015625 0.075 0.0671875
1 0.4375 0.9 0.0859375 0.078125
1 0.45078125 0.8265625 0.0875 0.034375
1 0.45859375 0.78671875 0.1140625 0.028125
1 0.4625 0.76875 0.05 0.059375
1 0.4390625 0.7609375 0.0953125 0.025
1 0.50390625 0.765625 0.0890625 0.0203125
1 0.4828125 0.796875 0.0890625 0.04375
1 0.49296875 0.8109375 0.0375 0.034375
1 0.56953125 0.88828125 0.1296875 0.08125
1 0.546875 0.86015625 0.1046875 0.05
1 0.52109375 0.84375 0.0390625 0.0703125
1 0.540625 0.84453125 0.0265625 0.0875
1 0.603125 0.78515625 0.059375 0.05625
1 0.6 0.76953125 0.06875 0.065625
1 0.61953125 0.78125 0.05625 0.0515625
1 0.5609375 0.8609375 0.0453125 0.0453125
1 0.60703125 0.73828125 0.0265625 0.053125
1 0.68359375 0.72734375 0.090625 0.059375
1 0.7015625 0.7734375 0.0625 0.0625
1 0.71640625 0.83125 0.04375 0.0703125
1 0.7015625 0.86328125 0.0984375 0.0359375
1 0.78828125 0.83671875 0.09375 0.0828125
1 0.8296875 0.76796875 0.1 0.0703125
1 0.85859375 0.75859375 0.0375 0.103125
1 0.76796875 0.746875 0.03125 0.0859375
1 0.80703125 0.7390625 0.0453125 0.0796875
1 0.640625 0.6890625 0.0421875 0.0578125
1 0.62265625 0.66328125 0.0890625 0.04375
1 0.58203125 0.7171875 0.0734375 0.0453125
1 0.5546875 0.7 0.0765625 0.04375
1 0.51875 0.73515625 0.096875 0.0515625
1 0.50546875 0.68671875 0.0796875 0.059375
1 0.4359375 0.71328125 0.053125 0.059375
1 0.46796875 0.66171875 0.03125 0.071875
1 0.46484375 0.584375 0.1 0.034375
1 0.521875 0.56875 0.0734375 0.040625
1 0.51953125 0.575 0.03125 0.08125
