1 0.27265625 0.18203125 0.04375 0.0859375
1 0.41328125 0.20625 0.125 0.05625
1 0.196875 0.22421875 0.0859375 0.0796875
1 0.3890625 0.3078125 0.1125 0.0625
1 0.1859375 0.2859375 0.1140625 0.03125
1 0.2109375 0.36484375 0.084375 0.0859375
1 0.315625 0.38984375 0.1265625 0.0359375
1 0.48515625 0.34609375 0.103125 0.0296875
1 0.6875 0.3296875 0.10625 0.0734375
1 0.85390625 0.40390625 0.034375 0.0921875
1 0.76640625 0.41171875 0.0984375 0.1
1 0.8375 0.50234375 0.090625 0.075
1 0.775 0.57578125 0.059375 0.075
1 0.61015625 0.521875 0.13125 0.021875
1 0.53359375 0.45703125 0.1453125 0.03125
1 0.38515625 0.47421875 0.109375 0.0296875
1 0.50625 0.39921875 0.134375 0.0625
1 0.16328125 0.41875 0.1015625 0.0578125
1 0.2625 0.5203125 0.0859375 0.0515625
1 0.3796875 0.5765625 0.075 0.0671875
1 0.5234375 0.5703125 0.125 0.0328125
1 0.57265625 0.68046875 0.121875 0.0328125
1 0.41640625 0.66953125 0.0734375 0.0546875
1 0.33828125 0.67578125 0.0890625 0.053125
1 0.2828125 0.61328125 0.059375 0.053125
1 0.14921875 0.59609375 0.0828125 0.0546875
