1 0.60546875 0.53984375 0.053125 0.06640625
1 0.625 0.51328125 0.08046875 0.046875
1 0.71640625 0.5234375 0.0890625 0.04765625
1 0.5421875 0.55390625 0.04921875 0.07109375
1 0.57265625 0.56015625 0.08046875 0.03125
1 0.58828125 0.534375 0.09609375 0.04765625
1 0.48203125 0.575 0.078125 0.028125
1 0.48515625 0.54375 0.08671875 0.02421875
1 0.4453125 0.5625 0.06796875 0.034375
1 0.659375 0.56484375 0.06640625 0.06328125
1 0.74609375 0.5859375 0.04375 0.06640625
1 0.7625 0.56640625 0.07265625 0.05234375
1 0.8109375 0.69140625 0.053125 0.07734375
1 0.80234375 0.665625 0.07421875 0.06796875
1 0.80859375 0.63671875 0.078125 0.0359375
1 0.75546875 0.68125 0.06953125 0.090625
1 0.76875 0.63984375 0.0921875 0.0328125
1 0.87421875 0.7125 0.05078125 0.08359375
1 0.74296875 0.73828125 0.059375 0.0875
1 0.67265625 0.703125 0.0671875 0.0859375
1 0.675 0.6390625 0.04296875 0.071875
1 0.6296875 0.68828125 0.0453125 0.07265625
1 0.54375 0.61796875 0.1328125 0.03359375
1 0.5046875 0.68671875 0.0296875 0.08125
1 0.57578125 0.7109375 0.10625 0.05
1 0.43984375 0.63359375 0.0375 0.0703125
1 0.38046875 0.64140625 0.06015625 0.08515625
1 0.38046875 0.590625 0.05234375 0.05625
1 0.3046875 0.61796875 0.05546875 0.059375
1 0.40546875 0.69296875 0.0859375 0.06484375
1 0.41953125 0.7234375 0.121875 0.02890625
1 0.32265625 0.6671875 0.10546875 0.053125
1 0.278125 0.671875 0.08125 0.078125
1 0.2421875 0.7671875 0.05703125 0.084375
1 0.27421875 0.734375 0.0671875 0.0859375
1 0.41640625 0.77578125 0.1078125 0.0546875
1 0.36953125 0.7859375 0.13125 0.06796875
1 0.25703125 0.85390625 0.1484375 0.05625
1 0.4265625 0.8453125 0.1375 0.03046875
1 0.58984375 0.846875 0.14453125 0.05546875
1 0.68984375 0.825 0.115625 0.065625
