1 0.37265625 0.1390625 0.0203125 0.0828125
1 0.3890625 0.06875 0.0734375 0.028125
1 0.26796875 0.23203125 0.028125 0.059375
1 0.33125 0.2203125 0.0375 0.0671875
1 0.33515625 0.2140625 0.046875 0.0546875
1 0.378125 0.2484375 0.03125 0.0671875
1 0.38515625 0.2109375 0.0484375 0.0421875
1 0.41484375 0.16953125 0.0640625 0.053125
1 0.43671875 0.125 0.071875 0.059375
1 0.4625 0.10390625 0.075 0.01875
1 0.575 0.13046875 0.028125 0.08125
1 0.49375 0.20703125 0.08125 0.021875
1 0.459375 0.2734375 0.0609375 0.0484375
1 0.50234375 0.28359375 0.0265625 0.0671875
1 0.53203125 0.315625 0.0421875 0.0828125
1 0.528125 0.25703125 0.0375 0.0546875
1 0.55546875 0.2203125 0.075 0.04375
1 0.58359375 0.2359375 0.05625 0.0359375
1 0.6046875 0.28671875 0.0359375 0.0828125
1 0.63046875 0.23203125 0.0734375 0.0546875
1 0.65546875 0.259375 0.0734375 0.059375
1 0.6890625 0.171875 0.0609375 0.05625
1 0.71484375 0.1609375 0.06875 0.021875
1 0.775 0.16015625 0.0890625 0.0359375
1 0.80625 0.1859375 0.0796875 0.0390625
1 0.75390625 0.24140625 0.078125 0.0359375
1 0.7484375 0.215625 0.0875 0.046875
1 0.78203125 0.30859375 0.078125 0.046875
1 0.80078125 0.2703125 0.0546875 0.0578125
1 0.7828125 0.23359375 0.078125 0.021875
1 0.73125 0.3359375 0.034375 0.0734375
1 0.5734375 0.390625 0.0546875 0.0875
1 0.6140625 0.40546875 0.0296875 0.0859375
1 0.6421875 0.38671875 0.0953125 0.01875
1 0.66875 0.3859375 0.059375 0.0296875
1 0.6640625 0.35390625 0.0875 0.03125
1 0.69765625 0.41171875 0.04375 0.071875
1 0.56640625 0.44375 0.0921875 0.0359375
1 0.7125 0.446875 0.0828125 0.015625
1 0.7375 0.56328125 0.034375 0.0515625
1 0.73828125 0.51796875 0.0296875 0.078125
1 0.73359375 0.46328125 0.0515625 0.0515625
1 0.678125 0.49921875 0.0625 0.034375
1 0.77578125 0.44609375 0.0359375 0.05625
1 0.80390625 0.39453125 0.0203125 0.0796875
1 0.8734375 0.36015625 0.0984375 0.03125
1 0.87421875 0.334375 0.0796875 0.0203125
1 0.88203125 0.30234375 0.0625 0.0546875
1 0.884375 0.43125 0.0734375 0.0578125
1 0.94453125 0.44296875 0.0609375 0.0953125
1 0.7859375 0.56328125 0.040625 0.0703125
1 0.83203125 0.55859375 0.0578125 0.075
1 0.84140625 0.5125 0.0671875 0.0625
1 0.815625 0.48046875 0.0390625 0.0703125
1 0.846875 0.48359375 0.0875 0.021875
1 0.8890625 0.55703125 0.0453125 0.053125
1 0.88515625 0.5171875 0.05625 0.090625
1 0.94765625 0.54765625 0.03125 0.103125
1 0.7515625 0.63515625 0.0625 0.075
1 0.771875 0.75625 0.0734375 0.0515625
1 0.79140625 0.796875 0.06875 0.06875
1 0.7625 0.75625 0.03125 0.08125
1 0.75625 0.7015625 0.053125 0.046875
1 0.784375 0.6546875 0.0671875 0.0359375
1 0.79375 0.615625 0.0765625 0.03125
1 0.8375 0.6609375 0.0375 0.0828125
1 0.88359375 0.66953125 0.1015625 0.0359375
1 0.88359375 0.6359375 0.0921875 0.0765625
1 0.8421875 0.74453125 0.0578125 0.0796875
1 0.6671875 0.8140625 0.0421875 0.1015625
1 0.70625 0.81953125 0.065625 0.0703125
1 0.71875 0.7796875 0.0953125 0.0328125
1 0.6890625 0.69765625 0.090625 0.0359375
1 0.6796875 0.6875 0.078125 0.065625
1 0.66484375 0.63671875 0.084375 0.040625
1 0.5734375 0.61015625 0.075 0.0546875
1 0.58359375 0.5953125 0.059375 0.0484375
1 0.509375 0.64921875 0.0640625 0.025
1 0.51171875 0.61171875 0.0953125 0.0234375
1 0.47109375 0.4828125 0.084375 0.05
1 0.49140625 0.48125 0.0484375 0.05
1 0.5078125 0.4609375 0.1 0.0734375
1 0.5046875 0.55390625 0.0484375 0.0984375
1 0.4296875 0.3671875 0.0390625 0.0890625
1 0.35234375 0.31328125 0.046875 0.034375
1 0.2328125 0.2015625 0.0515625 0.0671875
1 0.2453125 0.17265625 0.059375 0.0671875
1 0.2703125 0.146875 0.0578125 0.053125
1 0.29140625 0.125 0.065625 0.0703125
1 0.3265625 0.09765625 0.0609375 0.0640625
1 0.31953125 0.18671875 0.0859375 0.059375
1 0.1921875 0.19140625 0.065625 0.0375
1 0.13125 0.23359375 0.0921875 0.0359375
1 0.15546875 0.26328125 0.090625 0.0328125
1 0.16484375 0.2578125 0.0828125 0.0515625
1 0.178125 0.30390625 0.040625 0.05625
1 0.21015625 0.29921875 0.025 0.075
1 0.2484375 0.3265625 0.078125 0.04375
1 0.27109375 0.38125 0.040625 0.0734375
1 0.28125 0.421875 0.0296875 0.10625
1 0.30078125 0.3328125 0.08125 0.0296875
1 0.29140625 0.4671875 0.0921875 0.059375
1 0.2359375 0.45703125 0.0921875 0.0328125
1 0.046875 0.4875 0.0515625 0.0859375
1 0.09609375 0.484375 0.0359375 0.09375
1 0.11484375 0.45 0.0375 0.0703125
1 0.13671875 0.4375 0.0234375 0.09375
1 0.17578125 0.3890625 0.034375 0.08125
1 0.15 0.3671875 0.06875 0.0359375
1 0.05546875 0.36875 0.0625 0.0734375
1 0.090625 0.33828125 0.028125 0.0765625
1 0.1 0.31484375 0.0890625 0.0328125
1 0.06484375 0.4015625 0.028125 0.0765625
1 0.06328125 0.55703125 0.0546875 0.065625
1 0.0890625 0.53828125 0.084375 0.0359375
1 0.16640625 0.546875 0.0890625 0.034375
1 0.19609375 0.58984375 0.075 0.071875
1 0.3140625 0.5625 0.0875 0.0609375
1 0.421875 0.5859375 0.09375 0.0421875
1 0.41015625 0.57421875 0.090625 0.084375
1 0.409375 0.6359375 0.0609375 0.0734375
1 0.35703125 0.7078125 0.0390625 0.078125
1 0.403125 0.70859375 0.0703125 0.034375
1 0.4546875 0.6921875 0.090625 0.0453125
1 0.1578125 0.70078125 0.046875 0.0703125
1 0.184375 0.696875 0.04375 0.059375
1 0.21484375 0.671875 0.1109375 0.0296875
1 0.2296875 0.640625 0.0765625 0.065625
1 0.09375 0.70234375 0.0453125 0.103125
1 0.15703125 0.77734375 0.071875 0.0546875
1 0.23515625 0.75703125 0.071875 0.075
1 0.225 0.73515625 0.05625 0.0828125
1 0.296875 0.77734375 0.103125 0.028125
1 0.303125 0.7578125 0.0828125 0.05
1 0.40546875 0.778125 0.0546875 0.0578125
1 0.5578125 0.86171875 0.1171875 0.0296875
1 0.521875 0.821875 0.03125 0.065625
1 0.5328125 0.8046875 0.1 0.0328125
1 0.459375 0.84765625 0.0765625 0.059375
1 0.4890625 0.8109375 0.0453125 0.0765625
1 0.515625 0.78515625 0.109375 0.025
1 0.5421875 0.746875 0.0578125 0.0578125
1 0.44140625 0.8328125 0.0890625 0.0515625
1 0.521875 0.88671875 0.0625 0.0671875
1 0.59453125 0.81796875 0.0328125 0.0796875
1 0.3953125 0.87265625 0.096875 0.0515625
1 0.25546875 0.840625 0.04375 0.090625
1 0.3 0.85625 0.028125 0.0703125
1 0.3328125 0.87578125 0.0453125 0.0703125
1 0.3609375 0.85625 0.053125 0.0765625
