1 0.4828125 0.25234375 0.071875 0.0734375
1 0.53515625 0.290625 0.0859375 0.025
1 0.60390625 0.24921875 0.09375 0.01875
1 0.35703125 0.290625 0.078125 0.0609375
1 0.28046875 0.3015625 0.1015625 0.021875
1 0.28203125 0.33125 0.1109375 0.0234375
1 0.25546875 0.359375 0.0765625 0.0578125
1 0.2203125 0.35625 0.0390625 0.0671875
1 0.27578125 0.384375 0.0875 0.0328125
1 0.175 0.3484375 0.0375 0.0578125
1 0.16640625 0.40859375 0.0390625 0.090625
1 0.1609375 0.41015625 0.06875 0.071875
1 0.21640625 0.41875 0.0703125 0.0671875
1 0.115625 0.4265625 0.0421875 0.0609375
1 0.12421875 0.4734375 0.0421875 0.06875
1 0.08515625 0.4859375 0.021875 0.0765625
1 0.13203125 0.49765625 0.0203125 0.040625
1 0.14609375 0.53828125 0.0390625 0.0546875
1 0.12265625 0.565625 0.046875 0.0859375
1 0.14765625 0.56328125 0.0296875 0.0625
1 0.08828125 0.56953125 0.040625 0.096875
1 0.17109375 0.4953125 0.0296875 0.0796875
1 0.225 0.48828125 0.0984375 0.065625
1 0.2453125 0.44296875 0.10625 0.0265625
1 0.2890625 0.4828125 0.0921875 0.025
1 0.2625 0.5328125 0.109375 0.0421875
1 0.3515625 0.334375 0.10625 0.03125
1 0.41484375 0.3421875 0.109375 0.0390625
1 0.54453125 0.3328125 0.0625 0.0609375
1 0.6171875 0.3046875 0.0546875 0.09375
1 0.60390625 0.36640625 0.0921875 0.0265625
1 0.4671875 0.37265625 0.0828125 0.0640625
1 0.6078125 0.40234375 0.09375 0.04375
1 0.53046875 0.409375 0.0671875 0.071875
1 0.37109375 0.41171875 0.0421875 0.0625
1 0.3828125 0.4890625 0.0390625 0.075
1 0.78984375 0.32109375 0.075 0.0578125
1 0.7046875 0.29453125 0.065625 0.071875
1 0.72421875 0.35 0.1109375 0.0703125
1 0.8375 0.3875 0.025 0.0734375
1 0.83046875 0.4515625 0.0546875 0.0734375
1 0.73828125 0.48515625 0.090625 0.0390625
1 0.55078125 0.46953125 0.0765625 0.0390625
1 0.5296875 0.49296875 0.0828125 0.0265625
1 0.44453125 0.4890625 0.040625 0.0484375
1 0.36328125 0.5390625 0.08125 0.053125
1 0.88671875 0.459375 0.03125 0.0578125
1 0.615625 0.51953125 0.0640625 0.059375
1 0.5328125 0.54375 0.0953125 0.05
1 0.43984375 0.56796875 0.090625 0.01875
1 0.38125 0.6046875 0.090625 0.0421875
1 0.75546875 0.52890625 0.0828125 0.025
1 0.88828125 0.515625 0.0328125 0.071875
1 0.86328125 0.5203125 0.1328125 0.04375
1 0.86953125 0.56640625 0.109375 0.040625
1 0.703125 0.57109375 0.03125 0.0703125
1 0.7703125 0.5703125 0.0890625 0.05625
1 0.64375 0.5546875 0.090625 0.0265625
1 0.65234375 0.6 0.053125 0.08125
1 0.59453125 0.6 0.04375 0.0734375
1 0.52109375 0.59609375 0.096875 0.028125
1 0.55703125 0.61328125 0.0671875 0.06875
1 0.58828125 0.6046875 0.0296875 0.078125
1 0.403125 0.640625 0.0890625 0.046875
1 0.3203125 0.64609375 0.0328125 0.0875
1 0.2453125 0.5984375 0.0625 0.09375
1 0.27421875 0.5890625 0.0640625 0.0515625
1 0.2015625 0.565625 0.0515625 0.075
1 0.171875 0.66484375 0.1328125 0.0390625
1 0.88984375 0.62578125 0.025 0.0625
1 0.83125 0.6703125 0.0453125 0.0859375
1 0.85 0.59765625 0.090625 0.040625
1 0.8375 0.60703125 0.08125 0.04375
1 0.74296875 0.65078125 0.04375 0.078125
1 0.68671875 0.66328125 0.0984375 0.04375
1 0.63125 0.6640625 0.025 0.0734375
1 0.54609375 0.70625 0.1171875 0.0359375
1 0.5109375 0.65 0.1265625 0.06875
1 0.725 0.72109375 0.1203125 0.0484375
1 0.66796875 0.75546875 0.0859375 0.084375
1 0.5671875 0.75703125 0.090625 0.03125
1 0.4796875 0.76484375 0.125 0.0625
1 0.4953125 0.74296875 0.0765625 0.0703125
1 0.59140625 0.8359375 0.1015625 0.0609375
1 0.5890625 0.79921875 0.0953125 0.05
1 0.47578125 0.8546875 0.1 0.034375
1 0.41484375 0.8125 0.125 0.0453125
1 0.39609375 0.76015625 0.1125 0.04375
1 0.39765625 0.6984375 0.1015625 0.0265625
1 0.2921875 0.7 0.096875 0.04375
1 0.20078125 0.74453125 0.0796875 0.0515625
1 0.2375 0.7 0.09375 0.0515625
1 0.3 0.81328125 0.1203125 0.071875
1 0.3328125 0.76171875 0.096875 0.053125
1 0.28828125 0.7390625 0.10625 0.046875
