1 0.4265625 0.79296875 0.090625 0.065625
1 0.30625 0.73671875 0.09375 0.0328125
1 0.38671875 0.696875 0.103125 0.0578125
1 0.421875 0.66640625 0.0828125 0.0890625
1 0.46953125 0.77421875 0.0765625 0.0625
1 0.546875 0.73203125 0.078125 0.0625
1 0.5890625 0.7546875 0.0515625 0.08125
1 0.65 0.73046875 0.0828125 0.0625
1 0.715625 0.68046875 0.125 0.028125
1 0.57578125 0.63515625 0.053125 0.090625
1 0.78515625 0.590625 0.053125 0.0859375
1 0.23828125 0.646875 0.1125 0.046875
1 0.34921875 0.61015625 0.0578125 0.065625
1 0.2640625 0.584375 0.1015625 0.04375
1 0.15234375 0.58359375 0.0921875 0.059375
1 0.46015625 0.53125 0.059375 0.0921875
1 0.54140625 0.5140625 0.0328125 0.0890625
1 0.61484375 0.47890625 0.1046875 0.0328125
1 0.6828125 0.51171875 0.1125 0.0328125
1 0.71875 0.4734375 0.103125 0.040625
1 0.80234375 0.42421875 0.03125 0.090625
1 0.696875 0.36328125 0.065625 0.090625
1 0.49609375 0.42734375 0.1140625 0.0265625
1 0.4046875 0.4921875 0.040625 0.0828125
1 0.284375 0.525 0.0921875 0.0390625
1 0.1828125 0.509375 0.0375 0.0578125
1 0.09765625 0.5078125 0.0234375 0.0765625
1 0.315625 0.4703125 0.0359375 0.06875
1 0.240625 0.46640625 0.0359375 0.0765625
1 0.175 0.4546875 0.0578125 0.075
1 0.09453125 0.4140625 0.0875 0.05
1 0.34765625 0.42265625 0.084375 0.05
1 0.19765625 0.37890625 0.0984375 0.0421875
1 0.22421875 0.346875 0.0984375 0.0609375
1 0.23828125 0.3140625 0.03125 0.09375
1 0.29921875 0.346875 0.1015625 0.05
1 0.35078125 0.3625 0.078125 0.0546875
1 0.46171875 0.3421875 0.1171875 0.034375
1 0.5203125 0.30546875 0.075 0.0703125
1 0.67578125 0.2859375 0.1203125 0.0234375
1 0.45625 0.25390625 0.1015625 0.0671875
1 0.57109375 0.21875 0.1234375 0.0546875
