1 0.740625 0.778125 0.0984375 0.0875
1 0.58515625 0.79140625 0.04375 0.115625
1 0.7421875 0.75234375 0.0609375 0.0546875
1 0.51953125 0.79609375 0.0953125 0.078125
1 0.46484375 0.7359375 0.078125 0.0625
1 0.50234375 0.72265625 0.071875 0.09375
1 0.59921875 0.709375 0.10625 0.028125
1 0.359375 0.72578125 0.078125 0.059375
1 0.38828125 0.73828125 0.11875 0.05
1 0.2328125 0.64296875 0.0984375 0.0703125
1 0.3109375 0.62421875 0.0703125 0.0609375
1 0.41328125 0.62109375 0.05 0.0796875
1 0.52734375 0.6171875 0.0453125 0.0859375
1 0.66328125 0.59375 0.1296875 0.0390625
1 0.60234375 0.590625 0.09375 0.0515625
1 0.496875 0.5578125 0.1171875 0.03125
1 0.8484375 0.66484375 0.0765625 0.0734375
1 0.5484375 0.54140625 0.04375 0.0671875
1 0.39140625 0.178125 0.0765625 0.0625
1 0.42890625 0.159375 0.1109375 0.04375
1 0.47109375 0.221875 0.075 0.06875
1 0.3453125 0.2453125 0.0953125 0.0546875
1 0.33984375 0.23984375 0.1078125 0.0640625
1 0.3890625 0.2984375 0.0578125 0.053125
1 0.2296875 0.30390625 0.090625 0.0796875
1 0.809375 0.2234375 0.078125 0.0734375
1 0.90234375 0.28984375 0.103125 0.03125
1 0.64140625 0.2734375 0.078125 0.0640625
1 0.496875 0.33984375 0.1171875 0.021875
1 0.53359375 0.31953125 0.0640625 0.0625
1 0.565625 0.29140625 0.08125 0.05625
1 0.340625 0.36328125 0.0859375 0.0625
1 0.2640625 0.36015625 0.1046875 0.034375
1 0.22578125 0.51953125 0.1140625 0.0375
1 0.21875 0.49296875 0.065625 0.0703125
1 0.11015625 0.55625 0.046875 0.096875
1 0.14765625 0.49921875 0.040625 0.0875
1 0.20859375 0.4640625 0.0453125 0.053125
1 0.209375 0.43515625 0.0875 0.028125
1 0.2 0.39609375 0.084375 0.05625
1 0.30078125 0.4484375 0.1140625 0.0265625
1 0.35859375 0.471875 0.0625 0.05625
1 0.47265625 0.45546875 0.09375 0.034375
1 0.2640625 0.553125 0.1234375 0.0265625
1 0.5625 0.4859375 0.1140625 0.0421875
1 0.6203125 0.42890625 0.090625 0.028125
1 0.77265625 0.4140625 0.125 0.0421875
1 0.759375 0.4921875 0.096875 0.0578125
1 0.6953125 0.4875 0.04375 0.0875
1 0.90234375 0.51796875 0.0734375 0.0921875
1 0.9765625 0.44921875 0.046875 0.0890625
1 0.9265625 0.59453125 0.1359375 0.0546875
