1 0.24921875 0.15703125 0.025 0.0921875
1 0.2765625 0.1609375 0.0359375 0.0796875
1 0.20625 0.2734375 0.046875 0.0765625
1 0.23671875 0.22578125 0.0984375 0.0359375
1 0.13671875 0.24921875 0.1046875 0.03125
1 0.17890625 0.2015625 0.03125 0.0828125
1 0.25 0.29296875 0.071875 0.0671875
1 0.2546875 0.278125 0.03125 0.078125
1 0.28046875 0.34296875 0.0421875 0.078125
1 0.28828125 0.284375 0.0734375 0.0515625
1 0.19140625 0.3890625 0.08125 0.0296875
1 0.2 0.40390625 0.0265625 0.053125
1 0.203125 0.36171875 0.0375 0.0671875
1 0.08515625 0.3140625 0.0296875 0.084375
1 0.13203125 0.315625 0.034375 0.09375
1 0.1203125 0.47265625 0.0265625 0.09375
1 0.1140625 0.41875 0.0203125 0.0609375
1 0.1375 0.3828125 0.0375 0.0703125
1 0.059375 0.496875 0.040625 0.0703125
1 0.04765625 0.4484375 0.0390625 0.065625
1 0.05234375 0.41953125 0.0703125 0.059375
1 0.3421875 0.26796875 0.0203125 0.0734375
1 0.371875 0.2875 0.053125 0.05625
1 0.3265625 0.325 0.0328125 0.06875
1 0.3421875 0.3359375 0.0203125 0.08125
1 0.38203125 0.33203125 0.05625 0.0390625
1 0.4046875 0.38984375 0.09375 0.0609375
1 0.403125 0.41484375 0.040625 0.0859375
1 0.43125 0.37109375 0.0765625 0.0296875
1 0.4203125 0.36171875 0.0203125 0.0453125
1 0.34296875 0.415625 0.0546875 0.0609375
1 0.30390625 0.43828125 0.0546875 0.05
1 0.30625 0.46328125 0.0296875 0.0484375
1 0.28828125 0.40234375 0.053125 0.059375
1 0.27265625 0.41875 0.053125 0.0703125
1 0.23125 0.43515625 0.0796875 0.034375
1 0.196875 0.4453125 0.0546875 0.0515625
1 0.24453125 0.4703125 0.065625 0.0390625
1 0.221875 0.4671875 0.078125 0.040625
1 0.2546875 0.50234375 0.078125 0.0234375
1 0.2234375 0.52265625 0.025 0.0921875
1 0.2375 0.56640625 0.021875 0.0859375
1 0.20390625 0.5625 0.0234375 0.075
1 0.18984375 0.53046875 0.028125 0.0921875
1 0.16640625 0.53046875 0.0609375 0.046875
1 0.13828125 0.5859375 0.065625 0.0734375
1 0.14609375 0.62109375 0.0375 0.084375
1 0.09375 0.57265625 0.0328125 0.0640625
1 0.06171875 0.59609375 0.075 0.0328125
1 0.06796875 0.61796875 0.04375 0.05625
1 0.284375 0.53359375 0.0484375 0.0203125
1 0.31796875 0.525 0.046875 0.09375
1 0.32890625 0.51875 0.0453125 0.0703125
1 0.35390625 0.46328125 0.0609375 0.0390625
1 0.38359375 0.45859375 0.06875 0.0359375
1 0.38984375 0.5703125 0.05625 0.08125
1 0.3953125 0.56875 0.03125 0.08125
1 0.346875 0.5765625 0.025 0.0515625
1 0.32109375 0.6109375 0.046875 0.0578125
1 0.32890625 0.62109375 0.0140625 0.05
1 0.27734375 0.621875 0.1046875 0.0265625
1 0.359375 0.66796875 0.03125 0.10625
1 0.20234375 0.6625 0.0578125 0.075
1 0.2 0.63828125 0.021875 0.078125
1 0.19296875 0.690625 0.0859375 0.0453125
1 0.20234375 0.69296875 0.025 0.0734375
1 0.1296875 0.6484375 0.1 0.0296875
1 0.1203125 0.7109375 0.0578125 0.1125
1 0.11328125 0.70390625 0.078125 0.0484375
1 0.140625 0.69453125 0.0328125 0.0671875
1 0.1484375 0.74609375 0.040625 0.0984375
1 0.2078125 0.75078125 0.0390625 0.075
1 0.2265625 0.76484375 0.0296875 0.084375
1 0.25078125 0.73125 0.0203125 0.10625
1 0.25625 0.76328125 0.03125 0.0703125
1 0.28671875 0.66953125 0.0625 0.0359375
1 0.25859375 0.66171875 0.0703125 0.053125
1 0.31953125 0.7125 0.0234375 0.1140625
1 0.37265625 0.7265625 0.0703125 0.025
1 0.31015625 0.78125 0.090625 0.05
1 0.303125 0.81484375 0.0890625 0.0328125
1 0.21328125 0.8296875 0.08125 0.034375
1 0.25 0.853125 0.0265625 0.075
1 0.27578125 0.85625 0.03125 0.0703125
1 0.346875 0.89375 0.0890625 0.053125
1 0.3984375 0.8859375 0.0390625 0.0875
1 0.428125 0.8828125 0.0859375 0.03125
1 0.440625 0.88046875 0.03125 0.1
1 0.471875 0.896875 0.0765625 0.0640625
1 0.5015625 0.87265625 0.034375 0.0953125
1 0.4484375 0.85703125 0.1078125 0.0359375
1 0.38125 0.80078125 0.06875 0.053125
1 0.47109375 0.77265625 0.0625 0.0640625
1 0.515625 0.76875 0.0609375 0.0359375
1 0.48984375 0.809375 0.109375 0.0265625
1 0.45625 0.5890625 0.0296875 0.0703125
1 0.490625 0.621875 0.0515625 0.0203125
1 0.49765625 0.60546875 0.0328125 0.0921875
1 0.5203125 0.6203125 0.03125 0.075
1 0.53359375 0.653125 0.059375 0.0234375
1 0.55390625 0.69375 0.028125 0.0890625
1 0.55234375 0.5828125 0.0953125 0.03125
1 0.5859375 0.5828125 0.034375 0.0515625
1 0.603125 0.553125 0.0875 0.0421875
1 0.6046875 0.5515625 0.0234375 0.0953125
1 0.5453125 0.55234375 0.0671875 0.0578125
1 0.428125 0.54296875 0.040625 0.05625
1 0.4734375 0.54140625 0.0796875 0.0296875
1 0.46796875 0.51171875 0.0703125 0.025
1 0.4390625 0.50546875 0.0609375 0.0390625
1 0.50078125 0.4765625 0.0828125 0.046875
1 0.5578125 0.50234375 0.078125 0.040625
1 0.57734375 0.4703125 0.0484375 0.05625
1 0.6140625 0.46953125 0.03125 0.075
1 0.50078125 0.41796875 0.0734375 0.0375
1 0.49375 0.35078125 0.053125 0.0234375
1 0.47578125 0.3625 0.0546875 0.046875
1 0.47578125 0.33828125 0.0125 0.04375
1 0.4453125 0.3 0.028125 0.0703125
1 0.47265625 0.25625 0.0671875 0.075
1 0.5359375 0.2359375 0.0625 0.05
1 0.471875 0.2515625 0.0765625 0.0390625
1 0.5375 0.29609375 0.028125 0.084375
1 0.6265625 0.2859375 0.0796875 0.0453125
1 0.58828125 0.33046875 0.0234375 0.059375
1 0.63046875 0.3609375 0.046875 0.0609375
1 0.68125 0.36640625 0.0359375 0.0671875
1 0.67109375 0.27421875 0.0671875 0.0234375
1 0.68125 0.2703125 0.0421875 0.053125
1 0.64453125 0.2390625 0.0875 0.034375
1 0.69453125 0.2140625 0.0390625 0.078125
1 0.72109375 0.2203125 0.059375 0.0328125
1 0.71640625 0.17578125 0.0234375 0.0796875
1 0.73125 0.15234375 0.04375 0.0578125
1 0.67578125 0.1328125 0.053125 0.05625
1 0.675 0.1 0.0421875 0.0484375
1 0.684375 0.12109375 0.065625 0.0234375
1 0.6 0.11875 0.0734375 0.03125
1 0.58515625 0.0890625 0.084375 0.034375
1 0.4796875 0.1359375 0.034375 0.084375
1 0.44453125 0.12265625 0.03125 0.065625
1 0.34609375 0.11640625 0.0796875 0.0609375
1 0.38125 0.19140625 0.053125 0.05625
1 0.38203125 0.1890625 0.0671875 0.021875
1 0.453125 0.16015625 0.08125 0.0359375
1 0.54453125 0.16875 0.0796875 0.015625
1 0.51640625 0.19296875 0.078125 0.0171875
1 0.765625 0.17890625 0.0453125 0.0671875
1 0.81796875 0.215625 0.0734375 0.028125
1 0.80703125 0.2859375 0.046875 0.1046875
1 0.7921875 0.246875 0.0265625 0.0859375
1 0.87109375 0.309375 0.096875 0.0515625
1 0.83515625 0.340625 0.059375 0.065625
1 0.8 0.3734375 0.0390625 0.0703125
1 0.89921875 0.3578125 0.0859375 0.0640625
1 0.85234375 0.41875 0.0625 0.0890625
1 0.85546875 0.409375 0.0625 0.065625
1 0.90390625 0.4171875 0.1046875 0.0390625
1 0.93046875 0.51640625 0.0421875 0.0984375
1 0.89765625 0.56328125 0.11875 0.0328125
1 0.84609375 0.51796875 0.078125 0.0734375
1 0.7953125 0.51171875 0.0453125 0.0765625
1 0.82265625 0.5484375 0.0890625 0.05
1 0.72421875 0.43828125 0.025 0.0703125
1 0.67421875 0.51640625 0.025 0.0546875
1 0.72734375 0.51953125 0.025 0.0703125
1 0.76796875 0.559375 0.0359375 0.08125
1 0.79375 0.61171875 0.0703125 0.0859375
1 0.77109375 0.6 0.0703125 0.0796875
1 0.78359375 0.5796875 0.040625 0.0359375
1 0.73671875 0.6171875 0.0625 0.0421875
1 0.7171875 0.58984375 0.03125 0.0671875
1 0.71953125 0.5515625 0.078125 0.0359375
1 0.65859375 0.60625 0.0484375 0.0625
1 0.68203125 0.63359375 0.0328125 0.040625
1 0.72109375 0.6609375 0.01875 0.0671875
1 0.80703125 0.63515625 0.09375 0.04375
1 0.8375 0.7140625 0.0890625 0.078125
1 0.80703125 0.6734375 0.0265625 0.059375
1 0.82265625 0.6546875 0.034375 0.071875
1 0.765625 0.6984375 0.0703125 0.046875
1 0.87109375 0.6640625 0.1 0.059375
1 0.8875 0.66328125 0.0765625 0.0984375
1 0.82890625 0.7453125 0.05625 0.078125
1 0.7484375 0.79375 0.059375 0.0875
1 0.7359375 0.746875 0.096875 0.0234375
1 0.63984375 0.7171875 0.0703125 0.0703125
1 0.6046875 0.70859375 0.0296875 0.0703125
1 0.659375 0.74921875 0.03125 0.08125
1 0.659375 0.80390625 0.0921875 0.071875
1 0.62265625 0.78359375 0.0328125 0.084375
1 0.63671875 0.85546875 0.059375 0.0859375
1 0.6609375 0.80390625 0.0515625 0.0578125
1 0.6921875 0.7953125 0.0796875 0.0578125
1 0.6171875 0.878125 0.0859375 0.0375
1 0.61640625 0.85625 0.090625 0.0203125
