1 0.40078125 0.14453125 0.096875 0.0484375
1 0.32734375 0.171875 0.0859375 0.028125
1 0.31875 0.14765625 0.0859375 0.0328125
1 0.26015625 0.18046875 0.0328125 0.075
1 0.28046875 0.23828125 0.0625 0.0578125
1 0.34453125 0.22890625 0.0828125 0.0359375
1 0.43984375 0.2140625 0.040625 0.0578125
1 0.403125 0.29453125 0.0578125 0.06875
1 0.41328125 0.2484375 0.0890625 0.0265625
1 0.45234375 0.29765625 0.0796875 0.04375
1 0.509375 0.25 0.034375 0.059375
1 0.56484375 0.2453125 0.0671875 0.06875
1 0.625 0.28984375 0.0578125 0.075
1 0.6296875 0.26953125 0.090625 0.0390625
1 0.5953125 0.19296875 0.121875 0.025
1 0.68828125 0.19140625 0.1015625 0.0234375
1 0.64296875 0.1375 0.084375 0.021875
1 0.74140625 0.2421875 0.096875 0.021875
1 0.84609375 0.3171875 0.0625 0.0546875
1 0.85625 0.28828125 0.0421875 0.0625
1 0.82109375 0.384375 0.0765625 0.0453125
1 0.72734375 0.365625 0.090625 0.0546875
1 0.73359375 0.4109375 0.034375 0.0921875
1 0.7734375 0.4375 0.0765625 0.040625
1 0.58984375 0.40625 0.096875 0.0609375
1 0.48984375 0.434375 0.096875 0.0390625
1 0.31171875 0.321875 0.053125 0.078125
1 0.24921875 0.29609375 0.0734375 0.015625
1 0.2171875 0.28203125 0.0859375 0.025
1 0.16875 0.3 0.025 0.090625
1 0.2046875 0.35703125 0.0359375 0.075
1 0.19375 0.43203125 0.0609375 0.0796875
1 0.09453125 0.4640625 0.028125 0.1125
1 0.078125 0.38203125 0.0625 0.0875
1 0.31328125 0.478125 0.046875 0.0796875
1 0.384375 0.47265625 0.0453125 0.0765625
1 0.446875 0.50625 0.1125 0.03125
1 0.52578125 0.53515625 0.0984375 0.0234375
1 0.428125 0.5703125 0.096875 0.0421875
1 0.36171875 0.6171875 0.0921875 0.025
1 0.29609375 0.58515625 0.0609375 0.078125
1 0.22421875 0.58671875 0.0421875 0.06875
1 0.16796875 0.55234375 0.028125 0.0984375
1 0.61875 0.5875 0.0265625 0.090625
1 0.8453125 0.4609375 0.06875 0.0734375
1 0.95078125 0.4078125 0.05 0.075
1 0.871875 0.52109375 0.0453125 0.0625
1 0.90625 0.50546875 0.0421875 0.09375
1 0.81171875 0.559375 0.08125 0.0796875
1 0.8328125 0.6046875 0.0421875 0.103125
1 0.746875 0.553125 0.1140625 0.0578125
1 0.75859375 0.6390625 0.10625 0.025
1 0.91015625 0.6109375 0.0515625 0.0875
1 0.85625 0.7390625 0.0328125 0.1140625
1 0.89609375 0.68359375 0.03125 0.1
1 0.80546875 0.77578125 0.0640625 0.0671875
1 0.7609375 0.74375 0.0640625 0.0671875
1 0.77734375 0.709375 0.05625 0.08125
1 0.7 0.8078125 0.075 0.0671875
1 0.66328125 0.84609375 0.0703125 0.0484375
1 0.6390625 0.840625 0.0671875 0.0671875
1 0.5875 0.85703125 0.0859375 0.0609375
1 0.50234375 0.87421875 0.10625 0.03125
1 0.39921875 0.834375 0.0828125 0.0828125
1 0.4953125 0.83515625 0.1265625 0.03125
1 0.51015625 0.8203125 0.1078125 0.0375
1 0.63125 0.74921875 0.08125 0.084375
1 0.5625 0.740625 0.0890625 0.078125
1 0.39140625 0.796875 0.109375 0.0703125
1 0.28828125 0.8171875 0.1 0.0390625
1 0.18984375 0.721875 0.0828125 0.0546875
1 0.3234375 0.709375 0.115625 0.0515625
1 0.32109375 0.66015625 0.1 0.04375
