1 0.40390625 0.28359375 0.10703125 0.0546875
1 0.22109375 0.36484375 0.09140625 0.0640625
1 0.33046875 0.39609375 0.10859375 0.053125
1 0.1953125 0.43359375 0.0828125 0.0390625
1 0.2390625 0.4609375 0.06640625 0.06640625
1 0.26796875 0.5421875 0.05859375 0.07734375
1 0.38984375 0.54453125 0.03984375 0.06484375
1 0.4296875 0.4796875 0.0484375 0.071875
1 0.49921875 0.46015625 0.0484375 0.0671875
1 0.63203125 0.30703125 0.078125 0.0328125
1 0.7453125 0.35 0.1234375 0.0484375
1 0.71328125 0.434375 0.08125 0.0875
1 0.69296875 0.3859375 0.065625 0.046875
1 0.7546875 0.39609375 0.0734375 0.07421875
1 0.60703125 0.425 0.07734375 0.0765625
1 0.54921875 0.46953125 0.07109375 0.075
1 0.59140625 0.49453125 0.08359375 0.1
1 0.75234375 0.509375 0.075 0.05625
1 0.79921875 0.48984375 0.06484375 0.0875
1 0.81796875 0.52890625 0.05546875 0.09921875
1 0.84609375 0.51796875 0.0953125 0.046875
1 0.865625 0.4703125 0.0984375 0.03046875
1 0.871875 0.45078125 0.1125 0.02421875
1 0.15859375 0.6328125 0.11875 0.0515625
1 0.2578125 0.671875 0.08125 0.065625
1 0.3515625 0.66875 0.1328125 0.0234375
1 0.3234375 0.6609375 0.07265625 0.04765625
1 0.38828125 0.60546875 0.08984375 0.04609375
1 0.465625 0.6765625 0.08984375 0.0734375
1 0.52734375 0.63828125 0.0453125 0.09453125
1 0.6859375 0.61015625 0.0546875 0.0796875
1 0.74140625 0.6296875 0.1 0.04296875
1 0.81796875 0.653125 0.0609375 0.075
1 0.8546875 0.6875 0.0890625 0.06171875
1 0.61171875 0.740625 0.1359375 0.0359375
1 0.70546875 0.73203125 0.11328125 0.0515625
1 0.4609375 0.734375 0.13984375 0.05234375
1 0.471875 0.79140625 0.08125 0.08125
