1 0.5890625 0.14296875 0.1171875 0.034375
1 0.48125 0.14609375 0.0953125 0.0484375
1 0.50625 0.1359375 0.078125 0.0296875
1 0.42109375 0.1421875 0.1015625 0.0828125
1 0.40234375 0.20078125 0.096875 0.0625
1 0.3109375 0.16796875 0.09375 0.0546875
1 0.28828125 0.225 0.1140625 0.01875
1 0.528125 0.18515625 0.1078125 0.04375
1 0.625 0.2359375 0.03125 0.1015625
1 0.6703125 0.19453125 0.0390625 0.090625
1 0.6140625 0.2625 0.09375 0.0390625
1 0.54453125 0.24375 0.115625 0.0328125
1 0.3296875 0.27109375 0.0828125 0.028125
1 0.36875 0.3 0.0703125 0.046875
1 0.41875 0.32265625 0.109375 0.021875
1 0.5109375 0.30859375 0.1046875 0.0515625
1 0.17890625 0.26015625 0.0921875 0.0484375
1 0.12265625 0.30234375 0.0953125 0.0203125
1 0.24375 0.353125 0.0375 0.0734375
1 0.2921875 0.37734375 0.0421875 0.0796875
1 0.35546875 0.36953125 0.0578125 0.059375
1 0.35234375 0.359375 0.10625 0.025
1 0.45546875 0.36171875 0.103125 0.040625
1 0.2125 0.3984375 0.0953125 0.0296875
1 0.07890625 0.45234375 0.08125 0.046875
1 0.0796875 0.41796875 0.0640625 0.0765625
1 0.11015625 0.375 0.025 0.0765625
1 0.16796875 0.37109375 0.04375 0.0859375
1 0.58125 0.36953125 0.0328125 0.0953125
1 0.62890625 0.31640625 0.075 0.0453125
1 0.52578125 0.41328125 0.0578125 0.071875
1 0.471875 0.4265625 0.0421875 0.08125
1 0.4171875 0.4625 0.0609375 0.0875
1 0.7125 0.3203125 0.0828125 0.0546875
1 0.7296875 0.2984375 0.0703125 0.0578125
1 0.796875 0.29375 0.090625 0.0515625
1 0.81328125 0.3375 0.0921875 0.0171875
1 0.8421875 0.39609375 0.0515625 0.0984375
1 0.8609375 0.35703125 0.06875 0.034375
1 0.8109375 0.440625 0.1203125 0.05625
1 0.71953125 0.43515625 0.046875 0.0875
1 0.75625 0.42109375 0.08125 0.0640625
1 0.7015625 0.4171875 0.1 0.05625
1 0.703125 0.365625 0.1125 0.0375
1 0.675 0.47109375 0.0703125 0.065625
1 0.58515625 0.47421875 0.1046875 0.034375
1 0.5125 0.496875 0.0453125 0.0796875
1 0.53046875 0.5453125 0.0703125 0.04375
1 0.6796875 0.53359375 0.071875 0.0515625
1 0.88046875 0.48203125 0.0953125 0.046875
1 0.859375 0.4640625 0.09375 0.0578125
1 0.92421875 0.4359375 0.08125 0.084375
1 0.8515625 0.509375 0.0921875 0.0265625
1 0.86953125 0.540625 0.0484375 0.053125
1 0.8984375 0.57734375 0.0390625 0.075
1 0.93828125 0.5546875 0.1 0.065625
1 0.93984375 0.61171875 0.0671875 0.059375
1 0.8046875 0.5921875 0.078125 0.090625
1 0.75625 0.546875 0.0390625 0.059375
1 0.7765625 0.56796875 0.04375 0.090625
1 0.8140625 0.690625 0.0265625 0.09375
1 0.734375 0.77265625 0.0578125 0.075
1 0.753125 0.775 0.0671875 0.0796875
1 0.7953125 0.74609375 0.03125 0.0890625
1 0.8421875 0.7265625 0.0390625 0.0984375
1 0.6765625 0.796875 0.0296875 0.0734375
1 0.70546875 0.66953125 0.0859375 0.040625
1 0.6375 0.61640625 0.1140625 0.034375
1 0.5828125 0.6265625 0.0421875 0.0859375
1 0.5984375 0.68046875 0.1125 0.0375
1 0.50625 0.68515625 0.1015625 0.0265625
1 0.609375 0.7421875 0.1078125 0.0421875
1 0.478125 0.59296875 0.078125 0.0453125
1 0.42421875 0.5421875 0.0375 0.05625
1 0.35859375 0.5421875 0.0828125 0.053125
1 0.340625 0.515625 0.1015625 0.0359375
1 0.24375 0.53828125 0.028125 0.0796875
1 0.24609375 0.47109375 0.1078125 0.028125
1 0.23984375 0.4734375 0.0359375 0.0734375
1 0.14609375 0.51875 0.0328125 0.09375
1 0.071875 0.53515625 0.0296875 0.078125
1 0.159375 0.59296875 0.10625 0.0375
1 0.275 0.61796875 0.109375 0.0203125
1 0.3765625 0.64375 0.0328125 0.06875
1 0.403125 0.5921875 0.06875 0.059375
1 0.30234375 0.7390625 0.046875 0.0984375
1 0.32578125 0.68125 0.103125 0.0203125
1 0.20859375 0.6921875 0.0375 0.0890625
1 0.42578125 0.709375 0.046875 0.0609375
1 0.48828125 0.765625 0.0671875 0.075
1 0.62890625 0.79296875 0.0984375 0.028125
1 0.54765625 0.8671875 0.084375 0.0609375
1 0.48046875 0.83671875 0.10625 0.0328125
