1 0.16640625 0.51953125 0.05234375 0.096875
1 0.23046875 0.5140625 0.06328125 0.07890625
1 0.27890625 0.540625 0.05234375 0.09453125
1 0.38671875 0.49296875 0.1515625 0.06171875
1 0.36953125 0.55859375 0.1109375 0.10234375
1 0.49296875 0.5484375 0.07890625 0.09296875
1 0.43125 0.59296875 0.103125 0.090625
1 0.5640625 0.490625 0.1359375 0.0390625
1 0.57578125 0.56875 0.12109375 0.090625
1 0.78359375 0.46640625 0.10546875 0.06328125
1 0.79375 0.5375 0.090625 0.09765625
1 0.73359375 0.58515625 0.1953125 0.07734375
1 0.70859375 0.61875 0.11796875 0.0921875
1 0.79609375 0.65703125 0.1203125 0.084375
1 0.71796875 0.7109375 0.07109375 0.12890625
1 0.81640625 0.7 0.04453125 0.15625
1 0.884375 0.72109375 0.0828125 0.12578125
1 0.63046875 0.65546875 0.07265625 0.109375
1 0.5640625 0.70625 0.08203125 0.1296875
1 0.69375 0.78828125 0.1890625 0.115625
1 0.5109375 0.834375 0.23671875 0.0734375
1 0.48828125 0.69140625 0.20078125 0.0390625
1 0.1671875 0.57734375 0.11953125 0.084375
1 0.20078125 0.6203125 0.14140625 0.06875
1 0.1234375 0.6484375 0.09375 0.1046875
1 0.17890625 0.72421875 0.06640625 0.1421875
1 0.24296875 0.66875 0.08125 0.11328125
1 0.4046875 0.7171875 0.18359375 0.06875
1 0.31953125 0.721875 0.14453125 0.04609375
1 0.296875 0.7890625 0.1875 0.0640625
1 0.49140625 0.7875 0.2046875 0.05
