1 0.36640625 0.23203125 0.1140625 0.0296875
1 0.37421875 0.33515625 0.096875 0.034375
1 0.5671875 0.30078125 0.1015625 0.0265625
1 0.5921875 0.34609375 0.046875 0.0546875
1 0.71015625 0.2828125 0.1015625 0.0390625
1 0.725 0.315625 0.0890625 0.0375
1 0.79609375 0.3625 0.0234375 0.0734375
1 0.82421875 0.3390625 0.0984375 0.0265625
1 0.83203125 0.39765625 0.0625 0.0578125
1 0.83984375 0.46875 0.05625 0.071875
1 0.6921875 0.39375 0.0984375 0.0421875
1 0.746875 0.45 0.03125 0.0796875
1 0.71015625 0.496875 0.071875 0.0765625
1 0.81953125 0.51875 0.0765625 0.03125
1 0.73515625 0.55703125 0.0625 0.065625
1 0.68359375 0.63125 0.0640625 0.0859375
1 0.78046875 0.58828125 0.0359375 0.0890625
1 0.80078125 0.66015625 0.04375 0.0796875
1 0.75625 0.71171875 0.0734375 0.0296875
1 0.72734375 0.71953125 0.0703125 0.0546875
1 0.65703125 0.7515625 0.1046875 0.028125
1 0.68828125 0.7 0.075 0.046875
1 0.575 0.67734375 0.109375 0.025
1 0.484375 0.65859375 0.0640625 0.0609375
1 0.509375 0.7484375 0.121875 0.05
1 0.39296875 0.7734375 0.0375 0.071875
1 0.428125 0.69375 0.075 0.0875
1 0.27578125 0.7203125 0.05625 0.10625
1 0.16328125 0.68046875 0.0515625 0.0421875
1 0.50078125 0.61484375 0.115625 0.034375
1 0.6015625 0.60234375 0.096875 0.040625
1 0.5875 0.52421875 0.1125 0.028125
1 0.51171875 0.5296875 0.06875 0.0640625
1 0.5703125 0.4796875 0.0625 0.0546875
1 0.38203125 0.58046875 0.0953125 0.0390625
1 0.38125 0.50234375 0.0875 0.03125
1 0.3984375 0.55 0.05625 0.0703125
1 0.23046875 0.5875 0.0953125 0.025
1 0.20390625 0.5421875 0.0453125 0.075
1 0.3359375 0.4953125 0.053125 0.0609375
1 0.34375 0.46171875 0.0953125 0.0328125
1 0.32578125 0.4359375 0.0953125 0.0265625
1 0.39140625 0.40859375 0.034375 0.065625
1 0.4609375 0.4125 0.1078125 0.0375
1 0.2265625 0.440625 0.0609375 0.0609375
1 0.071875 0.396875 0.0265625 0.08125
1 0.11796875 0.396875 0.090625 0.04375
1 0.11640625 0.35546875 0.034375 0.0609375
1 0.04609375 0.475 0.0890625 0.046875
1 0.015625 0.546875 0.03125 0.075
1 0.06640625 0.65859375 0.084375 0.075
1 0.08125 0.58046875 0.084375 0.0625
