1 0.52421875 0.27109375 0.0890625 0.028125
1 0.6046875 0.2703125 0.0671875 0.059375
1 0.64609375 0.275 0.071875 0.04375
1 0.7484375 0.3046875 0.0890625 0.034375
1 0.67890625 0.36015625 0.071875 0.0390625
1 0.66328125 0.340625 0.04375 0.0578125
1 0.69296875 0.4 0.10625 0.0515625
1 0.784375 0.40234375 0.03125 0.075
1 0.734375 0.42109375 0.04375 0.0515625
1 0.66171875 0.45 0.028125 0.05
1 0.72890625 0.48671875 0.10625 0.0390625
1 0.84921875 0.50546875 0.046875 0.065625
1 0.859375 0.646875 0.0328125 0.08125
1 0.81796875 0.690625 0.0703125 0.0578125
1 0.78515625 0.68125 0.0796875 0.0828125
1 0.7671875 0.66875 0.0703125 0.0515625
1 0.74453125 0.61015625 0.0359375 0.0796875
1 0.615625 0.5796875 0.0671875 0.065625
1 0.5859375 0.678125 0.1359375 0.021875
1 0.6125 0.66015625 0.0828125 0.0375
1 0.5671875 0.72578125 0.0984375 0.065625
1 0.5125 0.7359375 0.0359375 0.071875
1 0.58359375 0.77890625 0.090625 0.0296875
1 0.6421875 0.7953125 0.1015625 0.0671875
1 0.48828125 0.78984375 0.121875 0.0359375
1 0.4765625 0.815625 0.034375 0.08125
1 0.4078125 0.8 0.0734375 0.0859375
1 0.29375 0.7609375 0.1 0.0390625
1 0.4328125 0.7453125 0.1078125 0.028125
1 0.40078125 0.69140625 0.0875 0.05625
1 0.4390625 0.69453125 0.0765625 0.0828125
1 0.4265625 0.62109375 0.109375 0.028125
1 0.51015625 0.57421875 0.0515625 0.0703125
1 0.390625 0.5640625 0.103125 0.0359375
1 0.31953125 0.66328125 0.0859375 0.046875
1 0.22109375 0.6640625 0.0859375 0.06875
1 0.2296875 0.6671875 0.0421875 0.078125
1 0.184375 0.70078125 0.0875 0.0640625
1 0.2296875 0.59453125 0.065625 0.0578125
1 0.178125 0.5953125 0.03125 0.04375
1 0.0875 0.571875 0.0375 0.0625
1 0.2 0.5234375 0.04375 0.065625
1 0.34296875 0.51015625 0.034375 0.065625
1 0.42734375 0.50703125 0.0734375 0.053125
1 0.42265625 0.48671875 0.096875 0.028125
1 0.2515625 0.47421875 0.078125 0.0453125
1 0.12265625 0.46015625 0.078125 0.05625
1 0.19765625 0.43125 0.0671875 0.0390625
1 0.3328125 0.39140625 0.084375 0.015625
1 0.3921875 0.41171875 0.0375 0.0625
1 0.40390625 0.36015625 0.0984375 0.021875
1 0.73046875 0.728125 0.1078125 0.03125
