1 0.3703125 0.75625 0.0375 0.0859375
1 0.50546875 0.765625 0.11875 0.0328125
1 0.646875 0.7359375 0.1171875 0.028125
1 0.5296875 0.69375 0.059375 0.078125
1 0.43671875 0.6578125 0.1203125 0.046875
1 0.571875 0.621875 0.11875 0.021875
1 0.25390625 0.646875 0.0703125 0.0578125
1 0.2109375 0.603125 0.05625 0.090625
1 0.34453125 0.58515625 0.05 0.090625
1 0.42890625 0.54765625 0.0546875 0.090625
1 0.53828125 0.53671875 0.03125 0.0828125
1 0.6671875 0.4734375 0.0671875 0.0921875
1 0.2203125 0.49140625 0.040625 0.103125
1 0.3265625 0.46328125 0.09375 0.071875
1 0.79453125 0.4671875 0.0578125 0.1078125
1 0.47421875 0.38671875 0.075 0.078125
1 0.36640625 0.3171875 0.11875 0.05625
