1 0.64453125 0.82578125 0.11875 0.0453125
1 0.7703125 0.7703125 0.1203125 0.04375
1 0.809375 0.66015625 0.0765625 0.096875
1 0.58125 0.7421875 0.1359375 0.0609375
1 0.40234375 0.725 0.1328125 0.028125
1 0.29609375 0.6765625 0.1078125 0.0625
1 0.24921875 0.61015625 0.1125 0.059375
1 0.14609375 0.66484375 0.0453125 0.084375
1 0.15234375 0.50546875 0.1203125 0.0390625
1 0.328125 0.51171875 0.11875 0.046875
1 0.490625 0.5203125 0.0984375 0.04375
1 0.5234375 0.40859375 0.0359375 0.096875
1 0.12578125 0.48203125 0.065625 0.078125
1 0.13828125 0.4375 0.109375 0.0546875
1 0.2953125 0.3 0.115625 0.059375
1 0.3125 0.28203125 0.1078125 0.053125
1 0.4484375 0.23046875 0.1265625 0.0359375
