1 0.5296875 0.81015625 0.05 0.0859375
1 0.40546875 0.821875 0.0890625 0.0390625
1 0.6453125 0.75390625 0.0890625 0.05
1 0.365625 0.790625 0.096875 0.015625
1 0.3328125 0.74921875 0.0703125 0.0640625
1 0.359375 0.76640625 0.059375 0.028125
1 0.29921875 0.6890625 0.03125 0.0734375
1 0.3984375 0.6796875 0.034375 0.0703125
1 0.44375 0.6609375 0.0421875 0.05625
1 0.62109375 0.68828125 0.08125 0.0359375
1 0.77578125 0.69609375 0.0578125 0.0671875
1 0.7890625 0.63984375 0.059375 0.028125
1 0.7296875 0.6390625 0.0359375 0.0671875
1 0.69375 0.59375 0.0484375 0.059375
1 0.5859375 0.61328125 0.034375 0.071875
1 0.503125 0.63828125 0.0859375 0.05625
1 0.3359375 0.6515625 0.1 0.0375
1 0.2296875 0.64921875 0.0984375 0.028125
1 0.1671875 0.65859375 0.0625 0.0578125
1 0.13046875 0.6265625 0.025 0.071875
1 0.159375 0.4984375 0.04375 0.040625
1 0.28125 0.52578125 0.0734375 0.028125
1 0.32734375 0.53671875 0.0546875 0.0515625
1 0.34453125 0.53671875 0.0578125 0.053125
1 0.4484375 0.49296875 0.053125 0.0484375
1 0.546875 0.54375 0.071875 0.04375
1 0.678125 0.5296875 0.078125 0.0234375
1 0.584375 0.5203125 0.0828125 0.01875
1 0.73671875 0.5421875 0.0515625 0.065625
1 0.778125 0.5578125 0.034375 0.0578125
1 0.79765625 0.53046875 0.040625 0.06875
1 0.66171875 0.475 0.059375 0.021875
1 0.771875 0.41796875 0.04375 0.0484375
1 0.71953125 0.40859375 0.075 0.0515625
1 0.6 0.4609375 0.0640625 0.05625
1 0.61796875 0.46015625 0.0421875 0.046875
1 0.61484375 0.446875 0.053125 0.059375
1 0.5125 0.459375 0.0390625 0.0515625
1 0.55 0.45078125 0.0640625 0.05
1 0.55546875 0.46484375 0.0390625 0.0453125
1 0.653125 0.35390625 0.0828125 0.0390625
1 0.546875 0.38359375 0.046875 0.015625
1 0.590625 0.3890625 0.0765625 0.01875
1 0.49765625 0.32890625 0.0796875 0.0453125
1 0.47265625 0.3859375 0.0390625 0.028125
1 0.4671875 0.35625 0.065625 0.0375
1 0.39140625 0.3984375 0.05 0.03125
1 0.40703125 0.44375 0.0625 0.040625
1 0.35 0.44921875 0.0171875 0.05
1 0.30078125 0.46171875 0.0484375 0.0328125
1 0.29375 0.3859375 0.040625 0.0453125
1 0.34453125 0.4125 0.0453125 0.0375
