1 0.13671875 0.4890625 0.053125 0.08046875
1 0.2 0.5046875 0.059375 0.07890625
1 0.25546875 0.5140625 0.05625 0.09453125
1 0.38984375 0.47109375 0.14609375 0.0625
1 0.34453125 0.54140625 0.10546875 0.10859375
1 0.4859375 0.5125 0.07890625 0.0796875
1 0.4171875 0.584375 0.11796875 0.0796875
1 0.54921875 0.4765625 0.13984375 0.034375
1 0.55546875 0.55234375 0.11640625 0.09140625
1 0.76015625 0.4609375 0.10859375 0.05234375
1 0.746875 0.5328125 0.10078125 0.09140625
1 0.7515625 0.58828125 0.16875 0.0828125
1 0.74921875 0.6203125 0.20859375 0.05
1 0.68515625 0.6 0.1234375 0.06953125
1 0.5921875 0.6421875 0.103125 0.10078125
1 0.67109375 0.69609375 0.1203125 0.11015625
1 0.7859375 0.6859375 0.065625 0.1296875
1 0.81328125 0.7359375 0.14375 0.090625
1 0.12578125 0.559375 0.09765625 0.07265625
1 0.16953125 0.60625 0.13046875 0.06171875
1 0.20234375 0.6515625 0.0765625 0.13359375
1 0.0984375 0.63515625 0.10078125 0.1015625
1 0.1328125 0.7125 0.08046875 0.134375
1 0.290625 0.69609375 0.15078125 0.06640625
1 0.37578125 0.70390625 0.190625 0.0640625
1 0.440625 0.6703125 0.18125 0.0390625
1 0.515625 0.70390625 0.16328125 0.08125
1 0.4703125 0.8109375 0.21015625 0.084375
1 0.43828125 0.76796875 0.1890625 0.059375
1 0.2875 0.775 0.20078125 0.0453125
1 0.63671875 0.78359375 0.17109375 0.11015625
