1 0.6171875 0.54375 0.0796875 0.04453125
1 0.653125 0.64765625 0.05234375 0.0625
1 0.6578125 0.6234375 0.03671875 0.06484375
1 0.65859375 0.58046875 0.04921875 0.0609375
1 0.6625 0.73046875 0.04921875 0.06796875
1 0.6921875 0.7296875 0.06796875 0.0671875
1 0.6046875 0.78125 0.08203125 0.046875
1 0.53984375 0.76484375 0.04609375 0.0765625
1 0.4703125 0.76484375 0.0671875 0.06796875
1 0.478125 0.62421875 0.07109375 0.0453125
1 0.509375 0.703125 0.06171875 0.05
1 0.4625 0.7359375 0.0625 0.05859375
1 0.42109375 0.74609375 0.04921875 0.0609375
1 0.4125 0.6375 0.1125 0.0265625
