1 0.58203125 0.14453125 0.0765625 0.0359375
1 0.57265625 0.16484375 0.0453125 0.065625
1 0.5765625 0.1328125 0.0515625 0.0609375
1 0.5515625 0.18046875 0.046875 0.0671875
1 0.540625 0.209375 0.0546875 0.021875
1 0.5078125 0.1875 0.040625 0.08125
1 0.48515625 0.1625 0.059375 0.04375
1 0.4328125 0.125 0.084375 0.0234375
1 0.621875 0.178125 0.0515625 0.06875
1 0.65234375 0.1359375 0.0546875 0.0796875
1 0.609375 0.2609375 0.028125 0.075
1 0.6171875 0.228125 0.0640625 0.046875
1 0.65390625 0.25546875 0.028125 0.0734375
1 0.72421875 0.17421875 0.0375 0.090625
1 0.7140625 0.22265625 0.0578125 0.03125
1 0.79296875 0.20546875 0.06875 0.0796875
1 0.34453125 0.1234375 0.065625 0.0515625
1 0.3078125 0.14296875 0.0265625 0.078125
1 0.30859375 0.1625 0.0765625 0.03125
1 0.253125 0.18203125 0.04375 0.059375
1 0.36796875 0.1921875 0.059375 0.046875
1 0.375 0.18671875 0.0625 0.0171875
1 0.40703125 0.24921875 0.071875 0.0453125
1 0.3859375 0.29296875 0.084375 0.0296875
1 0.334375 0.29140625 0.0796875 0.025
1 0.440625 0.30390625 0.0328125 0.06875
1 0.371875 0.34765625 0.053125 0.05
1 0.27109375 0.31953125 0.053125 0.0671875
1 0.2265625 0.34453125 0.0609375 0.0640625
1 0.221875 0.33203125 0.1046875 0.034375
1 0.178125 0.22734375 0.1078125 0.0203125
1 0.21953125 0.21328125 0.0484375 0.04375
1 0.21328125 0.190625 0.0265625 0.08125
1 0.25 0.24375 0.034375 0.0578125
1 0.18046875 0.2578125 0.075 0.05
1 0.1640625 0.240625 0.0453125 0.059375
1 0.19765625 0.29453125 0.025 0.053125
1 0.2390625 0.2921875 0.0734375 0.04375
1 0.0609375 0.39453125 0.0859375 0.053125
1 0.1265625 0.41328125 0.0265625 0.090625
1 0.1359375 0.4 0.071875 0.03125
1 0.2 0.4078125 0.0609375 0.0453125
1 0.18125 0.41015625 0.0203125 0.06875
1 0.178125 0.45703125 0.0640625 0.0515625
1 0.25 0.41796875 0.05 0.0578125
1 0.290625 0.45390625 0.059375 0.0515625
1 0.30078125 0.4234375 0.075 0.0296875
1 0.3484375 0.44375 0.078125 0.0515625
1 0.384375 0.41875 0.1171875 0.028125
1 0.36328125 0.484375 0.04375 0.0671875
1 0.3515625 0.4890625 0.0265625 0.0609375
1 0.39296875 0.51171875 0.0859375 0.040625
1 0.271875 0.51640625 0.09375 0.053125
1 0.1171875 0.4875 0.096875 0.028125
1 0.04921875 0.459375 0.05 0.0671875
1 0.0703125 0.54765625 0.01875 0.0671875
1 0.15234375 0.51328125 0.0296875 0.0625
1 0.1671875 0.55234375 0.075 0.021875
1 0.21796875 0.55625 0.053125 0.059375
1 0.10703125 0.6390625 0.0484375 0.0609375
1 0.18125 0.6125 0.04375 0.0859375
1 0.19375 0.61796875 0.046875 0.0703125
1 0.1484375 0.6546875 0.0375 0.0859375
1 0.16328125 0.6546875 0.090625 0.0328125
1 0.16015625 0.69453125 0.0796875 0.0390625
1 0.2234375 0.64375 0.0921875 0.0265625
1 0.16171875 0.64921875 0.034375 0.05
1 0.36484375 0.64765625 0.0625 0.0546875
1 0.384375 0.57421875 0.1 0.03125
1 0.2015625 0.72421875 0.0328125 0.065625
1 0.18671875 0.7609375 0.0390625 0.0546875
1 0.12734375 0.76484375 0.075 0.0734375
1 0.20625 0.80390625 0.1171875 0.0328125
1 0.340625 0.72265625 0.0375 0.090625
1 0.31796875 0.88203125 0.1078125 0.0453125
1 0.4109375 0.85859375 0.078125 0.0375
1 0.37734375 0.80625 0.0546875 0.075
1 0.40234375 0.753125 0.065625 0.078125
1 0.44453125 0.7578125 0.09375 0.04375
1 0.40703125 0.79375 0.1046875 0.0234375
1 0.5078125 0.74609375 0.08125 0.03125
1 0.4953125 0.27421875 0.0328125 0.0734375
1 0.55859375 0.26875 0.0234375 0.0765625
1 0.58984375 0.32890625 0.0671875 0.0375
1 0.63828125 0.31875 0.0484375 0.04375
1 0.76875 0.296875 0.0875 0.0296875
1 0.8828125 0.27421875 0.05625 0.0484375
1 0.83828125 0.34921875 0.025 0.078125
1 0.7640625 0.353125 0.0765625 0.046875
1 0.80859375 0.396875 0.0328125 0.0734375
1 0.75546875 0.434375 0.046875 0.0671875
1 0.86171875 0.46171875 0.0859375 0.0359375
1 0.84296875 0.44140625 0.03125 0.06875
1 0.825 0.48671875 0.078125 0.028125
1 0.884375 0.5421875 0.071875 0.0703125
1 0.89140625 0.50390625 0.08125 0.03125
1 0.89921875 0.48046875 0.084375 0.025
1 0.96328125 0.48125 0.03125 0.0859375
1 0.82265625 0.54765625 0.06875 0.078125
1 0.79296875 0.53984375 0.08125 0.0546875
1 0.7640625 0.57578125 0.01875 0.0671875
1 0.73828125 0.52421875 0.0765625 0.0609375
1 0.6875 0.57265625 0.05625 0.0484375
1 0.65234375 0.56484375 0.0390625 0.078125
1 0.5453125 0.33125 0.075 0.0375
1 0.61484375 0.4234375 0.0703125 0.0453125
1 0.58359375 0.42734375 0.03125 0.090625
1 0.47265625 0.39296875 0.034375 0.08125
1 0.45234375 0.4046875 0.04375 0.0765625
1 0.5375 0.5 0.0234375 0.0859375
1 0.496875 0.53125 0.0359375 0.0953125
1 0.459375 0.528125 0.0625 0.0703125
1 0.459375 0.60078125 0.0515625 0.0734375
1 0.54296875 0.60546875 0.08125 0.05
1 0.55625 0.63828125 0.028125 0.1078125
1 0.54609375 0.71875 0.065625 0.046875
1 0.5953125 0.7359375 0.0765625 0.0734375
1 0.60859375 0.7296875 0.0359375 0.0671875
1 0.55390625 0.81640625 0.1125 0.021875
1 0.5546875 0.79765625 0.0984375 0.0359375
1 0.56015625 0.77421875 0.0546875 0.065625
1 0.50703125 0.896875 0.115625 0.0546875
1 0.51875 0.8625 0.090625 0.0328125
1 0.62421875 0.9046875 0.140625 0.0328125
1 0.67578125 0.85859375 0.034375 0.0578125
1 0.6375 0.78515625 0.034375 0.121875
1 0.71171875 0.7859375 0.03125 0.09375
1 0.7078125 0.7875 0.090625 0.034375
1 0.73359375 0.7640625 0.0546875 0.0609375
1 0.73359375 0.7390625 0.0234375 0.0671875
1 0.7046875 0.778125 0.0515625 0.0515625
1 0.7640625 0.8578125 0.0921875 0.0578125
1 0.7265625 0.83203125 0.034375 0.0734375
1 0.63515625 0.65703125 0.0671875 0.0640625
1 0.67890625 0.70390625 0.071875 0.0234375
1 0.7671875 0.671875 0.0265625 0.0640625
1 0.77578125 0.634375 0.08125 0.0609375
1 0.79375 0.65078125 0.0484375 0.0578125
1 0.86171875 0.5828125 0.0875 0.0296875
1 0.8328125 0.61953125 0.1078125 0.0296875
1 0.85390625 0.6625 0.053125 0.090625
1 0.84609375 0.61015625 0.0359375 0.059375
1 0.9 0.60390625 0.10625 0.01875
1 0.93515625 0.625 0.028125 0.090625
1 0.90390625 0.6859375 0.053125 0.0984375
1 0.87109375 0.71171875 0.0359375 0.09375
1 0.79375 0.74453125 0.040625 0.0828125
