1 0.38671875 0.746875 0.090625 0.0328125
1 0.30703125 0.7203125 0.10625 0.0328125
1 0.315625 0.69609375 0.0578125 0.0578125
1 0.41796875 0.703125 0.0546875 0.059375
1 0.46484375 0.734375 0.0984375 0.021875
1 0.553125 0.734375 0.1109375 0.03125
1 0.234375 0.6609375 0.0703125 0.0671875
1 0.18046875 0.64453125 0.0484375 0.0546875
1 0.24453125 0.62890625 0.053125 0.0625
1 0.303125 0.6421875 0.0578125 0.0546875
1 0.284375 0.60859375 0.0796875 0.0515625
1 0.28828125 0.575 0.0703125 0.0671875
1 0.3515625 0.590625 0.0796875 0.0515625
1 0.3953125 0.621875 0.096875 0.028125
1 0.20546875 0.5890625 0.05 0.0671875
1 0.2125 0.50078125 0.028125 0.0734375
1 0.1375 0.54453125 0.06875 0.0734375
1 0.13203125 0.56328125 0.059375 0.0546875
1 0.17109375 0.5890625 0.0328125 0.034375
1 0.11171875 0.47421875 0.03125 0.078125
1 0.17890625 0.46796875 0.0390625 0.0734375
1 0.1375 0.4015625 0.0453125 0.06875
1 0.19453125 0.41953125 0.071875 0.05625
1 0.20390625 0.39765625 0.075 0.04375
1 0.11171875 0.36484375 0.040625 0.0796875
1 0.18203125 0.309375 0.0671875 0.059375
1 0.24921875 0.30546875 0.0578125 0.0453125
1 0.315625 0.334375 0.0890625 0.03125
1 0.3015625 0.36171875 0.0625 0.046875
1 0.28359375 0.44609375 0.075 0.04375
1 0.34296875 0.45234375 0.025 0.0703125
1 0.3203125 0.51328125 0.1046875 0.0265625
1 0.24609375 0.2546875 0.0984375 0.0421875
1 0.32734375 0.17734375 0.0859375 0.03125
1 0.375 0.2078125 0.1015625 0.021875
1 0.4203125 0.24140625 0.0921875 0.034375
1 0.43125 0.27265625 0.071875 0.0171875
1 0.41640625 0.30703125 0.05625 0.059375
1 0.409375 0.31328125 0.0765625 0.0171875
1 0.446875 0.25078125 0.0640625 0.0328125
1 0.43984375 0.1984375 0.08125 0.025
1 0.46640625 0.18984375 0.0921875 0.0234375
1 0.45 0.159375 0.0875 0.021875
1 0.43046875 0.36328125 0.0828125 0.01875
1 0.45859375 0.409375 0.053125 0.0578125
1 0.38125 0.4328125 0.0546875 0.059375
1 0.446875 0.5203125 0.0921875 0.0171875
1 0.54453125 0.496875 0.071875 0.05625
1 0.56171875 0.43203125 0.0265625 0.0640625
1 0.53515625 0.3953125 0.090625 0.021875
1 0.50078125 0.31953125 0.1015625 0.0296875
1 0.51328125 0.25 0.0953125 0.05
1 0.56796875 0.21875 0.08125 0.0359375
1 0.615625 0.26640625 0.08125 0.0484375
1 0.6078125 0.3421875 0.0515625 0.0421875
1 0.6375 0.37265625 0.05 0.0484375
1 0.6421875 0.4578125 0.0484375 0.0625
1 0.67265625 0.49296875 0.0546875 0.059375
1 0.57578125 0.56171875 0.078125 0.046875
1 0.58828125 0.6453125 0.1015625 0.0203125
1 0.58125 0.68671875 0.0765625 0.025
1 0.7046875 0.6859375 0.096875 0.025
1 0.75078125 0.63203125 0.075 0.04375
1 0.73515625 0.478125 0.0515625 0.0734375
1 0.796875 0.51875 0.040625 0.075
1 0.828125 0.496875 0.03125 0.0796875
1 0.84453125 0.46796875 0.025 0.0859375
1 0.7859375 0.44375 0.0296875 0.0625
1 0.7984375 0.390625 0.034375 0.071875
1 0.86171875 0.35703125 0.0421875 0.05625
1 0.73984375 0.3578125 0.040625 0.059375
1 0.684375 0.34375 0.04375 0.0515625
1 0.77890625 0.2546875 0.0640625 0.0546875
