1 0.54140625 0.78515625 0.090625 0.040625
1 0.375 0.7953125 0.09375 0.0296875
1 0.41328125 0.77265625 0.06875 0.0359375
1 0.49375 0.75625 0.090625 0.0359375
1 0.46484375 0.72265625 0.096875 0.0234375
1 0.29609375 0.746875 0.0625 0.0515625
1 0.2390625 0.74453125 0.059375 0.0625
1 0.30703125 0.653125 0.0578125 0.0671875
1 0.41171875 0.68828125 0.0859375 0.028125
1 0.6078125 0.68203125 0.0546875 0.0796875
1 0.6859375 0.690625 0.04375 0.0703125
1 0.70703125 0.721875 0.075 0.0609375
1 0.52890625 0.61640625 0.0359375 0.0703125
1 0.409375 0.6109375 0.0390625 0.065625
1 0.47734375 0.584375 0.0515625 0.0578125
1 0.56015625 0.58828125 0.0359375 0.078125
1 0.6046875 0.53125 0.025 0.0625
1 0.7109375 0.5375 0.0546875 0.0625
1 0.7796875 0.56796875 0.0453125 0.046875
1 0.740625 0.4546875 0.05625 0.053125
1 0.625 0.45703125 0.0859375 0.03125
1 0.51953125 0.43125 0.0625 0.0703125
1 0.4453125 0.53125 0.0765625 0.025
1 0.35546875 0.53671875 0.09375 0.0359375
1 0.25390625 0.5796875 0.0890625 0.0421875
1 0.39140625 0.5015625 0.109375 0.0203125
1 0.36953125 0.45859375 0.090625 0.04375
1 0.278125 0.46484375 0.0546875 0.065625
1 0.18515625 0.7359375 0.059375 0.0625
1 0.1515625 0.57890625 0.059375 0.0390625
1 0.10703125 0.559375 0.046875 0.0703125
1 0.18203125 0.49453125 0.084375 0.0359375
1 0.15703125 0.5453125 0.071875 0.0359375
1 0.23515625 0.52890625 0.0796875 0.0515625
1 0.31953125 0.35078125 0.0859375 0.046875
1 0.36640625 0.375 0.0859375 0.040625
1 0.41875 0.3875 0.0328125 0.06875
1 0.43203125 0.43515625 0.0734375 0.0421875
1 0.459375 0.37421875 0.0734375 0.034375
1 0.45078125 0.3484375 0.0828125 0.03125
1 0.5796875 0.359375 0.096875 0.021875
1 0.659375 0.3921875 0.059375 0.0234375
