1 0.41796875 0.75625 0.1 0.0546875
1 0.37265625 0.76796875 0.10625 0.04375
1 0.33203125 0.7390625 0.1171875 0.0359375
1 0.2703125 0.7109375 0.034375 0.0859375
1 0.23671875 0.69375 0.0421875 0.06875
1 0.5390625 0.7484375 0.0953125 0.0390625
1 0.5078125 0.759375 0.1078125 0.025
1 0.51484375 0.7171875 0.06875 0.04375
1 0.39296875 0.7109375 0.084375 0.0375
1 0.38046875 0.7140625 0.0875 0.0359375
1 0.33203125 0.67734375 0.025 0.0546875
1 0.37265625 0.68125 0.078125 0.021875
1 0.43046875 0.67890625 0.0828125 0.0359375
1 0.48984375 0.68515625 0.0796875 0.0328125
1 0.60625 0.72265625 0.0921875 0.025
1 0.5984375 0.690625 0.0765625 0.040625
1 0.446875 0.63984375 0.0890625 0.0390625
1 0.41953125 0.64921875 0.0875 0.0171875
1 0.38125 0.63984375 0.03125 0.065625
1 0.34453125 0.63203125 0.03125 0.059375
1 0.33984375 0.6046875 0.0703125 0.028125
1 0.3578125 0.58046875 0.0546875 0.05
1 0.3203125 0.58671875 0.0359375 0.059375
1 0.4203125 0.58125 0.0671875 0.04375
1 0.39296875 0.56484375 0.0390625 0.0625
1 0.465625 0.5703125 0.084375 0.046875
1 0.45 0.61015625 0.0515625 0.0390625
1 0.40703125 0.5078125 0.04375 0.0609375
1 0.390625 0.51875 0.065625 0.028125
1 0.4171875 0.459375 0.0921875 0.025
1 0.39140625 0.425 0.0765625 0.0296875
1 0.33984375 0.415625 0.0203125 0.06875
1 0.3421875 0.38046875 0.0859375 0.03125
1 0.3171875 0.35625 0.0703125 0.0546875
1 0.27421875 0.6609375 0.040625 0.046875
1 0.26640625 0.62578125 0.0828125 0.021875
1 0.26796875 0.59375 0.025 0.0640625
1 0.2390625 0.58984375 0.0640625 0.040625
1 0.2875 0.546875 0.09375 0.025
1 0.321875 0.48515625 0.0546875 0.0515625
1 0.2828125 0.48515625 0.059375 0.0546875
1 0.1875 0.6671875 0.05 0.071875
1 0.1578125 0.61796875 0.0765625 0.0828125
1 0.1296875 0.5703125 0.040625 0.0859375
1 0.16015625 0.5765625 0.04375 0.075
1 0.0953125 0.5828125 0.028125 0.078125
1 0.06796875 0.5546875 0.034375 0.0703125
1 0.2109375 0.53203125 0.065625 0.06875
1 0.18359375 0.5109375 0.0515625 0.04375
1 0.18203125 0.484375 0.065625 0.0625
1 0.2046875 0.4609375 0.0890625 0.0296875
1 0.0390625 0.459375 0.0625 0.071875
1 0.08515625 0.4484375 0.034375 0.0765625
1 0.1296875 0.44921875 0.0453125 0.046875
1 0.0421875 0.4328125 0.075 0.0484375
1 0.04765625 0.4171875 0.0296875 0.0703125
1 0.1421875 0.39296875 0.025 0.0546875
1 0.22109375 0.3953125 0.09375 0.040625
1 0.246875 0.38046875 0.0734375 0.0203125
1 0.171875 0.3828125 0.075 0.028125
1 0.234375 0.353125 0.0640625 0.028125
1 0.1859375 0.33828125 0.08125 0.0171875
1 0.16796875 0.30703125 0.09375 0.021875
1 0.134375 0.28203125 0.090625 0.0328125
1 0.22265625 0.29453125 0.059375 0.04375
1 0.1734375 0.24296875 0.0484375 0.053125
1 0.28515625 0.315625 0.0671875 0.0328125
1 0.28515625 0.29140625 0.0953125 0.034375
1 0.36953125 0.32109375 0.0796875 0.01875
1 0.33203125 0.29765625 0.065625 0.0265625
1 0.265625 0.2875 0.040625 0.046875
1 0.3421875 0.28671875 0.0421875 0.0484375
1 0.41640625 0.3265625 0.034375 0.075
1 0.44609375 0.39140625 0.0203125 0.065625
1 0.453125 0.38203125 0.053125 0.0421875
1 0.4515625 0.31640625 0.059375 0.040625
1 0.4125 0.2890625 0.0890625 0.0359375
1 0.38828125 0.26796875 0.075 0.040625
1 0.29453125 0.20390625 0.0875 0.0453125
1 0.390625 0.25 0.075 0.0390625
1 0.47421875 0.3078125 0.0640625 0.059375
1 0.4859375 0.28359375 0.065625 0.0390625
1 0.371875 0.2328125 0.0328125 0.04375
1 0.38984375 0.17890625 0.0390625 0.0546875
1 0.44375 0.159375 0.0859375 0.0203125
1 0.446875 0.18984375 0.0859375 0.034375
1 0.44765625 0.2375 0.071875 0.03125
1 0.471875 0.234375 0.0703125 0.034375
1 0.52421875 0.24296875 0.0828125 0.028125
1 0.55 0.26484375 0.090625 0.015625
1 0.5171875 0.22734375 0.0359375 0.0609375
1 0.55546875 0.2484375 0.053125 0.025
1 0.5484375 0.2046875 0.08125 0.034375
1 0.5453125 0.184375 0.0765625 0.01875
1 0.584375 0.1671875 0.0828125 0.021875
1 0.6265625 0.1984375 0.0625 0.04375
1 0.60859375 0.190625 0.0546875 0.0515625
1 0.67734375 0.209375 0.0234375 0.059375
1 0.47890625 0.4765625 0.046875 0.040625
1 0.5203125 0.4421875 0.025 0.06875
1 0.496875 0.4296875 0.090625 0.0171875
1 0.565625 0.41796875 0.0359375 0.053125
1 0.6140625 0.4296875 0.075 0.0390625
1 0.56328125 0.4296875 0.0640625 0.021875
1 0.64296875 0.41015625 0.0609375 0.0203125
1 0.60078125 0.3953125 0.0984375 0.0203125
1 0.584375 0.36796875 0.0328125 0.05625
1 0.58046875 0.36171875 0.04375 0.0375
1 0.61328125 0.35234375 0.0515625 0.0609375
1 0.653125 0.34140625 0.0875 0.03125
1 0.6609375 0.30859375 0.05 0.05625
1 0.7046875 0.3234375 0.0296875 0.0703125
1 0.6703125 0.2859375 0.05 0.0375
1 0.534375 0.5390625 0.0234375 0.075
1 0.5671875 0.49921875 0.046875 0.05
1 0.58359375 0.54921875 0.0703125 0.03125
1 0.60703125 0.50625 0.0296875 0.0609375
1 0.6125 0.47734375 0.0625 0.04375
1 0.6390625 0.47734375 0.078125 0.0375
1 0.6421875 0.50625 0.065625 0.0359375
1 0.6765625 0.48359375 0.028125 0.0671875
1 0.675 0.5546875 0.05 0.0390625
1 0.61796875 0.5921875 0.109375 0.0390625
1 0.61796875 0.615625 0.0578125 0.075
1 0.59296875 0.60625 0.065625 0.0265625
1 0.61171875 0.640625 0.090625 0.028125
1 0.659375 0.67109375 0.1015625 0.015625
1 0.68671875 0.6984375 0.090625 0.0234375
1 0.65546875 0.653125 0.0953125 0.021875
1 0.68125 0.63828125 0.090625 0.0390625
1 0.6703125 0.63984375 0.1015625 0.0390625
1 0.728125 0.64296875 0.078125 0.0234375
1 0.76015625 0.640625 0.0953125 0.065625
1 0.77265625 0.66953125 0.08125 0.04375
1 0.73046875 0.6109375 0.0640625 0.0328125
1 0.7 0.553125 0.059375 0.0515625
1 0.721875 0.5890625 0.059375 0.0515625
1 0.71953125 0.578125 0.059375 0.05
1 0.703125 0.56484375 0.0140625 0.0625
1 0.81484375 0.60390625 0.0984375 0.025
1 0.853125 0.58203125 0.0640625 0.0828125
1 0.8984375 0.5828125 0.065625 0.0625
1 0.790625 0.525 0.0859375 0.03125
1 0.83671875 0.53828125 0.08125 0.015625
1 0.76328125 0.5078125 0.028125 0.059375
1 0.7140625 0.46015625 0.0265625 0.053125
1 0.734375 0.4453125 0.0984375 0.028125
1 0.73359375 0.465625 0.0359375 0.065625
1 0.8046875 0.46640625 0.071875 0.0625
1 0.7890625 0.47890625 0.0359375 0.0640625
1 0.87578125 0.50078125 0.09375 0.0234375
1 0.884375 0.48046875 0.078125 0.05
1 0.934375 0.46796875 0.01875 0.040625
1 0.89765625 0.4359375 0.046875 0.0546875
1 0.72890625 0.3953125 0.0375 0.06875
1 0.78046875 0.4 0.0515625 0.059375
1 0.71171875 0.34140625 0.0515625 0.0484375
1 0.73203125 0.35078125 0.0421875 0.0421875
1 0.78203125 0.3375 0.0546875 0.0625
1 0.77890625 0.35234375 0.06875 0.046875
1 0.88203125 0.328125 0.0328125 0.059375
1 0.74765625 0.3171875 0.0796875 0.028125
1 0.79921875 0.32578125 0.059375 0.0546875
1 0.8140625 0.32265625 0.0515625 0.0625
1 0.9015625 0.38828125 0.1015625 0.0453125
1 0.9078125 0.36171875 0.075 0.021875
1 0.8296875 0.37421875 0.071875 0.0359375
1 0.8953125 0.409375 0.034375 0.0578125
1 0.79375 0.26953125 0.0375 0.0578125
1 0.75859375 0.2515625 0.0765625 0.059375
1 0.7296875 0.2375 0.046875 0.0546875
1 0.703125 0.2671875 0.0921875 0.028125
