1 0.3921875 0.2453125 0.0453125 0.0875
1 0.4625 0.271875 0.0484375 0.015625
1 0.26875 0.26328125 0.08125 0.0828125
1 0.321875 0.3078125 0.0734375 0.0546875
1 0.265625 0.31953125 0.0234375 0.08125
1 0.17109375 0.346875 0.08125 0.0546875
1 0.159375 0.36953125 0.0578125 0.04375
1 0.2328125 0.36171875 0.0578125 0.040625
1 0.2359375 0.3953125 0.096875 0.0484375
1 0.140625 0.4328125 0.0703125 0.065625
1 0.15625 0.48671875 0.053125 0.0671875
1 0.20859375 0.5359375 0.021875 0.0703125
1 0.171875 0.53359375 0.04375 0.0734375
1 0.2578125 0.5421875 0.0921875 0.03125
1 0.26484375 0.4890625 0.090625 0.0484375
1 0.29453125 0.48515625 0.0953125 0.0359375
1 0.39921875 0.46328125 0.0765625 0.04375
1 0.41015625 0.51640625 0.08125 0.028125
1 0.31015625 0.5953125 0.028125 0.059375
1 0.20546875 0.6109375 0.05625 0.04375
1 0.3015625 0.640625 0.0515625 0.078125
1 0.39921875 0.71640625 0.0953125 0.0328125
1 0.4515625 0.64375 0.08125 0.05
1 0.5078125 0.6203125 0.0484375 0.0484375
1 0.52734375 0.6609375 0.0875 0.0265625
1 0.5390625 0.66640625 0.065625 0.0203125
1 0.6140625 0.72890625 0.0671875 0.0265625
1 0.67109375 0.71328125 0.0828125 0.0171875
1 0.6640625 0.6109375 0.08125 0.053125
1 0.67265625 0.64296875 0.0625 0.0234375
1 0.53359375 0.5125 0.0828125 0.046875
1 0.51875 0.4703125 0.0984375 0.0296875
1 0.43515625 0.3890625 0.0890625 0.0640625
1 0.5890625 0.35390625 0.090625 0.03125
1 0.6484375 0.26796875 0.0703125 0.040625
1 0.70859375 0.3125 0.0796875 0.046875
1 0.80625 0.29375 0.0828125 0.059375
1 0.81875 0.35078125 0.0453125 0.053125
1 0.76796875 0.390625 0.0703125 0.03125
1 0.86171875 0.3890625 0.065625 0.0359375
1 0.80546875 0.4375 0.0703125 0.0515625
1 0.85546875 0.446875 0.084375 0.0421875
1 0.78671875 0.484375 0.046875 0.0546875
1 0.85 0.5171875 0.0578125 0.075
1 0.815625 0.5546875 0.065625 0.0625
1 0.68828125 0.55390625 0.0375 0.0625
1 0.74453125 0.59375 0.0890625 0.0359375
1 0.75703125 0.62265625 0.09375 0.0203125
