1 0.36796875 0.7484375 0.1078125 0.046875
1 0.54453125 0.7484375 0.090625 0.0328125
1 0.69140625 0.7453125 0.0875 0.0484375
1 0.7 0.6765625 0.03125 0.071875
1 0.58203125 0.70625 0.0953125 0.0203125
1 0.378125 0.71953125 0.078125 0.0359375
1 0.24453125 0.690625 0.0875 0.0640625
1 0.30703125 0.665625 0.0609375 0.059375
1 0.246875 0.6421875 0.0546875 0.0625
1 0.471875 0.66484375 0.0609375 0.0703125
1 0.38359375 0.61484375 0.0859375 0.0546875
1 0.45625 0.6265625 0.034375 0.075
1 0.18046875 0.575 0.040625 0.0828125
1 0.78203125 0.61875 0.09375 0.025
1 0.40546875 0.54375 0.0546875 0.0703125
1 0.4828125 0.53359375 0.078125 0.075
1 0.5421875 0.5359375 0.0890625 0.0234375
1 0.58984375 0.56953125 0.084375 0.0578125
1 0.72578125 0.54375 0.0703125 0.05625
1 0.80390625 0.5875 0.0515625 0.059375
1 0.4234375 0.45859375 0.0625 0.0453125
1 0.36328125 0.5109375 0.0328125 0.0640625
1 0.31953125 0.51171875 0.06875 0.0671875
1 0.2609375 0.4859375 0.0328125 0.078125
1 0.79296875 0.5390625 0.06875 0.0421875
1 0.6953125 0.50234375 0.090625 0.021875
1 0.54921875 0.45546875 0.0953125 0.0203125
1 0.64140625 0.4625 0.03125 0.0671875
1 0.6296875 0.46328125 0.0578125 0.034375
1 0.50703125 0.4171875 0.059375 0.065625
1 0.3953125 0.3765625 0.10625 0.040625
1 0.296875 0.315625 0.0859375 0.034375
1 0.41875 0.3078125 0.059375 0.059375
1 0.4796875 0.321875 0.0546875 0.059375
1 0.57890625 0.31796875 0.0390625 0.0546875
1 0.63046875 0.3515625 0.0453125 0.0546875
1 0.5765625 0.3953125 0.0828125 0.065625
1 0.6765625 0.39375 0.096875 0.03125
1 0.73828125 0.31953125 0.1015625 0.0359375
1 0.7921875 0.4578125 0.0671875 0.04375
1 0.78828125 0.39140625 0.0359375 0.0625
1 0.84765625 0.45 0.046875 0.075
