1 0.153125 0.37890625 0.0453125 0.0796875
1 0.2046875 0.37265625 0.084375 0.084375
1 0.646875 0.2796875 0.103125 0.0796875
1 0.46328125 0.36953125 0.1328125 0.03125
1 0.6984375 0.4015625 0.0703125 0.0671875
1 0.8828125 0.45625 0.0921875 0.071875
1 0.628125 0.496875 0.059375 0.08125
1 0.4515625 0.48046875 0.03125 0.0828125
1 0.20546875 0.44921875 0.1 0.0671875
1 0.83046875 0.5578125 0.04375 0.084375
1 0.7421875 0.5703125 0.059375 0.06875
1 0.75390625 0.63828125 0.0703125 0.0625
1 0.6296875 0.6125 0.059375 0.0671875
1 0.66953125 0.73828125 0.090625 0.0578125
1 0.4578125 0.646875 0.0640625 0.059375
1 0.24140625 0.64140625 0.1171875 0.0453125
1 0.3890625 0.7359375 0.10625 0.021875
