1 0.72734375 0.84375 0.11875 0.0984375
1 0.59765625 0.85859375 0.1453125 0.0375
1 0.49296875 0.83203125 0.08125 0.0515625
1 0.65703125 0.77890625 0.08125 0.096875
1 0.6171875 0.74453125 0.065625 0.10625
1 0.67734375 0.7046875 0.0828125 0.06875
1 0.64140625 0.71328125 0.10625 0.0796875
1 0.56328125 0.75 0.04375 0.1046875
1 0.459375 0.709375 0.0875 0.0375
1 0.61328125 0.66484375 0.1171875 0.0421875
1 0.753125 0.68828125 0.1265625 0.06875
1 0.8046875 0.7015625 0.1125 0.0390625
1 0.77578125 0.7375 0.096875 0.0515625
1 0.83125 0.76640625 0.1203125 0.084375
1 0.82890625 0.66171875 0.0484375 0.0640625
1 0.81328125 0.659375 0.0765625 0.03125
1 0.89375 0.6890625 0.1109375 0.05
1 0.9140625 0.64296875 0.096875 0.075
1 0.82109375 0.61796875 0.115625 0.04375
1 0.92734375 0.55859375 0.1296875 0.03125
1 0.89140625 0.5359375 0.04375 0.09375
1 0.85625 0.52734375 0.053125 0.0625
1 0.7953125 0.53828125 0.1171875 0.028125
1 0.725 0.5359375 0.090625 0.028125
1 0.7125 0.58828125 0.0859375 0.04375
1 0.6453125 0.58359375 0.0859375 0.0703125
1 0.6953125 0.48671875 0.096875 0.028125
1 0.78515625 0.4609375 0.0390625 0.0640625
1 0.8296875 0.4453125 0.0296875 0.0875
1 0.85703125 0.453125 0.046875 0.0625
1 0.77734375 0.41796875 0.0484375 0.059375
1 0.7921875 0.425 0.090625 0.0296875
1 0.85703125 0.38515625 0.0875 0.0703125
1 0.7296875 0.34921875 0.0859375 0.0359375
1 0.79375 0.30703125 0.0890625 0.04375
1 0.73125 0.27578125 0.059375 0.04375
1 0.690625 0.2640625 0.0453125 0.0375
1 0.65234375 0.28125 0.053125 0.05625
1 0.65703125 0.353125 0.10625 0.0328125
1 0.68046875 0.45625 0.0890625 0.0390625
1 0.678125 0.4328125 0.1046875 0.046875
1 0.6171875 0.42578125 0.0984375 0.0375
1 0.54140625 0.39453125 0.103125 0.03125
1 0.60546875 0.35234375 0.0453125 0.078125
1 0.57578125 0.240625 0.0796875 0.0359375
1 0.5109375 0.36171875 0.0515625 0.0703125
1 0.51875 0.325 0.0265625 0.0515625
1 0.58125 0.528125 0.04375 0.0828125
1 0.56796875 0.59921875 0.075 0.065625
1 0.5109375 0.584375 0.046875 0.0890625
1 0.475 0.56484375 0.0484375 0.0703125
1 0.48984375 0.528125 0.090625 0.04375
1 0.521875 0.48984375 0.1140625 0.025
1 0.4671875 0.65859375 0.0421875 0.065625
1 0.42265625 0.625 0.1140625 0.0578125
1 0.36171875 0.82421875 0.1140625 0.0625
1 0.325 0.7921875 0.09375 0.0515625
1 0.3265625 0.7375 0.1296875 0.04375
1 0.3578125 0.6984375 0.06875 0.0828125
1 0.3125 0.6125 0.0328125 0.0703125
1 0.353125 0.659375 0.084375 0.0546875
1 0.39921875 0.571875 0.0921875 0.0578125
1 0.36640625 0.53359375 0.0984375 0.034375
1 0.384375 0.4890625 0.071875 0.0390625
1 0.45625 0.478125 0.0875 0.0265625
1 0.43203125 0.45546875 0.09375 0.0296875
1 0.36953125 0.43125 0.103125 0.0375
1 0.303125 0.4734375 0.078125 0.040625
1 0.3 0.51640625 0.059375 0.0578125
1 0.26484375 0.56484375 0.1015625 0.0234375
1 0.2265625 0.58828125 0.0546875 0.0703125
1 0.21171875 0.6375 0.06875 0.0625
1 0.2421875 0.79296875 0.0765625 0.06875
1 0.13359375 0.71875 0.0609375 0.0578125
1 0.16640625 0.675 0.0984375 0.059375
1 0.1421875 0.5828125 0.1203125 0.028125
1 0.07421875 0.63125 0.0421875 0.06875
1 0.13828125 0.54375 0.0671875 0.0671875
1 0.08515625 0.5421875 0.0328125 0.0859375
1 0.15859375 0.47890625 0.1046875 0.040625
1 0.2421875 0.51171875 0.053125 0.0671875
1 0.24609375 0.4421875 0.0859375 0.0375
1 0.2421875 0.41484375 0.0375 0.05625
1 0.08359375 0.4578125 0.0765625 0.0578125
1 0.3125 0.4265625 0.071875 0.0453125
1 0.14921875 0.38828125 0.04375 0.08125
1 0.2484375 0.35703125 0.0671875 0.05625
1 0.215625 0.35 0.090625 0.04375
1 0.32109375 0.3734375 0.078125 0.0671875
1 0.38203125 0.3703125 0.0578125 0.0515625
1 0.3953125 0.30390625 0.10625 0.0203125
1 0.3859375 0.3390625 0.0640625 0.0375
1 0.31328125 0.27421875 0.04375 0.0828125
1 0.375 0.25625 0.09375 0.059375
1 0.46328125 0.26171875 0.090625 0.03125
