1 0.3921875 0.7546875 0.0453125 0.0875
1 0.4625 0.728125 0.0484375 0.015625
1 0.26875 0.73671875 0.08125 0.0828125
1 0.321875 0.6921875 0.0734375 0.0546875
1 0.265625 0.68046875 0.0234375 0.08125
1 0.17109375 0.653125 0.08125 0.0546875
1 0.159375 0.63046875 0.0578125 0.04375
1 0.2328125 0.63828125 0.0578125 0.0421875
1 0.2359375 0.6046875 0.096875 0.0484375
1 0.140625 0.5671875 0.0703125 0.065625
1 0.15625 0.51328125 0.053125 0.06875
1 0.20859375 0.4640625 0.021875 0.0703125
1 0.171875 0.46640625 0.04375 0.0734375
1 0.2578125 0.4578125 0.0921875 0.0328125
1 0.26484375 0.5109375 0.090625 0.046875
1 0.29453125 0.51484375 0.0953125 0.0359375
1 0.39921875 0.53671875 0.0765625 0.04375
1 0.41015625 0.48359375 0.08125 0.028125
1 0.31015625 0.4046875 0.028125 0.059375
1 0.20546875 0.3890625 0.05625 0.04375
1 0.3015625 0.359375 0.0515625 0.078125
1 0.39921875 0.28359375 0.0953125 0.0328125
1 0.4515625 0.35625 0.08125 0.05
1 0.5078125 0.3796875 0.0484375 0.0484375
1 0.52734375 0.3390625 0.0875 0.0265625
1 0.5390625 0.33359375 0.065625 0.021875
1 0.6140625 0.27109375 0.0671875 0.0265625
1 0.67109375 0.28671875 0.0828125 0.0171875
1 0.6640625 0.3890625 0.08125 0.053125
1 0.67265625 0.35703125 0.0625 0.0234375
1 0.53359375 0.4875 0.0828125 0.046875
1 0.51875 0.5296875 0.0984375 0.0296875
1 0.43515625 0.6109375 0.0890625 0.0640625
1 0.5890625 0.64609375 0.090625 0.03125
1 0.6484375 0.73203125 0.0703125 0.040625
1 0.70859375 0.6875 0.0796875 0.046875
1 0.80625 0.70625 0.0828125 0.059375
1 0.81875 0.64921875 0.0453125 0.0515625
1 0.76796875 0.609375 0.0703125 0.03125
1 0.86171875 0.6109375 0.065625 0.0359375
1 0.80546875 0.5625 0.0703125 0.0515625
1 0.85546875 0.553125 0.084375 0.0421875
1 0.78671875 0.515625 0.046875 0.0546875
1 0.85 0.4828125 0.0578125 0.075
1 0.815625 0.4453125 0.065625 0.0625
1 0.68828125 0.44609375 0.0375 0.0625
1 0.74453125 0.40625 0.0890625 0.0359375
1 0.75703125 0.37734375 0.09375 0.021875
