1 0.16796875 0.45234375 0.034375 0.0984375
1 0.19375 0.4671875 0.046875 0.05625
1 0.13515625 0.4265625 0.075 0.0234375
1 0.09765625 0.4265625 0.0328125 0.0734375
1 0.0828125 0.36171875 0.0328125 0.0984375
1 0.04921875 0.4765625 0.0578125 0.0625
1 0.08671875 0.48828125 0.05 0.0953125
1 0.153125 0.5046875 0.075 0.0515625
1 0.0875 0.5609375 0.0984375 0.0734375
1 0.08359375 0.5890625 0.053125 0.0796875
1 0.07734375 0.6359375 0.046875 0.0703125
1 0.14921875 0.60546875 0.0390625 0.0515625
1 0.16640625 0.6078125 0.08125 0.01875
1 0.21953125 0.6359375 0.125 0.0359375
1 0.21015625 0.60078125 0.059375 0.0390625
1 0.2 0.56484375 0.071875 0.0484375
1 0.22421875 0.50625 0.0390625 0.0953125
1 0.27109375 0.571875 0.0328125 0.0890625
1 0.265625 0.56640625 0.075 0.034375
1 0.2765625 0.53515625 0.065625 0.0390625
1 0.3015625 0.56953125 0.0578125 0.046875
1 0.34140625 0.5921875 0.0328125 0.0671875
1 0.36953125 0.6046875 0.0390625 0.0828125
1 0.43203125 0.6390625 0.084375 0.034375
1 0.375 0.58125 0.03125 0.05625
1 0.23515625 0.6984375 0.071875 0.0515625
1 0.2546875 0.67578125 0.025 0.0796875
1 0.24765625 0.6796875 0.0921875 0.025
1 0.2078125 0.70859375 0.0765625 0.059375
1 0.24765625 0.746875 0.025 0.0703125
1 0.27890625 0.73203125 0.04375 0.0390625
1 0.29921875 0.81015625 0.04375 0.0734375
1 0.296875 0.8 0.065625 0.0546875
1 0.3 0.7625 0.0515625 0.0375
1 0.33671875 0.7640625 0.0890625 0.05
1 0.33828125 0.75859375 0.0421875 0.0734375
1 0.33125 0.83515625 0.0375 0.075
1 0.35390625 0.828125 0.04375 0.0734375
1 0.353125 0.88046875 0.096875 0.046875
1 0.2078125 0.80390625 0.0375 0.078125
1 0.17421875 0.7640625 0.04375 0.0875
1 0.2171875 0.775 0.0546875 0.0734375
1 0.19453125 0.77890625 0.0515625 0.0875
1 0.13203125 0.73984375 0.0375 0.078125
1 0.146875 0.6890625 0.0328125 0.075
1 0.33828125 0.68828125 0.0484375 0.0640625
1 0.38671875 0.728125 0.08125 0.0671875
1 0.36796875 0.69375 0.0578125 0.028125
1 0.32265625 0.6734375 0.04375 0.0796875
1 0.421875 0.68359375 0.0453125 0.06875
1 0.47109375 0.6671875 0.059375 0.0390625
1 0.5296875 0.6609375 0.090625 0.0234375
1 0.39921875 0.80078125 0.071875 0.028125
1 0.41953125 0.7890625 0.0625 0.028125
1 0.41875 0.85703125 0.0921875 0.0671875
1 0.49140625 0.7796875 0.1015625 0.0265625
1 0.465625 0.75234375 0.0515625 0.028125
1 0.4046875 0.86484375 0.0703125 0.0296875
1 0.50234375 0.7078125 0.0546875 0.0546875
1 0.6109375 0.69375 0.0609375 0.0390625
1 0.59296875 0.66171875 0.0546875 0.0546875
1 0.57265625 0.70234375 0.065625 0.05625
1 0.54765625 0.71953125 0.0421875 0.046875
1 0.5828125 0.73984375 0.0515625 0.028125
1 0.53046875 0.7265625 0.046875 0.0515625
1 0.5265625 0.884375 0.0765625 0.0765625
1 0.52421875 0.84296875 0.0890625 0.0296875
1 0.53046875 0.8140625 0.09375 0.028125
1 0.5234375 0.81171875 0.0765625 0.0546875
1 0.5734375 0.8578125 0.0671875 0.078125
1 0.60625 0.8734375 0.0703125 0.08125
1 0.64296875 0.84140625 0.059375 0.0625
1 0.62578125 0.7453125 0.0421875 0.0625
1 0.63984375 0.7859375 0.090625 0.04375
1 0.6078125 0.790625 0.0484375 0.0453125
1 0.671875 0.7421875 0.03125 0.0625
1 0.73828125 0.734375 0.0890625 0.046875
1 0.69765625 0.78046875 0.040625 0.0703125
1 0.74375 0.80859375 0.046875 0.090625
1 0.78828125 0.79921875 0.0953125 0.06875
1 0.4125 0.07265625 0.05625 0.0515625
1 0.4546875 0.06953125 0.0328125 0.0671875
1 0.51171875 0.08828125 0.0578125 0.0625
1 0.56953125 0.04921875 0.0828125 0.021875
1 0.5046875 0.13125 0.059375 0.059375
1 0.5109375 0.08984375 0.06875 0.0234375
1 0.57265625 0.10546875 0.075 0.028125
1 0.4765625 0.13203125 0.0796875 0.05
1 0.51171875 0.1828125 0.03125 0.0796875
1 0.5375 0.16953125 0.025 0.078125
1 0.47734375 0.1671875 0.0890625 0.01875
1 0.47421875 0.21484375 0.0328125 0.0734375
1 0.46171875 0.2625 0.01875 0.0515625
1 0.459375 0.29140625 0.0515625 0.0328125
1 0.53125 0.31640625 0.078125 0.059375
1 0.5265625 0.271875 0.0640625 0.025
1 0.52890625 0.24375 0.0796875 0.0296875
1 0.5828125 0.22109375 0.03125 0.05
1 0.58515625 0.26875 0.059375 0.04375
1 0.38046875 0.2640625 0.0515625 0.0640625
1 0.33515625 0.265625 0.078125 0.05
1 0.35546875 0.2140625 0.0984375 0.034375
1 0.303125 0.2125 0.059375 0.04375
1 0.29375 0.1203125 0.0421875 0.0625
1 0.2953125 0.18515625 0.0453125 0.0578125
1 0.22734375 0.1640625 0.084375 0.025
1 0.24140625 0.1453125 0.1015625 0.0328125
1 0.19609375 0.1859375 0.0640625 0.0546875
1 0.1578125 0.21875 0.08125 0.0296875
1 0.25703125 0.2640625 0.0421875 0.078125
1 0.26484375 0.26796875 0.0796875 0.015625
1 0.24375 0.246875 0.0546875 0.0703125
1 0.14375 0.26484375 0.1046875 0.0265625
1 0.20625 0.29453125 0.0625 0.03125
1 0.19765625 0.33046875 0.0515625 0.028125
1 0.24140625 0.34609375 0.075 0.0390625
1 0.29375 0.33046875 0.0859375 0.034375
1 0.2875 0.33515625 0.046875 0.0859375
1 0.23828125 0.39296875 0.065625 0.0234375
1 0.2546875 0.425 0.0296875 0.0609375
1 0.31484375 0.4921875 0.0390625 0.0703125
1 0.30625 0.459375 0.04375 0.0265625
1 0.328125 0.44921875 0.028125 0.0859375
1 0.36953125 0.409375 0.084375 0.0265625
1 0.3640625 0.46171875 0.0609375 0.0453125
1 0.48125 0.36328125 0.0578125 0.034375
1 0.52890625 0.371875 0.0171875 0.0265625
1 0.5640625 0.3984375 0.0515625 0.03125
1 0.63203125 0.409375 0.06875 0.01875
1 0.47890625 0.46171875 0.0796875 0.065625
1 0.49375 0.440625 0.071875 0.0484375
1 0.49453125 0.41015625 0.0703125 0.021875
1 0.4765625 0.41875 0.0609375 0.0296875
1 0.5203125 0.4796875 0.0625 0.0515625
1 0.52421875 0.44609375 0.05625 0.0296875
1 0.42421875 0.446875 0.065625 0.034375
1 0.44375 0.51796875 0.0328125 0.065625
1 0.4453125 0.48984375 0.034375 0.0953125
1 0.41171875 0.5 0.0390625 0.0828125
1 0.48203125 0.54609375 0.0296875 0.0734375
1 0.64140625 0.09375 0.034375 0.075
1 0.6890625 0.1125 0.0765625 0.05625
1 0.65546875 0.16640625 0.0609375 0.0703125
1 0.6625 0.153125 0.08125 0.04375
1 0.66953125 0.24453125 0.071875 0.053125
1 0.6734375 0.2046875 0.0859375 0.0203125
1 0.74296875 0.1796875 0.0234375 0.084375
1 0.7875 0.1609375 0.0703125 0.034375
1 0.73046875 0.25546875 0.053125 0.05625
1 0.7296875 0.23515625 0.05 0.0578125
1 0.63671875 0.28515625 0.0640625 0.03125
1 0.63359375 0.28203125 0.071875 0.040625
1 0.7046875 0.30234375 0.075 0.0390625
1 0.7515625 0.3109375 0.03125 0.0828125
1 0.78671875 0.24765625 0.0265625 0.0796875
1 0.8234375 0.28203125 0.05 0.0953125
1 0.8109375 0.24609375 0.040625 0.08125
1 0.878125 0.2328125 0.08125 0.0671875
1 0.85390625 0.29296875 0.0921875 0.03125
1 0.90546875 0.30546875 0.034375 0.1
1 0.91484375 0.353125 0.0203125 0.08125
1 0.8265625 0.34453125 0.028125 0.078125
1 0.85078125 0.3640625 0.021875 0.0625
1 0.784375 0.38125 0.0546875 0.025
1 0.7578125 0.3671875 0.0953125 0.03125
1 0.69375 0.35546875 0.0875 0.03125
1 0.63203125 0.353125 0.034375 0.078125
1 0.653125 0.334375 0.0234375 0.0515625
1 0.66640625 0.384375 0.046875 0.05625
1 0.59375 0.45625 0.078125 0.046875
1 0.62734375 0.4546875 0.0328125 0.0609375
1 0.67109375 0.4546875 0.0765625 0.0375
1 0.93671875 0.4046875 0.0703125 0.0796875
1 0.89921875 0.46875 0.071875 0.0453125
1 0.934375 0.50078125 0.0875 0.059375
1 0.85390625 0.51171875 0.0796875 0.0328125
1 0.81171875 0.5203125 0.0265625 0.075
1 0.828125 0.48125 0.0234375 0.0515625
1 0.8546875 0.5515625 0.0609375 0.0515625
1 0.83203125 0.56015625 0.053125 0.0734375
1 0.77734375 0.56328125 0.0625 0.0625
1 0.77421875 0.6046875 0.065625 0.059375
1 0.81953125 0.6265625 0.0984375 0.0359375
1 0.828125 0.69140625 0.059375 0.1078125
1 0.85 0.6890625 0.028125 0.0546875
1 0.78046875 0.6875 0.06875 0.0359375
1 0.69140625 0.6390625 0.040625 0.078125
1 0.7828125 0.6609375 0.078125 0.01875
1 0.75390625 0.63671875 0.071875 0.03125
1 0.6890625 0.64765625 0.075 0.021875
1 0.74140625 0.5109375 0.028125 0.0859375
1 0.70703125 0.4984375 0.0765625 0.03125
1 0.6921875 0.53359375 0.0265625 0.096875
1 0.60390625 0.5265625 0.0828125 0.0234375
1 0.609375 0.56328125 0.040625 0.059375
1 0.634375 0.56171875 0.0703125 0.0359375
1 0.63125 0.60859375 0.0625 0.0390625
1 0.571875 0.6125 0.034375 0.078125
