1 0.46875 0.27421875 0.11171875 0.04296875
1 0.2078125 0.38203125 0.0859375 0.034375
1 0.29375 0.38828125 0.09765625 0.0328125
1 0.4234375 0.43671875 0.0734375 0.0390625
1 0.5171875 0.43984375 0.03828125 0.05234375
1 0.56953125 0.44921875 0.0734375 0.04921875
1 0.6109375 0.4125 0.08046875 0.06015625
1 0.68125 0.33359375 0.1046875 0.02734375
1 0.75234375 0.3515625 0.11640625 0.05859375
1 0.70625 0.41328125 0.05078125 0.05859375
1 0.77421875 0.4015625 0.1015625 0.07265625
1 0.8203125 0.43203125 0.05546875 0.08359375
1 0.790625 0.4578125 0.0515625 0.06875
1 0.75390625 0.509375 0.0859375 0.0546875
1 0.87890625 0.45859375 0.12265625 0.03671875
1 0.86328125 0.52265625 0.11875 0.0328125
1 0.88671875 0.5171875 0.03359375 0.0765625
1 0.78984375 0.59375 0.0421875 0.08984375
1 0.84453125 0.628125 0.09921875 0.03984375
1 0.8234375 0.6203125 0.0546875 0.07265625
1 0.85625 0.68515625 0.0765625 0.0703125
1 0.7140625 0.71796875 0.0484375 0.1140625
1 0.746875 0.68984375 0.0484375 0.08828125
1 0.6984375 0.703125 0.0859375 0.07421875
1 0.6953125 0.61875 0.05703125 0.07890625
1 0.55 0.56796875 0.071875 0.08046875
1 0.47734375 0.61953125 0.1 0.04609375
1 0.41875 0.61484375 0.06484375 0.08515625
1 0.54140625 0.70859375 0.1328125 0.07265625
1 0.3921875 0.65234375 0.1328125 0.040625
1 0.35625 0.59453125 0.07109375 0.06015625
1 0.2 0.43671875 0.084375 0.040625
1 0.2296875 0.4703125 0.06875 0.08359375
1 0.29140625 0.50234375 0.04453125 0.07109375
1 0.24375 0.61015625 0.075 0.059375
1 0.16875 0.63828125 0.1328125 0.04453125
1 0.2640625 0.6703125 0.084375 0.0765625
1 0.49609375 0.803125 0.08828125 0.08828125
