1 0.4734375 0.74296875 0.11875 0.0390625
1 0.42890625 0.75078125 0.0640625 0.0578125
1 0.34140625 0.7015625 0.0296875 0.08125
1 0.30859375 0.6828125 0.1015625 0.0734375
1 0.27578125 0.62890625 0.11875 0.05625
1 0.22578125 0.55 0.1015625 0.071875
1 0.31640625 0.57109375 0.103125 0.0578125
1 0.4609375 0.58125 0.1265625 0.03125
1 0.49453125 0.66640625 0.1265625 0.034375
1 0.59921875 0.71796875 0.103125 0.05
1 0.61328125 0.6265625 0.0578125 0.0671875
1 0.73671875 0.65 0.0453125 0.0828125
1 0.78359375 0.528125 0.0671875 0.075
1 0.65703125 0.465625 0.0359375 0.0765625
1 0.534375 0.475 0.0625 0.0703125
1 0.3984375 0.4125 0.0921875 0.065625
1 0.13515625 0.39921875 0.11875 0.04375
1 0.45078125 0.38125 0.05625 0.078125
1 0.78515625 0.4109375 0.0484375 0.075
1 0.71953125 0.36875 0.0390625 0.09375
1 0.81171875 0.32890625 0.0859375 0.040625
1 0.60546875 0.334375 0.1140625 0.0328125
1 0.57890625 0.259375 0.028125 0.059375
1 0.43515625 0.24140625 0.11875 0.028125
1 0.2765625 0.26953125 0.0609375 0.0828125
1 0.471875 0.15625 0.1015625 0.05
