1 0.26015625 0.771875 0.0375 0.0875
1 0.296875 0.79765625 0.040625 0.0546875
1 0.3328125 0.82265625 0.0609375 0.0640625
1 0.33984375 0.80078125 0.0546875 0.065625
1 0.3890625 0.8265625 0.065625 0.0546875
1 0.46015625 0.83984375 0.0984375 0.0234375
1 0.35390625 0.7625 0.0359375 0.0640625
1 0.18359375 0.72421875 0.034375 0.078125
1 0.1359375 0.6921875 0.0375 0.075
1 0.50703125 0.81171875 0.109375 0.03125
1 0.44296875 0.771875 0.0421875 0.0734375
1 0.42421875 0.70234375 0.040625 0.0671875
1 0.3265625 0.6890625 0.1015625 0.053125
1 0.13828125 0.6328125 0.0328125 0.075
1 0.24453125 0.6125 0.0609375 0.0578125
1 0.171875 0.6 0.0359375 0.0671875
1 0.22421875 0.57890625 0.0765625 0.046875
1 0.14375 0.56328125 0.0375 0.0734375
1 0.1109375 0.546875 0.0484375 0.06875
1 0.18125 0.5390625 0.0359375 0.0578125
1 0.203125 0.509375 0.0625 0.0484375
1 0.19140625 0.48203125 0.090625 0.040625
1 0.12265625 0.45390625 0.0453125 0.0609375
1 0.20703125 0.434375 0.06875 0.0578125
1 0.275 0.4046875 0.1 0.021875
1 0.25 0.42421875 0.05625 0.0453125
1 0.3328125 0.415625 0.0515625 0.040625
1 0.2859375 0.4953125 0.0546875 0.0609375
1 0.29453125 0.5375 0.05625 0.0546875
1 0.259375 0.546875 0.0390625 0.05
1 0.3515625 0.628125 0.1171875 0.0328125
1 0.3453125 0.58515625 0.0359375 0.059375
1 0.384375 0.53046875 0.0609375 0.0578125
1 0.43203125 0.60234375 0.021875 0.0703125
1 0.5203125 0.63046875 0.0765625 0.0703125
1 0.5140625 0.70703125 0.090625 0.03125
1 0.58359375 0.78203125 0.1078125 0.040625
1 0.5703125 0.83671875 0.0890625 0.0234375
1 0.62578125 0.7296875 0.078125 0.05
1 0.66171875 0.6640625 0.0484375 0.0484375
1 0.48046875 0.5625 0.05 0.0609375
1 0.58203125 0.57578125 0.084375 0.03125
1 0.459375 0.5265625 0.0671875 0.0546875
1 0.52734375 0.5015625 0.0765625 0.0359375
1 0.53984375 0.49453125 0.0578125 0.05625
1 0.52578125 0.45625 0.08125 0.0171875
1 0.38828125 0.471875 0.06875 0.0421875
1 0.475 0.43203125 0.0890625 0.04375
1 0.2828125 0.36015625 0.0734375 0.0515625
1 0.4609375 0.36484375 0.0890625 0.021875
1 0.41953125 0.3015625 0.0984375 0.025
1 0.3796875 0.29140625 0.1 0.015625
1 0.47109375 0.35546875 0.090625 0.021875
1 0.54296875 0.34140625 0.0765625 0.025
1 0.51015625 0.32890625 0.084375 0.021875
1 0.578125 0.325 0.078125 0.025
1 0.553125 0.28046875 0.075 0.025
1 0.66015625 0.30703125 0.0765625 0.0328125
1 0.63359375 0.35078125 0.0703125 0.0625
1 0.67109375 0.36953125 0.084375 0.0421875
1 0.70390625 0.35546875 0.075 0.0609375
1 0.75078125 0.32265625 0.0671875 0.0515625
1 0.65546875 0.46015625 0.0625 0.0734375
1 0.7640625 0.4453125 0.028125 0.0828125
1 0.7359375 0.50625 0.034375 0.0671875
1 0.6390625 0.509375 0.0921875 0.03125
1 0.58515625 0.53046875 0.08125 0.0390625
1 0.74453125 0.56484375 0.0546875 0.078125
1 0.78828125 0.6125 0.046875 0.0703125
1 0.8421875 0.56171875 0.0359375 0.0890625
1 0.8140625 0.67890625 0.0734375 0.046875
1 0.75 0.75234375 0.028125 0.0796875
1 0.703125 0.71796875 0.065625 0.04375
