1 0.440625 0.84375 0.0859375 0.0609375
1 0.359375 0.84453125 0.140625 0.0390625
1 0.50390625 0.8390625 0.0546875 0.0796875
1 0.43359375 0.8078125 0.0890625 0.0609375
1 0.49921875 0.7921875 0.0796875 0.05625
1 0.53515625 0.81796875 0.04375 0.090625
1 0.59765625 0.8015625 0.1 0.0734375
1 0.4171875 0.7375 0.0625 0.09375
1 0.4703125 0.73984375 0.090625 0.0359375
1 0.36171875 0.80859375 0.090625 0.0765625
1 0.30625 0.7734375 0.06875 0.078125
1 0.25078125 0.796875 0.034375 0.0796875
1 0.6703125 0.82265625 0.090625 0.053125
1 0.7625 0.7984375 0.0859375 0.03125
1 0.63828125 0.753125 0.046875 0.075
1 0.58671875 0.71015625 0.090625 0.0625
1 0.6453125 0.7 0.10625 0.046875
1 0.70390625 0.72734375 0.0578125 0.0859375
1 0.7359375 0.7390625 0.0359375 0.078125
1 0.7875 0.76171875 0.10625 0.0328125
1 0.68203125 0.6578125 0.06875 0.075
1 0.1921875 0.73046875 0.0875 0.0625
1 0.1984375 0.65234375 0.071875 0.0921875
1 0.25078125 0.6421875 0.08125 0.0625
1 0.33515625 0.66015625 0.1234375 0.0609375
1 0.440625 0.6484375 0.1109375 0.046875
1 0.4890625 0.69765625 0.065625 0.059375
1 0.53828125 0.68203125 0.109375 0.025
1 0.51796875 0.63203125 0.0328125 0.0828125
1 0.58046875 0.63359375 0.084375 0.028125
1 0.61796875 0.615625 0.103125 0.046875
1 0.5265625 0.58203125 0.1109375 0.025
1 0.4328125 0.5578125 0.0984375 0.04375
1 0.45078125 0.5546875 0.08125 0.075
1 0.359375 0.575 0.090625 0.0328125
1 0.2796875 0.57578125 0.0625 0.059375
1 0.38828125 0.5171875 0.121875 0.025
1 0.16640625 0.59296875 0.0890625 0.0296875
1 0.14453125 0.5484375 0.09375 0.015625
1 0.1984375 0.48984375 0.0515625 0.0703125
1 0.184375 0.425 0.1203125 0.0328125
1 0.2359375 0.43125 0.10625 0.025
1 0.31875 0.425 0.025 0.0609375
1 0.38203125 0.46484375 0.0953125 0.05
1 0.4765625 0.46875 0.11875 0.025
1 0.56328125 0.49140625 0.0546875 0.0671875
1 0.23671875 0.396875 0.0546875 0.06875
1 0.1734375 0.38828125 0.0765625 0.053125
1 0.16875 0.34140625 0.0609375 0.0703125
1 0.25625 0.32890625 0.0765625 0.0515625
1 0.26640625 0.2921875 0.08125 0.084375
1 0.30859375 0.35703125 0.0609375 0.071875
1 0.3265625 0.30390625 0.0359375 0.06875
1 0.39375 0.39140625 0.084375 0.01875
1 0.4234375 0.3421875 0.034375 0.078125
1 0.384375 0.30703125 0.05625 0.059375
1 0.3125 0.23984375 0.0765625 0.0453125
1 0.41640625 0.2671875 0.1046875 0.0546875
1 0.45 0.2296875 0.0953125 0.053125
1 0.4796875 0.39765625 0.040625 0.0625
1 0.5390625 0.34765625 0.03125 0.08125
1 0.57421875 0.31953125 0.0921875 0.05
1 0.5375 0.30078125 0.08125 0.034375
1 0.56171875 0.2546875 0.1 0.0375
1 0.64140625 0.215625 0.1 0.0328125
1 0.6453125 0.2765625 0.0984375 0.0296875
1 0.6921875 0.3203125 0.075 0.0390625
1 0.7296875 0.2640625 0.0984375 0.0546875
1 0.7421875 0.2875 0.071875 0.06875
1 0.83125 0.3109375 0.1296875 0.0359375
1 0.68125 0.36796875 0.0953125 0.0234375
1 0.58671875 0.38984375 0.0671875 0.0625
1 0.6265625 0.43359375 0.103125 0.0359375
1 0.7203125 0.375 0.06875 0.0421875
1 0.809375 0.36171875 0.084375 0.0515625
1 0.78046875 0.365625 0.08125 0.0375
1 0.80546875 0.41484375 0.08125 0.065625
1 0.828125 0.43828125 0.046875 0.05625
1 0.8578125 0.44375 0.05 0.0765625
1 0.90703125 0.50390625 0.046875 0.06875
1 0.825 0.50546875 0.0484375 0.071875
1 0.753125 0.5109375 0.1171875 0.05
1 0.678125 0.52734375 0.1 0.0328125
1 0.8375 0.559375 0.0640625 0.059375
1 0.7546875 0.57421875 0.0890625 0.0625
1 0.8984375 0.5765625 0.0390625 0.09375
1 0.8453125 0.634375 0.0890625 0.059375
1 0.85625 0.621875 0.0921875 0.0203125
1 0.7875 0.60625 0.078125 0.0515625
1 0.74765625 0.65703125 0.0875 0.06875
1 0.7765625 0.6578125 0.034375 0.0859375
1 0.69375 0.584375 0.08125 0.08125
1 0.86640625 0.6859375 0.1046875 0.05
1 0.80078125 0.70859375 0.0328125 0.0828125
1 0.84765625 0.69453125 0.053125 0.065625
