1 0.5109375 0.16953125 0.084375 0.040625
1 0.3875 0.18828125 0.059375 0.08125
1 0.43515625 0.18515625 0.0421875 0.0734375
1 0.3796875 0.2703125 0.084375 0.0484375
1 0.2140625 0.29375 0.1140625 0.0375
1 0.2375 0.2609375 0.1 0.028125
1 0.26640625 0.2328125 0.065625 0.0453125
1 0.2734375 0.3453125 0.090625 0.0390625
1 0.3234375 0.4515625 0.0390625 0.0734375
1 0.35859375 0.40390625 0.053125 0.0796875
1 0.2453125 0.43828125 0.0546875 0.0609375
1 0.1765625 0.46953125 0.0765625 0.0265625
1 0.0734375 0.45546875 0.103125 0.0703125
1 0.0828125 0.403125 0.103125 0.0390625
1 0.46171875 0.30078125 0.03125 0.0609375
1 0.5703125 0.246875 0.0640625 0.040625
1 0.5625 0.225 0.0875 0.046875
1 0.68359375 0.228125 0.0375 0.0875
1 0.6578125 0.28984375 0.1046875 0.0234375
1 0.7078125 0.39140625 0.0578125 0.0546875
1 0.709375 0.3328125 0.0609375 0.0375
1 0.6 0.4140625 0.0796875 0.04375
1 0.53046875 0.38046875 0.0546875 0.0625
1 0.57734375 0.375 0.075 0.040625
1 0.4796875 0.3640625 0.0578125 0.059375
1 0.48828125 0.4453125 0.06875 0.040625
1 0.71953125 0.425 0.04375 0.053125
1 0.74609375 0.41171875 0.08125 0.0203125
1 0.784375 0.41875 0.034375 0.0625
1 0.81015625 0.309375 0.0265625 0.065625
1 0.81875 0.26953125 0.0671875 0.034375
1 0.8515625 0.31640625 0.0640625 0.040625
1 0.8890625 0.3515625 0.0890625 0.021875
1 0.7171875 0.60234375 0.071875 0.046875
1 0.74296875 0.5625 0.0515625 0.046875
1 0.63046875 0.56875 0.075 0.0234375
1 0.65 0.60625 0.0625 0.0515625
1 0.659375 0.5640625 0.08125 0.04375
1 0.68046875 0.546875 0.0515625 0.0453125
1 0.73203125 0.525 0.034375 0.0625
1 0.7890625 0.4890625 0.0640625 0.0625
1 0.815625 0.4484375 0.0515625 0.0734375
1 0.85078125 0.4875 0.0265625 0.071875
1 0.8578125 0.4328125 0.0296875 0.0609375
1 0.9109375 0.41015625 0.0703125 0.05
1 0.9078125 0.40546875 0.034375 0.0640625
1 0.90546875 0.49375 0.0375 0.084375
1 0.93671875 0.44921875 0.059375 0.0578125
1 0.86484375 0.4953125 0.0296875 0.06875
1 0.81875 0.584375 0.05625 0.046875
1 0.8140625 0.71328125 0.03125 0.0890625
1 0.840625 0.69296875 0.0453125 0.0859375
1 0.82578125 0.66640625 0.0671875 0.0625
1 0.86015625 0.62890625 0.046875 0.0484375
1 0.85390625 0.5921875 0.046875 0.0484375
1 0.875 0.56875 0.025 0.078125
1 0.940625 0.525 0.0515625 0.0703125
1 0.79296875 0.54765625 0.05625 0.0359375
1 0.90546875 0.60078125 0.0375 0.078125
1 0.94609375 0.58984375 0.0890625 0.034375
1 0.63203125 0.50859375 0.059375 0.0515625
1 0.6625 0.50390625 0.075 0.0609375
1 0.6578125 0.5 0.0484375 0.0796875
1 0.55078125 0.57109375 0.059375 0.0625
1 0.78125 0.67734375 0.0546875 0.071875
1 0.89765625 0.709375 0.08125 0.053125
1 0.9109375 0.6625 0.0984375 0.0625
1 0.8453125 0.69140625 0.09375 0.0375
1 0.825 0.79375 0.084375 0.053125
1 0.7265625 0.81328125 0.0859375 0.06875
1 0.746875 0.78671875 0.1015625 0.03125
1 0.70390625 0.678125 0.059375 0.071875
1 0.625 0.7015625 0.040625 0.071875
1 0.6390625 0.70625 0.0296875 0.090625
1 0.59921875 0.79296875 0.0640625 0.05
1 0.5890625 0.74765625 0.075 0.0484375
1 0.6234375 0.8 0.06875 0.04375
1 0.54921875 0.69609375 0.040625 0.0671875
1 0.50078125 0.66171875 0.0765625 0.0515625
1 0.5171875 0.62265625 0.0734375 0.04375
1 0.45390625 0.6953125 0.05625 0.059375
1 0.43515625 0.49609375 0.0984375 0.0390625
1 0.4421875 0.571875 0.0609375 0.065625
1 0.4359375 0.5203125 0.046875 0.071875
1 0.32421875 0.58203125 0.0765625 0.059375
1 0.30390625 0.546875 0.034375 0.0578125
1 0.35234375 0.625 0.0671875 0.0515625
1 0.16484375 0.60703125 0.0296875 0.0828125
1 0.2140625 0.603125 0.078125 0.046875
1 0.24765625 0.5625 0.065625 0.040625
1 0.07421875 0.5140625 0.078125 0.071875
1 0.11640625 0.5375 0.0890625 0.0390625
1 0.06484375 0.70390625 0.025 0.075
1 0.0703125 0.6625 0.0734375 0.0671875
1 0.04375 0.61875 0.0375 0.0546875
1 0.0875 0.62265625 0.0578125 0.0359375
1 0.08125 0.61015625 0.034375 0.078125
1 0.10078125 0.58203125 0.05625 0.0171875
1 0.11015625 0.75390625 0.0296875 0.0796875
1 0.18515625 0.72421875 0.090625 0.0375
1 0.15703125 0.69921875 0.0484375 0.0734375
1 0.1953125 0.75546875 0.0328125 0.071875
1 0.225 0.7640625 0.0265625 0.0671875
1 0.2140625 0.84921875 0.040625 0.0796875
1 0.26796875 0.859375 0.084375 0.05625
1 0.26953125 0.82578125 0.084375 0.0796875
1 0.284375 0.79921875 0.034375 0.0671875
1 0.315625 0.8875 0.0515625 0.0671875
1 0.3296875 0.79609375 0.0671875 0.0265625
1 0.4078125 0.75859375 0.0828125 0.0453125
1 0.45390625 0.75625 0.0515625 0.059375
1 0.4671875 0.825 0.078125 0.03125
1 0.3359375 0.86953125 0.1171875 0.03125
1 0.3921875 0.87578125 0.0390625 0.0828125
1 0.4515625 0.91953125 0.103125 0.0484375
1 0.51484375 0.9140625 0.1 0.0375
1 0.57265625 0.896875 0.0734375 0.08125
1 0.6921875 0.87578125 0.0859375 0.0578125
1 0.67734375 0.83515625 0.08125 0.04375
1 0.69609375 0.8203125 0.075 0.0234375
1 0.634375 0.90234375 0.08125 0.0296875
1 0.634375 0.86484375 0.08125 0.034375
