1 0.3109375 0.73125 0.0859375 0.0453125
1 0.490625 0.6671875 0.103125 0.028125
1 0.3109375 0.6171875 0.1015625 0.021875
1 0.2640625 0.575 0.0765625 0.0421875
1 0.19921875 0.55 0.04375 0.075
1 0.51328125 0.54140625 0.1015625 0.021875
1 0.67265625 0.54296875 0.1125 0.0234375
1 0.3515625 0.4578125 0.1234375 0.034375
1 0.753125 0.49296875 0.0859375 0.0640625
1 0.56484375 0.44921875 0.0921875 0.0265625
1 0.19921875 0.40234375 0.0421875 0.078125
1 0.56015625 0.41171875 0.0984375 0.0265625
1 0.621875 0.3796875 0.096875 0.046875
1 0.57265625 0.31328125 0.078125 0.0578125
1 0.61875 0.27734375 0.084375 0.0421875
1 0.48203125 0.265625 0.0390625 0.0734375
1 0.384375 0.2875 0.059375 0.05625
