1 0.26875 0.29921875 0.096875 0.04375
1 0.23515625 0.3328125 0.0890625 0.034375
1 0.240625 0.38359375 0.053125 0.0625
1 0.2140625 0.44296875 0.0296875 0.059375
1 0.32890625 0.29296875 0.0453125 0.0828125
1 0.42109375 0.2984375 0.0921875 0.0375
1 0.41953125 0.3546875 0.08125 0.0265625
1 0.37109375 0.46328125 0.0671875 0.0421875
1 0.25546875 0.490625 0.084375 0.0171875
1 0.28046875 0.52109375 0.05 0.0578125
1 0.1734375 0.6171875 0.0609375 0.0734375
1 0.153125 0.59921875 0.0265625 0.084375
1 0.18515625 0.640625 0.05625 0.0671875
1 0.25 0.62734375 0.075 0.0203125
1 0.24765625 0.5953125 0.0859375 0.01875
1 0.28671875 0.56953125 0.0765625 0.0359375
1 0.34375 0.62265625 0.0390625 0.075
1 0.359375 0.51015625 0.0578125 0.05625
1 0.40546875 0.52734375 0.05625 0.0421875
1 0.521875 0.48359375 0.034375 0.0640625
1 0.50703125 0.521875 0.071875 0.0515625
1 0.5984375 0.54140625 0.05 0.059375
1 0.5828125 0.2515625 0.034375 0.0484375
1 0.63359375 0.24921875 0.053125 0.046875
1 0.73125 0.275 0.078125 0.05625
1 0.64453125 0.32578125 0.0796875 0.0328125
1 0.678125 0.31171875 0.0484375 0.03125
1 0.63046875 0.384375 0.0421875 0.059375
1 0.5953125 0.4265625 0.0359375 0.0859375
1 0.70234375 0.39453125 0.05625 0.0671875
1 0.7671875 0.365625 0.05 0.053125
1 0.7765625 0.41953125 0.0265625 0.0609375
1 0.8171875 0.4578125 0.0296875 0.0515625
1 0.6859375 0.490625 0.0296875 0.075
1 0.74765625 0.54140625 0.09375 0.0734375
1 0.75859375 0.515625 0.0765625 0.0484375
1 0.89375 0.5265625 0.084375 0.03125
1 0.6484375 0.59140625 0.03125 0.0765625
1 0.803125 0.6390625 0.0375 0.084375
1 0.64453125 0.66484375 0.103125 0.0265625
1 0.52734375 0.6375 0.0375 0.0515625
1 0.59140625 0.6859375 0.0890625 0.025
1 0.72578125 0.7171875 0.0578125 0.03125
1 0.78046875 0.71015625 0.04375 0.0703125
1 0.60078125 0.75234375 0.0390625 0.0875
1 0.49765625 0.78203125 0.0796875 0.0609375
1 0.528125 0.72109375 0.0515625 0.075
1 0.528125 0.71484375 0.0625 0.0890625
1 0.54375 0.7546875 0.0515625 0.0703125
1 0.4578125 0.70703125 0.09375 0.025
1 0.409375 0.740625 0.1 0.0359375
1 0.35859375 0.71328125 0.0984375 0.021875
