1 0.80859375 0.78125 0.0359375 0.09375
1 0.6875 0.7078125 0.0546875 0.0703125
1 0.66796875 0.771875 0.0640625 0.096875
1 0.6171875 0.85859375 0.1578125 0.0578125
1 0.490625 0.88671875 0.1296875 0.028125
1 0.4140625 0.825 0.1046875 0.0625
1 0.47734375 0.78828125 0.053125 0.1046875
1 0.3109375 0.78984375 0.109375 0.0359375
1 0.18671875 0.709375 0.0828125 0.071875
1 0.28125 0.71328125 0.096875 0.028125
1 0.503125 0.68125 0.04375 0.090625
1 0.4171875 0.62421875 0.06875 0.065625
1 0.321875 0.5875 0.1125 0.04375
1 0.22734375 0.515625 0.0609375 0.0765625
1 0.39609375 0.52734375 0.1171875 0.0296875
1 0.53671875 0.56875 0.059375 0.0875
1 0.61171875 0.571875 0.078125 0.0640625
1 0.65 0.5265625 0.065625 0.065625
1 0.58203125 0.4796875 0.0875 0.0640625
1 0.57109375 0.42109375 0.06875 0.0625
1 0.40390625 0.39765625 0.0375 0.078125
1 0.46875 0.35390625 0.065625 0.0546875
1 0.390625 0.33203125 0.10625 0.040625
1 0.8140625 0.49921875 0.071875 0.071875
1 0.72265625 0.42421875 0.1140625 0.0296875
1 0.83515625 0.3921875 0.0984375 0.0640625
