1 0.52890625 0.64921875 0.071875 0.0921875
1 0.3765625 0.64609375 0.0765625 0.071875
1 0.60625 0.6421875 0.071875 0.0625
1 0.65859375 0.55546875 0.1109375 0.0265625
1 0.66875 0.49609375 0.0859375 0.0484375
1 0.790625 0.490625 0.0640625 0.0546875
1 0.62578125 0.45390625 0.0984375 0.0265625
1 0.36171875 0.45703125 0.1046875 0.0203125
1 0.1109375 0.45234375 0.0671875 0.0625
1 0.5234375 0.39453125 0.0890625 0.0546875
1 0.58984375 0.390625 0.0578125 0.0546875
1 0.68046875 0.309375 0.0359375 0.0859375
1 0.5171875 0.35703125 0.1140625 0.0234375
1 0.29375 0.33046875 0.1109375 0.059375
1 0.52890625 0.19296875 0.090625 0.046875
1 0.33828125 0.2359375 0.059375 0.071875
1 0.14921875 0.3046875 0.084375 0.0828125
