1 0.3703125 0.77734375 0.0875 0.065625
1 0.31328125 0.73984375 0.0578125 0.075
1 0.246875 0.7375 0.05625 0.08125
1 0.13671875 0.6828125 0.115625 0.046875
1 0.40625 0.7 0.0484375 0.0859375
1 0.5171875 0.7796875 0.10625 0.0734375
1 0.68125 0.765625 0.0671875 0.0640625
1 0.61796875 0.73515625 0.10625 0.034375
1 0.55390625 0.70390625 0.1125 0.0359375
1 0.47265625 0.67890625 0.0453125 0.0984375
1 0.615625 0.67109375 0.128125 0.028125
1 0.72890625 0.7203125 0.1203125 0.0265625
1 0.72734375 0.70703125 0.0390625 0.0875
1 0.8328125 0.6015625 0.0890625 0.10625
1 0.7609375 0.5546875 0.0390625 0.06875
1 0.85 0.5328125 0.040625 0.0765625
1 0.83828125 0.4828125 0.08125 0.09375
1 0.67734375 0.509375 0.04375 0.09375
1 0.6 0.5828125 0.0875 0.078125
1 0.5109375 0.57265625 0.0609375 0.0796875
1 0.3359375 0.6390625 0.0796875 0.0703125
1 0.3671875 0.60234375 0.05625 0.0921875
1 0.2 0.57734375 0.0796875 0.1
1 0.2 0.5609375 0.125 0.040625
1 0.1078125 0.553125 0.1015625 0.06875
1 0.1890625 0.38046875 0.0578125 0.1015625
1 0.253125 0.43671875 0.0828125 0.08125
1 0.290625 0.4984375 0.0515625 0.046875
1 0.36015625 0.4265625 0.06875 0.084375
1 0.3359375 0.29140625 0.065625 0.090625
1 0.56953125 0.35234375 0.090625 0.06875
1 0.63515625 0.36484375 0.09375 0.040625
1 0.59375 0.4390625 0.1140625 0.0421875
1 0.57578125 0.4171875 0.10625 0.0234375
1 0.68203125 0.4359375 0.10625 0.028125
1 0.7953125 0.38046875 0.0484375 0.09375
1 0.73359375 0.2890625 0.0859375 0.06875
