1 0.56875 0.7765625 0.0390625 0.0703125
1 0.625 0.7734375 0.0765625 0.0421875
1 0.5359375 0.76953125 0.028125 0.071875
1 0.625 0.7515625 0.096875 0.0171875
1 0.61484375 0.74375 0.08125 0.015625
1 0.58671875 0.725 0.078125 0.0359375
1 0.55703125 0.7125 0.1 0.025
1 0.5625 0.71015625 0.0859375 0.0390625
1 0.47421875 0.75625 0.096875 0.028125
1 0.41875 0.775 0.0625 0.0234375
1 0.37578125 0.778125 0.084375 0.028125
1 0.378125 0.77578125 0.06875 0.0484375
1 0.30546875 0.76875 0.0984375 0.034375
1 0.3984375 0.74140625 0.0671875 0.0625
1 0.49375 0.696875 0.078125 0.059375
1 0.54375 0.66796875 0.0484375 0.06875
1 0.5765625 0.65234375 0.03125 0.0796875
1 0.63125 0.671875 0.0734375 0.0484375
1 0.71015625 0.6875 0.0859375 0.034375
1 0.71484375 0.715625 0.0328125 0.0953125
1 0.75078125 0.7109375 0.046875 0.05625
1 0.80625 0.6859375 0.0828125 0.0828125
1 0.66953125 0.646875 0.0734375 0.0234375
1 0.6265625 0.60625 0.0734375 0.059375
1 0.57421875 0.60078125 0.0765625 0.01875
1 0.69453125 0.61015625 0.075 0.0515625
1 0.79375 0.63046875 0.0859375 0.0359375
1 0.828125 0.59296875 0.0625 0.0546875
1 0.79453125 0.59609375 0.0984375 0.0234375
1 0.86484375 0.55 0.0359375 0.075
1 0.775 0.55 0.1046875 0.0234375
1 0.821875 0.5078125 0.053125 0.0796875
1 0.7265625 0.53359375 0.071875 0.0578125
1 0.45625 0.66171875 0.075 0.025
1 0.46015625 0.6390625 0.0859375 0.03125
1 0.40703125 0.65859375 0.0765625 0.059375
1 0.36484375 0.62109375 0.103125 0.0234375
1 0.48203125 0.5859375 0.071875 0.0453125
1 0.42734375 0.5890625 0.1125 0.0125
1 0.39453125 0.56640625 0.0484375 0.0625
1 0.36640625 0.70390625 0.0703125 0.0359375
1 0.315625 0.6734375 0.0265625 0.0515625
1 0.3109375 0.715625 0.078125 0.040625
1 0.31875 0.65546875 0.078125 0.0390625
1 0.27578125 0.70703125 0.0296875 0.0671875
1 0.34921875 0.5296875 0.05 0.0515625
1 0.2671875 0.51875 0.0734375 0.0390625
1 0.66640625 0.48359375 0.0546875 0.0640625
1 0.61796875 0.49375 0.075 0.0453125
1 0.5671875 0.5390625 0.0890625 0.071875
1 0.59140625 0.53515625 0.03125 0.059375
1 0.4515625 0.4796875 0.0828125 0.0609375
1 0.5453125 0.4671875 0.0921875 0.0640625
1 0.55234375 0.48359375 0.040625 0.059375
1 0.54765625 0.434375 0.0765625 0.0421875
1 0.628125 0.45703125 0.0640625 0.05625
1 0.68515625 0.41953125 0.115625 0.0296875
1 0.70234375 0.41875 0.059375 0.0546875
1 0.69765625 0.4796875 0.03125 0.0546875
1 0.72890625 0.446875 0.0671875 0.053125
1 0.74375 0.4625 0.0359375 0.0734375
1 0.78203125 0.4078125 0.0546875 0.0546875
1 0.81953125 0.41875 0.0390625 0.0859375
1 0.94453125 0.5265625 0.1109375 0.05
1 0.93203125 0.47578125 0.1140625 0.053125
1 0.8546875 0.45390625 0.0484375 0.08125
1 0.8796875 0.42109375 0.10625 0.03125
1 0.8421875 0.38828125 0.0765625 0.046875
1 0.7703125 0.35390625 0.1015625 0.0265625
1 0.74375 0.38125 0.1015625 0.0375
1 0.6609375 0.36640625 0.109375 0.028125
1 0.63828125 0.359375 0.0859375 0.0453125
1 0.73203125 0.325 0.075 0.0453125
1 0.85859375 0.33203125 0.1171875 0.053125
1 0.8671875 0.303125 0.1 0.0234375
1 0.6484375 0.31328125 0.08125 0.0171875
1 0.58203125 0.29765625 0.0953125 0.0390625
1 0.7296875 0.24921875 0.090625 0.015625
1 0.71796875 0.23046875 0.1140625 0.03125
1 0.63046875 0.22265625 0.0734375 0.0609375
1 0.528125 0.2921875 0.0515625 0.0609375
1 0.58828125 0.39375 0.0375 0.0578125
1 0.49453125 0.34921875 0.0890625 0.0390625
1 0.4171875 0.3328125 0.0671875 0.0453125
1 0.3921875 0.37734375 0.0859375 0.040625
1 0.46171875 0.26875 0.084375 0.0421875
1 0.55546875 0.20078125 0.075 0.05625
1 0.446875 0.4390625 0.059375 0.0515625
1 0.38828125 0.428125 0.1109375 0.025
1 0.35 0.44375 0.0765625 0.0375
1 0.359375 0.41953125 0.084375 0.021875
1 0.38125 0.47109375 0.115625 0.021875
1 0.34140625 0.48125 0.0875 0.03125
1 0.2484375 0.42890625 0.0765625 0.053125
1 0.30703125 0.41875 0.0296875 0.078125
1 0.34453125 0.38828125 0.09375 0.0328125
1 0.2609375 0.39921875 0.078125 0.03125
1 0.2296875 0.38125 0.06875 0.0515625
1 0.2109375 0.34921875 0.0671875 0.05
1 0.24921875 0.30234375 0.0625 0.078125
1 0.3046875 0.29921875 0.0484375 0.078125
1 0.4046875 0.2875 0.028125 0.0703125
1 0.465625 0.23359375 0.0609375 0.0421875
1 0.359375 0.25859375 0.0921875 0.0265625
1 0.35 0.22265625 0.0953125 0.0375
1 0.53046875 0.1921875 0.09375 0.0453125
1 0.44453125 0.2015625 0.071875 0.046875
1 0.42578125 0.17421875 0.1171875 0.028125
1 0.36953125 0.20703125 0.125 0.046875
1 0.146875 0.31328125 0.0765625 0.0859375
1 0.1890625 0.43671875 0.115625 0.0484375
1 0.2015625 0.48671875 0.0859375 0.0609375
1 0.03125 0.475 0.0625 0.090625
1 0.0828125 0.56328125 0.05 0.090625
1 0.10546875 0.5296875 0.0515625 0.05625
1 0.18046875 0.540625 0.034375 0.075
1 0.22109375 0.575 0.0515625 0.065625
1 0.1671875 0.6140625 0.103125 0.03125
1 0.1796875 0.60859375 0.040625 0.0546875
1 0.14296875 0.671875 0.025 0.06875
1 0.2453125 0.66015625 0.0921875 0.028125
