1 0.28984375 0.14296875 0.0828125 0.0703125
1 0.37109375 0.12421875 0.1375 0.05
1 0.3609375 0.18203125 0.1015625 0.084375
1 0.63359375 0.16953125 0.059375 0.075
1 0.5578125 0.18828125 0.1578125 0.0296875
1 0.47109375 0.20859375 0.1140625 0.028125
1 0.246875 0.22109375 0.0625 0.090625
1 0.153125 0.28203125 0.0515625 0.0671875
1 0.3125 0.321875 0.103125 0.0375
1 0.40703125 0.24375 0.0703125 0.1203125
1 0.48125 0.309375 0.0921875 0.0921875
1 0.5984375 0.32734375 0.109375 0.0515625
1 0.91328125 0.3453125 0.1171875 0.0640625
1 0.78125 0.3859375 0.115625 0.0390625
1 0.6515625 0.403125 0.046875 0.0984375
1 0.8359375 0.46484375 0.084375 0.078125
1 0.928125 0.503125 0.0765625 0.08125
1 0.75546875 0.51328125 0.08125 0.0890625
1 0.6625 0.515625 0.075 0.0828125
1 0.56875 0.46796875 0.0671875 0.0625
1 0.43515625 0.37109375 0.0953125 0.021875
1 0.34296875 0.390625 0.084375 0.0640625
1 0.2546875 0.40234375 0.1 0.08125
1 0.16015625 0.43984375 0.09375 0.0703125
1 0.0828125 0.3984375 0.06875 0.0640625
1 0.4234375 0.4671875 0.0765625 0.1015625
1 0.3359375 0.50703125 0.10625 0.0453125
1 0.2109375 0.55703125 0.034375 0.0890625
1 0.1296875 0.58203125 0.1171875 0.0546875
1 0.3953125 0.575 0.1234375 0.040625
1 0.51796875 0.52265625 0.0671875 0.0359375
1 0.82265625 0.57578125 0.0484375 0.084375
1 0.66640625 0.62734375 0.0609375 0.090625
1 0.59765625 0.68671875 0.1265625 0.04375
1 0.41484375 0.740625 0.096875 0.065625
1 0.28984375 0.703125 0.134375 0.025
1 0.24375 0.6515625 0.1296875 0.046875
