1 0.5 0.5078125 0.065625 0.03828125
1 0.52265625 0.51796875 0.05390625 0.0359375
1 0.55390625 0.51796875 0.071875 0.02109375
1 0.51171875 0.534375 0.06171875 0.0234375
1 0.5390625 0.5421875 0.08359375 0.01875
1 0.51640625 0.55 0.03671875 0.0609375
1 0.45078125 0.53046875 0.07578125 0.034375
1 0.490625 0.56484375 0.05859375 0.04140625
1 0.44921875 0.56953125 0.04609375 0.05078125
1 0.5328125 0.58671875 0.0390625 0.04453125
1 0.5515625 0.5859375 0.034375 0.0578125
1 0.6171875 0.52734375 0.04140625 0.05
1 0.67890625 0.55703125 0.0828125 0.02734375
1 0.69765625 0.5390625 0.034375 0.0484375
1 0.628125 0.59296875 0.05 0.0515625
1 0.571875 0.6359375 0.05703125 0.05546875
1 0.7046875 0.62421875 0.04375 0.046875
1 0.725 0.64453125 0.0203125 0.05546875
1 0.753125 0.68515625 0.04375 0.0609375
1 0.7625 0.725 0.04140625 0.0640625
1 0.646875 0.7109375 0.02734375 0.04765625
1 0.703125 0.7140625 0.046875 0.06171875
1 0.61015625 0.6859375 0.0765625 0.015625
1 0.4125 0.57578125 0.0265625 0.04921875
1 0.37265625 0.5984375 0.07578125 0.028125
1 0.33828125 0.5921875 0.0609375 0.025
1 0.396875 0.625 0.0421875 0.0453125
1 0.4546875 0.62890625 0.0265625 0.06015625
1 0.50859375 0.67421875 0.07890625 0.0453125
1 0.44296875 0.66796875 0.07421875 0.03984375
1 0.37734375 0.6515625 0.08984375 0.01875
1 0.3859375 0.678125 0.0796875 0.03046875
1 0.33125 0.68125 0.03984375 0.046875
1 0.33515625 0.6578125 0.0390625 0.05078125
1 0.31171875 0.65625 0.04296875 0.0640625
1 0.2734375 0.67265625 0.0296875 0.06015625
1 0.3484375 0.7171875 0.07421875 0.0421875
1 0.390625 0.72265625 0.0515625 0.0609375
1 0.31484375 0.73046875 0.0171875 0.06328125
1 0.3359375 0.75390625 0.03828125 0.07265625
1 0.2875 0.7515625 0.03125 0.06640625
1 0.30546875 0.8078125 0.06171875 0.04765625
1 0.303125 0.78671875 0.05859375 0.05859375
1 0.3984375 0.7671875 0.05 0.0640625
1 0.453125 0.73515625 0.0828125 0.059375
1 0.4984375 0.76953125 0.0703125 0.03671875
1 0.446875 0.80703125 0.09296875 0.03125
1 0.41953125 0.83203125 0.08203125 0.0296875
1 0.4015625 0.8328125 0.05234375 0.05859375
1 0.38515625 0.865625 0.05703125 0.05859375
1 0.43203125 0.88046875 0.0421875 0.06484375
1 0.5546875 0.77578125 0.03046875 0.0671875
1 0.5859375 0.76015625 0.034375 0.0578125
1 0.58984375 0.82265625 0.0421875 0.0875
1 0.68046875 0.8078125 0.1265625 0.03203125
