1 0.4609375 0.22421875 0.1109375 0.0359375
1 0.334375 0.246875 0.046875 0.059375
1 0.46328125 0.2453125 0.090625 0.028125
1 0.41328125 0.275 0.028125 0.0796875
1 0.4546875 0.275 0.075 0.040625
1 0.421875 0.2859375 0.071875 0.015625
1 0.44140625 0.30234375 0.084375 0.015625
1 0.36875 0.278125 0.075 0.0390625
1 0.44609375 0.315625 0.115625 0.015625
1 0.415625 0.33984375 0.0375 0.0484375
1 0.42421875 0.35234375 0.075 0.0296875
1 0.43359375 0.3453125 0.0453125 0.05625
1 0.490625 0.340625 0.071875 0.034375
1 0.5375 0.31875 0.0671875 0.0328125
1 0.525 0.28359375 0.0625 0.0390625
1 0.32265625 0.30703125 0.0703125 0.0453125
1 0.31015625 0.2984375 0.0859375 0.015625
1 0.253125 0.28671875 0.05 0.053125
1 0.30625 0.33046875 0.053125 0.046875
1 0.3015625 0.3515625 0.0703125 0.0375
1 0.33984375 0.35625 0.0875 0.0234375
1 0.228125 0.3359375 0.0734375 0.053125
1 0.540625 0.24140625 0.096875 0.0328125
1 0.6375 0.2453125 0.1046875 0.04375
1 0.57890625 0.26015625 0.0703125 0.0296875
1 0.584375 0.259375 0.075 0.025
1 0.61015625 0.27265625 0.0828125 0.025
1 0.6109375 0.2875 0.0953125 0.0390625
1 0.6625 0.28828125 0.0671875 0.053125
1 0.64609375 0.31015625 0.03125 0.065625
1 0.63984375 0.30546875 0.0625 0.01875
1 0.63515625 0.28203125 0.0625 0.03125
1 0.6609375 0.328125 0.0265625 0.0734375
1 0.6140625 0.340625 0.075 0.0203125
1 0.62578125 0.34296875 0.0671875 0.034375
1 0.575 0.33359375 0.04375 0.05625
1 0.5625 0.33046875 0.028125 0.0578125
1 0.553125 0.36875 0.0671875 0.0375
1 0.534375 0.3734375 0.078125 0.025
1 0.57109375 0.39765625 0.05 0.034375
1 0.46640625 0.396875 0.0828125 0.0375
1 0.45390625 0.3828125 0.071875 0.034375
1 0.4484375 0.37734375 0.0546875 0.0140625
1 0.46953125 0.39921875 0.040625 0.040625
1 0.48671875 0.41796875 0.0484375 0.0359375
1 0.403125 0.4046875 0.0390625 0.0625
1 0.35 0.44296875 0.075 0.04375
1 0.365625 0.42421875 0.096875 0.0390625
1 0.36875 0.42265625 0.0484375 0.059375
1 0.36796875 0.39453125 0.071875 0.0390625
1 0.32734375 0.425 0.05 0.0421875
1 0.28828125 0.4296875 0.0703125 0.0265625
1 0.2875 0.4609375 0.0265625 0.0640625
1 0.34375 0.45625 0.01875 0.0453125
1 0.340625 0.49296875 0.028125 0.0578125
1 0.384375 0.48828125 0.0453125 0.0640625
1 0.371875 0.49921875 0.025 0.0375
1 0.4296875 0.46484375 0.0703125 0.05625
1 0.45703125 0.4625 0.053125 0.034375
1 0.484375 0.44921875 0.0640625 0.05
1 0.46640625 0.44140625 0.0875 0.0265625
1 0.7015625 0.2953125 0.040625 0.0671875
1 0.73515625 0.3078125 0.1046875 0.0234375
1 0.73046875 0.31171875 0.0546875 0.053125
1 0.759375 0.296875 0.04375 0.01875
1 0.7953125 0.2828125 0.053125 0.075
1 0.83203125 0.2921875 0.05625 0.0390625
1 0.68828125 0.34765625 0.040625 0.0609375
1 0.72109375 0.35703125 0.0875 0.0375
1 0.7125 0.35625 0.090625 0.01875
1 0.74296875 0.37578125 0.0359375 0.06875
1 0.7890625 0.37734375 0.065625 0.0484375
1 0.80546875 0.39453125 0.1 0.021875
1 0.62734375 0.3875 0.03125 0.0609375
1 0.6203125 0.41484375 0.09375 0.0328125
1 0.5953125 0.43203125 0.1203125 0.0296875
1 0.55078125 0.4484375 0.0671875 0.040625
1 0.675 0.4015625 0.0625 0.05
1 0.71796875 0.3921875 0.0859375 0.028125
1 0.7046875 0.425 0.03125 0.059375
1 0.6890625 0.44140625 0.0625 0.0296875
1 0.59609375 0.49375 0.078125 0.034375
1 0.6625 0.4765625 0.078125 0.0453125
1 0.70078125 0.48984375 0.0828125 0.03125
1 0.690625 0.51171875 0.0359375 0.0375
1 0.675 0.465625 0.03125 0.0484375
1 0.7421875 0.4859375 0.0265625 0.0515625
1 0.7484375 0.421875 0.0390625 0.0515625
1 0.76640625 0.44140625 0.0265625 0.0578125
1 0.78671875 0.459375 0.025 0.0671875
1 0.80859375 0.45078125 0.0796875 0.0359375
1 0.875 0.40390625 0.0578125 0.0609375
1 0.7796875 0.496875 0.0375 0.0640625
1 0.81953125 0.47734375 0.0703125 0.059375
1 0.84453125 0.48828125 0.0328125 0.0734375
1 0.859375 0.46953125 0.0796875 0.0421875
1 0.89765625 0.33828125 0.0265625 0.065625
1 0.9125 0.390625 0.034375 0.0640625
1 0.8796875 0.4265625 0.06875 0.0609375
1 0.9109375 0.47578125 0.109375 0.0328125
1 0.8640625 0.51640625 0.0890625 0.0234375
1 0.94765625 0.53359375 0.06875 0.0421875
1 0.83359375 0.546875 0.0546875 0.0578125
1 0.815625 0.54375 0.075 0.0328125
1 0.7796875 0.56796875 0.08125 0.015625
1 0.734375 0.54609375 0.05 0.0515625
1 0.70390625 0.56875 0.0734375 0.0390625
1 0.64765625 0.54140625 0.059375 0.028125
1 0.703125 0.6046875 0.103125 0.028125
1 0.67265625 0.61015625 0.01875 0.0546875
1 0.73984375 0.58984375 0.0515625 0.03125
1 0.78046875 0.6140625 0.0359375 0.04375
1 0.76328125 0.60859375 0.0796875 0.0140625
1 0.83515625 0.59921875 0.034375 0.0515625
1 0.86640625 0.59140625 0.090625 0.025
1 0.8375 0.60859375 0.0734375 0.0375
1 0.815625 0.6421875 0.04375 0.059375
1 0.7921875 0.640625 0.0484375 0.0375
1 0.7390625 0.65546875 0.059375 0.0234375
1 0.75703125 0.6609375 0.0421875 0.0375
1 0.73203125 0.67734375 0.0515625 0.0359375
1 0.71328125 0.64375 0.05625 0.028125
1 0.6703125 0.6609375 0.0625 0.04375
1 0.61328125 0.63828125 0.0859375 0.04375
1 0.58046875 0.6453125 0.065625 0.0234375
1 0.62265625 0.65703125 0.0328125 0.04375
1 0.62265625 0.68984375 0.084375 0.0328125
1 0.66640625 0.690625 0.0609375 0.0234375
1 0.77890625 0.6953125 0.0234375 0.0609375
1 0.7234375 0.7046875 0.0703125 0.0671875
1 0.6984375 0.7171875 0.0765625 0.021875
1 0.68515625 0.71875 0.05625 0.0453125
1 0.63828125 0.71796875 0.065625 0.025
1 0.57890625 0.71015625 0.0703125 0.034375
1 0.634375 0.7390625 0.0703125 0.015625
1 0.60625 0.74921875 0.0625 0.0421875
1 0.66953125 0.75703125 0.0734375 0.0421875
1 0.77265625 0.75859375 0.09375 0.046875
1 0.9375 0.5671875 0.078125 0.0390625
1 0.94296875 0.58984375 0.06875 0.040625
1 0.90078125 0.6234375 0.0953125 0.021875
1 0.89140625 0.6515625 0.090625 0.03125
1 0.15 0.42109375 0.1015625 0.0390625
1 0.23203125 0.46171875 0.0640625 0.046875
1 0.2875 0.4921875 0.0671875 0.04375
1 0.17578125 0.4578125 0.075 0.040625
1 0.18125 0.4953125 0.0359375 0.0640625
1 0.1828125 0.4640625 0.0328125 0.053125
1 0.10859375 0.48515625 0.05625 0.065625
1 0.1125 0.46328125 0.0359375 0.0734375
1 0.08671875 0.54140625 0.0484375 0.0578125
1 0.14375 0.56015625 0.1046875 0.0390625
1 0.215625 0.54453125 0.040625 0.0546875
1 0.26875 0.521875 0.053125 0.040625
1 0.2640625 0.55078125 0.0515625 0.0453125
1 0.22890625 0.553125 0.0203125 0.04375
1 0.265625 0.5703125 0.0890625 0.0234375
1 0.31640625 0.55 0.0890625 0.046875
1 0.30390625 0.58046875 0.065625 0.01875
1 0.175 0.596875 0.0359375 0.053125
1 0.196875 0.59765625 0.0734375 0.028125
1 0.20859375 0.6015625 0.0671875 0.0390625
1 0.11875 0.60703125 0.0484375 0.046875
1 0.13828125 0.634375 0.103125 0.01875
1 0.13828125 0.6640625 0.0703125 0.0375
1 0.16171875 0.63828125 0.0546875 0.065625
1 0.19609375 0.66328125 0.0359375 0.0671875
1 0.24609375 0.6703125 0.0578125 0.0734375
1 0.22265625 0.71171875 0.0890625 0.028125
1 0.5359375 0.53359375 0.0375 0.05
1 0.54765625 0.553125 0.0625 0.05
1 0.43046875 0.53203125 0.0671875 0.028125
1 0.4078125 0.58046875 0.0234375 0.05625
1 0.46015625 0.56953125 0.084375 0.0359375
1 0.45234375 0.60234375 0.0296875 0.05625
1 0.403125 0.6140625 0.046875 0.065625
1 0.38046875 0.5921875 0.053125 0.059375
1 0.334375 0.6015625 0.084375 0.025
1 0.41328125 0.62734375 0.0703125 0.025
1 0.32109375 0.625 0.0921875 0.028125
1 0.3140625 0.65390625 0.03125 0.05
1 0.371875 0.684375 0.028125 0.053125
1 0.3359375 0.68046875 0.0390625 0.046875
1 0.3375 0.68984375 0.09375 0.034375
1 0.3109375 0.71015625 0.0703125 0.0421875
1 0.35703125 0.71953125 0.0421875 0.046875
1 0.4234375 0.70234375 0.0375 0.04375
1 0.48671875 0.678125 0.0390625 0.0671875
1 0.43671875 0.71796875 0.065625 0.0515625
1 0.4921875 0.73515625 0.0828125 0.0203125
1 0.41328125 0.71484375 0.03125 0.0625
1 0.54765625 0.7234375 0.028125 0.059375
1 0.56640625 0.76796875 0.0328125 0.0671875
1 0.528125 0.78359375 0.0515625 0.059375
1 0.48046875 0.76796875 0.0609375 0.05625
1 0.42265625 0.7625 0.04375 0.046875
1 0.4140625 0.80859375 0.078125 0.015625
1 0.34375 0.79140625 0.0609375 0.028125
1 0.27578125 0.74765625 0.0828125 0.046875
