1 0.33671875 0.26796875 0.03125 0.0765625
1 0.2671875 0.31875 0.0703125 0.0546875
1 0.31484375 0.37109375 0.128125 0.025
1 0.39921875 0.38125 0.0859375 0.0609375
1 0.4453125 0.3359375 0.034375 0.0984375
1 0.459375 0.31328125 0.0796875 0.0375
1 0.62578125 0.2828125 0.0984375 0.059375
1 0.5796875 0.35 0.04375 0.0921875
1 0.66796875 0.34453125 0.1125 0.046875
1 0.7421875 0.35 0.0546875 0.065625
1 0.57890625 0.3953125 0.0703125 0.071875
1 0.6703125 0.43203125 0.1265625 0.0296875
1 0.49296875 0.46640625 0.121875 0.034375
1 0.48046875 0.44140625 0.1109375 0.04375
1 0.51328125 0.51953125 0.0984375 0.0625
1 0.36953125 0.4765625 0.065625 0.0890625
1 0.1265625 0.4140625 0.0375 0.071875
1 0.1609375 0.41875 0.05 0.0484375
1 0.1234375 0.54375 0.1265625 0.05625
1 0.13671875 0.5109375 0.040625 0.0875
1 0.07578125 0.521875 0.071875 0.0546875
1 0.0484375 0.59921875 0.0625 0.0875
1 0.04609375 0.54609375 0.053125 0.0328125
1 0.140625 0.6375 0.053125 0.0734375
1 0.19609375 0.64921875 0.11875 0.028125
1 0.27109375 0.609375 0.1109375 0.0296875
1 0.40625 0.59296875 0.1109375 0.0828125
1 0.4828125 0.61953125 0.1078125 0.075
1 0.42109375 0.68203125 0.0390625 0.0828125
1 0.2078125 0.74375 0.05625 0.071875
1 0.22421875 0.70234375 0.0515625 0.0890625
1 0.0828125 0.6875 0.0703125 0.0671875
1 0.32734375 0.76953125 0.1 0.0625
1 0.4171875 0.7859375 0.10625 0.0265625
1 0.4703125 0.81171875 0.08125 0.0578125
1 0.5265625 0.83984375 0.109375 0.03125
1 0.4296875 0.87421875 0.0703125 0.065625
1 0.3765625 0.8578125 0.0546875 0.0828125
1 0.40546875 0.90625 0.1359375 0.0359375
1 0.7015625 0.846875 0.1171875 0.021875
1 0.7625 0.76640625 0.065625 0.1125
1 0.8046875 0.775 0.0984375 0.0640625
1 0.80234375 0.74140625 0.121875 0.025
1 0.82734375 0.6875 0.1109375 0.053125
1 0.59609375 0.6921875 0.1171875 0.01875
1 0.634375 0.62890625 0.0453125 0.1015625
1 0.6421875 0.546875 0.0890625 0.0640625
1 0.7234375 0.54296875 0.0625 0.0765625
1 0.896875 0.571875 0.0265625 0.0734375
1 0.87109375 0.4765625 0.0640625 0.084375
1 0.80859375 0.4859375 0.1234375 0.034375
1 0.82578125 0.43359375 0.071875 0.05625
