1 0.328125 0.54375 0.09375 0.05703125
1 0.3703125 0.55859375 0.04921875 0.06875
1 0.32109375 0.58515625 0.09765625 0.0390625
1 0.33515625 0.64453125 0.08515625 0.05234375
1 0.3328125 0.62265625 0.0828125 0.0578125
1 0.2671875 0.58671875 0.0484375 0.0546875
1 0.28203125 0.6296875 0.0640625 0.05546875
1 0.253125 0.63671875 0.04921875 0.08046875
1 0.33125 0.690625 0.059375 0.0828125
1 0.27890625 0.70234375 0.0484375 0.0859375
1 0.39453125 0.684375 0.03984375 0.0859375
1 0.42421875 0.640625 0.03984375 0.08203125
1 0.4015625 0.7265625 0.1015625 0.02734375
1 0.47734375 0.5890625 0.071875 0.06875
1 0.52734375 0.5390625 0.1140625 0.03125
1 0.6328125 0.559375 0.13984375 0.0296875
1 0.69921875 0.521875 0.11953125 0.0421875
1 0.73125 0.5609375 0.09765625 0.06796875
1 0.63828125 0.61796875 0.11484375 0.06015625
1 0.634375 0.64609375 0.06953125 0.0734375
1 0.5734375 0.66484375 0.084375 0.08046875
1 0.50234375 0.6265625 0.05078125 0.07734375
1 0.50859375 0.6953125 0.040625 0.10390625
1 0.46875 0.6953125 0.084375 0.0671875
1 0.46484375 0.7484375 0.1328125 0.028125
1 0.53203125 0.76875 0.13203125 0.06171875
1 0.52578125 0.74296875 0.07578125 0.08125
1 0.58828125 0.771875 0.1125 0.08203125
1 0.61953125 0.69765625 0.075 0.071875
1 0.6859375 0.70625 0.053125 0.10703125
1 0.7296875 0.66015625 0.05234375 0.08984375
