1 0.31796875 0.23359375 0.084375 0.05
1 0.7078125 0.19609375 0.125 0.0328125
1 0.47734375 0.28203125 0.0671875 0.084375
1 0.31484375 0.309375 0.103125 0.0390625
1 0.396875 0.4234375 0.0890625 0.0671875
1 0.490625 0.4640625 0.065625 0.0890625
1 0.63515625 0.4578125 0.090625 0.034375
1 0.17109375 0.46171875 0.0796875 0.103125
1 0.30703125 0.58671875 0.0765625 0.0890625
1 0.11953125 0.68671875 0.05625 0.1046875
1 0.4203125 0.725 0.13125 0.0546875
1 0.45546875 0.88828125 0.1296875 0.0390625
1 0.65078125 0.559375 0.0859375 0.0703125
1 0.68515625 0.70390625 0.1015625 0.078125
1 0.87734375 0.57890625 0.0890625 0.075
1 0.87109375 0.75078125 0.0546875 0.0890625
1 0.78359375 0.7796875 0.11875 0.046875
