1 0.409375 0.22265625 0.059375 0.078125
1 0.4546875 0.215625 0.09375 0.0453125
1 0.459375 0.15625 0.0984375 0.034375
1 0.7046875 0.21484375 0.053125 0.096875
1 0.61640625 0.2921875 0.0734375 0.06875
1 0.4328125 0.328125 0.10625 0.05625
1 0.3359375 0.353125 0.0328125 0.1015625
1 0.39765625 0.29140625 0.0859375 0.0671875
1 0.22421875 0.2609375 0.040625 0.1015625
1 0.19765625 0.23984375 0.071875 0.0796875
1 0.19140625 0.38984375 0.0484375 0.090625
1 0.346875 0.5 0.1140625 0.034375
1 0.67578125 0.3359375 0.08125 0.0859375
1 0.80859375 0.3109375 0.0515625 0.0953125
1 0.83046875 0.45234375 0.0375 0.0953125
1 0.909375 0.440625 0.0875 0.08125
1 0.76875 0.51171875 0.075 0.0578125
1 0.89296875 0.6265625 0.0703125 0.071875
1 0.91171875 0.590625 0.1171875 0.059375
1 0.84140625 0.60859375 0.065625 0.078125
1 0.77421875 0.77734375 0.078125 0.046875
1 0.7234375 0.68046875 0.1046875 0.0734375
1 0.39296875 0.6375 0.0703125 0.075
1 0.4515625 0.63046875 0.0375 0.115625
1 0.52421875 0.6 0.0328125 0.0890625
1 0.58515625 0.62734375 0.0625 0.0328125
1 0.59453125 0.734375 0.0796875 0.08125
1 0.69921875 0.80234375 0.0390625 0.096875
1 0.68828125 0.875 0.125 0.0265625
1 0.58125 0.9109375 0.0546875 0.04375
1 0.521875 0.8890625 0.0953125 0.065625
1 0.484375 0.82578125 0.0703125 0.0875
1 0.35703125 0.9046875 0.13125 0.028125
1 0.26796875 0.77734375 0.046875 0.0921875
1 0.1421875 0.671875 0.0484375 0.1015625
1 0.1453125 0.5875 0.103125 0.0578125
