1 0.7453125 0.73984375 0.0859375 0.0640625
1 0.665625 0.7546875 0.0484375 0.09375
1 0.6515625 0.75546875 0.0859375 0.046875
1 0.67734375 0.7171875 0.096875 0.0484375
1 0.72265625 0.7140625 0.0890625 0.021875
1 0.60078125 0.721875 0.1 0.028125
1 0.7140625 0.6765625 0.0515625 0.0671875
1 0.56328125 0.77265625 0.1109375 0.05625
1 0.4796875 0.76328125 0.090625 0.015625
1 0.51015625 0.72578125 0.11875 0.025
1 0.48984375 0.7203125 0.0546875 0.0625
1 0.58359375 0.69765625 0.10625 0.0171875
1 0.6109375 0.6578125 0.1140625 0.04375
1 0.63125 0.65859375 0.0546875 0.075
1 0.57734375 0.65390625 0.05625 0.059375
1 0.67421875 0.6234375 0.0828125 0.0390625
1 0.7015625 0.65078125 0.03125 0.0703125
1 0.7640625 0.66328125 0.084375 0.03125
1 0.75625 0.6484375 0.0234375 0.06875
1 0.80546875 0.68203125 0.0265625 0.0671875
1 0.52578125 0.66171875 0.0609375 0.071875
1 0.6109375 0.6015625 0.059375 0.0328125
1 0.5765625 0.60625 0.0703125 0.0453125
1 0.54453125 0.60390625 0.0421875 0.0546875
1 0.51875 0.63515625 0.0234375 0.059375
1 0.48125 0.65234375 0.06875 0.046875
1 0.47265625 0.63046875 0.0359375 0.059375
1 0.43125 0.68984375 0.0765625 0.059375
1 0.39375 0.7671875 0.075 0.04375
1 0.4 0.74765625 0.09375 0.0421875
1 0.390625 0.7359375 0.0796875 0.05
1 0.31484375 0.7375 0.053125 0.053125
1 0.31484375 0.69453125 0.10625 0.01875
1 0.37734375 0.66953125 0.0609375 0.0578125
1 0.35078125 0.65 0.0453125 0.0640625
1 0.40078125 0.62890625 0.0921875 0.046875
1 0.3921875 0.60390625 0.0328125 0.078125
1 0.32890625 0.61796875 0.0609375 0.078125
1 0.46875 0.58515625 0.0453125 0.078125
1 0.4578125 0.5796875 0.090625 0.0359375
1 0.51484375 0.55078125 0.08125 0.0296875
1 0.41171875 0.53046875 0.0359375 0.0734375
1 0.8453125 0.640625 0.0515625 0.05
1 0.81171875 0.60703125 0.0953125 0.0359375
1 0.771875 0.5765625 0.0328125 0.0765625
1 0.753125 0.5671875 0.1203125 0.01875
1 0.70234375 0.58671875 0.0953125 0.0296875
1 0.8484375 0.59140625 0.065625 0.040625
1 0.8328125 0.56015625 0.0609375 0.046875
1 0.81328125 0.51796875 0.1125 0.0359375
1 0.8796875 0.5046875 0.103125 0.021875
1 0.85859375 0.496875 0.0328125 0.0625
1 0.86171875 0.46328125 0.10625 0.0328125
1 0.7671875 0.50625 0.028125 0.0828125
1 0.740625 0.5046875 0.0328125 0.08125
1 0.678125 0.5140625 0.0609375 0.04375
1 0.62265625 0.53515625 0.10625 0.0421875
1 0.62109375 0.5375 0.028125 0.096875
1 0.5875 0.546875 0.0765625 0.021875
1 0.56328125 0.51171875 0.0625 0.05
1 0.6625 0.4953125 0.1078125 0.0265625
1 0.67890625 0.4453125 0.046875 0.078125
1 0.6703125 0.471875 0.0984375 0.021875
1 0.59453125 0.47265625 0.0828125 0.0359375
1 0.73828125 0.446875 0.11875 0.034375
1 0.8234375 0.41171875 0.046875 0.0484375
1 0.50859375 0.4796875 0.06875 0.0578125
1 0.62734375 0.421875 0.08125 0.05625
1 0.6484375 0.390625 0.05 0.05
1 0.67578125 0.396875 0.0375 0.05625
1 0.5734375 0.40703125 0.10625 0.0140625
1 0.571875 0.403125 0.025 0.078125
1 0.70390625 0.35625 0.025 0.0703125
1 0.69375 0.3453125 0.1 0.046875
1 0.7984375 0.35078125 0.0515625 0.0703125
1 0.8609375 0.36015625 0.1046875 0.0625
1 0.8625 0.32265625 0.0515625 0.0625
1 0.8046875 0.28515625 0.115625 0.0296875
1 0.77265625 0.30390625 0.034375 0.04375
1 0.7375 0.30390625 0.0859375 0.0203125
1 0.675 0.31875 0.0578125 0.0703125
1 0.63046875 0.303125 0.084375 0.046875
1 0.640625 0.28671875 0.103125 0.021875
1 0.7015625 0.2515625 0.065625 0.0640625
1 0.72578125 0.23984375 0.0765625 0.05625
1 0.62578125 0.23046875 0.096875 0.028125
1 0.59609375 0.24765625 0.1109375 0.03125
1 0.55703125 0.2078125 0.040625 0.05625
1 0.515625 0.23828125 0.05625 0.0421875
1 0.4953125 0.25 0.059375 0.040625
1 0.47109375 0.2453125 0.0234375 0.078125
1 0.4625 0.2578125 0.090625 0.0375
1 0.42421875 0.23359375 0.0984375 0.028125
1 0.3984375 0.23515625 0.0484375 0.0703125
1 0.45234375 0.21484375 0.0703125 0.053125
1 0.4828125 0.19140625 0.0890625 0.040625
1 0.509375 0.31484375 0.078125 0.0484375
1 0.50390625 0.325 0.05 0.084375
1 0.4640625 0.3359375 0.084375 0.06875
1 0.48203125 0.34453125 0.0515625 0.059375
1 0.446875 0.3015625 0.071875 0.0390625
1 0.37734375 0.30390625 0.1 0.05
1 0.4109375 0.2890625 0.0546875 0.0234375
1 0.41484375 0.334375 0.0671875 0.053125
1 0.33359375 0.30078125 0.115625 0.0328125
1 0.3015625 0.28046875 0.028125 0.0890625
1 0.31796875 0.26875 0.09375 0.034375
1 0.3625 0.2328125 0.1203125 0.0265625
1 0.26171875 0.3109375 0.0640625 0.0421875
1 0.3125 0.33828125 0.0859375 0.028125
1 0.29375 0.3578125 0.0625 0.0421875
1 0.2234375 0.3625 0.0390625 0.046875
1 0.24765625 0.3359375 0.103125 0.01875
1 0.18671875 0.3046875 0.0828125 0.0484375
1 0.2703125 0.21953125 0.115625 0.01875
1 0.17421875 0.278125 0.08125 0.04375
1 0.1859375 0.35078125 0.0859375 0.040625
1 0.16484375 0.3640625 0.096875 0.0234375
1 0.1453125 0.3890625 0.096875 0.0234375
1 0.11640625 0.4 0.028125 0.075
1 0.1546875 0.40625 0.0359375 0.0640625
1 0.225 0.41328125 0.1140625 0.025
1 0.2296875 0.41640625 0.03125 0.059375
1 0.26875 0.4203125 0.0421875 0.06875
1 0.3078125 0.4484375 0.0328125 0.075
1 0.0796875 0.44296875 0.04375 0.0734375
1 0.06796875 0.48984375 0.0796875 0.053125
1 0.0609375 0.55078125 0.0578125 0.053125
1 0.08359375 0.521875 0.0734375 0.05625
1 0.11640625 0.528125 0.05625 0.0609375
1 0.13515625 0.4984375 0.0390625 0.0578125
1 0.15390625 0.51484375 0.0328125 0.0734375
1 0.1671875 0.49296875 0.059375 0.05
1 0.221875 0.50078125 0.0453125 0.0703125
1 0.23671875 0.47578125 0.0828125 0.025
1 0.33203125 0.52734375 0.06875 0.06875
1 0.31875 0.5078125 0.0421875 0.05
1 0.26875 0.553125 0.046875 0.0703125
1 0.27421875 0.559375 0.0390625 0.078125
1 0.21171875 0.5765625 0.0875 0.0296875
1 0.115625 0.5875 0.0453125 0.0875
1 0.1234375 0.5703125 0.08125 0.046875
1 0.15703125 0.63203125 0.096875 0.0265625
1 0.23515625 0.6296875 0.0953125 0.0421875
1 0.22578125 0.66328125 0.084375 0.0484375
1 0.4234375 0.47421875 0.1171875 0.021875
1 0.38515625 0.4265625 0.040625 0.0796875
1 0.459375 0.42734375 0.0734375 0.06875
1 0.47578125 0.41640625 0.1109375 0.01875
1 0.4234375 0.38984375 0.0421875 0.0703125
1 0.4109375 0.37734375 0.0828125 0.046875
