1 0.66484375 0.29921875 0.028125 0.0546875
1 0.60703125 0.3015625 0.05625 0.0703125
1 0.77890625 0.3671875 0.0546875 0.075
1 0.71484375 0.39921875 0.0734375 0.05
1 0.7640625 0.4421875 0.0578125 0.046875
1 0.70390625 0.4671875 0.0859375 0.0390625
1 0.75234375 0.48515625 0.10625 0.021875
1 0.721875 0.4953125 0.04375 0.05625
1 0.825 0.565625 0.0921875 0.0515625
1 0.80625 0.53125 0.046875 0.0515625
1 0.665625 0.546875 0.071875 0.065625
1 0.65859375 0.5171875 0.109375 0.0234375
1 0.57109375 0.47734375 0.0828125 0.01875
1 0.5328125 0.409375 0.05625 0.0546875
1 0.57265625 0.34921875 0.0890625 0.0296875
1 0.4203125 0.3140625 0.0203125 0.0546875
1 0.43671875 0.28984375 0.0640625 0.05625
1 0.38203125 0.290625 0.0375 0.0640625
1 0.38046875 0.3765625 0.034375 0.053125
1 0.34140625 0.3625 0.0328125 0.0359375
1 0.459375 0.4375 0.0796875 0.034375
1 0.38203125 0.4125 0.10625 0.03125
1 0.2984375 0.40234375 0.090625 0.0296875
1 0.28046875 0.4078125 0.084375 0.0234375
1 0.26484375 0.32890625 0.0375 0.04375
1 0.3078125 0.3796875 0.0265625 0.034375
1 0.19375 0.425 0.0671875 0.0359375
1 0.23984375 0.465625 0.0953125 0.028125
1 0.178125 0.521875 0.0390625 0.059375
1 0.221875 0.5125 0.0453125 0.0515625
1 0.3890625 0.559375 0.0890625 0.0625
1 0.4421875 0.60625 0.1125 0.0359375
1 0.61015625 0.6109375 0.034375 0.075
1 0.42578125 0.5875 0.0859375 0.0265625
1 0.19921875 0.61796875 0.0484375 0.0703125
1 0.2140625 0.67578125 0.03125 0.0828125
1 0.3078125 0.64765625 0.0609375 0.0625
1 0.41171875 0.6625 0.0921875 0.01875
1 0.49453125 0.696875 0.075 0.0265625
1 0.64765625 0.71796875 0.059375 0.0625
1 0.2484375 0.784375 0.0828125 0.059375
1 0.31484375 0.7703125 0.0984375 0.053125
1 0.4515625 0.79609375 0.0484375 0.0875
1 0.5015625 0.77109375 0.053125 0.0875
1 0.54375 0.8015625 0.0421875 0.0765625
1 0.5953125 0.7859375 0.0359375 0.0921875
1 0.6796875 0.7625 0.0359375 0.0859375
1 0.784375 0.61171875 0.0578125 0.0546875
1 0.71875 0.6171875 0.0546875 0.0609375
1 0.70625 0.7046875 0.0390625 0.0796875
1 0.75703125 0.67890625 0.0203125 0.078125
1 0.72265625 0.65625 0.0765625 0.0296875
