1 0.4890625 0.753125 0.1140625 0.03125
1 0.2703125 0.69921875 0.10625 0.028125
1 0.578125 0.7390625 0.0796875 0.0203125
1 0.73203125 0.69453125 0.0578125 0.0640625
1 0.64296875 0.68125 0.08125 0.0625
1 0.63984375 0.721875 0.1171875 0.0234375
1 0.7109375 0.65703125 0.0953125 0.0546875
1 0.64609375 0.625 0.1125 0.05
1 0.4765625 0.62109375 0.1078125 0.0546875
1 0.4640625 0.70390625 0.0984375 0.0515625
1 0.52734375 0.65625 0.1125 0.0359375
1 0.52109375 0.721875 0.0984375 0.0328125
1 0.575 0.690625 0.078125 0.0609375
1 0.8140625 0.61171875 0.0609375 0.08125
1 0.88046875 0.54765625 0.0453125 0.1015625
1 0.7984375 0.540625 0.04375 0.0734375
1 0.6234375 0.51953125 0.040625 0.0953125
1 0.540625 0.52265625 0.028125 0.084375
1 0.48046875 0.5328125 0.0359375 0.1015625
1 0.30859375 0.56484375 0.1046875 0.05
1 0.3765625 0.64765625 0.1015625 0.0609375
1 0.19609375 0.646875 0.06875 0.0359375
1 0.29375 0.65390625 0.0453125 0.0765625
1 0.23359375 0.6453125 0.09375 0.0625
1 0.34296875 0.6734375 0.0921875 0.0484375
1 0.1390625 0.59453125 0.0703125 0.0546875
1 0.11015625 0.52265625 0.03125 0.0734375
1 0.2578125 0.53671875 0.065625 0.084375
1 0.89609375 0.48203125 0.04375 0.071875
1 0.875 0.4109375 0.1296875 0.0609375
1 0.7484375 0.39609375 0.103125 0.046875
1 0.85859375 0.34921875 0.0859375 0.065625
1 0.83515625 0.28671875 0.078125 0.065625
1 0.753125 0.25859375 0.1171875 0.0328125
1 0.734375 0.3359375 0.0625 0.0671875
1 0.6328125 0.33125 0.096875 0.0703125
1 0.5265625 0.2484375 0.05 0.0875
1 0.49609375 0.228125 0.0875 0.046875
1 0.3921875 0.2484375 0.0875 0.0640625
1 0.421875 0.31484375 0.0625 0.0671875
1 0.26875 0.24296875 0.0609375 0.0828125
1 0.35390625 0.4328125 0.053125 0.08125
1 0.2890625 0.340625 0.034375 0.0859375
1 0.2203125 0.3953125 0.1109375 0.0671875
1 0.28828125 0.4703125 0.0359375 0.0953125
1 0.1140625 0.41953125 0.046875 0.0859375
1 0.221875 0.5078125 0.0671875 0.0546875
1 0.17578125 0.475 0.0328125 0.075
1 0.2453125 0.4734375 0.084375 0.05625
1 0.1484375 0.4640625 0.1140625 0.0265625
1 0.59140625 0.171875 0.0953125 0.0203125
1 0.71171875 0.20625 0.09375 0.0546875
