1 0.3859375 0.26875 0.109375 0.075
1 0.496875 0.26171875 0.109375 0.0390625
1 0.7515625 0.31171875 0.04375 0.1140625
1 0.82421875 0.44453125 0.096875 0.05
1 0.64765625 0.4578125 0.1015625 0.0734375
1 0.475 0.35078125 0.0609375 0.0765625
1 0.50625 0.47109375 0.075 0.1015625
1 0.31015625 0.4 0.084375 0.109375
1 0.4125 0.56640625 0.125 0.0671875
1 0.48125 0.61875 0.053125 0.0859375
1 0.384375 0.62734375 0.109375 0.0578125
1 0.12890625 0.61640625 0.04375 0.1046875
1 0.2796875 0.7078125 0.0859375 0.0625
1 0.425 0.72578125 0.125 0.0546875
1 0.7234375 0.6578125 0.065625 0.121875
1 0.8984375 0.62109375 0.034375 0.09375
1 0.4625 0.89296875 0.1265625 0.040625
