1 0.55546875 0.0078125 0.0890625 0.015625
1 0.6578125 0.03046875 0.06875 0.0609375
1 0.6421875 0.0296875 0.078125 0.0296875
1 0.70234375 0.08828125 0.0671875 0.0625
1 0.70390625 0.04453125 0.0703125 0.0703125
1 0.7859375 0.0765625 0.0734375 0.065625
1 0.83203125 0.09140625 0.028125 0.08125
1 0.89453125 0.13671875 0.1078125 0.028125
1 0.86484375 0.11484375 0.0609375 0.05625
1 0.96015625 0.2625 0.0796875 0.078125
1 0.94453125 0.21796875 0.0453125 0.084375
1 0.9765625 0.31328125 0.0296875 0.1
1 0.96015625 0.39296875 0.05 0.06875
1 0.9625 0.5296875 0.0578125 0.090625
1 0.9890625 0.471875 0.021875 0.053125
1 0.98671875 0.425 0.0265625 0.05
1 0.97578125 0.390625 0.0484375 0.0390625
1 0.90234375 0.43671875 0.0703125 0.0703125
1 0.91171875 0.4453125 0.09375 0.0328125
1 0.88203125 0.3953125 0.0390625 0.0828125
1 0.8953125 0.2921875 0.03125 0.078125
1 0.7484375 0.32578125 0.05625 0.059375
1 0.78828125 0.2859375 0.034375 0.0640625
1 0.82109375 0.30078125 0.034375 0.0671875
1 0.7703125 0.39375 0.0421875 0.0625
1 0.80703125 0.3625 0.034375 0.0765625
1 0.7875 0.175 0.0609375 0.0390625
1 0.7375 0.22109375 0.0359375 0.0640625
1 0.71015625 0.15703125 0.096875 0.0671875
1 0.66796875 0.17578125 0.059375 0.065625
1 0.615625 0.21953125 0.0859375 0.0453125
1 0.6171875 0.18046875 0.0875 0.0515625
1 0.69375 0.234375 0.078125 0.0375
1 0.56953125 0.125 0.0421875 0.0640625
1 0.39453125 0.04921875 0.06875 0.059375
1 0.34453125 0.053125 0.04375 0.0796875
1 0.45625 0.134375 0.0484375 0.071875
1 0.42578125 0.109375 0.034375 0.0453125
1 0.45859375 0.19296875 0.1078125 0.046875
1 0.43125 0.2515625 0.090625 0.0234375
1 0.53671875 0.27109375 0.0875 0.0390625
1 0.57890625 0.2734375 0.046875 0.078125
1 0.65546875 0.32578125 0.0359375 0.0796875
1 0.61015625 0.328125 0.0984375 0.0265625
1 0.53203125 0.35546875 0.08125 0.0203125
1 0.446875 0.2953125 0.09375 0.025
1 0.36640625 0.3265625 0.090625 0.0625
1 0.4453125 0.35078125 0.0953125 0.0265625
1 0.49375 0.38828125 0.0640625 0.0359375
1 0.57265625 0.42890625 0.075 0.06875
1 0.503125 0.459375 0.046875 0.0796875
1 0.571875 0.4265625 0.021875 0.0703125
1 0.64296875 0.42421875 0.0765625 0.021875
1 0.66484375 0.4328125 0.046875 0.06875
1 0.78203125 0.46484375 0.0328125 0.0734375
1 0.85390625 0.48828125 0.05 0.06875
1 0.78203125 0.50546875 0.0515625 0.046875
1 0.71171875 0.5328125 0.0625 0.065625
1 0.58671875 0.5234375 0.0359375 0.075
1 0.61484375 0.4921875 0.0828125 0.03125
1 0.64140625 0.67890625 0.0890625 0.0453125
1 0.63828125 0.65 0.0859375 0.0515625
1 0.61640625 0.6140625 0.046875 0.0578125
1 0.646875 0.60078125 0.0796875 0.046875
1 0.53203125 0.73203125 0.09375 0.0390625
1 0.5203125 0.7 0.065625 0.03125
1 0.70625 0.72109375 0.0375 0.0890625
1 0.8453125 0.54765625 0.0703125 0.0515625
1 0.88046875 0.6515625 0.05 0.0828125
1 0.91484375 0.59140625 0.1265625 0.034375
1 0.8328125 0.65859375 0.0984375 0.05
1 0.84140625 0.628125 0.10625 0.0265625
1 0.7828125 0.615625 0.0515625 0.059375
1 0.56796875 0.78984375 0.1203125 0.04375
1 0.58359375 0.75859375 0.121875 0.046875
1 0.48125 0.7890625 0.1125 0.0640625
1 0.4453125 0.759375 0.1171875 0.0421875
1 0.35078125 0.77890625 0.059375 0.0515625
1 0.37890625 0.76640625 0.0546875 0.059375
1 0.28515625 0.74609375 0.0765625 0.0609375
1 0.3734375 0.73046875 0.0625 0.059375
1 0.43515625 0.69609375 0.09375 0.04375
1 0.4796875 0.60546875 0.0609375 0.071875
1 0.50859375 0.540625 0.09375 0.0234375
1 0.4078125 0.56015625 0.0390625 0.046875
1 0.334375 0.67578125 0.059375 0.05625
1 0.38203125 0.64375 0.0328125 0.0671875
1 0.3515625 0.61015625 0.090625 0.0359375
1 0.24921875 0.68125 0.1453125 0.0359375
1 0.26796875 0.07109375 0.0828125 0.0359375
1 0.32578125 0.14609375 0.0828125 0.0390625
1 0.328125 0.26484375 0.103125 0.046875
1 0.325 0.2375 0.0890625 0.0359375
1 0.35625 0.1875 0.0625 0.0484375
1 0.17578125 0.1484375 0.109375 0.040625
1 0.10625 0.21171875 0.0984375 0.03125
1 0.05390625 0.41953125 0.0609375 0.090625
1 0.0375 0.390625 0.0546875 0.0859375
1 0.0640625 0.32890625 0.084375 0.0625
1 0.08984375 0.278125 0.121875 0.028125
1 0.234375 0.38046875 0.0890625 0.078125
1 0.2078125 0.33046875 0.0765625 0.04375
1 0.2109375 0.2890625 0.0828125 0.05
1 0.34140625 0.44921875 0.03125 0.090625
1 0.3453125 0.45078125 0.0796875 0.0625
1 0.38203125 0.46171875 0.0578125 0.053125
1 0.38984375 0.41875 0.1109375 0.0265625
1 0.12421875 0.37578125 0.059375 0.090625
1 0.153125 0.51171875 0.0359375 0.0875
1 0.21796875 0.4609375 0.0859375 0.040625
1 0.1859375 0.44609375 0.053125 0.0828125
1 0.084375 0.51171875 0.0859375 0.034375
1 0.29140625 0.6109375 0.084375 0.065625
1 0.28671875 0.58359375 0.0875 0.0484375
1 0.31796875 0.5625 0.0921875 0.0296875
1 0.2859375 0.52734375 0.028125 0.078125
1 0.290625 0.52578125 0.090625 0.0328125
1 0.21328125 0.5421875 0.0796875 0.028125
1 0.1234375 0.6 0.05625 0.0828125
1 0.17265625 0.575 0.09375 0.04375
1 0.1578125 0.64296875 0.125 0.025
