1 0.6046875 0.20546875 0.1140625 0.0375
1 0.346875 0.2734375 0.0578125 0.1203125
1 0.69453125 0.2828125 0.1265625 0.03125
1 0.68828125 0.34609375 0.0515625 0.1203125
1 0.2453125 0.346875 0.103125 0.09375
1 0.7671875 0.48671875 0.13125 0.046875
1 0.53515625 0.54296875 0.09375 0.0953125
1 0.4484375 0.49453125 0.1046875 0.090625
1 0.31328125 0.44453125 0.1125 0.03125
1 0.2296875 0.46953125 0.1234375 0.0625
1 0.30078125 0.56875 0.040625 0.096875
1 0.203125 0.60859375 0.0828125 0.0859375
1 0.36484375 0.6703125 0.140625 0.0421875
1 0.7125 0.6859375 0.0828125 0.08125
1 0.3375 0.71640625 0.121875 0.040625
1 0.75625 0.76328125 0.096875 0.0671875
1 0.5046875 0.80703125 0.128125 0.0296875
