1 0.4265625 0.20703125 0.090625 0.065625
1 0.30625 0.26328125 0.09375 0.0328125
1 0.38671875 0.303125 0.103125 0.05625
1 0.421875 0.33359375 0.0828125 0.0890625
1 0.46953125 0.22578125 0.0765625 0.0625
1 0.546875 0.26796875 0.078125 0.0625
1 0.5890625 0.2453125 0.0515625 0.08125
1 0.65 0.26953125 0.0828125 0.0625
1 0.715625 0.31953125 0.125 0.028125
1 0.57578125 0.36484375 0.053125 0.090625
1 0.78515625 0.409375 0.053125 0.0859375
1 0.23828125 0.353125 0.1125 0.046875
1 0.34921875 0.38984375 0.0578125 0.065625
1 0.2640625 0.415625 0.1015625 0.04375
1 0.15234375 0.41640625 0.0921875 0.059375
1 0.46015625 0.46875 0.059375 0.0921875
1 0.54140625 0.4859375 0.0328125 0.0890625
1 0.61484375 0.52109375 0.1046875 0.0328125
1 0.6828125 0.48828125 0.1125 0.0328125
1 0.71875 0.5265625 0.103125 0.0390625
1 0.80234375 0.57578125 0.03125 0.090625
1 0.696875 0.63671875 0.065625 0.090625
1 0.49609375 0.57265625 0.1140625 0.0265625
1 0.4046875 0.5078125 0.040625 0.0828125
1 0.284375 0.475 0.0921875 0.0390625
1 0.1828125 0.490625 0.0375 0.0578125
1 0.09765625 0.4921875 0.0234375 0.0765625
1 0.315625 0.5296875 0.0359375 0.06875
1 0.240625 0.53359375 0.0359375 0.075
1 0.175 0.5453125 0.0578125 0.075
1 0.09453125 0.5859375 0.0875 0.05
1 0.34765625 0.57734375 0.084375 0.05
1 0.19765625 0.62109375 0.0984375 0.0421875
1 0.22421875 0.653125 0.0984375 0.0609375
1 0.23828125 0.6859375 0.03125 0.09375
1 0.29921875 0.653125 0.1015625 0.05
1 0.35078125 0.6375 0.078125 0.0546875
1 0.46171875 0.6578125 0.1171875 0.034375
1 0.5203125 0.69453125 0.075 0.0703125
1 0.67578125 0.7140625 0.1203125 0.0234375
1 0.45625 0.74609375 0.1015625 0.0671875
1 0.57109375 0.78125 0.1234375 0.0546875
