1 0.52421875 0.88203125 0.1078125 0.04375
1 0.4140625 0.88359375 0.1390625 0.0515625
1 0.29375 0.8515625 0.0546875 0.0828125
1 0.421875 0.82734375 0.1078125 0.08125
1 0.565625 0.81171875 0.0546875 0.1140625
1 0.7234375 0.7484375 0.140625 0.028125
1 0.26484375 0.76640625 0.115625 0.05625
1 0.4578125 0.7203125 0.1203125 0.05625
1 0.57109375 0.678125 0.0671875 0.0828125
1 0.33359375 0.67890625 0.13125 0.0546875
1 0.09140625 0.57890625 0.05625 0.0828125
1 0.28671875 0.6203125 0.1015625 0.040625
1 0.4328125 0.584375 0.071875 0.0640625
1 0.2140625 0.55625 0.1359375 0.0390625
1 0.17109375 0.51328125 0.0640625 0.084375
1 0.2109375 0.43203125 0.075 0.0765625
1 0.31328125 0.51171875 0.1078125 0.05625
1 0.46484375 0.48359375 0.0484375 0.0765625
1 0.4890625 0.41015625 0.0828125 0.06875
1 0.59765625 0.475 0.08125 0.0640625
1 0.5546875 0.3453125 0.1078125 0.04375
1 0.634375 0.43203125 0.0359375 0.053125
1 0.6859375 0.5015625 0.0453125 0.0640625
1 0.83515625 0.49765625 0.1359375 0.025
