1 0.16953125 0.32109375 0.028125 0.075
1 0.284375 0.2671875 0.1125 0.0484375
1 0.425 0.24453125 0.084375 0.06875
1 0.58203125 0.25546875 0.04375 0.0828125
1 0.46640625 0.34921875 0.0859375 0.075
1 0.74375 0.3296875 0.10625 0.034375
1 0.659375 0.3734375 0.146875 0.04375
1 0.80546875 0.48515625 0.1234375 0.0265625
1 0.50703125 0.45546875 0.0390625 0.0625
1 0.3875 0.4203125 0.1125 0.0265625
1 0.2953125 0.43359375 0.0890625 0.0453125
1 0.20234375 0.465625 0.10625 0.025
1 0.32421875 0.49609375 0.1046875 0.0453125
1 0.4203125 0.515625 0.0984375 0.0359375
1 0.290625 0.52265625 0.0875 0.028125
1 0.565625 0.4953125 0.10625 0.0421875
1 0.61640625 0.5265625 0.0828125 0.0203125
1 0.67890625 0.56484375 0.0484375 0.090625
1 0.7984375 0.59453125 0.0953125 0.0609375
1 0.64609375 0.61484375 0.075 0.0640625
1 0.58046875 0.6046875 0.0953125 0.0484375
1 0.496875 0.684375 0.0796875 0.028125
1 0.43671875 0.625 0.0765625 0.0421875
1 0.4921875 0.55234375 0.0375 0.0734375
1 0.32734375 0.58359375 0.0984375 0.0359375
1 0.31171875 0.64296875 0.03125 0.078125
