1 0.53828125 0.278125 0.0859375 0.0578125
1 0.54375 0.2765625 0.028125 0.0828125
1 0.5765625 0.23359375 0.1078125 0.040625
1 0.59765625 0.27890625 0.0765625 0.078125
1 0.41328125 0.29609375 0.0328125 0.0671875
1 0.465625 0.30078125 0.059375 0.0796875
1 0.37109375 0.278125 0.078125 0.0625
1 0.28359375 0.3421875 0.096875 0.0234375
1 0.15546875 0.33359375 0.028125 0.071875
1 0.20078125 0.38515625 0.1234375 0.0375
1 0.28203125 0.459375 0.0703125 0.075
1 0.28125 0.4625 0.0375 0.09375
1 0.13203125 0.4609375 0.0578125 0.071875
1 0.14140625 0.540625 0.0921875 0.0203125
1 0.1265625 0.5234375 0.04375 0.075
1 0.228125 0.5765625 0.0546875 0.0859375
1 0.0859375 0.6015625 0.1109375 0.0328125
1 0.15703125 0.66171875 0.090625 0.0484375
1 0.13515625 0.6359375 0.0703125 0.0859375
1 0.2421875 0.7578125 0.0375 0.0890625
1 0.29375 0.80078125 0.10625 0.059375
1 0.334375 0.6140625 0.05625 0.10625
1 0.40390625 0.6328125 0.0390625 0.1078125
1 0.378125 0.54140625 0.05625 0.084375
1 0.3890625 0.5125 0.0859375 0.0640625
1 0.39453125 0.39609375 0.0328125 0.0625
1 0.4765625 0.396875 0.0421875 0.0859375
1 0.38125 0.46640625 0.0421875 0.06875
1 0.428125 0.48359375 0.0546875 0.0953125
1 0.48203125 0.51015625 0.078125 0.078125
1 0.64765625 0.484375 0.1375 0.04375
1 0.68515625 0.50390625 0.1046875 0.03125
1 0.71640625 0.328125 0.09375 0.075
1 0.72578125 0.36171875 0.04375 0.0671875
1 0.81015625 0.340625 0.1109375 0.0515625
1 0.78671875 0.41953125 0.1125 0.0265625
1 0.90390625 0.45546875 0.134375 0.0578125
1 0.85390625 0.54140625 0.0625 0.0734375
1 0.878125 0.603125 0.0734375 0.040625
1 0.89765625 0.70625 0.1046875 0.0578125
1 0.82578125 0.76640625 0.134375 0.0359375
1 0.771875 0.82421875 0.1046875 0.05
1 0.5734375 0.79296875 0.0578125 0.071875
1 0.61796875 0.7859375 0.0578125 0.0703125
1 0.57890625 0.7578125 0.08125 0.078125
1 0.49140625 0.81875 0.065625 0.0765625
1 0.50859375 0.80078125 0.109375 0.078125
1 0.7171875 0.67578125 0.040625 0.109375
1 0.68515625 0.609375 0.1140625 0.0625
1 0.63515625 0.57734375 0.040625 0.078125
1 0.8359375 0.6828125 0.0890625 0.08125
1 0.83203125 0.69375 0.028125 0.059375
