1 0.32265625 0.58984375 0.0796875 0.07265625
1 0.38828125 0.5890625 0.08359375 0.06484375
1 0.48984375 0.5734375 0.0921875 0.0359375
1 0.46484375 0.64453125 0.078125 0.06171875
1 0.45234375 0.60078125 0.09296875 0.0234375
1 0.375 0.68359375 0.04375 0.07109375
1 0.38359375 0.64609375 0.03828125 0.053125
1 0.51640625 0.66796875 0.04375 0.0625
1 0.48046875 0.72109375 0.08671875 0.05859375
1 0.5546875 0.71171875 0.090625 0.0609375
1 0.57578125 0.63828125 0.0734375 0.0671875
1 0.57578125 0.60546875 0.09765625 0.03359375
1 0.64453125 0.62265625 0.0765625 0.0671875
