1 0.403125 0.53203125 0.09375 0.021875
1 0.5453125 0.16328125 0.034375 0.071875
1 0.54609375 0.13046875 0.0359375 0.0640625
1 0.59375 0.184375 0.075 0.0453125
1 0.590625 0.1828125 0.0203125 0.0734375
1 0.60546875 0.14375 0.096875 0.05
1 0.625 0.21796875 0.0390625 0.06875
1 0.64921875 0.21328125 0.03125 0.05625
1 0.6296875 0.26875 0.0515625 0.0296875
1 0.45390625 0.2015625 0.0984375 0.028125
1 0.44453125 0.165625 0.090625 0.03125
1 0.46640625 0.15 0.0734375 0.046875
1 0.49609375 0.1359375 0.028125 0.071875
1 0.403125 0.20546875 0.0609375 0.0546875
1 0.3921875 0.1671875 0.0375 0.071875
1 0.49140625 0.23125 0.0453125 0.0390625
1 0.4390625 0.25390625 0.0734375 0.065625
1 0.51640625 0.2609375 0.0625 0.046875
1 0.36171875 0.2140625 0.04375 0.0640625
1 0.325 0.19375 0.0828125 0.0203125
1 0.26953125 0.18359375 0.06875 0.034375
1 0.23671875 0.2109375 0.0890625 0.0359375
1 0.178125 0.29609375 0.0453125 0.08125
1 0.2015625 0.2359375 0.0828125 0.03125
1 0.25625 0.309375 0.08125 0.0625
1 0.23125 0.3203125 0.0625 0.0296875
1 0.22265625 0.30703125 0.0421875 0.0625
1 0.321875 0.38359375 0.0296875 0.0671875
1 0.3359375 0.36328125 0.025 0.0796875
1 0.33046875 0.31484375 0.0296875 0.053125
1 0.05 0.40078125 0.01875 0.0515625
1 0.10078125 0.36953125 0.01875 0.0890625
1 0.13359375 0.34765625 0.075 0.065625
1 0.1515625 0.315625 0.08125 0.021875
1 0.13671875 0.28125 0.075 0.04375
1 0.1609375 0.440625 0.084375 0.021875
1 0.1203125 0.45703125 0.05625 0.06875
1 0.1390625 0.4109375 0.0828125 0.021875
1 0.23984375 0.36875 0.0796875 0.03125
1 0.221875 0.39140625 0.0734375 0.0390625
1 0.2328125 0.44453125 0.0296875 0.0734375
1 0.25703125 0.45859375 0.0328125 0.059375
1 0.2625 0.43046875 0.0875 0.0234375
1 0.25859375 0.42265625 0.0265625 0.0671875
1 0.28046875 0.40234375 0.078125 0.0328125
1 0.284375 0.4984375 0.0625 0.065625
1 0.3375 0.50625 0.0375 0.078125
1 0.359375 0.50234375 0.090625 0.025
1 0.3421875 0.44296875 0.059375 0.04375
1 0.40859375 0.39765625 0.0625 0.053125
1 0.4078125 0.3390625 0.0828125 0.0375
1 0.56328125 0.34140625 0.0296875 0.0625
1 0.578125 0.2984375 0.028125 0.0671875
1 0.5234375 0.33984375 0.0859375 0.03125
1 0.48671875 0.38359375 0.0671875 0.0546875
1 0.540625 0.42578125 0.0703125 0.0640625
1 0.5234375 0.41796875 0.0734375 0.028125
1 0.475 0.453125 0.0375 0.08125
1 0.42109375 0.45546875 0.0296875 0.0828125
1 0.41875 0.5046875 0.0546875 0.046875
1 0.57890625 0.44609375 0.0921875 0.03125
1 0.63828125 0.43046875 0.078125 0.0296875
1 0.65703125 0.39921875 0.0640625 0.034375
1 0.69453125 0.3578125 0.0515625 0.06875
1 0.7859375 0.33515625 0.1109375 0.034375
1 0.74765625 0.29921875 0.040625 0.0484375
1 0.7046875 0.321875 0.0546875 0.0390625
1 0.76171875 0.240625 0.028125 0.05
1 0.7578125 0.19765625 0.0390625 0.071875
1 0.7875 0.225 0.034375 0.103125
1 0.80078125 0.2421875 0.0859375 0.0359375
1 0.86015625 0.28828125 0.10625 0.03125
1 0.8265625 0.2703125 0.0640625 0.046875
1 0.8484375 0.38515625 0.053125 0.075
1 0.871875 0.33359375 0.0421875 0.071875
1 0.896875 0.3640625 0.05 0.059375
1 0.9234375 0.36328125 0.0390625 0.09375
1 0.9234375 0.42265625 0.1046875 0.028125
1 0.9625 0.55234375 0.05 0.0828125
1 0.95703125 0.503125 0.0609375 0.0609375
1 0.69375 0.45078125 0.025 0.0671875
1 0.72109375 0.409375 0.0625 0.0515625
1 0.575 0.521875 0.0265625 0.090625
1 0.60703125 0.4796875 0.0640625 0.040625
1 0.53203125 0.56953125 0.0515625 0.046875
1 0.440625 0.546875 0.0765625 0.0359375
1 0.47421875 0.59921875 0.03125 0.0796875
1 0.471875 0.64375 0.090625 0.028125
1 0.55234375 0.640625 0.075 0.0265625
1 0.5015625 0.65859375 0.08125 0.0671875
1 0.43046875 0.659375 0.0765625 0.0375
1 0.81875 0.50390625 0.0515625 0.053125
1 0.83515625 0.509375 0.053125 0.0296875
1 0.7828125 0.53828125 0.0546875 0.04375
1 0.69453125 0.54296875 0.065625 0.0671875
1 0.6609375 0.58125 0.0671875 0.03125
1 0.64296875 0.559375 0.084375 0.025
1 0.6265625 0.61796875 0.0734375 0.0625
1 0.8875 0.57890625 0.0796875 0.0734375
1 0.87890625 0.54140625 0.0421875 0.071875
1 0.90078125 0.65078125 0.115625 0.0265625
1 0.859375 0.634375 0.0578125 0.05625
1 0.86328125 0.6109375 0.05625 0.078125
1 0.8875 0.73984375 0.0375 0.075
1 0.9171875 0.71875 0.0375 0.08125
1 0.8390625 0.73671875 0.04375 0.065625
1 0.7875 0.6625 0.0328125 0.1015625
1 0.775 0.64609375 0.0640625 0.059375
1 0.7046875 0.6609375 0.071875 0.0328125
1 0.7125 0.64609375 0.0625 0.021875
1 0.05625 0.54140625 0.03125 0.10625
1 0.0890625 0.521875 0.01875 0.071875
1 0.19609375 0.5140625 0.0484375 0.053125
1 0.15 0.54453125 0.075 0.0625
1 0.19765625 0.65625 0.0703125 0.0734375
1 0.1890625 0.60859375 0.05 0.0515625
1 0.19453125 0.5609375 0.08125 0.03125
1 0.28125 0.565625 0.03125 0.084375
1 0.290625 0.5765625 0.0765625 0.0421875
1 0.2640625 0.61796875 0.059375 0.0578125
1 0.12109375 0.709375 0.06875 0.065625
1 0.1203125 0.66953125 0.0515625 0.0796875
1 0.14140625 0.61953125 0.04375 0.0578125
1 0.1453125 0.60078125 0.084375 0.065625
1 0.13671875 0.67265625 0.0953125 0.03125
1 0.17109375 0.6625 0.0515625 0.05625
1 0.20546875 0.6546875 0.0390625 0.05625
1 0.07578125 0.69765625 0.0390625 0.1140625
1 0.40546875 0.59765625 0.071875 0.0625
1 0.35234375 0.6546875 0.0296875 0.0734375
1 0.38125 0.68828125 0.0734375 0.034375
1 0.37890625 0.67109375 0.025 0.090625
1 0.33359375 0.7078125 0.071875 0.0421875
1 0.29453125 0.70078125 0.0296875 0.0640625
1 0.30625 0.68828125 0.0703125 0.046875
1 0.26171875 0.74140625 0.0625 0.0703125
1 0.25390625 0.75546875 0.06875 0.0578125
1 0.2578125 0.740625 0.0796875 0.0375
1 0.16171875 0.8125 0.0484375 0.0546875
1 0.18828125 0.80703125 0.06875 0.0515625
1 0.20546875 0.775 0.065625 0.0421875
1 0.196875 0.7609375 0.0609375 0.0265625
1 0.1828125 0.73359375 0.04375 0.0484375
1 0.13203125 0.7921875 0.0421875 0.0984375
1 0.27578125 0.803125 0.0921875 0.046875
1 0.221875 0.846875 0.1 0.0546875
1 0.35390625 0.7640625 0.075 0.03125
1 0.4359375 0.728125 0.0703125 0.0640625
1 0.46953125 0.76015625 0.109375 0.04375
1 0.4 0.7953125 0.0875 0.05
1 0.4703125 0.81796875 0.0609375 0.05
1 0.49140625 0.81640625 0.0359375 0.071875
1 0.52578125 0.77421875 0.0625 0.0390625
1 0.5796875 0.81484375 0.09375 0.0296875
1 0.6171875 0.80703125 0.0453125 0.0609375
1 0.6234375 0.7796875 0.0671875 0.0703125
1 0.396875 0.86953125 0.11875 0.028125
1 0.41328125 0.9078125 0.0796875 0.0890625
1 0.41015625 0.89453125 0.0640625 0.0515625
1 0.42265625 0.8609375 0.084375 0.05
1 0.36640625 0.88515625 0.0765625 0.0734375
1 0.29765625 0.9015625 0.0578125 0.0765625
1 0.51875 0.8953125 0.0890625 0.06875
1 0.52578125 0.88984375 0.134375 0.0359375
1 0.61015625 0.9234375 0.0796875 0.065625
1 0.52265625 0.88515625 0.053125 0.0625
1 0.7328125 0.871875 0.0359375 0.0859375
1 0.67734375 0.884375 0.1125 0.03125
1 0.7671875 0.83984375 0.078125 0.0671875
1 0.675 0.84140625 0.10625 0.0328125
1 0.7546875 0.80390625 0.1 0.0625
1 0.68984375 0.81484375 0.0765625 0.05
1 0.69609375 0.76328125 0.0890625 0.0390625
