1 0.47578125 0.88203125 0.1078125 0.04375
1 0.5859375 0.88359375 0.1390625 0.0515625
1 0.70625 0.8515625 0.0546875 0.0828125
1 0.578125 0.82734375 0.1078125 0.08125
1 0.434375 0.81171875 0.05625 0.1140625
1 0.2765625 0.7484375 0.140625 0.028125
1 0.73515625 0.76640625 0.1140625 0.05625
1 0.5421875 0.7203125 0.1203125 0.05625
1 0.42890625 0.678125 0.0671875 0.0828125
1 0.66640625 0.67890625 0.13125 0.0546875
1 0.90859375 0.57890625 0.05625 0.0828125
1 0.71328125 0.6203125 0.1015625 0.040625
1 0.5671875 0.584375 0.071875 0.0640625
1 0.7859375 0.55625 0.1359375 0.0390625
1 0.82890625 0.51328125 0.0640625 0.084375
1 0.7890625 0.43203125 0.075 0.0765625
1 0.68671875 0.51171875 0.10625 0.05625
1 0.53515625 0.48359375 0.0484375 0.0765625
1 0.5109375 0.41015625 0.0828125 0.06875
1 0.40234375 0.475 0.08125 0.0640625
1 0.4453125 0.3453125 0.1078125 0.04375
1 0.365625 0.43203125 0.0359375 0.053125
1 0.3140625 0.5015625 0.0453125 0.0640625
1 0.16484375 0.49765625 0.1359375 0.025
