1 0.44296875 0.24375 0.0671875 0.0359375
1 0.63125 0.26484375 0.0828125 0.0390625
1 0.303125 0.2875 0.046875 0.0671875
1 0.234375 0.315625 0.096875 0.025
1 0.52734375 0.3 0.0953125 0.0390625
1 0.7703125 0.3375 0.0828125 0.046875
1 0.684375 0.3671875 0.071875 0.0390625
1 0.715625 0.41484375 0.09375 0.0359375
1 0.6046875 0.390625 0.065625 0.0640625
1 0.3953125 0.35234375 0.0296875 0.075
1 0.43984375 0.36328125 0.040625 0.0546875
1 0.45 0.40234375 0.0921875 0.040625
1 0.52109375 0.42265625 0.0765625 0.040625
1 0.60703125 0.43984375 0.0796875 0.040625
1 0.7953125 0.50390625 0.0578125 0.065625
1 0.82734375 0.42890625 0.0828125 0.0328125
1 0.8921875 0.51484375 0.0796875 0.03125
1 0.8578125 0.4390625 0.0453125 0.0546875
1 0.89296875 0.4734375 0.05 0.059375
1 0.88046875 0.665625 0.0375 0.08125
1 0.52109375 0.48125 0.0703125 0.0328125
1 0.4734375 0.45625 0.046875 0.04375
1 0.31484375 0.43359375 0.0859375 0.0453125
1 0.15625 0.4203125 0.0765625 0.0328125
1 0.20546875 0.42578125 0.0453125 0.04375
1 0.2265625 0.45859375 0.0234375 0.065625
1 0.178125 0.475 0.0828125 0.03125
1 0.1265625 0.53359375 0.09375 0.021875
1 0.33671875 0.52421875 0.096875 0.025
1 0.4640625 0.528125 0.103125 0.028125
1 0.35546875 0.565625 0.0984375 0.028125
1 0.490625 0.60625 0.0625 0.0828125
1 0.3078125 0.6140625 0.1171875 0.0515625
1 0.159375 0.60234375 0.0828125 0.0640625
1 0.27265625 0.675 0.10625 0.034375
1 0.41484375 0.675 0.1046875 0.05
1 0.49140625 0.690625 0.0796875 0.0859375
1 0.13203125 0.55703125 0.05 0.071875
1 0.20078125 0.56328125 0.04375 0.0515625
1 0.159375 0.5671875 0.0703125 0.0421875
1 0.31328125 0.74375 0.1125 0.0578125
1 0.39375 0.7734375 0.05 0.0828125
1 0.415625 0.7734375 0.1125 0.0328125
1 0.56328125 0.80390625 0.096875 0.090625
1 0.5015625 0.76640625 0.065625 0.0453125
1 0.58359375 0.7609375 0.0953125 0.028125
1 0.684375 0.75234375 0.0859375 0.034375
1 0.74921875 0.7703125 0.0421875 0.0859375
1 0.82109375 0.73359375 0.0359375 0.078125
1 0.696875 0.80625 0.046875 0.05625
1 0.646875 0.80625 0.0734375 0.071875
