1 0.4265625 0.4046875 0.0515625 0.0765625
1 0.31171875 0.428125 0.09296875 0.0734375
1 0.3765625 0.5015625 0.0609375 0.0828125
1 0.37109375 0.453125 0.03828125 0.07734375
1 0.43046875 0.540625 0.0984375 0.06640625
1 0.48359375 0.5125 0.0625 0.08515625
1 0.57421875 0.521875 0.13125 0.04453125
1 0.2171875 0.53671875 0.06484375 0.06015625
1 0.29296875 0.61171875 0.07265625 0.1015625
1 0.28671875 0.546875 0.07890625 0.05234375
1 0.38125 0.5796875 0.06171875 0.059375
1 0.4265625 0.59296875 0.06796875 0.0578125
1 0.52265625 0.56328125 0.1484375 0.0359375
1 0.66328125 0.5796875 0.09765625 0.0546875
1 0.76328125 0.6375 0.1078125 0.09375
1 0.60234375 0.61328125 0.08203125 0.05546875
1 0.6328125 0.62734375 0.09453125 0.0609375
1 0.71171875 0.690625 0.1203125 0.05390625
1 0.7015625 0.7171875 0.0765625 0.103125
1 0.7890625 0.71015625 0.09375 0.071875
1 0.759375 0.75234375 0.09453125 0.05078125
1 0.63359375 0.6921875 0.10078125 0.06796875
1 0.51171875 0.6484375 0.15625 0.0375
1 0.4109375 0.66640625 0.146875 0.0328125
1 0.21953125 0.65703125 0.02890625 0.09453125
1 0.25859375 0.6265625 0.0796875 0.09140625
1 0.15703125 0.62265625 0.06875 0.08359375
1 0.1484375 0.68828125 0.08359375 0.065625
1 0.328125 0.71875 0.1125 0.053125
1 0.30390625 0.68515625 0.12265625 0.053125
1 0.25390625 0.7390625 0.065625 0.1109375
1 0.30703125 0.7640625 0.09296875 0.0546875
1 0.35078125 0.759375 0.090625 0.06171875
1 0.4234375 0.7359375 0.05703125 0.07421875
1 0.46640625 0.71328125 0.08671875 0.08515625
1 0.53515625 0.69296875 0.11640625 0.05
1 0.46953125 0.7640625 0.1109375 0.046875
1 0.54609375 0.75078125 0.12265625 0.06484375
1 0.609375 0.74296875 0.0796875 0.08046875
1 0.62734375 0.88984375 0.121875 0.0515625
1 0.5921875 0.86484375 0.0703125 0.09453125
1 0.621875 0.82421875 0.0421875 0.09609375
1 0.6453125 0.78359375 0.071875 0.0890625
1 0.69453125 0.79921875 0.08828125 0.090625
1 0.55390625 0.79609375 0.14375 0.04765625
1 0.5359375 0.871875 0.10078125 0.08984375
1 0.53515625 0.83203125 0.1046875 0.05625
1 0.565625 0.8234375 0.0671875 0.0671875
1 0.5390625 0.93125 0.1734375 0.05703125
1 0.40859375 0.81796875 0.11328125 0.04375
1 0.4671875 0.84296875 0.11015625 0.04921875
1 0.33046875 0.84609375 0.04296875 0.08671875
1 0.37109375 0.8359375 0.0546875 0.11484375
1 0.38125 0.88046875 0.12890625 0.0390625
1 0.48046875 0.86484375 0.05625 0.07578125
