1 0.35390625 0.321875 0.084375 0.040625
1 0.26796875 0.3671875 0.046875 0.046875
1 0.3046875 0.43125 0.06875 0.0390625
1 0.37578125 0.43515625 0.1046875 0.0171875
1 0.39375 0.40625 0.084375 0.040625
1 0.46796875 0.38515625 0.0890625 0.0375
1 0.4703125 0.36328125 0.09375 0.0328125
1 0.55625 0.40078125 0.08125 0.053125
1 0.57109375 0.359375 0.078125 0.025
1 0.646875 0.35078125 0.1 0.0578125
1 0.76640625 0.38125 0.09375 0.0328125
1 0.6984375 0.409375 0.0765625 0.04375
1 0.6265625 0.43828125 0.04375 0.0625
1 0.565625 0.478125 0.0828125 0.040625
1 0.5703125 0.47421875 0.0296875 0.075
1 0.684375 0.52265625 0.0734375 0.0671875
1 0.69296875 0.5140625 0.0796875 0.0421875
1 0.73984375 0.471875 0.0625 0.071875
1 0.815625 0.50625 0.0375 0.078125
1 0.821875 0.575 0.1125 0.0484375
1 0.78359375 0.553125 0.053125 0.0640625
1 0.8265625 0.64375 0.084375 0.0625
1 0.78984375 0.63671875 0.0265625 0.084375
1 0.70625 0.584375 0.10625 0.05
1 0.646875 0.61953125 0.090625 0.071875
1 0.60625 0.5171875 0.0640625 0.0625
1 0.40703125 0.44921875 0.065625 0.0578125
1 0.44296875 0.46953125 0.0671875 0.065625
1 0.4859375 0.50859375 0.0984375 0.05625
1 0.5765625 0.571875 0.05 0.0671875
1 0.51171875 0.5765625 0.0625 0.0484375
1 0.5609375 0.66171875 0.1078125 0.0375
1 0.3796875 0.5484375 0.0546875 0.0734375
1 0.325 0.47578125 0.0875 0.0375
1 0.23125 0.49296875 0.10625 0.028125
1 0.2265625 0.53203125 0.0984375 0.0234375
1 0.30703125 0.58828125 0.090625 0.0234375
1 0.42734375 0.64765625 0.05 0.0609375
1 0.24140625 0.62578125 0.08125 0.0515625
1 0.1578125 0.621875 0.0328125 0.078125
1 0.21875 0.696875 0.0578125 0.075
1 0.34609375 0.7125 0.046875 0.046875
1 0.425 0.79609375 0.109375 0.034375
1 0.45546875 0.75 0.096875 0.0328125
1 0.5984375 0.7625 0.1015625 0.0515625
1 0.67421875 0.7625 0.046875 0.0546875
