1 0.284375 0.23828125 0.0921875 0.059375
1 0.33359375 0.2546875 0.0546875 0.1078125
1 0.475 0.278125 0.0546875 0.0828125
1 0.54140625 0.20234375 0.1015625 0.053125
1 0.64765625 0.18515625 0.0921875 0.075
1 0.6328125 0.23984375 0.1046875 0.0609375
1 0.61015625 0.30078125 0.059375 0.071875
1 0.80859375 0.25 0.078125 0.0765625
1 0.7125 0.4046875 0.046875 0.0765625
1 0.7390625 0.34921875 0.0828125 0.0328125
1 0.790625 0.35859375 0.0546875 0.078125
1 0.8234375 0.38203125 0.034375 0.0796875
1 0.83046875 0.45625 0.0578125 0.0671875
1 0.79140625 0.5046875 0.0921875 0.0234375
1 0.60625 0.47421875 0.0984375 0.0484375
1 0.596875 0.40234375 0.0921875 0.03125
1 0.36953125 0.3703125 0.0828125 0.0609375
1 0.40546875 0.43046875 0.0875 0.0484375
1 0.51171875 0.45 0.071875 0.078125
1 0.4125 0.53203125 0.1125 0.0421875
1 0.3125 0.50859375 0.0984375 0.0625
1 0.26171875 0.47734375 0.0734375 0.0453125
1 0.1609375 0.36484375 0.0453125 0.1015625
1 0.153125 0.44453125 0.084375 0.078125
1 0.13125 0.503125 0.0515625 0.0625
1 0.221875 0.56640625 0.1078125 0.0328125
1 0.3703125 0.65078125 0.040625 0.0828125
1 0.28125 0.66171875 0.0640625 0.0703125
1 0.31171875 0.6984375 0.078125 0.065625
1 0.50390625 0.62109375 0.1203125 0.053125
1 0.56875 0.54609375 0.0671875 0.08125
1 0.64453125 0.5234375 0.05625 0.08125
1 0.7484375 0.55 0.046875 0.065625
1 0.8 0.56640625 0.034375 0.08125
1 0.7109375 0.59296875 0.0671875 0.0578125
1 0.67734375 0.64375 0.06875 0.0640625
1 0.690625 0.6734375 0.0859375 0.03125
