1 0.49609375 0.3515625 0.04609375 0.08984375
1 0.51015625 0.26796875 0.071875 0.05859375
1 0.41796875 0.3765625 0.040625 0.084375
1 0.45078125 0.365625 0.0421875 0.07890625
1 0.465625 0.32578125 0.07578125 0.06484375
1 0.4546875 0.2984375 0.078125 0.0390625
1 0.55546875 0.4140625 0.1296875 0.05703125
1 0.51953125 0.48515625 0.08984375 0.0796875
1 0.528125 0.4171875 0.06640625 0.0921875
1 0.559375 0.35546875 0.06953125 0.04765625
1 0.53515625 0.35234375 0.02890625 0.0859375
1 0.59296875 0.3328125 0.07421875 0.05625
1 0.58046875 0.28203125 0.07421875 0.05078125
1 0.3796875 0.478125 0.06640625 0.12265625
1 0.396875 0.38359375 0.0546875 0.0609375
1 0.6015625 0.36015625 0.04453125 0.078125
1 0.66796875 0.4359375 0.1125 0.0640625
1 0.64609375 0.39609375 0.04765625 0.0875
1 0.67734375 0.5078125 0.12421875 0.05
1 0.7875 0.5171875 0.1171875 0.05390625
1 0.78515625 0.478125 0.13359375 0.0703125
1 0.77421875 0.6421875 0.06171875 0.12109375
1 0.80625 0.5734375 0.03203125 0.1234375
1 0.77890625 0.73359375 0.1484375 0.084375
1 0.6828125 0.73515625 0.10625 0.14375
1 0.69296875 0.653125 0.06328125 0.0890625
1 0.57109375 0.7578125 0.14453125 0.06328125
1 0.58671875 0.721875 0.09140625 0.090625
1 0.60234375 0.6515625 0.06171875 0.1234375
1 0.63515625 0.565625 0.05234375 0.10625
1 0.48828125 0.66484375 0.075 0.12890625
1 0.49375 0.5640625 0.0859375 0.07890625
1 0.42890625 0.61953125 0.10390625 0.1015625
1 0.64375 0.82578125 0.084375 0.19765625
1 0.63203125 0.9296875 0.1453125 0.06328125
1 0.4546875 0.82265625 0.15390625 0.09296875
1 0.48203125 0.78984375 0.11953125 0.06171875
1 0.49140625 0.9078125 0.1234375 0.10625
1 0.41796875 0.9375 0.04140625 0.11796875
1 0.359375 0.90859375 0.0640625 0.11640625
1 0.30390625 0.91171875 0.0390625 0.1
1 0.20234375 0.84375 0.0625 0.13984375
1 0.3875 0.5609375 0.09296875 0.10546875
1 0.284375 0.45078125 0.09140625 0.09453125
1 0.2140625 0.52265625 0.11484375 0.09296875
1 0.2765625 0.65546875 0.16484375 0.05546875
1 0.29140625 0.6265625 0.12734375 0.0765625
1 0.26015625 0.56796875 0.05078125 0.12421875
1 0.18515625 0.67734375 0.0875 0.12421875
1 0.25703125 0.74453125 0.13125 0.0765625
1 0.23203125 0.69375 0.07265625 0.1046875
1 0.34765625 0.69765625 0.13515625 0.08828125
1 0.27890625 0.81015625 0.07265625 0.1265625
