1 0.415625 0.13671875 0.05625 0.0734375
1 0.4921875 0.171875 0.10625 0.053125
1 0.59609375 0.16328125 0.10625 0.025
1 0.70625 0.17421875 0.0234375 0.08125
1 0.67265625 0.23984375 0.028125 0.06875
1 0.7046875 0.22734375 0.0984375 0.04375
1 0.76015625 0.271875 0.0515625 0.0640625
1 0.8515625 0.2390625 0.0859375 0.0359375
1 0.4671875 0.21484375 0.0671875 0.034375
1 0.35390625 0.2546875 0.028125 0.053125
1 0.3796875 0.21484375 0.09375 0.0453125
1 0.19921875 0.2921875 0.025 0.08125
1 0.2578125 0.25234375 0.0625 0.0734375
1 0.1671875 0.26875 0.0890625 0.021875
1 0.2578125 0.3015625 0.0734375 0.0375
1 0.31875 0.3296875 0.0953125 0.0359375
1 0.23359375 0.36484375 0.1015625 0.0625
1 0.41015625 0.28359375 0.0828125 0.0453125
1 0.4578125 0.29921875 0.059375 0.0484375
1 0.49765625 0.31328125 0.05625 0.0625
1 0.60625 0.3375 0.075 0.0359375
1 0.625 0.31015625 0.046875 0.0390625
1 0.63203125 0.3734375 0.0828125 0.0375
1 0.7140625 0.41328125 0.0734375 0.0578125
1 0.7390625 0.3625 0.078125 0.021875
1 0.725 0.34453125 0.0515625 0.034375
1 0.78828125 0.33203125 0.0625 0.0703125
1 0.82734375 0.35078125 0.0578125 0.0578125
1 0.81484375 0.33046875 0.0625 0.0484375
1 0.85078125 0.3546875 0.0625 0.0421875
1 0.9296875 0.3375 0.0984375 0.025
1 0.9234375 0.32109375 0.08125 0.0265625
1 0.065625 0.43359375 0.065625 0.0625
1 0.05859375 0.4875 0.075 0.0453125
1 0.16484375 0.42734375 0.1 0.0296875
1 0.33203125 0.4421875 0.0515625 0.06875
1 0.44921875 0.4296875 0.10625 0.0265625
1 0.47421875 0.4 0.05625 0.0515625
1 0.54765625 0.4015625 0.0859375 0.0203125
1 0.675 0.43046875 0.090625 0.034375
1 0.77109375 0.44765625 0.0625 0.0390625
1 0.7796875 0.4109375 0.053125 0.0578125
1 0.846875 0.4265625 0.06875 0.0578125
1 0.90078125 0.4265625 0.1109375 0.0328125
1 0.86328125 0.5375 0.0640625 0.075
1 0.85390625 0.47890625 0.05 0.0578125
1 0.78828125 0.49375 0.05 0.0609375
1 0.80703125 0.47734375 0.0703125 0.0484375
1 0.78984375 0.5859375 0.025 0.0953125
1 0.85546875 0.53203125 0.05 0.0484375
1 0.9359375 0.47265625 0.0671875 0.06875
1 0.92265625 0.56796875 0.0703125 0.0859375
1 0.93984375 0.5328125 0.06875 0.0515625
1 0.9171875 0.6734375 0.0625 0.090625
1 0.95390625 0.63046875 0.0453125 0.078125
1 0.95703125 0.59375 0.0734375 0.0625
1 0.72734375 0.5609375 0.0890625 0.065625
1 0.71484375 0.55078125 0.0546875 0.040625
1 0.83515625 0.6484375 0.046875 0.06875
1 0.83515625 0.625 0.0765625 0.0375
1 0.86328125 0.65 0.0765625 0.0671875
1 0.8625 0.59921875 0.04375 0.0609375
1 0.8859375 0.7390625 0.09375 0.0421875
1 0.88828125 0.703125 0.096875 0.03125
1 0.81875 0.7640625 0.075 0.0765625
1 0.8203125 0.7390625 0.05 0.0671875
1 0.7390625 0.78828125 0.09375 0.0625
1 0.70703125 0.759375 0.0640625 0.05
1 0.5765625 0.47265625 0.0640625 0.0640625
1 0.5984375 0.45859375 0.0671875 0.0375
1 0.69609375 0.4734375 0.0859375 0.0375
1 0.58515625 0.5328125 0.084375 0.0546875
1 0.63125 0.56484375 0.065625 0.04375
1 0.4921875 0.56875 0.04375 0.0609375
1 0.50859375 0.534375 0.0859375 0.0203125
1 0.55546875 0.584375 0.0703125 0.03125
1 0.4375 0.553125 0.059375 0.059375
1 0.38828125 0.4734375 0.0390625 0.075
1 0.29296875 0.515625 0.084375 0.0328125
1 0.34453125 0.55234375 0.0671875 0.053125
1 0.4203125 0.75390625 0.03125 0.08125
1 0.459375 0.70546875 0.0421875 0.0765625
1 0.45234375 0.6640625 0.0328125 0.0671875
1 0.49765625 0.625 0.0890625 0.040625
1 0.3921875 0.634375 0.06875 0.0359375
1 0.33203125 0.65 0.0796875 0.0234375
1 0.3 0.653125 0.08125 0.034375
1 0.46875 0.79296875 0.0953125 0.034375
1 0.4953125 0.7625 0.0484375 0.0671875
1 0.54609375 0.71796875 0.0390625 0.0890625
1 0.08125 0.63671875 0.0421875 0.0953125
1 0.11171875 0.6265625 0.059375 0.0921875
1 0.103125 0.5890625 0.078125 0.034375
1 0.0875 0.5875 0.0296875 0.0640625
1 0.1546875 0.60625 0.0796875 0.0359375
1 0.1265625 0.715625 0.0265625 0.09375
1 0.13984375 0.6875 0.0796875 0.0671875
1 0.1953125 0.66875 0.0375 0.0859375
1 0.18203125 0.73046875 0.0734375 0.03125
1 0.2078125 0.8109375 0.084375 0.0671875
1 0.1984375 0.75625 0.04375 0.06875
1 0.2609375 0.82109375 0.084375 0.053125
1 0.2578125 0.74453125 0.0484375 0.0734375
1 0.315625 0.725 0.0515625 0.059375
1 0.334375 0.77265625 0.053125 0.071875
1 0.334375 0.84609375 0.0609375 0.075
1 0.403125 0.80546875 0.1 0.0484375
1 0.4453125 0.771875 0.040625 0.05
1 0.49375 0.85625 0.1171875 0.0421875
1 0.48515625 0.84296875 0.0671875 0.075
1 0.50703125 0.8109375 0.0984375 0.0359375
1 0.5828125 0.87734375 0.0890625 0.0453125
1 0.56875 0.86796875 0.103125 0.0359375
1 0.6359375 0.65234375 0.0421875 0.0765625
1 0.65859375 0.6484375 0.0640625 0.034375
1 0.6703125 0.63671875 0.0796875 0.028125
1 0.72109375 0.70546875 0.0578125 0.05625
1 0.7296875 0.6734375 0.096875 0.034375
1 0.72578125 0.6515625 0.09375 0.0390625
1 0.6640625 0.74609375 0.0671875 0.0203125
1 0.61328125 0.74765625 0.0703125 0.0515625
1 0.66328125 0.7125 0.084375 0.0484375
