1 0.4265625 0.1703125 0.075 0.078125
1 0.4421875 0.14921875 0.1015625 0.025
1 0.3234375 0.26171875 0.0296875 0.0984375
1 0.34296875 0.215625 0.0984375 0.071875
1 0.3640625 0.18203125 0.0796875 0.0671875
1 0.3921875 0.303125 0.103125 0.0546875
1 0.3921875 0.28125 0.0796875 0.05625
1 0.23984375 0.2296875 0.0859375 0.08125
1 0.64375 0.1578125 0.1140625 0.0421875
1 0.615625 0.28046875 0.075 0.0671875
1 0.6875 0.30390625 0.0421875 0.0859375
1 0.80703125 0.28828125 0.0765625 0.075
1 0.8875 0.32734375 0.0453125 0.071875
1 0.81328125 0.45390625 0.090625 0.0546875
1 0.75390625 0.51484375 0.065625 0.046875
1 0.1828125 0.3890625 0.05625 0.0890625
1 0.353125 0.4859375 0.125 0.0265625
1 0.42734375 0.5140625 0.0390625 0.1015625
1 0.415625 0.6015625 0.06875 0.0703125
1 0.1390625 0.575 0.121875 0.0578125
1 0.16171875 0.64921875 0.0984375 0.0703125
1 0.63203125 0.58515625 0.0390625 0.05
1 0.7046875 0.6046875 0.075 0.0828125
1 0.68359375 0.665625 0.1078125 0.059375
1 0.83515625 0.60234375 0.11875 0.065625
1 0.92421875 0.60078125 0.0875 0.078125
1 0.9078125 0.67578125 0.040625 0.08125
1 0.8296875 0.72265625 0.0734375 0.06875
1 0.6984375 0.73125 0.075 0.065625
1 0.7453125 0.8375 0.096875 0.071875
1 0.56953125 0.86484375 0.034375 0.065625
1 0.50859375 0.75703125 0.0734375 0.109375
1 0.5296875 0.65625 0.0328125 0.084375
1 0.45625 0.9 0.0828125 0.059375
1 0.35703125 0.86015625 0.09375 0.040625
1 0.25234375 0.77265625 0.0859375 0.04375
1 0.20390625 0.8 0.0765625 0.0859375
