1 0.4796875 0.75546875 0.08125 0.040625
1 0.39296875 0.74921875 0.0796875 0.015625
1 0.43984375 0.71328125 0.096875 0.028125
1 0.5203125 0.6953125 0.0390625 0.059375
1 0.5734375 0.740625 0.05 0.03125
1 0.63984375 0.7265625 0.0625 0.0234375
1 0.67890625 0.67421875 0.0796875 0.046875
1 0.74921875 0.63125 0.046875 0.059375
1 0.69921875 0.603125 0.0625 0.0421875
1 0.7875 0.5828125 0.06875 0.0453125
1 0.80234375 0.53203125 0.05 0.0703125
1 0.80625 0.4984375 0.05625 0.0515625
1 0.7171875 0.51796875 0.040625 0.05
1 0.64140625 0.4875 0.0265625 0.06875
1 0.51640625 0.47421875 0.0609375 0.025
1 0.59609375 0.5265625 0.0953125 0.025
1 0.5234375 0.56484375 0.0984375 0.0265625
1 0.590625 0.63359375 0.059375 0.028125
1 0.5140625 0.61328125 0.0796875 0.0296875
1 0.44921875 0.59140625 0.0296875 0.0640625
1 0.38515625 0.65 0.0546875 0.0609375
1 0.3375 0.5953125 0.0796875 0.034375
1 0.3125 0.67265625 0.06875 0.0390625
1 0.2703125 0.621875 0.0609375 0.0578125
1 0.309375 0.709375 0.0515625 0.0640625
1 0.22109375 0.66015625 0.059375 0.046875
1 0.184375 0.59921875 0.04375 0.0515625
1 0.215625 0.5453125 0.0375 0.071875
1 0.27421875 0.534375 0.0234375 0.0703125
1 0.24140625 0.4875 0.0734375 0.046875
1 0.1921875 0.4734375 0.040625 0.06875
1 0.24609375 0.43515625 0.03125 0.05625
1 0.26015625 0.37265625 0.0796875 0.05
1 0.30390625 0.31875 0.084375 0.03125
1 0.3609375 0.34140625 0.040625 0.078125
1 0.43828125 0.2828125 0.1 0.0296875
1 0.53984375 0.2796875 0.08125 0.05625
1 0.6546875 0.3046875 0.0640625 0.06875
1 0.51796875 0.3484375 0.09375 0.034375
1 0.57109375 0.39765625 0.028125 0.071875
1 0.459375 0.41953125 0.103125 0.025
1 0.3625 0.4546875 0.059375 0.0640625
1 0.73046875 0.3796875 0.04375 0.0609375
1 0.79453125 0.38828125 0.03125 0.071875
1 0.8359375 0.4484375 0.09375 0.04375
1 0.7109375 0.421875 0.053125 0.0734375
