1 0.546875 0.1734375 0.0796875 0.084375
1 0.5390625 0.12578125 0.059375 0.0609375
1 0.59765625 0.12421875 0.0828125 0.0421875
1 0.64140625 0.13984375 0.090625 0.0265625
1 0.659375 0.16953125 0.065625 0.0609375
1 0.69765625 0.171875 0.0953125 0.071875
1 0.7703125 0.20078125 0.0796875 0.0484375
1 0.82421875 0.23125 0.103125 0.0328125
1 0.81484375 0.29296875 0.109375 0.0453125
1 0.9328125 0.3484375 0.075 0.046875
1 0.9125 0.44765625 0.0734375 0.0875
1 0.9375 0.43671875 0.1015625 0.0625
1 0.96015625 0.39765625 0.053125 0.0640625
1 0.7140625 0.3421875 0.078125 0.071875
1 0.62890625 0.28515625 0.0859375 0.0484375
1 0.74609375 0.46875 0.0390625 0.0890625
1 0.3734375 0.17421875 0.0984375 0.0203125
1 0.38046875 0.140625 0.1046875 0.05625
1 0.28203125 0.14140625 0.0796875 0.0328125
1 0.22890625 0.1703125 0.09375 0.0390625
1 0.3046875 0.22265625 0.0859375 0.053125
1 0.33515625 0.228125 0.0703125 0.0421875
1 0.50390625 0.24921875 0.06875 0.0546875
1 0.45 0.2984375 0.0953125 0.0390625
1 0.3234375 0.3125 0.0828125 0.0515625
1 0.28203125 0.37265625 0.06875 0.0546875
1 0.1796875 0.2578125 0.0359375 0.0875
1 0.1921875 0.35390625 0.04375 0.0703125
1 0.1828125 0.3078125 0.0609375 0.0390625
1 0.06328125 0.27578125 0.0828125 0.04375
1 0.11640625 0.36796875 0.0296875 0.0703125
1 0.090625 0.45 0.03125 0.084375
1 0.24296875 0.43125 0.0984375 0.0546875
1 0.33515625 0.45078125 0.075 0.0609375
1 0.4859375 0.4046875 0.103125 0.0390625
1 0.44765625 0.4625 0.065625 0.0703125
1 0.5703125 0.4296875 0.09375 0.034375
1 0.52265625 0.46484375 0.084375 0.046875
1 0.16171875 0.52890625 0.0328125 0.0921875
1 0.20625 0.60390625 0.0640625 0.0625
1 0.290625 0.5609375 0.0453125 0.0828125
1 0.21953125 0.6578125 0.0953125 0.0515625
1 0.184375 0.71875 0.0828125 0.0546875
1 0.30234375 0.71953125 0.096875 0.0515625
1 0.490625 0.6109375 0.0796875 0.0515625
1 0.5953125 0.6 0.04375 0.0625
1 0.71171875 0.625 0.05 0.053125
1 0.83515625 0.540625 0.040625 0.075
1 0.9171875 0.54375 0.109375 0.0390625
1 0.91796875 0.49921875 0.090625 0.0515625
1 0.9765625 0.5375 0.034375 0.0921875
1 0.92578125 0.6140625 0.08125 0.075
1 0.84765625 0.61484375 0.0390625 0.090625
1 0.778125 0.71484375 0.034375 0.0828125
1 0.81484375 0.67890625 0.0328125 0.08125
1 0.853125 0.65703125 0.0359375 0.04375
1 0.8875 0.6953125 0.0484375 0.10625
1 0.84453125 0.75625 0.075 0.0765625
1 0.80234375 0.78046875 0.059375 0.08125
1 0.7171875 0.8046875 0.034375 0.0765625
1 0.67890625 0.825 0.0328125 0.1078125
1 0.63984375 0.85546875 0.0625 0.04375
1 0.61171875 0.85078125 0.0796875 0.0640625
1 0.56875 0.85703125 0.0890625 0.040625
1 0.48046875 0.87421875 0.103125 0.0359375
1 0.54453125 0.7453125 0.078125 0.0765625
1 0.4875 0.8328125 0.11875 0.0296875
1 0.48515625 0.821875 0.115625 0.0203125
1 0.378125 0.8453125 0.13125 0.025
1 0.27109375 0.81171875 0.103125 0.0375
1 0.34375 0.790625 0.1015625 0.0484375
1 0.4359375 0.73046875 0.0484375 0.08125
1 0.54296875 0.68671875 0.13125 0.0265625
