1 0.54921875 0.83046875 0.0390625 0.078125
1 0.5796875 0.81171875 0.0765625 0.0890625
1 0.4515625 0.77265625 0.1140625 0.03125
1 0.69765625 0.7984375 0.1140625 0.0265625
1 0.61328125 0.75546875 0.0984375 0.0546875
1 0.6265625 0.71875 0.1109375 0.0546875
1 0.80859375 0.7484375 0.175 0.0390625
1 0.29921875 0.7359375 0.084375 0.075
1 0.28046875 0.6578125 0.0515625 0.0703125
1 0.26875 0.5703125 0.0765625 0.0390625
1 0.5703125 0.61328125 0.090625 0.075
1 0.7328125 0.6484375 0.134375 0.04375
1 0.8890625 0.653125 0.1203125 0.05625
1 0.8203125 0.54375 0.0828125 0.0390625
1 0.88671875 0.446875 0.0859375 0.1
1 0.58828125 0.52109375 0.04375 0.084375
1 0.50234375 0.5203125 0.10625 0.046875
1 0.36328125 0.475 0.08125 0.065625
1 0.259375 0.49765625 0.0484375 0.075
1 0.48984375 0.440625 0.0921875 0.0359375
1 0.5796875 0.4171875 0.0671875 0.090625
1 0.3875 0.3609375 0.1046875 0.03125
1 0.49765625 0.33671875 0.1140625 0.0265625
1 0.6890625 0.35 0.0671875 0.06875
1 0.69296875 0.24921875 0.1125 0.034375
1 0.84375 0.30390625 0.1 0.0734375
