1 0.39609375 0.4171875 0.07109375 0.01953125
1 0.47890625 0.421875 0.1015625 0.04375
1 0.53671875 0.45078125 0.0875 0.0484375
1 0.34765625 0.46484375 0.06015625 0.053125
1 0.30703125 0.43046875 0.10703125 0.03359375
1 0.2671875 0.4890625 0.09453125 0.04609375
1 0.2796875 0.47109375 0.0828125 0.0453125
1 0.27109375 0.44921875 0.1015625 0.0265625
1 0.2359375 0.46484375 0.08359375 0.0375
1 0.171875 0.49921875 0.04296875 0.0734375
1 0.246875 0.578125 0.0875 0.0578125
1 0.24765625 0.5390625 0.11953125 0.0234375
1 0.16640625 0.5515625 0.08359375 0.05
1 0.196875 0.56328125 0.0578125 0.07890625
1 0.125 0.65390625 0.03828125 0.09609375
1 0.1625 0.61015625 0.05625 0.07890625
1 0.25703125 0.6859375 0.11328125 0.0703125
1 0.28125 0.66796875 0.06015625 0.06640625
1 0.3484375 0.51875 0.07265625 0.05625
1 0.3625 0.50546875 0.0875 0.03359375
1 0.48125 0.50859375 0.09609375 0.04296875
1 0.528125 0.509375 0.0671875 0.06171875
1 0.6484375 0.5015625 0.10234375 0.0421875
1 0.6171875 0.50703125 0.08046875 0.03671875
1 0.65859375 0.54375 0.0609375 0.05
1 0.71640625 0.5953125 0.07578125 0.065625
1 0.7234375 0.55078125 0.07734375 0.03671875
1 0.75859375 0.596875 0.053125 0.0734375
1 0.796875 0.55859375 0.071875 0.06875
1 0.79921875 0.5546875 0.09453125 0.04921875
1 0.82734375 0.59921875 0.08984375 0.04921875
1 0.840625 0.65 0.090625 0.0703125
1 0.840625 0.6375 0.06328125 0.08359375
1 0.9359375 0.7265625 0.0359375 0.075
1 0.49609375 0.60703125 0.1125 0.0359375
1 0.71328125 0.7078125 0.05703125 0.0953125
1 0.76875 0.7171875 0.059375 0.07109375
1 0.81640625 0.76171875 0.05 0.08828125
1 0.85390625 0.77734375 0.05859375 0.090625
1 0.678125 0.796875 0.09140625 0.084375
1 0.57734375 0.86953125 0.1375 0.05
1 0.53671875 0.81484375 0.12421875 0.05
1 0.51171875 0.75703125 0.09921875 0.0625
1 0.528125 0.746875 0.115625 0.046875
1 0.3734375 0.80078125 0.14453125 0.0421875
1 0.28515625 0.74765625 0.12890625 0.06875
1 0.278125 0.8015625 0.1375 0.075
