1 0.440625 0.15625 0.0859375 0.0609375
1 0.359375 0.15546875 0.140625 0.0390625
1 0.50390625 0.1609375 0.0546875 0.0796875
1 0.43359375 0.1921875 0.0890625 0.0609375
1 0.49921875 0.2078125 0.0796875 0.05625
1 0.53515625 0.18203125 0.04375 0.090625
1 0.59765625 0.1984375 0.1 0.0734375
1 0.4171875 0.2625 0.0625 0.0953125
1 0.4703125 0.26015625 0.090625 0.0375
1 0.36171875 0.19140625 0.090625 0.0765625
1 0.30625 0.2265625 0.06875 0.078125
1 0.25078125 0.203125 0.034375 0.0796875
1 0.6703125 0.17734375 0.090625 0.053125
1 0.7625 0.2015625 0.0859375 0.03125
1 0.63828125 0.246875 0.046875 0.075
1 0.58671875 0.28984375 0.090625 0.0625
1 0.6453125 0.3 0.10625 0.046875
1 0.70390625 0.27265625 0.0578125 0.0859375
1 0.7359375 0.2609375 0.0359375 0.078125
1 0.7875 0.23828125 0.10625 0.0328125
1 0.68203125 0.3421875 0.06875 0.075
1 0.1921875 0.26953125 0.0875 0.0625
1 0.1984375 0.34765625 0.071875 0.0921875
1 0.25078125 0.3578125 0.08125 0.0625
1 0.33515625 0.33984375 0.1234375 0.0609375
1 0.440625 0.3515625 0.1109375 0.046875
1 0.4890625 0.30234375 0.065625 0.059375
1 0.53828125 0.31796875 0.109375 0.025
1 0.51796875 0.36796875 0.0328125 0.0828125
1 0.58046875 0.36640625 0.084375 0.028125
1 0.61796875 0.384375 0.103125 0.046875
1 0.5265625 0.41796875 0.1109375 0.025
1 0.4328125 0.4421875 0.0984375 0.04375
1 0.45078125 0.4453125 0.08125 0.075
1 0.359375 0.425 0.090625 0.0328125
1 0.2796875 0.42421875 0.0625 0.0609375
1 0.38828125 0.4828125 0.121875 0.025
1 0.16640625 0.40703125 0.0890625 0.0296875
1 0.14453125 0.4515625 0.09375 0.015625
1 0.1984375 0.51015625 0.0515625 0.0703125
1 0.184375 0.575 0.1203125 0.03125
1 0.2359375 0.56875 0.10625 0.025
1 0.31875 0.575 0.025 0.059375
1 0.38203125 0.53515625 0.0953125 0.05
1 0.4765625 0.53125 0.11875 0.025
1 0.56328125 0.50859375 0.0546875 0.0671875
1 0.23671875 0.603125 0.0546875 0.06875
1 0.1734375 0.61171875 0.0765625 0.0515625
1 0.16875 0.65859375 0.0609375 0.071875
1 0.25625 0.67109375 0.0765625 0.0515625
1 0.26640625 0.7078125 0.08125 0.084375
1 0.30859375 0.64296875 0.0609375 0.071875
1 0.3265625 0.69609375 0.0359375 0.0671875
1 0.39375 0.60859375 0.084375 0.01875
1 0.4234375 0.6578125 0.034375 0.078125
1 0.384375 0.69296875 0.05625 0.059375
1 0.3125 0.76015625 0.0765625 0.0453125
1 0.41640625 0.7328125 0.1046875 0.0546875
1 0.45 0.7703125 0.0953125 0.0515625
1 0.4796875 0.60234375 0.040625 0.0625
1 0.5390625 0.65234375 0.03125 0.08125
1 0.57421875 0.68046875 0.0921875 0.05
1 0.5375 0.69921875 0.08125 0.034375
1 0.56171875 0.7453125 0.1 0.0359375
1 0.64140625 0.784375 0.1 0.03125
1 0.6453125 0.7234375 0.0984375 0.028125
1 0.6921875 0.6796875 0.075 0.0390625
1 0.7296875 0.7359375 0.0984375 0.0546875
1 0.7421875 0.7125 0.071875 0.06875
1 0.83125 0.6890625 0.1296875 0.0359375
1 0.68125 0.63203125 0.0953125 0.0234375
1 0.58671875 0.61015625 0.0671875 0.0625
1 0.6265625 0.56640625 0.103125 0.0359375
1 0.7203125 0.625 0.06875 0.0421875
1 0.809375 0.63828125 0.084375 0.0515625
1 0.78046875 0.634375 0.08125 0.0375
1 0.80546875 0.58515625 0.08125 0.065625
1 0.828125 0.56171875 0.046875 0.05625
1 0.8578125 0.55625 0.05 0.0765625
1 0.90703125 0.49609375 0.046875 0.06875
1 0.825 0.49453125 0.0484375 0.071875
1 0.753125 0.4890625 0.1171875 0.05
1 0.678125 0.47265625 0.1 0.0328125
1 0.8375 0.440625 0.0640625 0.059375
1 0.7546875 0.42578125 0.0890625 0.0625
1 0.8984375 0.4234375 0.0390625 0.09375
1 0.8453125 0.365625 0.0890625 0.059375
1 0.85625 0.378125 0.0921875 0.0203125
1 0.7875 0.39375 0.078125 0.0515625
1 0.74765625 0.34296875 0.0875 0.06875
1 0.7765625 0.3421875 0.034375 0.0859375
1 0.69375 0.415625 0.08125 0.0796875
1 0.86640625 0.3140625 0.1046875 0.0484375
1 0.80078125 0.29140625 0.0328125 0.0828125
1 0.84765625 0.30546875 0.053125 0.065625
