1 0.6296875 0.77734375 0.0875 0.065625
1 0.68671875 0.73984375 0.0578125 0.075
1 0.753125 0.7375 0.05625 0.08125
1 0.86328125 0.6828125 0.115625 0.046875
1 0.59375 0.7 0.0484375 0.0859375
1 0.4828125 0.7796875 0.10625 0.0734375
1 0.31875 0.765625 0.0671875 0.0640625
1 0.38203125 0.73515625 0.10625 0.034375
1 0.44609375 0.70390625 0.1125 0.0359375
1 0.52734375 0.67890625 0.0453125 0.0984375
1 0.384375 0.67109375 0.128125 0.028125
1 0.27109375 0.7203125 0.1203125 0.0265625
1 0.27265625 0.70703125 0.0390625 0.0875
1 0.1671875 0.6015625 0.0890625 0.10625
1 0.2390625 0.5546875 0.0390625 0.06875
1 0.15 0.5328125 0.040625 0.0765625
1 0.16171875 0.4828125 0.08125 0.09375
1 0.32265625 0.509375 0.04375 0.09375
1 0.4 0.5828125 0.0859375 0.078125
1 0.4890625 0.57265625 0.0609375 0.0796875
1 0.6640625 0.6390625 0.0796875 0.0703125
1 0.6328125 0.60234375 0.05625 0.0921875
1 0.8 0.57734375 0.0796875 0.1
1 0.8 0.5609375 0.125 0.040625
1 0.8921875 0.553125 0.1015625 0.06875
1 0.8109375 0.38046875 0.0578125 0.1015625
1 0.746875 0.43671875 0.0828125 0.08125
1 0.709375 0.4984375 0.0515625 0.046875
1 0.63984375 0.4265625 0.06875 0.084375
1 0.6640625 0.29140625 0.065625 0.090625
1 0.43046875 0.35234375 0.0921875 0.06875
1 0.36484375 0.36484375 0.09375 0.040625
1 0.40625 0.4390625 0.1140625 0.0421875
1 0.42421875 0.4171875 0.10625 0.0234375
1 0.31796875 0.4359375 0.1078125 0.028125
1 0.2046875 0.38046875 0.0484375 0.09375
1 0.26640625 0.2890625 0.0859375 0.06875
