1 0.2546875 0.73984375 0.0859375 0.0640625
1 0.334375 0.7546875 0.046875 0.09375
1 0.3484375 0.75546875 0.0859375 0.046875
1 0.32265625 0.7171875 0.0953125 0.0484375
1 0.27734375 0.7140625 0.0890625 0.021875
1 0.39921875 0.721875 0.1 0.028125
1 0.2859375 0.6765625 0.0515625 0.0671875
1 0.43671875 0.77265625 0.1109375 0.05625
1 0.5203125 0.76328125 0.090625 0.015625
1 0.48984375 0.72578125 0.11875 0.025
1 0.51015625 0.7203125 0.0546875 0.0625
1 0.41640625 0.69765625 0.1078125 0.0171875
1 0.3890625 0.6578125 0.1140625 0.04375
1 0.36875 0.65859375 0.0546875 0.075
1 0.42265625 0.65390625 0.05625 0.059375
1 0.32578125 0.6234375 0.0828125 0.0390625
1 0.2984375 0.65078125 0.03125 0.0703125
1 0.2359375 0.66328125 0.084375 0.03125
1 0.24375 0.6484375 0.0234375 0.06875
1 0.19453125 0.68203125 0.0265625 0.0671875
1 0.47421875 0.66171875 0.0609375 0.071875
1 0.3890625 0.6015625 0.0609375 0.0328125
1 0.4234375 0.60625 0.0703125 0.0453125
1 0.45546875 0.60390625 0.0421875 0.0546875
1 0.48125 0.63515625 0.025 0.059375
1 0.51875 0.65234375 0.06875 0.046875
1 0.52734375 0.63046875 0.0359375 0.059375
1 0.56875 0.68984375 0.0765625 0.059375
1 0.60625 0.7671875 0.075 0.04375
1 0.6 0.74765625 0.09375 0.0421875
1 0.609375 0.7359375 0.0796875 0.05
1 0.68515625 0.7375 0.053125 0.053125
1 0.68515625 0.69453125 0.10625 0.01875
1 0.62265625 0.66953125 0.059375 0.0578125
1 0.64921875 0.65 0.0453125 0.0640625
1 0.59921875 0.62890625 0.0921875 0.046875
1 0.6078125 0.60390625 0.0328125 0.078125
1 0.67109375 0.61796875 0.059375 0.078125
1 0.53125 0.58515625 0.0453125 0.078125
1 0.5421875 0.5796875 0.090625 0.0359375
1 0.48515625 0.55078125 0.08125 0.0296875
1 0.58828125 0.53046875 0.0359375 0.0734375
1 0.1546875 0.640625 0.0515625 0.05
1 0.18828125 0.60703125 0.0953125 0.0359375
1 0.228125 0.5765625 0.0328125 0.0765625
1 0.246875 0.5671875 0.1203125 0.01875
1 0.29765625 0.58671875 0.0953125 0.0296875
1 0.1515625 0.59140625 0.065625 0.040625
1 0.1671875 0.56015625 0.0609375 0.046875
1 0.18671875 0.51796875 0.1125 0.0359375
1 0.1203125 0.5046875 0.103125 0.021875
1 0.14140625 0.496875 0.0328125 0.0625
1 0.13828125 0.46328125 0.10625 0.0328125
1 0.2328125 0.50625 0.0296875 0.0828125
1 0.259375 0.5046875 0.0328125 0.08125
1 0.321875 0.5140625 0.0609375 0.04375
1 0.37734375 0.53515625 0.10625 0.0421875
1 0.37890625 0.5375 0.028125 0.096875
1 0.4125 0.546875 0.0765625 0.021875
1 0.43671875 0.51171875 0.0625 0.05
1 0.3375 0.4953125 0.1078125 0.0265625
1 0.32109375 0.4453125 0.046875 0.078125
1 0.3296875 0.471875 0.1 0.021875
1 0.40546875 0.47265625 0.0828125 0.0359375
1 0.26171875 0.446875 0.11875 0.034375
1 0.1765625 0.41171875 0.046875 0.0484375
1 0.49140625 0.4796875 0.06875 0.0578125
1 0.37265625 0.421875 0.0796875 0.05625
1 0.3515625 0.390625 0.05 0.05
1 0.32421875 0.396875 0.0375 0.05625
1 0.4265625 0.40703125 0.10625 0.0140625
1 0.428125 0.403125 0.025 0.078125
1 0.29609375 0.35625 0.025 0.0703125
1 0.30625 0.3453125 0.1 0.046875
1 0.2015625 0.35078125 0.0515625 0.0703125
1 0.1390625 0.36015625 0.1046875 0.0625
1 0.1375 0.32265625 0.0515625 0.0625
1 0.1953125 0.28515625 0.115625 0.0296875
1 0.22734375 0.30390625 0.034375 0.04375
1 0.2625 0.30390625 0.0859375 0.0203125
1 0.325 0.31875 0.0578125 0.0703125
1 0.36953125 0.303125 0.084375 0.046875
1 0.359375 0.28671875 0.103125 0.021875
1 0.2984375 0.2515625 0.065625 0.0640625
1 0.27421875 0.23984375 0.0765625 0.05625
1 0.37421875 0.23046875 0.096875 0.028125
1 0.40390625 0.24765625 0.109375 0.03125
1 0.44296875 0.2078125 0.040625 0.05625
1 0.484375 0.23828125 0.05625 0.0421875
1 0.5046875 0.25 0.059375 0.040625
1 0.52890625 0.2453125 0.0234375 0.078125
1 0.5375 0.2578125 0.090625 0.0375
1 0.57578125 0.23359375 0.0984375 0.028125
1 0.6015625 0.23515625 0.0484375 0.0703125
1 0.54765625 0.21484375 0.0703125 0.053125
1 0.5171875 0.19140625 0.0890625 0.040625
1 0.490625 0.31484375 0.078125 0.0484375
1 0.49609375 0.325 0.05 0.084375
1 0.5359375 0.3359375 0.084375 0.06875
1 0.51796875 0.34453125 0.0515625 0.059375
1 0.553125 0.3015625 0.071875 0.0390625
1 0.62265625 0.30390625 0.1 0.05
1 0.5890625 0.2890625 0.0546875 0.0234375
1 0.58515625 0.334375 0.0671875 0.053125
1 0.66640625 0.30078125 0.115625 0.0328125
1 0.6984375 0.28046875 0.028125 0.0890625
1 0.68203125 0.26875 0.0953125 0.034375
1 0.6375 0.2328125 0.1203125 0.0265625
1 0.73828125 0.3109375 0.0640625 0.0421875
1 0.6875 0.33828125 0.0859375 0.028125
1 0.70625 0.3578125 0.0625 0.0421875
1 0.7765625 0.3625 0.0390625 0.046875
1 0.75234375 0.3359375 0.103125 0.01875
1 0.81328125 0.3046875 0.0828125 0.0484375
1 0.7296875 0.21953125 0.115625 0.01875
1 0.82578125 0.278125 0.08125 0.04375
1 0.8140625 0.35078125 0.0859375 0.040625
1 0.83515625 0.3640625 0.096875 0.0234375
1 0.8546875 0.3890625 0.096875 0.0234375
1 0.88359375 0.4 0.028125 0.075
1 0.8453125 0.40625 0.0359375 0.0640625
1 0.775 0.41328125 0.1140625 0.025
1 0.7703125 0.41640625 0.03125 0.059375
1 0.73125 0.4203125 0.0421875 0.06875
1 0.6921875 0.4484375 0.0328125 0.075
1 0.9203125 0.44296875 0.04375 0.0734375
1 0.93203125 0.48984375 0.0796875 0.053125
1 0.9390625 0.55078125 0.0578125 0.053125
1 0.91640625 0.521875 0.0734375 0.05625
1 0.88359375 0.528125 0.05625 0.0609375
1 0.86484375 0.4984375 0.0390625 0.0578125
1 0.84609375 0.51484375 0.034375 0.0734375
1 0.8328125 0.49296875 0.059375 0.05
1 0.778125 0.50078125 0.0453125 0.0703125
1 0.76328125 0.47578125 0.0828125 0.025
1 0.66796875 0.52734375 0.06875 0.06875
1 0.68125 0.5078125 0.0421875 0.05
1 0.73125 0.553125 0.046875 0.0703125
1 0.72578125 0.559375 0.0390625 0.078125
1 0.78828125 0.5765625 0.0875 0.0296875
1 0.884375 0.5875 0.0453125 0.0875
1 0.8765625 0.5703125 0.08125 0.046875
1 0.84296875 0.63203125 0.096875 0.0265625
1 0.76484375 0.6296875 0.096875 0.0421875
1 0.77421875 0.66328125 0.084375 0.0484375
1 0.5765625 0.47421875 0.11875 0.021875
1 0.61484375 0.4265625 0.040625 0.0796875
1 0.540625 0.42734375 0.0734375 0.06875
1 0.52421875 0.41640625 0.1109375 0.01875
1 0.5765625 0.38984375 0.0421875 0.0703125
1 0.5890625 0.37734375 0.0828125 0.046875
