1 0.44609375 0.25234375 0.0265625 0.0875
1 0.38125 0.2640625 0.0375 0.0640625
1 0.31015625 0.25078125 0.0640625 0.0421875
1 0.25390625 0.30234375 0.1375 0.025
1 0.290625 0.31328125 0.090625 0.046875
1 0.35 0.3734375 0.1015625 0.0453125
1 0.2453125 0.3953125 0.03125 0.08125
1 0.2140625 0.4234375 0.078125 0.059375
1 0.22734375 0.46328125 0.0625 0.03125
1 0.5546875 0.44453125 0.0875 0.0359375
1 0.53203125 0.3125 0.08125 0.040625
1 0.596875 0.26328125 0.065625 0.0390625
1 0.6171875 0.309375 0.025 0.06875
1 0.63125 0.4234375 0.1015625 0.028125
1 0.64453125 0.37578125 0.0859375 0.0359375
1 0.65234375 0.31328125 0.05625 0.0578125
1 0.77734375 0.35703125 0.09375 0.0390625
1 0.72890625 0.39296875 0.0984375 0.040625
1 0.83515625 0.37109375 0.0375 0.065625
1 0.80078125 0.44140625 0.09375 0.05625
1 0.7828125 0.4546875 0.05 0.05625
1 0.72734375 0.53984375 0.078125 0.059375
1 0.72578125 0.5109375 0.0546875 0.0578125
1 0.59296875 0.52265625 0.1171875 0.0234375
1 0.4546875 0.5609375 0.1015625 0.0625
1 0.60546875 0.58984375 0.0671875 0.0890625
1 0.59375 0.63203125 0.0796875 0.05
1 0.62578125 0.55703125 0.0875 0.0359375
1 0.85234375 0.54375 0.109375 0.03125
1 0.8921875 0.54296875 0.0375 0.075
1 0.83828125 0.6078125 0.0609375 0.0671875
1 0.78828125 0.590625 0.078125 0.05
1 0.6984375 0.60546875 0.0453125 0.046875
1 0.48359375 0.62109375 0.08125 0.03125
1 0.19140625 0.61484375 0.034375 0.0546875
1 0.14921875 0.571875 0.034375 0.0796875
1 0.225 0.634375 0.0796875 0.078125
1 0.2265625 0.73671875 0.1046875 0.0578125
1 0.3484375 0.69375 0.034375 0.078125
1 0.2171875 0.696875 0.04375 0.0640625
1 0.31171875 0.78515625 0.040625 0.0765625
1 0.37578125 0.7703125 0.0703125 0.0453125
1 0.4703125 0.77421875 0.090625 0.040625
1 0.51015625 0.715625 0.1328125 0.040625
1 0.65625 0.709375 0.0703125 0.0671875
1 0.553125 0.79296875 0.065625 0.0734375
1 0.56484375 0.80703125 0.0453125 0.059375
1 0.778125 0.7234375 0.128125 0.0203125
1 0.725 0.684375 0.0671875 0.0578125
1 0.7359375 0.65078125 0.078125 0.028125
1 0.778125 0.67734375 0.028125 0.0796875
1 0.82578125 0.675 0.0359375 0.0734375
