1 0.50703125 0.23359375 0.1 0.0296875
1 0.59453125 0.2421875 0.1078125 0.0265625
1 0.46328125 0.23984375 0.0671875 0.0734375
1 0.5625 0.2828125 0.0890625 0.046875
1 0.40703125 0.246875 0.0765625 0.0640625
1 0.32734375 0.27421875 0.1078125 0.046875
1 0.46640625 0.325 0.0453125 0.0953125
1 0.340625 0.3234375 0.0828125 0.0234375
1 0.58671875 0.3515625 0.0359375 0.078125
1 0.6671875 0.3453125 0.075 0.0640625
1 0.6875 0.3140625 0.065625 0.059375
1 0.7703125 0.3109375 0.0484375 0.0640625
1 0.85078125 0.325 0.075 0.0703125
1 0.77734375 0.36171875 0.0921875 0.0375
1 0.803125 0.39140625 0.04375 0.078125
1 0.80546875 0.48203125 0.034375 0.0828125
1 0.55703125 0.38984375 0.059375 0.0671875
1 0.45078125 0.43125 0.1125 0.053125
1 0.27734375 0.39296875 0.1046875 0.0359375
1 0.30078125 0.465625 0.075 0.0296875
1 0.1984375 0.44609375 0.0859375 0.0453125
1 0.20234375 0.4984375 0.05 0.0515625
1 0.28125 0.5671875 0.1015625 0.04375
1 0.40625 0.5109375 0.0375 0.078125
1 0.51875 0.49765625 0.0703125 0.05625
1 0.65234375 0.54609375 0.0921875 0.0484375
1 0.534375 0.56796875 0.109375 0.0296875
1 0.35625 0.59921875 0.0515625 0.06875
1 0.46640625 0.63671875 0.1078125 0.0296875
1 0.42421875 0.65625 0.1015625 0.0359375
1 0.340625 0.6765625 0.1125 0.0515625
1 0.44453125 0.7421875 0.0765625 0.05
1 0.5421875 0.72890625 0.0546875 0.071875
1 0.5421875 0.65390625 0.0390625 0.059375
1 0.59765625 0.68125 0.08125 0.05
1 0.553125 0.76484375 0.10625 0.0234375
1 0.69765625 0.72734375 0.0921875 0.0484375
1 0.69296875 0.67578125 0.103125 0.046875
1 0.7515625 0.6515625 0.1203125 0.0265625
1 0.6578125 0.59921875 0.08125 0.0578125
1 0.8234375 0.55234375 0.0984375 0.0359375
1 0.88203125 0.4 0.0484375 0.084375
