1 0.65390625 0.7625 0.1078125 0.0203125
1 0.6453125 0.76015625 0.075 0.0734375
1 0.57890625 0.8 0.071875 0.046875
1 0.54765625 0.7640625 0.096875 0.0203125
1 0.5671875 0.72734375 0.09375 0.0359375
1 0.61796875 0.73828125 0.05 0.0578125
1 0.64453125 0.69765625 0.06875 0.0703125
1 0.59765625 0.69921875 0.1296875 0.0265625
1 0.46484375 0.73359375 0.1125 0.0515625
1 0.48125 0.78203125 0.071875 0.065625
1 0.46015625 0.80234375 0.0765625 0.075
1 0.709375 0.71171875 0.05 0.065625
1 0.4953125 0.70234375 0.03125 0.06875
1 0.56484375 0.653125 0.0671875 0.0609375
1 0.671875 0.66171875 0.040625 0.075
1 0.76875 0.70859375 0.0421875 0.0640625
1 0.80546875 0.665625 0.0640625 0.04375
1 0.7734375 0.63046875 0.0421875 0.0828125
1 0.7515625 0.603125 0.0390625 0.075
1 0.8375 0.61640625 0.06875 0.05
1 0.68515625 0.615625 0.0890625 0.028125
1 0.5875 0.63203125 0.0234375 0.0703125
1 0.63515625 0.60703125 0.08125 0.0640625
1 0.553125 0.5984375 0.0984375 0.034375
1 0.57890625 0.5765625 0.08125 0.0234375
1 0.6640625 0.5734375 0.0796875 0.0234375
1 0.6140625 0.55390625 0.0546875 0.053125
1 0.72890625 0.54375 0.05625 0.0453125
1 0.81953125 0.56171875 0.0234375 0.071875
1 0.80546875 0.5671875 0.1046875 0.040625
1 0.825 0.54140625 0.0390625 0.078125
1 0.8671875 0.5265625 0.0296875 0.0796875
1 0.8546875 0.43515625 0.0234375 0.078125
1 0.85625 0.49765625 0.025 0.0609375
1 0.7921875 0.4765625 0.0515625 0.0703125
1 0.821875 0.43046875 0.0375 0.06875
1 0.7921875 0.42734375 0.0203125 0.0625
1 0.7609375 0.51484375 0.046875 0.06875
1 0.72890625 0.48515625 0.0703125 0.0484375
1 0.69375 0.51015625 0.078125 0.0296875
1 0.7421875 0.4484375 0.0375 0.0640625
1 0.709375 0.4234375 0.0734375 0.046875
1 0.68203125 0.4421875 0.04375 0.059375
1 0.6546875 0.43828125 0.05625 0.046875
1 0.83203125 0.39921875 0.0609375 0.0578125
1 0.7640625 0.378125 0.103125 0.0171875
1 0.77734375 0.3796875 0.028125 0.046875
1 0.7484375 0.35703125 0.0203125 0.0515625
1 0.73125 0.396875 0.0640625 0.046875
1 0.621875 0.4140625 0.05625 0.075
1 0.6453125 0.39765625 0.10625 0.025
1 0.65234375 0.35546875 0.09375 0.028125
1 0.6484375 0.34453125 0.10625 0.0234375
1 0.6703125 0.315625 0.0484375 0.0609375
1 0.625 0.31640625 0.0859375 0.021875
1 0.59140625 0.3203125 0.025 0.05
1 0.56875 0.2890625 0.0734375 0.021875
1 0.57109375 0.2484375 0.0390625 0.059375
1 0.496875 0.28828125 0.0921875 0.025
1 0.509375 0.27421875 0.05625 0.0359375
1 0.51796875 0.26484375 0.0609375 0.0375
1 0.50078125 0.3140625 0.1046875 0.0171875
1 0.61953125 0.51796875 0.0765625 0.0359375
1 0.590625 0.5140625 0.053125 0.0859375
1 0.5359375 0.52734375 0.0546875 0.028125
1 0.5578125 0.46171875 0.0671875 0.046875
1 0.590625 0.4625 0.096875 0.01875
1 0.60390625 0.46171875 0.0640625 0.04375
1 0.5171875 0.45859375 0.090625 0.040625
1 0.52109375 0.44765625 0.0515625 0.0390625
1 0.4421875 0.47578125 0.05 0.0625
1 0.4859375 0.50703125 0.0828125 0.0375
1 0.4859375 0.56953125 0.1078125 0.0296875
1 0.48203125 0.5359375 0.0796875 0.0140625
1 0.440625 0.5734375 0.046875 0.053125
1 0.43671875 0.659375 0.0984375 0.0515625
1 0.44453125 0.67578125 0.0796875 0.0109375
1 0.3890625 0.6625 0.090625 0.046875
1 0.41015625 0.6140625 0.0828125 0.0390625
1 0.53828125 0.41484375 0.0921875 0.0265625
1 0.53828125 0.38046875 0.096875 0.0296875
1 0.54765625 0.39375 0.03125 0.0609375
1 0.475 0.41015625 0.040625 0.071875
1 0.51640625 0.35390625 0.09375 0.0265625
1 0.490625 0.34609375 0.0734375 0.0234375
1 0.32421875 0.784375 0.0609375 0.0703125
1 0.3765625 0.71875 0.040625 0.0828125
1 0.3265625 0.734375 0.0984375 0.0265625
1 0.26640625 0.73515625 0.0703125 0.04375
1 0.28359375 0.7125 0.0390625 0.0703125
1 0.21328125 0.76953125 0.025 0.0765625
1 0.16875 0.71953125 0.103125 0.0640625
1 0.10625 0.68125 0.084375 0.0359375
1 0.15234375 0.67421875 0.034375 0.0703125
1 0.2390625 0.67109375 0.0421875 0.0546875
1 0.2125 0.62421875 0.034375 0.0828125
1 0.29765625 0.65546875 0.0546875 0.0390625
1 0.28828125 0.621875 0.09375 0.03125
1 0.37734375 0.57421875 0.0921875 0.0265625
1 0.403125 0.53359375 0.0734375 0.05
1 0.271875 0.58046875 0.028125 0.0734375
1 0.271875 0.59609375 0.075 0.0140625
1 0.2921875 0.5421875 0.0203125 0.0546875
1 0.346875 0.50703125 0.0625 0.0515625
1 0.39765625 0.4765625 0.040625 0.0484375
1 0.36875 0.43515625 0.0375 0.078125
1 0.42109375 0.43671875 0.0953125 0.0421875
1 0.43984375 0.346875 0.03125 0.0734375
1 0.42578125 0.32265625 0.0890625 0.03125
1 0.39609375 0.3546875 0.084375 0.03125
1 0.41328125 0.33671875 0.0359375 0.0203125
1 0.36328125 0.3609375 0.034375 0.053125
1 0.325 0.371875 0.0625 0.0390625
1 0.2890625 0.3734375 0.0328125 0.0671875
1 0.3109375 0.35703125 0.0375 0.0375
1 0.35234375 0.3140625 0.0703125 0.025
1 0.3453125 0.3125 0.075 0.0359375
1 0.33671875 0.25546875 0.075 0.0546875
1 0.28515625 0.3328125 0.0796875 0.0140625
1 0.29375 0.31875 0.0765625 0.040625
1 0.35390625 0.30234375 0.090625 0.0171875
1 0.27109375 0.278125 0.103125 0.021875
1 0.24140625 0.403125 0.09375 0.021875
1 0.24921875 0.396875 0.0484375 0.06875
1 0.20625 0.40390625 0.0390625 0.0609375
1 0.21484375 0.25703125 0.09375 0.01875
1 0.184375 0.2875 0.1203125 0.01875
1 0.159375 0.30703125 0.090625 0.0375
1 0.2 0.328125 0.040625 0.059375
1 0.140625 0.3671875 0.078125 0.0578125
1 0.084375 0.3765625 0.053125 0.0171875
1 0.1546875 0.3796875 0.0859375 0.0171875
1 0.096875 0.44140625 0.0625 0.05
1 0.125 0.4625 0.0703125 0.053125
1 0.1296875 0.4296875 0.08125 0.0390625
1 0.1546875 0.49296875 0.0859375 0.0203125
1 0.16484375 0.4859375 0.0609375 0.05625
1 0.21328125 0.46484375 0.0625 0.0546875
1 0.2421875 0.48046875 0.0359375 0.06875
1 0.2796875 0.45625 0.046875 0.0703125
1 0.29453125 0.496875 0.0734375 0.0625
1 0.2375 0.5265625 0.078125 0.06875
1 0.2109375 0.553125 0.075 0.0203125
1 0.1828125 0.5453125 0.065625 0.0625
1 0.09296875 0.53515625 0.078125 0.046875
1 0.13125 0.571875 0.0375 0.059375
1 0.14921875 0.546875 0.040625 0.0515625
1 0.1 0.57421875 0.0640625 0.0671875
1 0.1703125 0.58359375 0.0328125 0.0671875
1 0.11171875 0.61484375 0.1 0.0359375
1 0.15625 0.61640625 0.0734375 0.04375
