1 0.46953125 0.36171875 0.02578125 0.07890625
1 0.51953125 0.35078125 0.04453125 0.05859375
1 0.43359375 0.37265625 0.0859375 0.0328125
1 0.44296875 0.40859375 0.06015625 0.08125
1 0.3609375 0.3734375 0.08984375 0.0328125
1 0.35078125 0.4796875 0.0953125 0.03828125
1 0.33984375 0.5125 0.0390625 0.05390625
1 0.33515625 0.4859375 0.06484375 0.05
1 0.325 0.4546875 0.0609375 0.05703125
1 0.31328125 0.42265625 0.06796875 0.03125
1 0.34765625 0.4171875 0.08125 0.05078125
1 0.38828125 0.4671875 0.08515625 0.0546875
1 0.27421875 0.4703125 0.07578125 0.05390625
1 0.2015625 0.48203125 0.09765625 0.02109375
1 0.51171875 0.415625 0.05234375 0.06484375
1 0.6125 0.3796875 0.0734375 0.053125
1 0.7 0.4234375 0.10859375 0.015625
1 0.70625 0.41328125 0.04765625 0.04375
1 0.64921875 0.4484375 0.06953125 0.02734375
1 0.71640625 0.4515625 0.08671875 0.04375
1 0.75703125 0.475 0.0328125 0.07578125
1 0.7140625 0.51796875 0.078125 0.04375
1 0.63359375 0.49765625 0.084375 0.0546875
1 0.58984375 0.52890625 0.08984375 0.06953125
1 0.615625 0.5625 0.046875 0.071875
1 0.665625 0.5578125 0.0296875 0.04296875
1 0.72734375 0.66484375 0.0421875 0.0796875
1 0.59140625 0.6421875 0.04453125 0.0953125
1 0.5609375 0.69375 0.0765625 0.0734375
1 0.5296875 0.61640625 0.04453125 0.07890625
1 0.5109375 0.57734375 0.06640625 0.05078125
1 0.46328125 0.57265625 0.0625 0.0671875
1 0.39453125 0.5390625 0.078125 0.0515625
1 0.34140625 0.57265625 0.0625 0.03203125
1 0.2890625 0.57421875 0.07890625 0.046875
1 0.23515625 0.528125 0.1234375 0.03984375
1 0.1765625 0.54140625 0.0984375 0.0390625
1 0.2234375 0.58671875 0.096875 0.046875
1 0.22578125 0.678125 0.04609375 0.078125
1 0.2484375 0.64765625 0.0640625 0.0609375
1 0.16171875 0.68984375 0.06328125 0.071875
1 0.24765625 0.73359375 0.09140625 0.04765625
1 0.30546875 0.6875 0.02890625 0.0890625
1 0.34296875 0.6609375 0.07265625 0.06875
1 0.38125 0.7390625 0.04140625 0.1046875
1 0.39765625 0.72578125 0.1265625 0.03359375
1 0.42109375 0.771875 0.11953125 0.0609375
1 0.2984375 0.77890625 0.10859375 0.0640625
1 0.28828125 0.7515625 0.04296875 0.1015625
1 0.346875 0.828125 0.09609375 0.04921875
1 0.37421875 0.80234375 0.06640625 0.07890625
1 0.44609375 0.83515625 0.11640625 0.04296875
1 0.58828125 0.81015625 0.0421875 0.09609375
1 0.63359375 0.7546875 0.09296875 0.0546875
1 0.55390625 0.740625 0.11328125 0.06171875
