1 0.35546875 0.184375 0.0984375 0.0296875
1 0.38203125 0.1515625 0.075 0.025
1 0.3953125 0.13515625 0.0890625 0.0328125
1 0.31875 0.1953125 0.0921875 0.0515625
1 0.31328125 0.1515625 0.084375 0.05
1 0.34375 0.1671875 0.0875 0.028125
1 0.42265625 0.22421875 0.08125 0.03125
1 0.41171875 0.1984375 0.0765625 0.03125
1 0.4875 0.1640625 0.0453125 0.0875
1 0.52734375 0.17421875 0.025 0.0875
1 0.55078125 0.234375 0.0734375 0.0390625
1 0.55546875 0.20625 0.03125 0.0625
1 0.6390625 0.15234375 0.0421875 0.0890625
1 0.60234375 0.12265625 0.078125 0.0265625
1 0.6890625 0.1984375 0.03125 0.0828125
1 0.73671875 0.1765625 0.075 0.025
1 0.79609375 0.21484375 0.1015625 0.03125
1 0.746875 0.33828125 0.015625 0.0640625
1 0.76015625 0.29296875 0.028125 0.059375
1 0.8 0.24609375 0.03125 0.053125
1 0.67734375 0.2515625 0.0703125 0.0625
1 0.6390625 0.2546875 0.046875 0.0578125
1 0.65 0.3140625 0.040625 0.0390625
1 0.6625 0.325 0.034375 0.06875
1 0.73671875 0.3375 0.071875 0.0234375
1 0.78984375 0.34921875 0.053125 0.0484375
1 0.75234375 0.37890625 0.046875 0.065625
1 0.80234375 0.4234375 0.046875 0.059375
1 0.59375 0.32109375 0.025 0.0734375
1 0.55234375 0.29375 0.0484375 0.0734375
1 0.5015625 0.28046875 0.0765625 0.0421875
1 0.4640625 0.3 0.096875 0.0203125
1 0.409375 0.30625 0.075 0.0515625
1 0.43515625 0.35546875 0.090625 0.025
1 0.43203125 0.35390625 0.0359375 0.0609375
1 0.53984375 0.34375 0.0828125 0.053125
1 0.5984375 0.371875 0.059375 0.053125
1 0.6078125 0.403125 0.084375 0.015625
1 0.58984375 0.434375 0.071875 0.0578125
1 0.6765625 0.37578125 0.0703125 0.0296875
1 0.7015625 0.43125 0.0265625 0.075
1 0.65234375 0.48203125 0.0984375 0.04375
1 0.63515625 0.453125 0.096875 0.0296875
1 0.44140625 0.4578125 0.0375 0.0859375
1 0.4796875 0.425 0.0421875 0.0609375
1 0.40546875 0.42578125 0.0640625 0.071875
1 0.4546875 0.5265625 0.078125 0.0671875
1 0.46015625 0.50390625 0.0453125 0.0703125
1 0.465625 0.48515625 0.0578125 0.0625
1 0.5140625 0.51875 0.0515625 0.0421875
1 0.46953125 0.5828125 0.1 0.0296875
1 0.49921875 0.60546875 0.0921875 0.0515625
1 0.5328125 0.63203125 0.084375 0.0265625
1 0.66484375 0.53046875 0.0640625 0.028125
1 0.7375 0.54921875 0.075 0.04375
1 0.63359375 0.56015625 0.08125 0.015625
1 0.70078125 0.58984375 0.075 0.0375
1 0.6515625 0.58203125 0.075 0.0296875
1 0.6171875 0.65546875 0.0921875 0.04375
1 0.6171875 0.74375 0.0875 0.0515625
1 0.64453125 0.725 0.0734375 0.04375
1 0.640625 0.6875 0.05625 0.0640625
1 0.56953125 0.7203125 0.0796875 0.046875
1 0.73125 0.64453125 0.0671875 0.0546875
1 0.72890625 0.65546875 0.0828125 0.03125
1 0.68203125 0.721875 0.075 0.040625
1 0.7015625 0.6890625 0.0640625 0.05
1 0.54609375 0.7796875 0.078125 0.05625
1 0.571875 0.77734375 0.0484375 0.0609375
1 0.6171875 0.81328125 0.0328125 0.0890625
1 0.56640625 0.88984375 0.075 0.06875
1 0.5796875 0.859375 0.05625 0.034375
1 0.61640625 0.87109375 0.065625 0.0578125
1 0.5 0.86328125 0.0765625 0.0953125
1 0.4703125 0.87265625 0.0484375 0.059375
1 0.4921875 0.92578125 0.0890625 0.05
1 0.434375 0.88984375 0.075 0.071875
1 0.35703125 0.8953125 0.103125 0.0484375
1 0.43359375 0.6359375 0.0484375 0.1015625
1 0.41484375 0.6671875 0.075 0.04375
1 0.4390625 0.6828125 0.025 0.0890625
1 0.4734375 0.69140625 0.0859375 0.03125
1 0.4859375 0.78203125 0.0796875 0.034375
1 0.4515625 0.7671875 0.10625 0.0203125
1 0.39296875 0.815625 0.0796875 0.0515625
1 0.396875 0.7859375 0.0921875 0.03125
1 0.3953125 0.75859375 0.0859375 0.0203125
1 0.3296875 0.84609375 0.0953125 0.0359375
1 0.34921875 0.8390625 0.0453125 0.05
1 0.30546875 0.778125 0.0921875 0.0640625
1 0.31484375 0.78515625 0.11875 0.0171875
1 0.3296875 0.77734375 0.0328125 0.075
1 0.36875 0.640625 0.0421875 0.0703125
1 0.36953125 0.60078125 0.0734375 0.0390625
1 0.35546875 0.7296875 0.0421875 0.0859375
1 0.3734375 0.6828125 0.096875 0.053125
1 0.2546875 0.21171875 0.0640625 0.040625
1 0.240625 0.18359375 0.034375 0.046875
1 0.25234375 0.26640625 0.075 0.0421875
1 0.2734375 0.26640625 0.0328125 0.05625
1 0.2890625 0.26484375 0.03125 0.075
1 0.3125 0.3421875 0.0265625 0.075
1 0.221875 0.23359375 0.0734375 0.0453125
1 0.22265625 0.30234375 0.0921875 0.0328125
1 0.19375 0.27734375 0.0703125 0.0375
1 0.1609375 0.265625 0.0671875 0.0765625
1 0.1203125 0.3515625 0.0359375 0.0796875
1 0.1484375 0.36953125 0.0515625 0.0828125
1 0.1453125 0.3609375 0.0359375 0.0625
1 0.19765625 0.36796875 0.078125 0.0203125
1 0.05703125 0.409375 0.059375 0.0609375
1 0.1421875 0.41640625 0.0921875 0.028125
1 0.21640625 0.41953125 0.0578125 0.0625
1 0.25546875 0.43125 0.03125 0.0765625
1 0.35703125 0.47421875 0.0328125 0.075
1 0.28515625 0.5046875 0.05 0.0734375
1 0.31796875 0.571875 0.025 0.09375
1 0.2421875 0.590625 0.0453125 0.075
1 0.25078125 0.56015625 0.05 0.0890625
1 0.2609375 0.5734375 0.0765625 0.034375
1 0.2734375 0.6265625 0.09375 0.0375
1 0.28046875 0.665625 0.0265625 0.065625
1 0.2984375 0.70390625 0.0328125 0.084375
1 0.2296875 0.70703125 0.090625 0.04375
1 0.2359375 0.6875 0.0453125 0.0953125
1 0.23828125 0.665625 0.0671875 0.0328125
1 0.228125 0.784375 0.0375 0.0765625
1 0.23671875 0.85078125 0.096875 0.034375
1 0.1734375 0.8140625 0.0375 0.075
1 0.18984375 0.7703125 0.0703125 0.075
1 0.11875 0.45625 0.090625 0.028125
1 0.10625 0.45546875 0.065625 0.0546875
1 0.1625 0.50546875 0.0296875 0.0828125
1 0.20625 0.56484375 0.0546875 0.0671875
1 0.1 0.61875 0.03125 0.0671875
1 0.115625 0.57578125 0.0296875 0.04375
1 0.1296875 0.57109375 0.021875 0.0984375
1 0.18515625 0.55234375 0.025 0.065625
1 0.16796875 0.65546875 0.028125 0.090625
1 0.08671875 0.5640625 0.0421875 0.01875
1 0.0796875 0.52109375 0.0984375 0.0546875
1 0.10859375 0.52109375 0.0234375 0.0671875
1 0.04296875 0.59375 0.0421875 0.090625
1 0.0625 0.68046875 0.0421875 0.08125
1 0.12578125 0.75859375 0.0328125 0.084375
1 0.14375 0.71796875 0.0640625 0.0625
1 0.84140625 0.32578125 0.0734375 0.0828125
1 0.8359375 0.27890625 0.0796875 0.03125
1 0.91796875 0.32421875 0.0609375 0.09375
1 0.89765625 0.39296875 0.090625 0.0609375
1 0.87890625 0.384375 0.028125 0.084375
1 0.9125 0.5015625 0.053125 0.0859375
1 0.85390625 0.503125 0.084375 0.0265625
1 0.84140625 0.6296875 0.0640625 0.075
1 0.878125 0.6265625 0.0890625 0.059375
1 0.853125 0.5921875 0.04375 0.065625
1 0.86484375 0.57578125 0.0734375 0.034375
1 0.8765625 0.54453125 0.075 0.0359375
1 0.9375 0.56640625 0.0875 0.0265625
1 0.784375 0.61328125 0.040625 0.0765625
1 0.80234375 0.5828125 0.0265625 0.096875
1 0.81484375 0.59453125 0.0546875 0.0390625
1 0.8546875 0.684375 0.0890625 0.0625
1 0.83359375 0.6546875 0.075 0.0359375
1 0.79140625 0.69765625 0.084375 0.04375
1 0.7890625 0.665625 0.034375 0.071875
1 0.81953125 0.746875 0.0390625 0.0921875
1 0.90390625 0.7078125 0.040625 0.090625
1 0.74140625 0.725 0.04375 0.075
1 0.765625 0.7703125 0.1140625 0.0375
1 0.7359375 0.81015625 0.1140625 0.025
1 0.72734375 0.809375 0.04375 0.0578125
1 0.67421875 0.81171875 0.0484375 0.0390625
1 0.72265625 0.85 0.09375 0.0296875
1 0.675 0.87265625 0.0625 0.0421875
1 0.7 0.77734375 0.046875 0.0484375
