1 0.43125 0.7765625 0.0390625 0.0703125
1 0.375 0.7734375 0.0765625 0.0421875
1 0.4640625 0.76953125 0.0296875 0.071875
1 0.375 0.7515625 0.096875 0.0171875
1 0.38515625 0.74375 0.08125 0.015625
1 0.41328125 0.725 0.078125 0.0359375
1 0.44296875 0.7125 0.1 0.025
1 0.4375 0.71015625 0.0859375 0.0390625
1 0.52578125 0.75625 0.096875 0.028125
1 0.58125 0.775 0.0625 0.0234375
1 0.62421875 0.778125 0.084375 0.028125
1 0.621875 0.77578125 0.06875 0.0484375
1 0.69453125 0.76875 0.0984375 0.034375
1 0.6015625 0.74140625 0.0671875 0.0625
1 0.50625 0.696875 0.078125 0.059375
1 0.45625 0.66796875 0.0484375 0.06875
1 0.4234375 0.65234375 0.03125 0.0796875
1 0.36875 0.671875 0.0734375 0.0484375
1 0.28984375 0.6875 0.0875 0.034375
1 0.28515625 0.715625 0.0328125 0.0953125
1 0.24921875 0.7109375 0.046875 0.05625
1 0.19375 0.6859375 0.0828125 0.0828125
1 0.33046875 0.646875 0.071875 0.0234375
1 0.3734375 0.60625 0.0734375 0.059375
1 0.42578125 0.60078125 0.0765625 0.01875
1 0.30546875 0.61015625 0.075 0.0515625
1 0.20625 0.63046875 0.0859375 0.0359375
1 0.171875 0.59296875 0.0625 0.0546875
1 0.20546875 0.59609375 0.0984375 0.0234375
1 0.13515625 0.55 0.0359375 0.075
1 0.225 0.55 0.1046875 0.0234375
1 0.178125 0.5078125 0.053125 0.0796875
1 0.2734375 0.53359375 0.071875 0.0578125
1 0.54375 0.66171875 0.075 0.025
1 0.53984375 0.6390625 0.0859375 0.03125
1 0.59296875 0.65859375 0.0765625 0.059375
1 0.63515625 0.62109375 0.1046875 0.0234375
1 0.51796875 0.5859375 0.071875 0.0453125
1 0.57265625 0.5890625 0.1125 0.0125
1 0.60546875 0.56640625 0.0484375 0.0625
1 0.63359375 0.70390625 0.0703125 0.0359375
1 0.684375 0.6734375 0.0265625 0.0515625
1 0.6890625 0.715625 0.0796875 0.040625
1 0.68125 0.65546875 0.0796875 0.0390625
1 0.72421875 0.70703125 0.0296875 0.0671875
1 0.65078125 0.5296875 0.05 0.0515625
1 0.7328125 0.51875 0.0734375 0.0390625
1 0.33359375 0.48359375 0.0546875 0.0640625
1 0.38203125 0.49375 0.075 0.0453125
1 0.4328125 0.5390625 0.0890625 0.071875
1 0.40859375 0.53515625 0.03125 0.059375
1 0.5484375 0.4796875 0.0828125 0.0609375
1 0.4546875 0.4671875 0.0921875 0.0640625
1 0.44765625 0.48359375 0.040625 0.059375
1 0.45234375 0.434375 0.0765625 0.0421875
1 0.371875 0.45703125 0.0640625 0.05625
1 0.31484375 0.41953125 0.115625 0.0296875
1 0.29765625 0.41875 0.0609375 0.0546875
1 0.30234375 0.4796875 0.03125 0.0546875
1 0.27109375 0.446875 0.0671875 0.053125
1 0.25625 0.4625 0.0359375 0.0734375
1 0.21796875 0.4078125 0.0546875 0.0546875
1 0.18046875 0.41875 0.0390625 0.0859375
1 0.05546875 0.5265625 0.1109375 0.05
1 0.06796875 0.47578125 0.1140625 0.053125
1 0.1453125 0.45390625 0.0484375 0.08125
1 0.1203125 0.42109375 0.10625 0.03125
1 0.1578125 0.38828125 0.075 0.046875
1 0.2296875 0.35390625 0.1015625 0.0265625
1 0.25625 0.38125 0.1015625 0.0375
1 0.3390625 0.36640625 0.109375 0.028125
1 0.36171875 0.359375 0.0859375 0.0453125
1 0.26796875 0.325 0.075 0.0453125
1 0.14140625 0.33203125 0.115625 0.053125
1 0.1328125 0.303125 0.1 0.0234375
1 0.3515625 0.31328125 0.08125 0.0171875
1 0.41796875 0.29765625 0.0953125 0.0390625
1 0.2703125 0.24921875 0.0921875 0.015625
1 0.28203125 0.23046875 0.1140625 0.03125
1 0.36953125 0.22265625 0.0734375 0.0609375
1 0.471875 0.2921875 0.053125 0.0609375
1 0.41171875 0.39375 0.0375 0.0578125
1 0.50546875 0.34921875 0.0890625 0.0390625
1 0.5828125 0.3328125 0.0671875 0.0453125
1 0.6078125 0.37734375 0.0859375 0.040625
1 0.53828125 0.26875 0.084375 0.0421875
1 0.44453125 0.20078125 0.075 0.05625
1 0.553125 0.4390625 0.059375 0.0515625
1 0.61171875 0.428125 0.1109375 0.025
1 0.65 0.44375 0.075 0.0375
1 0.640625 0.41953125 0.084375 0.021875
1 0.61875 0.47109375 0.115625 0.021875
1 0.65859375 0.48125 0.0890625 0.03125
1 0.7515625 0.42890625 0.0765625 0.053125
1 0.69296875 0.41875 0.028125 0.078125
1 0.65546875 0.38828125 0.09375 0.0328125
1 0.7390625 0.39921875 0.078125 0.03125
1 0.7703125 0.38125 0.06875 0.0515625
1 0.7890625 0.34921875 0.0671875 0.05
1 0.75078125 0.30234375 0.0625 0.078125
1 0.6953125 0.29921875 0.0484375 0.078125
1 0.5953125 0.2875 0.028125 0.0703125
1 0.534375 0.23359375 0.059375 0.0421875
1 0.640625 0.25859375 0.0921875 0.0265625
1 0.65 0.22265625 0.096875 0.0375
1 0.46953125 0.1921875 0.09375 0.0453125
1 0.55546875 0.2015625 0.071875 0.046875
1 0.57421875 0.17421875 0.1171875 0.028125
1 0.63046875 0.20703125 0.125 0.046875
1 0.853125 0.31328125 0.0765625 0.0859375
1 0.8109375 0.43671875 0.115625 0.0484375
1 0.7984375 0.48671875 0.0859375 0.0609375
1 0.96875 0.475 0.0625 0.090625
1 0.9171875 0.56328125 0.05 0.090625
1 0.89453125 0.5296875 0.0515625 0.05625
1 0.81953125 0.540625 0.034375 0.075
1 0.77890625 0.575 0.0515625 0.065625
1 0.8328125 0.6140625 0.103125 0.03125
1 0.8203125 0.60859375 0.040625 0.0546875
1 0.85703125 0.671875 0.025 0.06875
1 0.7546875 0.66015625 0.0921875 0.028125
