1 0.465625 0.165625 0.0265625 0.0765625
1 0.590625 0.175 0.1109375 0.0375
1 0.5234375 0.21328125 0.0625 0.0703125
1 0.590625 0.2421875 0.078125 0.0671875
1 0.67578125 0.2078125 0.0515625 0.0875
1 0.3765625 0.16640625 0.1125 0.0375
1 0.278125 0.20859375 0.090625 0.046875
1 0.33984375 0.26796875 0.034375 0.0765625
1 0.3609375 0.25234375 0.04375 0.078125
1 0.37265625 0.315625 0.0796875 0.040625
1 0.42890625 0.26328125 0.0875 0.053125
1 0.4546875 0.32109375 0.103125 0.0546875
1 0.4515625 0.30859375 0.0546875 0.071875
1 0.54140625 0.30390625 0.0796875 0.0375
1 0.4640625 0.36875 0.1015625 0.0375
1 0.29375 0.34140625 0.03125 0.0703125
1 0.2390625 0.2796875 0.0875 0.046875
1 0.184375 0.40078125 0.0796875 0.053125
1 0.18828125 0.34375 0.1 0.01875
1 0.15234375 0.33671875 0.0703125 0.0484375
1 0.09921875 0.39609375 0.040625 0.0765625
1 0.09453125 0.47421875 0.0390625 0.0953125
1 0.11015625 0.46484375 0.034375 0.071875
1 0.18984375 0.49609375 0.08125 0.03125
1 0.19375 0.4609375 0.0671875 0.0625
1 0.19765625 0.5125 0.0453125 0.0640625
1 0.2375 0.540625 0.06875 0.0640625
1 0.09296875 0.61328125 0.0296875 0.0765625
1 0.140625 0.56484375 0.065625 0.0578125
1 0.2078125 0.625 0.06875 0.065625
1 0.2734375 0.63671875 0.0390625 0.09375
1 0.2375 0.6890625 0.075 0.0625
1 0.18203125 0.7109375 0.0640625 0.0640625
1 0.29453125 0.41015625 0.0671875 0.0609375
1 0.29453125 0.5 0.0734375 0.08125
1 0.32109375 0.49375 0.028125 0.078125
1 0.3765625 0.49375 0.0703125 0.071875
1 0.37578125 0.459375 0.0828125 0.06875
1 0.36796875 0.41796875 0.09375 0.0203125
1 0.45703125 0.43125 0.0953125 0.0265625
1 0.31015625 0.596875 0.0546875 0.075
1 0.41484375 0.5296875 0.0703125 0.0546875
1 0.475 0.4921875 0.03125 0.0796875
1 0.39140625 0.59296875 0.046875 0.0703125
1 0.4265625 0.6359375 0.0359375 0.10625
1 0.3375 0.72265625 0.0578125 0.071875
1 0.34921875 0.72265625 0.0625 0.046875
1 0.37734375 0.6765625 0.0875 0.040625
1 0.4796875 0.6734375 0.0625 0.04375
1 0.30234375 0.76953125 0.1 0.0453125
1 0.32734375 0.81171875 0.10625 0.0390625
1 0.415625 0.7859375 0.0390625 0.08125
1 0.425 0.8328125 0.071875 0.028125
1 0.4921875 0.8625 0.0953125 0.0234375
1 0.56015625 0.84140625 0.109375 0.0359375
1 0.57890625 0.871875 0.059375 0.0640625
1 0.68203125 0.83359375 0.121875 0.021875
1 0.52265625 0.73046875 0.0484375 0.08125
1 0.59921875 0.67578125 0.08125 0.08125
1 0.65390625 0.7390625 0.0734375 0.08125
1 0.6328125 0.8046875 0.096875 0.034375
1 0.734375 0.7734375 0.046875 0.090625
1 0.75 0.7359375 0.0734375 0.071875
1 0.78984375 0.71875 0.0375 0.0609375
1 0.825 0.7125 0.0875 0.025
1 0.8609375 0.740625 0.0640625 0.075
1 0.75 0.67265625 0.065625 0.0546875
1 0.7859375 0.5703125 0.1109375 0.034375
1 0.7765625 0.64921875 0.0390625 0.084375
1 0.7953125 0.61640625 0.05 0.078125
1 0.8234375 0.60703125 0.034375 0.0875
1 0.86953125 0.6078125 0.028125 0.090625
1 0.90546875 0.63984375 0.046875 0.0984375
1 0.9515625 0.64921875 0.0296875 0.0828125
1 0.9625 0.59375 0.0578125 0.040625
1 0.57734375 0.6 0.109375 0.0328125
1 0.5140625 0.58203125 0.0859375 0.0734375
1 0.60546875 0.55234375 0.0828125 0.0484375
1 0.59453125 0.490625 0.0875 0.028125
1 0.5484375 0.42421875 0.04375 0.0875
1 0.70234375 0.2890625 0.1140625 0.03125
1 0.646875 0.3375 0.0984375 0.0390625
1 0.66484375 0.421875 0.04375 0.0703125
1 0.68671875 0.44765625 0.0390625 0.0703125
1 0.765625 0.3984375 0.0703125 0.0875
1 0.8421875 0.42421875 0.1203125 0.04375
1 0.8171875 0.31484375 0.075 0.0734375
1 0.8578125 0.29765625 0.1234375 0.03125
1 0.8953125 0.3625 0.08125 0.0703125
1 0.84453125 0.45 0.0484375 0.071875
1 0.871875 0.50390625 0.05625 0.040625
1 0.9296875 0.465625 0.10625 0.046875
1 0.75859375 0.490625 0.075 0.0640625
1 0.7046875 0.55625 0.0328125 0.0796875
