1 0.6953125 0.7515625 0.121875 0.04375
1 0.58984375 0.76015625 0.0546875 0.134375
1 0.39609375 0.759375 0.06875 0.1109375
1 0.29765625 0.7359375 0.1328125 0.034375
1 0.140625 0.65 0.1015625 0.0921875
1 0.1515625 0.54765625 0.159375 0.078125
1 0.34609375 0.60703125 0.1359375 0.0796875
1 0.56015625 0.6296875 0.103125 0.0421875
1 0.63359375 0.6015625 0.075 0.096875
1 0.80390625 0.5359375 0.0515625 0.0984375
1 0.9421875 0.578125 0.075 0.1046875
1 0.91953125 0.48046875 0.078125 0.0796875
1 0.70234375 0.459375 0.125 0.0546875
1 0.621875 0.4859375 0.1234375 0.05
1 0.3921875 0.41796875 0.053125 0.0921875
1 0.7046875 0.390625 0.0828125 0.0203125
1 0.76640625 0.3515625 0.096875 0.0671875
1 0.675 0.28125 0.1015625 0.05625
1 0.6015625 0.35 0.0640625 0.06875
1 0.5265625 0.340625 0.059375 0.0859375
1 0.34375 0.3515625 0.128125 0.03125
1 0.37265625 0.284375 0.071875 0.065625
1 0.30703125 0.26328125 0.11875 0.0609375
1 0.1984375 0.26015625 0.1203125 0.06875
1 0.221875 0.340625 0.1328125 0.05
1 0.15390625 0.38671875 0.1546875 0.0453125
