1 0.15078125 0.45234375 0.12421875 0.03203125
1 0.528125 0.41328125 0.10078125 0.04296875
1 0.58984375 0.4046875 0.10859375 0.03203125
1 0.6484375 0.4625 0.134375 0.02421875
1 0.678125 0.453125 0.0828125 0.08125
1 0.68671875 0.50625 0.140625 0.03359375
1 0.73125 0.48125 0.06171875 0.05859375
1 0.6296875 0.540625 0.10859375 0.06328125
1 0.79609375 0.534375 0.06015625 0.08359375
1 0.81171875 0.52265625 0.090625 0.06171875
1 0.80859375 0.603125 0.11484375 0.0609375
1 0.85 0.65859375 0.10546875 0.075
1 0.81171875 0.684375 0.1234375 0.08984375
1 0.84921875 0.7640625 0.08671875 0.12734375
1 0.81875 0.74921875 0.075 0.1109375
1 0.82734375 0.81796875 0.0640625 0.09375
1 0.7734375 0.7703125 0.04375 0.1046875
1 0.73671875 0.7203125 0.04609375 0.109375
1 0.746875 0.6953125 0.0875 0.1015625
