1 0.6921875 0.8296875 0.1140625 0.05625
1 0.50859375 0.86015625 0.1453125 0.034375
1 0.44921875 0.78671875 0.090625 0.1296875
1 0.46484375 0.76875 0.0828125 0.0859375
1 0.196875 0.78671875 0.08125 0.0953125
1 0.5234375 0.66484375 0.096875 0.096875
1 0.65 0.69453125 0.1328125 0.0375
1 0.4765625 0.6484375 0.1203125 0.0578125
1 0.68359375 0.6078125 0.0546875 0.103125
1 0.38984375 0.58046875 0.140625 0.0203125
1 0.32421875 0.5796875 0.115625 0.065625
1 0.18359375 0.659375 0.0578125 0.084375
1 0.1015625 0.6421875 0.1140625 0.0515625
1 0.871875 0.58828125 0.0484375 0.08125
1 0.8390625 0.58515625 0.1484375 0.03125
1 0.796875 0.5546875 0.040625 0.075
1 0.80078125 0.51953125 0.0765625 0.08125
1 0.88828125 0.5375 0.1078125 0.0359375
1 0.85703125 0.50859375 0.0625 0.065625
1 0.8328125 0.44140625 0.0546875 0.0734375
1 0.775 0.4484375 0.078125 0.059375
1 0.64609375 0.5 0.0890625 0.0671875
1 0.5171875 0.50390625 0.0328125 0.06875
1 0.45390625 0.49765625 0.096875 0.0234375
1 0.41484375 0.465625 0.115625 0.0359375
1 0.246875 0.50234375 0.0703125 0.0734375
1 0.14921875 0.5109375 0.0625 0.08125
1 0.08125 0.5328125 0.05 0.078125
1 0.23515625 0.43828125 0.0953125 0.065625
1 0.353125 0.4296875 0.0390625 0.0796875
1 0.51796875 0.39765625 0.11875 0.0265625
1 0.625 0.44765625 0.109375 0.034375
1 0.67578125 0.40625 0.0484375 0.078125
1 0.6609375 0.35390625 0.0453125 0.0703125
1 0.475 0.35625 0.0953125 0.059375
1 0.371875 0.3515625 0.0859375 0.05
1 0.2734375 0.3328125 0.0953125 0.0390625
