1 0.61484375 0.8359375 0.05625 0.109375
1 0.5640625 0.74609375 0.1359375 0.0328125
1 0.4359375 0.73125 0.05625 0.0703125
1 0.3984375 0.8125 0.1109375 0.0640625
1 0.31640625 0.77890625 0.0421875 0.096875
1 0.18828125 0.790625 0.0921875 0.0796875
1 0.14765625 0.68359375 0.125 0.084375
1 0.22890625 0.73125 0.10625 0.040625
1 0.346875 0.63359375 0.065625 0.065625
1 0.41953125 0.5953125 0.0359375 0.0890625
1 0.48984375 0.62109375 0.0828125 0.059375
1 0.58984375 0.6421875 0.0703125 0.090625
1 0.2078125 0.5296875 0.0625 0.0859375
1 0.2984375 0.50546875 0.0390625 0.0828125
1 0.55859375 0.5375 0.13125 0.0328125
1 0.634375 0.58359375 0.1 0.03125
1 0.2734375 0.39921875 0.046875 0.065625
1 0.33046875 0.4421875 0.0609375 0.071875
1 0.39375 0.4078125 0.071875 0.0515625
1 0.54140625 0.484375 0.0984375 0.05
1 0.51640625 0.4359375 0.090625 0.025
1 0.45 0.34453125 0.090625 0.0609375
1 0.6265625 0.3578125 0.1046875 0.0234375
1 0.71640625 0.50078125 0.090625 0.0703125
1 0.80078125 0.553125 0.0734375 0.0515625
1 0.7875 0.51640625 0.0453125 0.0703125
