1 0.17734375 0.26171875 0.0765625 0.059375
1 0.1828125 0.22578125 0.08125 0.059375
1 0.20546875 0.190625 0.025 0.0890625
1 0.24375 0.1703125 0.0265625 0.09375
1 0.2671875 0.15703125 0.0203125 0.09375
1 0.29765625 0.1453125 0.0296875 0.0703125
1 0.32421875 0.12109375 0.0703125 0.0515625
1 0.28125 0.28046875 0.0640625 0.0640625
1 0.27578125 0.2453125 0.075 0.0203125
1 0.26875 0.228125 0.0734375 0.0359375
1 0.28984375 0.20390625 0.0671875 0.04375
1 0.35703125 0.209375 0.0421875 0.0609375
1 0.3953125 0.28359375 0.09375 0.0265625
1 0.32421875 0.2796875 0.06875 0.03125
1 0.38515625 0.32421875 0.025 0.0546875
1 0.43203125 0.31640625 0.0328125 0.0671875
1 0.23046875 0.3328125 0.1015625 0.0546875
1 0.24765625 0.29921875 0.0609375 0.071875
1 0.12109375 0.265625 0.025 0.0703125
1 0.1484375 0.31796875 0.0546875 0.0671875
1 0.13203125 0.4125 0.0265625 0.078125
1 0.17578125 0.384375 0.0265625 0.0703125
1 0.20703125 0.35625 0.053125 0.065625
1 0.0703125 0.37265625 0.09375 0.028125
1 0.053125 0.4296875 0.0953125 0.03125
1 0.2234375 0.453125 0.0375 0.078125
1 0.2578125 0.5125 0.078125 0.05625
1 0.1671875 0.496875 0.0375 0.08125
1 0.115625 0.5875 0.053125 0.0515625
1 0.10859375 0.55625 0.05 0.1046875
1 0.12109375 0.47890625 0.09375 0.0234375
1 0.06875 0.50546875 0.06875 0.0359375
1 0.0625 0.58984375 0.075 0.078125
1 0.1453125 0.61796875 0.028125 0.0734375
1 0.1765625 0.6125 0.0453125 0.0828125
1 0.24921875 0.63359375 0.0953125 0.0296875
1 0.23671875 0.60703125 0.0390625 0.0703125
1 0.24375 0.56640625 0.0921875 0.028125
1 0.15546875 0.56796875 0.040625 0.090625
1 0.171875 0.56328125 0.0453125 0.0609375
1 0.203125 0.69765625 0.078125 0.046875
1 0.078125 0.7109375 0.053125 0.0984375
1 0.11640625 0.6984375 0.0328125 0.0734375
1 0.1625 0.74765625 0.0984375 0.0625
1 0.33125 0.70390625 0.0484375 0.1046875
1 0.36484375 0.825 0.028125 0.059375
1 0.390625 0.7875 0.0734375 0.0453125
1 0.34296875 0.865625 0.103125 0.0328125
1 0.28359375 0.88671875 0.09375 0.0390625
1 0.19765625 0.83671875 0.0859375 0.05625
1 0.23984375 0.80234375 0.071875 0.096875
1 0.27265625 0.37890625 0.0609375 0.0640625
1 0.29609375 0.40625 0.075 0.03125
1 0.37265625 0.4109375 0.015625 0.05625
1 0.3953125 0.409375 0.1046875 0.0359375
1 0.32890625 0.49921875 0.0515625 0.0515625
1 0.34453125 0.47578125 0.0296875 0.0671875
1 0.4015625 0.48125 0.053125 0.08125
1 0.4984375 0.484375 0.109375 0.028125
1 0.4484375 0.52421875 0.05 0.084375
1 0.46015625 0.46484375 0.028125 0.065625
1 0.56875 0.428125 0.0234375 0.09375
1 0.5296875 0.46171875 0.059375 0.0515625
1 0.5453125 0.54609375 0.0828125 0.0359375
1 0.4859375 0.56953125 0.0328125 0.0890625
1 0.46484375 0.5828125 0.0984375 0.0265625
1 0.43046875 0.64609375 0.0890625 0.05
1 0.40703125 0.60234375 0.0734375 0.034375
1 0.4078125 0.6 0.028125 0.0890625
1 0.475 0.70078125 0.0265625 0.075
1 0.53671875 0.74921875 0.0578125 0.0703125
1 0.540625 0.7390625 0.0328125 0.13125
1 0.54765625 0.70546875 0.0578125 0.05
1 0.4578125 0.7953125 0.0625 0.0890625
1 0.46328125 0.753125 0.0765625 0.025
1 0.51796875 0.7859375 0.1171875 0.034375
1 0.5375 0.85 0.065625 0.078125
1 0.459375 0.89921875 0.096875 0.0484375
1 0.5296875 0.92421875 0.1359375 0.046875
1 0.56875 0.9203125 0.090625 0.034375
1 0.58984375 0.8640625 0.1015625 0.0703125
1 0.64609375 0.80859375 0.0265625 0.1171875
1 0.60078125 0.81171875 0.09375 0.025
1 0.6984375 0.79609375 0.1015625 0.034375
1 0.684375 0.88515625 0.1046875 0.0390625
1 0.7 0.86328125 0.109375 0.03125
1 0.71796875 0.8328125 0.1046875 0.04375
1 0.7796875 0.80625 0.08125 0.0734375
1 0.7578125 0.79609375 0.0328125 0.071875
1 0.8109375 0.771875 0.09375 0.025
1 0.75625 0.721875 0.03125 0.0828125
1 0.78203125 0.72890625 0.028125 0.0859375
1 0.81171875 0.72890625 0.0609375 0.0484375
1 0.86484375 0.725 0.1125 0.04375
1 0.728125 0.69921875 0.071875 0.05625
1 0.66484375 0.7046875 0.059375 0.0484375
1 0.6265625 0.7015625 0.0984375 0.0515625
1 0.71015625 0.66171875 0.096875 0.0390625
1 0.60234375 0.671875 0.034375 0.08125
1 0.6671875 0.66171875 0.03125 0.08125
1 0.75390625 0.6203125 0.046875 0.0640625
1 0.7953125 0.6359375 0.0328125 0.1015625
1 0.80625 0.61171875 0.1140625 0.0265625
1 0.3875 0.1390625 0.0390625 0.0703125
1 0.4515625 0.0984375 0.08125 0.0375
1 0.49140625 0.1453125 0.0765625 0.0453125
1 0.48515625 0.12109375 0.0671875 0.0546875
1 0.50234375 0.1828125 0.0359375 0.0828125
1 0.54296875 0.121875 0.0328125 0.034375
1 0.47890625 0.2484375 0.0890625 0.0296875
1 0.5140625 0.26640625 0.0640625 0.046875
1 0.50078125 0.2171875 0.0625 0.021875
1 0.45703125 0.28046875 0.084375 0.05625
1 0.5515625 0.28203125 0.03125 0.09375
1 0.5796875 0.3140625 0.046875 0.0640625
1 0.571875 0.26953125 0.0703125 0.028125
1 0.55546875 0.17578125 0.1015625 0.021875
1 0.58359375 0.128125 0.0328125 0.090625
1 0.6203125 0.2078125 0.0359375 0.0734375
1 0.65625 0.284375 0.0875 0.034375
1 0.6390625 0.26328125 0.0265625 0.0875
1 0.64921875 0.33046875 0.090625 0.028125
1 0.66328125 0.2 0.046875 0.0359375
1 0.69140625 0.18828125 0.04375 0.0921875
1 0.73359375 0.1953125 0.0453125 0.0953125
1 0.78828125 0.20234375 0.078125 0.071875
1 0.8359375 0.21875 0.05625 0.0578125
1 0.83203125 0.34375 0.028125 0.0875
1 0.75546875 0.396875 0.0546875 0.0609375
1 0.7421875 0.4015625 0.025 0.075
1 0.78359375 0.43671875 0.05625 0.0609375
1 0.840625 0.38671875 0.028125 0.071875
1 0.95390625 0.38046875 0.04375 0.071875
1 0.89140625 0.46171875 0.071875 0.0765625
1 0.90625 0.45859375 0.0609375 0.096875
1 0.77265625 0.56875 0.025 0.078125
1 0.8078125 0.56015625 0.04375 0.09375
1 0.81796875 0.48671875 0.0734375 0.0296875
1 0.825 0.4765625 0.0875 0.021875
1 0.84296875 0.446875 0.0390625 0.053125
1 0.84140625 0.50625 0.0328125 0.0640625
1 0.9125 0.51640625 0.0703125 0.0578125
1 0.87578125 0.54609375 0.0796875 0.0265625
1 0.94296875 0.55625 0.0296875 0.103125
1 0.96953125 0.52109375 0.0328125 0.0765625
1 0.90234375 0.57421875 0.06875 0.0359375
1 0.88984375 0.6515625 0.04375 0.0921875
1 0.92421875 0.64140625 0.0375 0.1171875
1 0.728125 0.52265625 0.034375 0.0609375
1 0.7484375 0.53046875 0.04375 0.078125
