1 0.6890625 0.26875 0.0859375 0.0453125
1 0.509375 0.3328125 0.103125 0.028125
1 0.6890625 0.3828125 0.103125 0.021875
1 0.7359375 0.425 0.0765625 0.0421875
1 0.80078125 0.45 0.04375 0.0765625
1 0.48671875 0.45859375 0.1015625 0.021875
1 0.32734375 0.45703125 0.1125 0.0234375
1 0.6484375 0.5421875 0.1234375 0.034375
1 0.246875 0.50703125 0.0859375 0.0640625
1 0.43515625 0.55078125 0.0921875 0.0265625
1 0.80078125 0.59765625 0.0421875 0.078125
1 0.43984375 0.58828125 0.1 0.0265625
1 0.378125 0.6203125 0.096875 0.046875
1 0.42734375 0.68671875 0.078125 0.0578125
1 0.38125 0.72265625 0.084375 0.0421875
1 0.51796875 0.734375 0.0390625 0.0734375
1 0.615625 0.7125 0.059375 0.05625
