1 0.4390625 0.13359375 0.078125 0.071875
1 0.4921875 0.13125 0.028125 0.065625
1 0.478125 0.20703125 0.0859375 0.0359375
1 0.47578125 0.1671875 0.0953125 0.0296875
1 0.53984375 0.1578125 0.0359375 0.065625
1 0.5390625 0.13046875 0.0421875 0.059375
1 0.5265625 0.2515625 0.04375 0.046875
1 0.5703125 0.21796875 0.021875 0.0671875
1 0.58828125 0.225 0.065625 0.0203125
1 0.59609375 0.1984375 0.0265625 0.046875
1 0.63359375 0.16484375 0.08125 0.06875
1 0.68515625 0.1625 0.05625 0.084375
1 0.565625 0.31328125 0.0859375 0.046875
1 0.584375 0.29609375 0.0265625 0.0625
1 0.61640625 0.26171875 0.0296875 0.059375
1 0.628125 0.24296875 0.0421875 0.0671875
1 0.64453125 0.25625 0.0375 0.071875
1 0.3765625 0.1984375 0.0296875 0.0734375
1 0.42578125 0.20703125 0.0515625 0.046875
1 0.40546875 0.20078125 0.0765625 0.028125
1 0.37890625 0.2453125 0.0703125 0.04375
1 0.475 0.2859375 0.0671875 0.065625
1 0.41328125 0.37109375 0.065625 0.0453125
1 0.41015625 0.3296875 0.103125 0.028125
1 0.48046875 0.4328125 0.084375 0.053125
1 0.46015625 0.39296875 0.075 0.04375
1 0.44921875 0.38828125 0.065625 0.046875
1 0.515625 0.4046875 0.071875 0.0234375
1 0.54140625 0.36640625 0.05625 0.053125
1 0.5703125 0.4078125 0.065625 0.04375
1 0.40078125 0.44609375 0.0859375 0.025
1 0.42890625 0.490625 0.040625 0.0765625
1 0.36640625 0.56171875 0.046875 0.0453125
1 0.4078125 0.5375 0.0453125 0.0390625
1 0.459375 0.521875 0.075 0.0515625
1 0.49765625 0.53515625 0.096875 0.0359375
1 0.5234375 0.52890625 0.0421875 0.0484375
1 0.51015625 0.6453125 0.0453125 0.078125
1 0.51484375 0.59765625 0.0234375 0.065625
1 0.5859375 0.559375 0.0828125 0.0234375
1 0.5828125 0.590625 0.0265625 0.075
1 0.55625 0.6328125 0.071875 0.0234375
1 0.625 0.62578125 0.0796875 0.046875
1 0.45625 0.6484375 0.0953125 0.0265625
1 0.35234375 0.72421875 0.078125 0.046875
1 0.36171875 0.6765625 0.09375 0.028125
1 0.38515625 0.64921875 0.075 0.0265625
1 0.3140625 0.67265625 0.0671875 0.0546875
1 0.4265625 0.81015625 0.090625 0.0515625
1 0.43359375 0.775 0.090625 0.0578125
1 0.415625 0.73046875 0.0609375 0.06875
1 0.46171875 0.72734375 0.0609375 0.065625
1 0.3703125 0.78203125 0.0703125 0.0546875
1 0.66484375 0.57421875 0.065625 0.0296875
1 0.490625 0.88515625 0.065625 0.09375
1 0.515625 0.871875 0.034375 0.0453125
1 0.54296875 0.84453125 0.09375 0.021875
1 0.5390625 0.84140625 0.0828125 0.053125
1 0.61328125 0.8921875 0.1203125 0.046875
1 0.59140625 0.853125 0.1171875 0.0234375
1 0.6578125 0.8875 0.0640625 0.059375
1 0.6046875 0.91484375 0.075 0.06875
1 0.38125 0.88046875 0.0265625 0.0796875
1 0.42109375 0.89140625 0.06875 0.078125
1 0.44765625 0.88046875 0.0609375 0.0828125
1 0.371875 0.9 0.0421875 0.0703125
1 0.2921875 0.8890625 0.0703125 0.0734375
1 0.34765625 0.8578125 0.096875 0.0375
1 0.18046875 0.3359375 0.028125 0.09375
1 0.2203125 0.29453125 0.0484375 0.053125
1 0.2390625 0.25078125 0.0796875 0.0625
1 0.23828125 0.203125 0.09375 0.0328125
1 0.2640625 0.17734375 0.0796875 0.03125
1 0.20390625 0.2296875 0.0875 0.03125
1 0.26640625 0.3046875 0.0734375 0.0328125
1 0.2984375 0.33125 0.046875 0.0609375
1 0.3328125 0.353125 0.0546875 0.0796875
1 0.13828125 0.27578125 0.0765625 0.0359375
1 0.184375 0.42734375 0.103125 0.0359375
1 0.19296875 0.396875 0.0625 0.046875
1 0.2015625 0.35859375 0.0390625 0.078125
1 0.24140625 0.3734375 0.0859375 0.046875
1 0.2109375 0.44375 0.090625 0.034375
1 0.24296875 0.43515625 0.0421875 0.065625
1 0.26640625 0.43203125 0.0703125 0.065625
1 0.2890625 0.4109375 0.071875 0.0265625
1 0.290625 0.3859375 0.0625 0.021875
1 0.046875 0.47890625 0.0265625 0.090625
1 0.05546875 0.41875 0.0234375 0.0390625
1 0.1015625 0.390625 0.025 0.0859375
1 0.12734375 0.3875 0.096875 0.0296875
1 0.06953125 0.4484375 0.028125 0.0640625
1 0.31015625 0.57890625 0.0703125 0.04375
1 0.29765625 0.5484375 0.0390625 0.0671875
1 0.30234375 0.51796875 0.0828125 0.0546875
1 0.278125 0.503125 0.0265625 0.078125
1 0.3265625 0.47578125 0.03125 0.0734375
1 0.3515625 0.53046875 0.0375 0.0671875
1 0.353125 0.5296875 0.075 0.0203125
1 0.36171875 0.51328125 0.0484375 0.015625
1 0.36640625 0.49765625 0.084375 0.0265625
1 0.22734375 0.50078125 0.028125 0.065625
1 0.16484375 0.5765625 0.0203125 0.0625
1 0.21171875 0.57109375 0.028125 0.0734375
1 0.2203125 0.57109375 0.0609375 0.0515625
1 0.23515625 0.640625 0.05625 0.0515625
1 0.24375 0.603125 0.025 0.059375
1 0.16796875 0.54609375 0.0296875 0.0828125
1 0.1671875 0.540625 0.075 0.05625
1 0.04921875 0.57421875 0.028125 0.1
1 0.06875 0.54765625 0.028125 0.0953125
1 0.05703125 0.63359375 0.040625 0.0890625
1 0.0984375 0.5953125 0.04375 0.0828125
1 0.15390625 0.68359375 0.071875 0.075
1 0.16640625 0.646875 0.040625 0.06875
1 0.175 0.62734375 0.090625 0.0359375
1 0.20390625 0.6390625 0.0765625 0.0515625
1 0.10078125 0.71015625 0.0296875 0.090625
1 0.1125 0.671875 0.053125 0.0890625
1 0.175 0.771875 0.1 0.0484375
1 0.13203125 0.75546875 0.0453125 0.0234375
1 0.140625 0.73515625 0.0703125 0.03125
1 0.15625 0.7203125 0.0921875 0.021875
1 0.19296875 0.72890625 0.06875 0.0515625
1 0.22734375 0.76171875 0.10625 0.025
1 0.21796875 0.7453125 0.059375 0.03125
1 0.26796875 0.7859375 0.0515625 0.0984375
1 0.2671875 0.81015625 0.0953125 0.046875
1 0.31328125 0.8265625 0.0609375 0.0453125
1 0.31875 0.809375 0.090625 0.046875
1 0.72890625 0.18125 0.0875 0.0296875
1 0.765625 0.2015625 0.059375 0.0703125
1 0.80078125 0.2234375 0.040625 0.0953125
1 0.74765625 0.2921875 0.0671875 0.05
1 0.7625 0.278125 0.0265625 0.06875
1 0.7875 0.27421875 0.0296875 0.06875
1 0.871875 0.31953125 0.1078125 0.0203125
1 0.8484375 0.28359375 0.09375 0.0296875
1 0.703125 0.36953125 0.0609375 0.0703125
1 0.72890625 0.35703125 0.0828125 0.06875
1 0.7375 0.34296875 0.0765625 0.0375
1 0.88125 0.4171875 0.115625 0.040625
1 0.85 0.378125 0.084375 0.0375
1 0.8953125 0.3765625 0.0421875 0.0703125
1 0.93359375 0.38203125 0.03125 0.084375
1 0.71640625 0.46484375 0.0453125 0.0703125
1 0.75546875 0.45234375 0.0515625 0.059375
1 0.7875 0.453125 0.0796875 0.075
1 0.82421875 0.49609375 0.0625 0.0421875
1 0.84609375 0.4828125 0.0359375 0.090625
1 0.95859375 0.5109375 0.0671875 0.0609375
1 0.953125 0.59140625 0.0609375 0.059375
1 0.7921875 0.57109375 0.09375 0.0234375
1 0.7046875 0.6515625 0.103125 0.0578125
1 0.74375 0.6421875 0.065625 0.0484375
1 0.73984375 0.61953125 0.040625 0.096875
1 0.76328125 0.55625 0.0671875 0.05625
1 0.81875 0.58046875 0.078125 0.0484375
1 0.8484375 0.6 0.0375 0.065625
1 0.90859375 0.64765625 0.125 0.03125
1 0.8984375 0.73203125 0.046875 0.0765625
1 0.92109375 0.7109375 0.040625 0.0875
1 0.77421875 0.6515625 0.0609375 0.059375
1 0.79921875 0.759375 0.053125 0.0984375
1 0.83671875 0.696875 0.0421875 0.059375
1 0.734375 0.85859375 0.0296875 0.071875
1 0.77890625 0.8390625 0.028125 0.08125
1 0.70234375 0.79140625 0.1046875 0.0328125
1 0.72578125 0.76015625 0.0859375 0.0328125
1 0.58515625 0.77578125 0.096875 0.04375
1 0.64765625 0.825 0.0625 0.034375
1 0.65703125 0.784375 0.0828125 0.0421875
1 0.721875 0.8265625 0.0828125 0.05625
1 0.68671875 0.85 0.08125 0.0796875
1 0.27265625 0.73046875 0.09375 0.04375
1 0.275 0.696875 0.071875 0.0515625
