1 0.559375 0.84375 0.0859375 0.0609375
1 0.640625 0.84453125 0.140625 0.0390625
1 0.49609375 0.8390625 0.0546875 0.0796875
1 0.56640625 0.8078125 0.0890625 0.0609375
1 0.50078125 0.7921875 0.0796875 0.05625
1 0.46484375 0.81796875 0.04375 0.090625
1 0.40234375 0.8015625 0.1 0.0734375
1 0.5828125 0.7375 0.0625 0.09375
1 0.5296875 0.73984375 0.090625 0.0359375
1 0.63828125 0.80859375 0.090625 0.0765625
1 0.69375 0.7734375 0.06875 0.078125
1 0.74921875 0.796875 0.034375 0.0796875
1 0.3296875 0.82265625 0.0921875 0.053125
1 0.2375 0.7984375 0.0859375 0.03125
1 0.36171875 0.753125 0.046875 0.075
1 0.41328125 0.71015625 0.090625 0.0625
1 0.3546875 0.7 0.10625 0.046875
1 0.29609375 0.72734375 0.0578125 0.0859375
1 0.2640625 0.7390625 0.0359375 0.078125
1 0.2125 0.76171875 0.10625 0.0328125
1 0.31796875 0.6578125 0.06875 0.075
1 0.8078125 0.73046875 0.0875 0.0625
1 0.8015625 0.65234375 0.071875 0.0921875
1 0.74921875 0.6421875 0.08125 0.0625
1 0.66484375 0.66015625 0.121875 0.0609375
1 0.559375 0.6484375 0.109375 0.046875
1 0.5109375 0.69765625 0.065625 0.059375
1 0.46171875 0.68203125 0.109375 0.025
1 0.48203125 0.63203125 0.0328125 0.0828125
1 0.41953125 0.63359375 0.084375 0.028125
1 0.38203125 0.615625 0.103125 0.046875
1 0.4734375 0.58203125 0.1109375 0.025
1 0.5671875 0.5578125 0.0984375 0.04375
1 0.54921875 0.5546875 0.08125 0.075
1 0.640625 0.575 0.090625 0.0328125
1 0.7203125 0.57578125 0.0625 0.059375
1 0.61171875 0.5171875 0.121875 0.025
1 0.83359375 0.59296875 0.0890625 0.0296875
1 0.85546875 0.5484375 0.09375 0.015625
1 0.8015625 0.48984375 0.0515625 0.0703125
1 0.815625 0.425 0.1203125 0.0328125
1 0.7640625 0.43125 0.10625 0.025
1 0.68125 0.425 0.0265625 0.0609375
1 0.61796875 0.46484375 0.09375 0.05
1 0.5234375 0.46875 0.11875 0.025
1 0.43671875 0.49140625 0.0546875 0.0671875
1 0.76328125 0.396875 0.0546875 0.06875
1 0.8265625 0.38828125 0.0765625 0.053125
1 0.83125 0.34140625 0.0625 0.0703125
1 0.74375 0.32890625 0.0765625 0.0515625
1 0.73359375 0.2921875 0.08125 0.084375
1 0.69140625 0.35703125 0.0609375 0.071875
1 0.6734375 0.30390625 0.0359375 0.06875
1 0.60625 0.39140625 0.0828125 0.01875
1 0.5765625 0.3421875 0.034375 0.078125
1 0.615625 0.30703125 0.05625 0.059375
1 0.6875 0.23984375 0.0765625 0.0453125
1 0.58359375 0.2671875 0.1046875 0.0546875
1 0.55 0.2296875 0.0953125 0.053125
1 0.5203125 0.39765625 0.0390625 0.0625
1 0.4609375 0.34765625 0.03125 0.08125
1 0.42578125 0.31953125 0.0921875 0.05
1 0.4625 0.30078125 0.08125 0.034375
1 0.43828125 0.2546875 0.1 0.0375
1 0.35859375 0.215625 0.1 0.0328125
1 0.3546875 0.2765625 0.0984375 0.0296875
1 0.3078125 0.3203125 0.075 0.0390625
1 0.2703125 0.2640625 0.0984375 0.0546875
1 0.2578125 0.2875 0.071875 0.06875
1 0.16875 0.3109375 0.1296875 0.0359375
1 0.31875 0.36796875 0.0953125 0.0234375
1 0.41328125 0.38984375 0.0671875 0.0625
1 0.3734375 0.43359375 0.103125 0.0359375
1 0.2796875 0.375 0.06875 0.0421875
1 0.190625 0.36171875 0.084375 0.0515625
1 0.21953125 0.365625 0.08125 0.0375
1 0.19453125 0.41484375 0.08125 0.065625
1 0.171875 0.43828125 0.046875 0.05625
1 0.1421875 0.44375 0.0484375 0.0765625
1 0.09296875 0.50390625 0.046875 0.06875
1 0.175 0.50546875 0.0484375 0.071875
1 0.246875 0.5109375 0.1171875 0.05
1 0.321875 0.52734375 0.1 0.0328125
1 0.1625 0.559375 0.0640625 0.059375
1 0.2453125 0.57421875 0.0890625 0.0625
1 0.1015625 0.5765625 0.0390625 0.09375
1 0.1546875 0.634375 0.0890625 0.059375
1 0.14375 0.621875 0.0921875 0.0203125
1 0.2125 0.60625 0.078125 0.0515625
1 0.25234375 0.65703125 0.0875 0.06875
1 0.2234375 0.6578125 0.034375 0.0859375
1 0.30625 0.584375 0.0796875 0.08125
1 0.13359375 0.6859375 0.1046875 0.05
1 0.19921875 0.70859375 0.0328125 0.0828125
1 0.15234375 0.69453125 0.053125 0.065625
