1 0.50390625 0.665625 0.0421875 0.0625
1 0.45625 0.66328125 0.0453125 0.0546875
1 0.42265625 0.65234375 0.0421875 0.040625
1 0.5671875 0.6359375 0.0328125 0.04375
1 0.50703125 0.640625 0.0234375 0.046875
1 0.5328125 0.5921875 0.021875 0.0609375
1 0.503125 0.59140625 0.028125 0.04375
1 0.446875 0.609375 0.075 0.0328125
1 0.46875 0.6203125 0.053125 0.040625
1 0.396875 0.62734375 0.0359375 0.040625
1 0.3484375 0.63359375 0.0671875 0.0234375
1 0.2984375 0.621875 0.0296875 0.059375
1 0.3234375 0.60859375 0.0390625 0.03125
1 0.6484375 0.60078125 0.0609375 0.015625
1 0.6875 0.6328125 0.059375 0.0375
1 0.70078125 0.60234375 0.0734375 0.0234375
1 0.60625 0.55625 0.021875 0.05625
1 0.55390625 0.52734375 0.0765625 0.0328125
1 0.48828125 0.55 0.05625 0.04375
1 0.4203125 0.57265625 0.0328125 0.065625
1 0.35703125 0.56484375 0.071875 0.0453125
1 0.446875 0.475 0.084375 0.03125
1 0.53125 0.459375 0.0421875 0.0453125
1 0.59921875 0.43984375 0.0390625 0.0578125
1 0.69375 0.43203125 0.0359375 0.0546875
1 0.64609375 0.51796875 0.0703125 0.0484375
1 0.70703125 0.5515625 0.065625 0.046875
1 0.7328125 0.55 0.0375 0.03125
1 0.78984375 0.55546875 0.0453125 0.0578125
1 0.7328125 0.5046875 0.0515625 0.034375
1 0.75703125 0.47421875 0.0296875 0.04375
1 0.8046875 0.50859375 0.0578125 0.03125
1 0.7890625 0.52421875 0.065625 0.0203125
1 0.71640625 0.36953125 0.0265625 0.0359375
1 0.6515625 0.4171875 0.034375 0.0546875
1 0.66953125 0.33125 0.0484375 0.06875
1 0.6015625 0.33515625 0.090625 0.0359375
1 0.4203125 0.39140625 0.0203125 0.0625
1 0.33125 0.44140625 0.0296875 0.0625
1 0.571875 0.24296875 0.065625 0.034375
1 0.55390625 0.25 0.0578125 0.053125
1 0.43046875 0.27265625 0.0609375 0.078125
1 0.3375 0.3 0.04375 0.034375
1 0.28203125 0.32109375 0.084375 0.0234375
1 0.321875 0.34921875 0.0484375 0.059375
1 0.2703125 0.38359375 0.0203125 0.0546875
1 0.27265625 0.575 0.1046875 0.0234375
1 0.25234375 0.53203125 0.0234375 0.0578125
1 0.31171875 0.51796875 0.0796875 0.0421875
1 0.21171875 0.503125 0.0640625 0.028125
1 0.240625 0.46015625 0.075 0.025
1 0.2109375 0.39609375 0.075 0.021875
