1 0.34609375 0.7625 0.1078125 0.0203125
1 0.3546875 0.76015625 0.075 0.0734375
1 0.42109375 0.8 0.071875 0.046875
1 0.45234375 0.7640625 0.096875 0.0203125
1 0.4328125 0.72734375 0.0953125 0.0359375
1 0.38203125 0.73828125 0.05 0.0578125
1 0.35546875 0.69765625 0.06875 0.0703125
1 0.40234375 0.69921875 0.1296875 0.0265625
1 0.53515625 0.73359375 0.1125 0.0515625
1 0.51875 0.78203125 0.0703125 0.065625
1 0.53984375 0.80234375 0.075 0.075
1 0.290625 0.71171875 0.0484375 0.065625
1 0.5046875 0.70234375 0.03125 0.06875
1 0.43515625 0.653125 0.0671875 0.0609375
1 0.328125 0.66171875 0.040625 0.075
1 0.23125 0.70859375 0.0421875 0.0640625
1 0.19453125 0.665625 0.0640625 0.04375
1 0.2265625 0.63046875 0.0421875 0.0828125
1 0.2484375 0.603125 0.0390625 0.075
1 0.1625 0.61640625 0.06875 0.05
1 0.31484375 0.615625 0.0875 0.028125
1 0.4125 0.63203125 0.0234375 0.0703125
1 0.36484375 0.60703125 0.08125 0.0640625
1 0.446875 0.5984375 0.0984375 0.034375
1 0.42109375 0.5765625 0.08125 0.0234375
1 0.3359375 0.5734375 0.0796875 0.0234375
1 0.3859375 0.55390625 0.05625 0.053125
1 0.27109375 0.54375 0.05625 0.0453125
1 0.18046875 0.56171875 0.021875 0.071875
1 0.19453125 0.5671875 0.1046875 0.040625
1 0.175 0.54140625 0.0390625 0.078125
1 0.1328125 0.5265625 0.0296875 0.0796875
1 0.1453125 0.43515625 0.021875 0.078125
1 0.14375 0.49765625 0.025 0.0609375
1 0.2078125 0.4765625 0.053125 0.0703125
1 0.178125 0.43046875 0.0375 0.06875
1 0.2078125 0.42734375 0.021875 0.0625
1 0.2390625 0.51484375 0.046875 0.06875
1 0.27109375 0.48515625 0.0703125 0.0484375
1 0.30625 0.51015625 0.078125 0.0296875
1 0.2578125 0.4484375 0.0375 0.0640625
1 0.290625 0.4234375 0.071875 0.046875
1 0.31796875 0.4421875 0.04375 0.059375
1 0.3453125 0.43828125 0.05625 0.046875
1 0.16796875 0.39921875 0.0609375 0.0578125
1 0.2359375 0.378125 0.103125 0.0171875
1 0.22265625 0.3796875 0.028125 0.046875
1 0.2515625 0.35703125 0.0203125 0.0515625
1 0.26875 0.396875 0.0640625 0.046875
1 0.378125 0.4140625 0.05625 0.075
1 0.3546875 0.39765625 0.1078125 0.025
1 0.34765625 0.35546875 0.09375 0.028125
1 0.3515625 0.34453125 0.10625 0.0234375
1 0.3296875 0.315625 0.0484375 0.0609375
1 0.375 0.31640625 0.0859375 0.021875
1 0.40859375 0.3203125 0.025 0.05
1 0.43125 0.2890625 0.071875 0.021875
1 0.42890625 0.2484375 0.0390625 0.059375
1 0.503125 0.28828125 0.0921875 0.025
1 0.490625 0.27421875 0.05625 0.0359375
1 0.48203125 0.26484375 0.0609375 0.0375
1 0.49921875 0.3140625 0.1046875 0.0171875
1 0.38046875 0.51796875 0.0765625 0.0359375
1 0.409375 0.5140625 0.053125 0.0859375
1 0.4640625 0.52734375 0.0546875 0.028125
1 0.4421875 0.46171875 0.0671875 0.046875
1 0.409375 0.4625 0.096875 0.01875
1 0.39609375 0.46171875 0.0625 0.04375
1 0.4828125 0.45859375 0.090625 0.040625
1 0.47890625 0.44765625 0.0515625 0.0390625
1 0.5578125 0.47578125 0.05 0.0625
1 0.5140625 0.50703125 0.0828125 0.0375
1 0.5140625 0.56953125 0.10625 0.0296875
1 0.51796875 0.5359375 0.0796875 0.0140625
1 0.559375 0.5734375 0.046875 0.053125
1 0.56328125 0.659375 0.0984375 0.0515625
1 0.55546875 0.67578125 0.0796875 0.0109375
1 0.6109375 0.6625 0.090625 0.046875
1 0.58984375 0.6140625 0.0828125 0.0390625
1 0.46171875 0.41484375 0.0921875 0.0265625
1 0.46171875 0.38046875 0.096875 0.0296875
1 0.45234375 0.39375 0.03125 0.0609375
1 0.525 0.41015625 0.040625 0.071875
1 0.48359375 0.35390625 0.09375 0.0265625
1 0.509375 0.34609375 0.0734375 0.0234375
1 0.67578125 0.784375 0.0609375 0.0703125
1 0.6234375 0.71875 0.0421875 0.0828125
1 0.6734375 0.734375 0.0984375 0.0265625
1 0.73359375 0.73515625 0.0703125 0.04375
1 0.71640625 0.7125 0.0390625 0.0703125
1 0.78671875 0.76953125 0.025 0.0765625
1 0.83125 0.71953125 0.103125 0.0640625
1 0.89375 0.68125 0.084375 0.0359375
1 0.84765625 0.67421875 0.034375 0.0703125
1 0.7609375 0.67109375 0.0421875 0.0546875
1 0.7875 0.62421875 0.034375 0.0828125
1 0.70234375 0.65546875 0.0546875 0.0390625
1 0.71171875 0.621875 0.09375 0.03125
1 0.62265625 0.57421875 0.0921875 0.0265625
1 0.596875 0.53359375 0.0734375 0.05
1 0.728125 0.58046875 0.028125 0.0734375
1 0.728125 0.59609375 0.075 0.0140625
1 0.7078125 0.5421875 0.0203125 0.0546875
1 0.653125 0.50703125 0.0625 0.0515625
1 0.60234375 0.4765625 0.0390625 0.0484375
1 0.63125 0.43515625 0.0359375 0.078125
1 0.57890625 0.43671875 0.09375 0.0421875
1 0.56015625 0.346875 0.03125 0.0734375
1 0.57421875 0.32265625 0.0890625 0.03125
1 0.60390625 0.3546875 0.0828125 0.03125
1 0.58671875 0.33671875 0.0359375 0.0203125
1 0.63671875 0.3609375 0.034375 0.053125
1 0.675 0.371875 0.0625 0.0390625
1 0.7109375 0.3734375 0.0328125 0.0671875
1 0.6890625 0.35703125 0.0375 0.0375
1 0.64765625 0.3140625 0.0703125 0.025
1 0.6546875 0.3125 0.075 0.0359375
1 0.66328125 0.25546875 0.075 0.0546875
1 0.71484375 0.3328125 0.0796875 0.0140625
1 0.70625 0.31875 0.0765625 0.040625
1 0.64609375 0.30234375 0.090625 0.0171875
1 0.72890625 0.278125 0.103125 0.021875
1 0.75859375 0.403125 0.09375 0.021875
1 0.75078125 0.396875 0.0484375 0.06875
1 0.79375 0.40390625 0.0390625 0.0609375
1 0.78515625 0.25703125 0.09375 0.01875
1 0.815625 0.2875 0.1203125 0.01875
1 0.840625 0.30703125 0.090625 0.0375
1 0.8 0.328125 0.0421875 0.059375
1 0.859375 0.3671875 0.078125 0.0578125
1 0.915625 0.3765625 0.053125 0.0171875
1 0.8453125 0.3796875 0.0859375 0.0171875
1 0.903125 0.44140625 0.0625 0.05
1 0.875 0.4625 0.0703125 0.053125
1 0.8703125 0.4296875 0.08125 0.0390625
1 0.8453125 0.49296875 0.0859375 0.0203125
1 0.83515625 0.4859375 0.0609375 0.05625
1 0.78671875 0.46484375 0.0625 0.0546875
1 0.7578125 0.48046875 0.0359375 0.06875
1 0.7203125 0.45625 0.046875 0.0703125
1 0.70546875 0.496875 0.0734375 0.0625
1 0.7625 0.5265625 0.078125 0.06875
1 0.7890625 0.553125 0.075 0.0203125
1 0.8171875 0.5453125 0.065625 0.0625
1 0.90703125 0.53515625 0.078125 0.046875
1 0.86875 0.571875 0.0375 0.059375
1 0.85078125 0.546875 0.0421875 0.0515625
1 0.9 0.57421875 0.0640625 0.0671875
1 0.8296875 0.58359375 0.0328125 0.0671875
1 0.88828125 0.61484375 0.1 0.0359375
1 0.84375 0.61640625 0.0734375 0.04375
