1 0.6625 0.52890625 0.04609375 0.06875
1 0.7046875 0.55546875 0.0953125 0.05625
1 0.790625 0.575 0.11171875 0.0625
1 0.74140625 0.6078125 0.059375 0.07265625
1 0.76015625 0.6078125 0.059375 0.06484375
1 0.834375 0.65390625 0.11640625 0.03359375
1 0.8078125 0.62421875 0.0890625 0.03046875
1 0.72578125 0.64609375 0.09765625 0.03671875
1 0.67109375 0.62421875 0.0734375 0.06328125
1 0.64140625 0.56484375 0.07109375 0.05859375
1 0.59609375 0.56015625 0.05 0.06875
1 0.5578125 0.55 0.0859375 0.0328125
1 0.5421875 0.54609375 0.034375 0.06484375
1 0.4890625 0.5359375 0.071875 0.04453125
1 0.49921875 0.56875 0.075 0.03515625
1 0.46171875 0.56171875 0.05 0.04765625
1 0.41015625 0.53984375 0.0671875 0.0453125
1 0.365625 0.5953125 0.0359375 0.08046875
1 0.38046875 0.54921875 0.078125 0.04609375
1 0.425 0.5890625 0.053125 0.065625
1 0.43125 0.6296875 0.03125 0.07890625
1 0.50390625 0.60625 0.12109375 0.0296875
1 0.30390625 0.646875 0.0953125 0.065625
1 0.2640625 0.6203125 0.0375 0.09375
1 0.2421875 0.70390625 0.05703125 0.084375
1 0.3640625 0.715625 0.11328125 0.025
1 0.553125 0.6796875 0.11796875 0.03359375
1 0.48828125 0.71796875 0.0734375 0.0796875
1 0.740625 0.7 0.05 0.0859375
1 0.81796875 0.728125 0.05625 0.08828125
1 0.875 0.73671875 0.08828125 0.07578125
1 0.72421875 0.76796875 0.0390625 0.06796875
1 0.653125 0.75625 0.053125 0.0921875
1 0.615625 0.7984375 0.13828125 0.04140625
1 0.6015625 0.71328125 0.08046875 0.06953125
1 0.51640625 0.82421875 0.13515625 0.05
1 0.39921875 0.76953125 0.1203125 0.0453125
1 0.3953125 0.83515625 0.14140625 0.04609375
1 0.2828125 0.77421875 0.15234375 0.03125
1 0.225 0.796875 0.10078125 0.06328125
1 0.25 0.859375 0.09140625 0.09453125
