1 0.5734375 0.79296875 0.084375 0.05
1 0.62578125 0.7734375 0.0375 0.06875
1 0.60234375 0.77109375 0.096875 0.0328125
1 0.671875 0.74921875 0.121875 0.0234375
1 0.67265625 0.7296875 0.059375 0.08125
1 0.68203125 0.73671875 0.096875 0.028125
1 0.5546875 0.7453125 0.0796875 0.0390625
1 0.59375 0.72890625 0.0984375 0.025
1 0.52578125 0.721875 0.059375 0.046875
1 0.6078125 0.703125 0.040625 0.0578125
1 0.57109375 0.6953125 0.1015625 0.0265625
1 0.62578125 0.67578125 0.0921875 0.046875
1 0.5953125 0.6625 0.046875 0.084375
1 0.59140625 0.62578125 0.0359375 0.078125
1 0.52265625 0.653125 0.0984375 0.0203125
1 0.53671875 0.684375 0.0515625 0.0109375
1 0.46015625 0.67421875 0.065625 0.059375
1 0.44453125 0.74140625 0.1 0.0390625
1 0.478125 0.75546875 0.034375 0.06875
1 0.47421875 0.79609375 0.0734375 0.046875
1 0.42109375 0.7765625 0.0640625 0.0359375
1 0.41953125 0.80625 0.0859375 0.025
1 0.390625 0.79140625 0.0859375 0.0265625
1 0.36171875 0.76953125 0.0859375 0.0328125
1 0.28359375 0.75703125 0.0625 0.065625
1 0.31953125 0.7296875 0.059375 0.0328125
1 0.42265625 0.684375 0.0578125 0.040625
1 0.34453125 0.69765625 0.1140625 0.0234375
1 0.36640625 0.67890625 0.0453125 0.08125
1 0.309375 0.66015625 0.0328125 0.071875
1 0.31875 0.6390625 0.14375 0.053125
1 0.2359375 0.6625 0.05 0.0671875
1 0.271875 0.6078125 0.0953125 0.05625
1 0.2828125 0.62421875 0.040625 0.0390625
1 0.25703125 0.575 0.071875 0.0546875
1 0.26171875 0.59140625 0.053125 0.0578125
1 0.17578125 0.6671875 0.0390625 0.053125
1 0.18671875 0.70859375 0.09375 0.0515625
1 0.16328125 0.60625 0.0515625 0.0515625
1 0.421875 0.621875 0.0671875 0.0546875
1 0.5140625 0.615625 0.1171875 0.040625
1 0.46015625 0.6 0.0453125 0.0546875
1 0.49296875 0.58515625 0.0671875 0.0453125
1 0.5046875 0.58203125 0.0609375 0.0375
1 0.38046875 0.57890625 0.05 0.059375
1 0.396875 0.559375 0.0921875 0.0234375
1 0.3734375 0.546875 0.0515625 0.05625
1 0.45703125 0.534375 0.059375 0.0625
1 0.49921875 0.53046875 0.0921875 0.0484375
1 0.51875 0.51484375 0.046875 0.0703125
1 0.47421875 0.50703125 0.0515625 0.0578125
1 0.44375 0.49765625 0.0640625 0.0609375
1 0.3703125 0.5 0.0765625 0.0265625
1 0.32578125 0.51953125 0.0359375 0.071875
1 0.2703125 0.51171875 0.0375 0.0625
1 0.2390625 0.51484375 0.0328125 0.0703125
1 0.384375 0.4484375 0.0359375 0.059375
1 0.42265625 0.44296875 0.053125 0.059375
1 0.4953125 0.446875 0.0546875 0.0640625
1 0.53359375 0.434375 0.0875 0.0390625
1 0.54296875 0.41953125 0.0296875 0.075
1 0.5609375 0.50234375 0.090625 0.0609375
1 0.60078125 0.503125 0.046875 0.075
1 0.63359375 0.5578125 0.071875 0.0578125
1 0.6578125 0.54765625 0.05625 0.059375
1 0.6796875 0.56171875 0.028125 0.0890625
1 0.7078125 0.603125 0.046875 0.078125
1 0.69375 0.6671875 0.0578125 0.0625
1 0.72578125 0.7 0.05 0.06875
1 0.753125 0.67578125 0.0953125 0.05
1 0.75703125 0.6921875 0.08125 0.0234375
1 0.78359375 0.675 0.0515625 0.028125
1 0.771875 0.6453125 0.1109375 0.0234375
1 0.815625 0.634375 0.075 0.0703125
1 0.8515625 0.65625 0.1125 0.0296875
1 0.78203125 0.61953125 0.0921875 0.0265625
1 0.85703125 0.62734375 0.0953125 0.04375
1 0.9046875 0.615625 0.0390625 0.075
1 0.815625 0.590625 0.10625 0.03125
1 0.740625 0.58046875 0.09375 0.0234375
1 0.77578125 0.58984375 0.0921875 0.025
1 0.79140625 0.5671875 0.040625 0.0796875
1 0.87734375 0.5390625 0.0421875 0.078125
1 0.9453125 0.5703125 0.0984375 0.053125
1 0.93359375 0.5453125 0.0484375 0.0859375
1 0.90859375 0.48203125 0.0984375 0.0484375
1 0.82265625 0.49453125 0.0390625 0.071875
1 0.82109375 0.4953125 0.0265625 0.08125
1 0.840625 0.43203125 0.059375 0.04375
1 0.928125 0.421875 0.084375 0.0625
1 0.903125 0.38359375 0.1 0.03125
1 0.8484375 0.3578125 0.1 0.040625
1 0.8078125 0.396875 0.046875 0.0671875
1 0.77421875 0.396875 0.0265625 0.0796875
1 0.75390625 0.43984375 0.075 0.0578125
1 0.76640625 0.4609375 0.0265625 0.065625
1 0.75234375 0.50078125 0.046875 0.0625
1 0.7125 0.45703125 0.046875 0.06875
1 0.690625 0.49921875 0.0734375 0.0359375
1 0.653125 0.446875 0.0828125 0.0328125
1 0.6640625 0.403125 0.0625 0.046875
1 0.64609375 0.4 0.0484375 0.059375
1 0.75078125 0.36875 0.0359375 0.0359375
1 0.8421875 0.296875 0.0390625 0.071875
1 0.765625 0.2890625 0.115625 0.0234375
1 0.7640625 0.321875 0.0578125 0.065625
1 0.6734375 0.3359375 0.0859375 0.0484375
1 0.68046875 0.3609375 0.08125 0.0453125
1 0.60703125 0.3671875 0.025 0.0984375
1 0.59765625 0.39765625 0.0265625 0.0625
1 0.66171875 0.30078125 0.0421875 0.0484375
1 0.64140625 0.296875 0.0359375 0.075
1 0.728125 0.2484375 0.0859375 0.053125
1 0.5953125 0.22734375 0.0953125 0.05
1 0.57109375 0.26171875 0.0765625 0.0203125
1 0.56328125 0.30546875 0.0828125 0.040625
1 0.50625 0.2890625 0.0640625 0.05625
1 0.46015625 0.315625 0.028125 0.0421875
1 0.50078125 0.215625 0.075 0.053125
1 0.34140625 0.2046875 0.0859375 0.040625
1 0.2734375 0.23984375 0.0921875 0.0296875
1 0.34140625 0.27421875 0.0921875 0.0328125
1 0.39765625 0.290625 0.10625 0.028125
1 0.35703125 0.3390625 0.0859375 0.028125
1 0.43671875 0.35234375 0.0890625 0.0359375
1 0.4171875 0.37421875 0.0875 0.0265625
1 0.4953125 0.34609375 0.0328125 0.03125
1 0.5375 0.371875 0.10625 0.0296875
1 0.54609375 0.3578125 0.0671875 0.0171875
1 0.48671875 0.3875 0.071875 0.0421875
1 0.3578125 0.4 0.03125 0.0515625
1 0.29453125 0.403125 0.084375 0.01875
1 0.28828125 0.43515625 0.0625 0.0546875
1 0.24921875 0.38671875 0.0890625 0.015625
1 0.2921875 0.30078125 0.08125 0.01875
1 0.24375 0.30703125 0.0578125 0.0546875
1 0.19453125 0.34375 0.08125 0.046875
1 0.153125 0.35859375 0.040625 0.0234375
1 0.10859375 0.33515625 0.0703125 0.053125
1 0.13203125 0.4078125 0.03125 0.0625
1 0.0921875 0.42421875 0.115625 0.03125
1 0.1703125 0.42421875 0.071875 0.06875
1 0.23203125 0.47109375 0.084375 0.0421875
1 0.1875 0.47578125 0.065625 0.0546875
1 0.1421875 0.51875 0.0828125 0.0265625
1 0.1609375 0.5359375 0.0828125 0.028125
1 0.0625 0.50078125 0.0796875 0.05
1 0.06875 0.55546875 0.0328125 0.0625
1 0.08359375 0.5875 0.0734375 0.0515625
1 0.109375 0.5953125 0.0671875 0.0703125
1 0.134375 0.61875 0.04375 0.065625
