1 0.49296875 0.76640625 0.1 0.028125
1 0.40546875 0.7578125 0.1078125 0.0265625
1 0.53671875 0.76015625 0.0671875 0.0734375
1 0.4375 0.7171875 0.0890625 0.0484375
1 0.59296875 0.753125 0.0765625 0.0640625
1 0.67265625 0.72578125 0.1078125 0.046875
1 0.53359375 0.675 0.04375 0.0953125
1 0.659375 0.6765625 0.0828125 0.0234375
1 0.41328125 0.6484375 0.0359375 0.078125
1 0.3328125 0.6546875 0.075 0.065625
1 0.3125 0.6859375 0.065625 0.059375
1 0.2296875 0.6890625 0.0484375 0.065625
1 0.14921875 0.675 0.075 0.0703125
1 0.22265625 0.63828125 0.0921875 0.0359375
1 0.196875 0.60859375 0.04375 0.078125
1 0.19453125 0.51796875 0.034375 0.0828125
1 0.44296875 0.61015625 0.059375 0.0671875
1 0.54921875 0.56875 0.1125 0.053125
1 0.72265625 0.60703125 0.1046875 0.0359375
1 0.69921875 0.534375 0.075 0.028125
1 0.8015625 0.55390625 0.0859375 0.0453125
1 0.79765625 0.5015625 0.05 0.053125
1 0.71875 0.4328125 0.1015625 0.0453125
1 0.59375 0.4890625 0.0375 0.078125
1 0.48125 0.50234375 0.0703125 0.05625
1 0.34765625 0.45390625 0.0921875 0.0484375
1 0.465625 0.43203125 0.109375 0.0296875
1 0.64375 0.40078125 0.0515625 0.06875
1 0.53359375 0.36328125 0.10625 0.0296875
1 0.57578125 0.34375 0.1015625 0.0359375
1 0.659375 0.3234375 0.1125 0.0515625
1 0.55546875 0.2578125 0.075 0.05
1 0.4578125 0.27109375 0.05625 0.071875
1 0.4578125 0.34609375 0.040625 0.0609375
1 0.40234375 0.31875 0.08125 0.05
1 0.446875 0.23515625 0.10625 0.0234375
1 0.30234375 0.27265625 0.0921875 0.0484375
1 0.30703125 0.32421875 0.103125 0.046875
1 0.2484375 0.3484375 0.1203125 0.0265625
1 0.3421875 0.40078125 0.08125 0.0578125
1 0.1765625 0.44765625 0.0984375 0.0359375
1 0.11796875 0.6 0.0484375 0.0828125
