1 0.49765625 0.115625 0.05625 0.0953125
1 0.31953125 0.2765625 0.065625 0.0671875
1 0.375 0.23359375 0.0765625 0.0296875
1 0.365625 0.19140625 0.090625 0.0546875
1 0.44375 0.21328125 0.0421875 0.071875
1 0.3046875 0.14140625 0.0765625 0.0296875
1 0.378125 0.1234375 0.075 0.0390625
1 0.61953125 0.12890625 0.0953125 0.034375
1 0.67890625 0.13359375 0.0625 0.046875
1 0.73671875 0.17734375 0.05 0.071875
1 0.725 0.14140625 0.0625 0.05
1 0.6703125 0.225 0.08125 0.0359375
1 0.26015625 0.23359375 0.0546875 0.06875
1 0.24375 0.215625 0.040625 0.0625
1 0.4796875 0.29140625 0.071875 0.0625
1 0.37578125 0.3171875 0.084375 0.05625
1 0.29453125 0.33671875 0.10625 0.040625
1 0.1328125 0.32578125 0.04375 0.084375
1 0.20234375 0.3203125 0.0421875 0.0703125
1 0.075 0.434375 0.0359375 0.09375
1 0.17265625 0.421875 0.0359375 0.090625
1 0.30390625 0.4578125 0.0640625 0.06875
1 0.403125 0.36640625 0.084375 0.0359375
1 0.44765625 0.3671875 0.1 0.0265625
1 0.528125 0.37890625 0.0859375 0.03125
1 0.6171875 0.28984375 0.0765625 0.0265625
1 0.6359375 0.36875 0.0984375 0.0375
1 0.6796875 0.3296875 0.0546875 0.0609375
1 0.72890625 0.2953125 0.096875 0.0234375
1 0.80078125 0.26640625 0.0703125 0.0671875
1 0.85703125 0.32421875 0.075 0.0578125
1 0.80390625 0.409375 0.0734375 0.0484375
1 0.7984375 0.35234375 0.103125 0.0234375
1 0.73125 0.40859375 0.103125 0.028125
1 0.76875 0.62109375 0.034375 0.096875
1 0.80078125 0.559375 0.0484375 0.08125
1 0.80390625 0.5015625 0.0625 0.0828125
1 0.81953125 0.675 0.0515625 0.078125
1 0.840625 0.62421875 0.0375 0.0796875
1 0.88046875 0.5546875 0.078125 0.0703125
1 0.85625 0.4921875 0.0421875 0.0640625
1 0.859375 0.43515625 0.053125 0.0359375
1 0.90234375 0.42265625 0.0453125 0.0859375
1 0.884375 0.50078125 0.0515625 0.0953125
1 0.9328125 0.50859375 0.0625 0.065625
1 0.8671875 0.615625 0.0890625 0.05
1 0.6890625 0.59140625 0.0390625 0.090625
1 0.73046875 0.53046875 0.1078125 0.0515625
1 0.65859375 0.490625 0.103125 0.028125
1 0.621875 0.43984375 0.0703125 0.059375
1 0.56015625 0.4359375 0.125 0.03125
1 0.41953125 0.47578125 0.09375 0.0421875
1 0.1015625 0.496875 0.078125 0.0484375
1 0.16015625 0.55859375 0.0421875 0.0875
1 0.23671875 0.5984375 0.0671875 0.059375
1 0.33671875 0.559375 0.1125 0.0390625
1 0.4484375 0.5671875 0.053125 0.0734375
1 0.503125 0.61015625 0.0390625 0.0859375
1 0.4171875 0.6421875 0.0953125 0.040625
1 0.325 0.6671875 0.1015625 0.0359375
1 0.184375 0.7015625 0.0796875 0.059375
1 0.41484375 0.7640625 0.0859375 0.0765625
1 0.52109375 0.728125 0.1046875 0.059375
1 0.5453125 0.6796875 0.090625 0.0609375
1 0.35 0.80546875 0.090625 0.04375
1 0.5015625 0.8453125 0.1046875 0.03125
1 0.48203125 0.80546875 0.1046875 0.0390625
1 0.653125 0.8015625 0.0734375 0.05
1 0.6703125 0.815625 0.0828125 0.046875
1 0.6015625 0.8046875 0.0640625 0.059375
1 0.6375 0.75390625 0.0921875 0.059375
1 0.73671875 0.7453125 0.0796875 0.0671875
1 0.6921875 0.684375 0.065625 0.078125
