1 0.37109375 0.1921875 0.059375 0.0734375
1 0.3015625 0.2421875 0.1015625 0.040625
1 0.2515625 0.2390625 0.040625 0.0671875
1 0.34453125 0.28671875 0.046875 0.028125
1 0.38359375 0.26953125 0.0828125 0.0359375
1 0.246875 0.315625 0.065625 0.0625
1 0.47421875 0.19375 0.0546875 0.0734375
1 0.53125 0.171875 0.075 0.0375
1 0.5765625 0.225 0.071875 0.0421875
1 0.6109375 0.259375 0.0359375 0.05625
1 0.68359375 0.234375 0.0375 0.084375
1 0.75078125 0.228125 0.0875 0.0359375
1 0.7953125 0.25 0.0984375 0.0296875
1 0.659375 0.29609375 0.1078125 0.0265625
1 0.578125 0.378125 0.06875 0.0328125
1 0.58046875 0.3390625 0.0796875 0.0421875
1 0.48125 0.3609375 0.05 0.0625
1 0.478125 0.340625 0.028125 0.0734375
1 0.6796875 0.36484375 0.0828125 0.040625
1 0.75859375 0.4078125 0.109375 0.03125
1 0.71640625 0.39765625 0.04375 0.065625
1 0.61015625 0.41328125 0.075 0.0390625
1 0.5546875 0.48203125 0.04375 0.0671875
1 0.58671875 0.60078125 0.040625 0.075
1 0.61328125 0.54296875 0.075 0.0515625
1 0.6375 0.490625 0.08125 0.0421875
1 0.6359375 0.5 0.0578125 0.0515625
1 0.67578125 0.50390625 0.028125 0.078125
1 0.67734375 0.57578125 0.0703125 0.028125
1 0.68515625 0.553125 0.0390625 0.04375
1 0.70703125 0.6140625 0.08125 0.0453125
1 0.71015625 0.56796875 0.0359375 0.0234375
1 0.734375 0.51328125 0.05 0.0734375
1 0.76484375 0.54375 0.0359375 0.0828125
1 0.47109375 0.5109375 0.053125 0.075
1 0.4109375 0.53046875 0.0546875 0.0625
1 0.37265625 0.44921875 0.0640625 0.05625
1 0.31171875 0.45234375 0.0453125 0.08125
1 0.2875 0.55625 0.0484375 0.0671875
1 0.2953125 0.52265625 0.0625 0.0546875
1 0.34140625 0.59140625 0.0609375 0.05
1 0.3953125 0.60390625 0.053125 0.0640625
1 0.38828125 0.659375 0.0640625 0.05
1 0.4515625 0.69453125 0.0484375 0.046875
1 0.496875 0.6703125 0.078125 0.04375
1 0.49375 0.63359375 0.08125 0.03125
1 0.55546875 0.703125 0.04375 0.0671875
1 0.46640625 0.7609375 0.0484375 0.059375
1 0.54296875 0.778125 0.0703125 0.028125
1 0.62578125 0.69453125 0.0359375 0.084375
1 0.646875 0.7109375 0.0265625 0.0765625
1 0.71484375 0.67421875 0.0671875 0.0515625
1 0.59375 0.903125 0.0515625 0.0859375
1 0.60234375 0.871875 0.0859375 0.0484375
1 0.61640625 0.83984375 0.0484375 0.0359375
1 0.66484375 0.81875 0.0421875 0.059375
1 0.71171875 0.79765625 0.053125 0.0765625
1 0.74453125 0.85703125 0.0359375 0.0953125
1 0.66484375 0.90625 0.075 0.0265625
1 0.55703125 0.87265625 0.084375 0.028125
1 0.565625 0.86171875 0.0703125 0.0640625
1 0.49296875 0.9234375 0.115625 0.0421875
1 0.42265625 0.92578125 0.09375 0.046875
1 0.44296875 0.884375 0.0984375 0.059375
1 0.83671875 0.2875 0.0734375 0.040625
1 0.82734375 0.4453125 0.0671875 0.0703125
1 0.81796875 0.63125 0.090625 0.0390625
1 0.81640625 0.584375 0.071875 0.05
1 0.8 0.54921875 0.0390625 0.05625
1 0.80625 0.5015625 0.059375 0.0484375
1 0.809375 0.45703125 0.04375 0.078125
1 0.85859375 0.40546875 0.0234375 0.08125
1 0.87890625 0.33984375 0.1046875 0.03125
1 0.915625 0.43203125 0.08125 0.0671875
1 0.9125 0.3828125 0.0984375 0.0359375
1 0.903125 0.38359375 0.0484375 0.078125
1 0.8625 0.5 0.0375 0.0703125
1 0.85078125 0.59765625 0.059375 0.0359375
1 0.89140625 0.5671875 0.034375 0.090625
1 0.94609375 0.60390625 0.0859375 0.0390625
1 0.93984375 0.5671875 0.0328125 0.0828125
1 0.94609375 0.509375 0.08125 0.0453125
1 0.88359375 0.51328125 0.0359375 0.0796875
1 0.9328125 0.48046875 0.096875 0.0421875
1 0.92421875 0.67421875 0.0953125 0.0609375
1 0.89453125 0.71484375 0.1171875 0.040625
1 0.82421875 0.77265625 0.08125 0.065625
1 0.84609375 0.7625 0.06875 0.071875
1 0.86171875 0.715625 0.075 0.0734375
1 0.79375 0.75625 0.08125 0.0546875
1 0.775 0.72890625 0.0921875 0.046875
1 0.8171875 0.82109375 0.096875 0.0390625
1 0.778125 0.70625 0.090625 0.059375
1 0.10625 0.39296875 0.1234375 0.0421875
1 0.11015625 0.453125 0.1125 0.05625
1 0.21328125 0.47578125 0.0953125 0.0421875
1 0.0765625 0.68359375 0.0640625 0.059375
1 0.08203125 0.63984375 0.0578125 0.0359375
1 0.09765625 0.6390625 0.0703125 0.0703125
1 0.1375 0.6265625 0.053125 0.08125
1 0.14453125 0.58828125 0.05 0.071875
1 0.15 0.53515625 0.0453125 0.0421875
1 0.171875 0.5171875 0.0640625 0.025
1 0.06796875 0.5046875 0.1109375 0.0515625
1 0.21171875 0.6125 0.0703125 0.0390625
1 0.04453125 0.62109375 0.0515625 0.046875
1 0.04921875 0.58046875 0.025 0.053125
1 0.09921875 0.58359375 0.0875 0.059375
1 0.1125 0.75859375 0.03125 0.0703125
1 0.15546875 0.7171875 0.05625 0.0375
1 0.18125 0.7125 0.03125 0.065625
1 0.21328125 0.7234375 0.034375 0.075
1 0.20703125 0.83984375 0.040625 0.078125
1 0.25546875 0.86953125 0.078125 0.0828125
1 0.24609375 0.8546875 0.0234375 0.09375
1 0.2921875 0.8890625 0.0671875 0.059375
1 0.3484375 0.86171875 0.0671875 0.0703125
1 0.30546875 0.80859375 0.034375 0.0859375
1 0.340625 0.80390625 0.096875 0.0421875
1 0.36640625 0.79296875 0.090625 0.0390625
