1 0.67265625 0.5234375 0.1046875 0.02109375
1 0.71484375 0.56796875 0.06484375 0.053125
1 0.703125 0.58125 0.05234375 0.0625
1 0.62265625 0.5828125 0.09375 0.046875
1 0.59375 0.52421875 0.075 0.03671875
1 0.53203125 0.53515625 0.078125 0.03515625
1 0.57421875 0.546875 0.05234375 0.0640625
1 0.53671875 0.56796875 0.0859375 0.02734375
1 0.51796875 0.5640625 0.0453125 0.06171875
1 0.44140625 0.5859375 0.0796875 0.028125
1 0.44765625 0.56015625 0.0890625 0.0234375
1 0.3859375 0.56796875 0.07421875 0.0265625
1 0.53203125 0.62421875 0.10859375 0.0296875
1 0.34140625 0.6171875 0.0453125 0.0625
1 0.359375 0.6546875 0.0625 0.065625
1 0.421875 0.65078125 0.06953125 0.046875
1 0.4765625 0.6828125 0.034375 0.075
1 0.28203125 0.64453125 0.0515625 0.05234375
1 0.30546875 0.68359375 0.1171875 0.0296875
1 0.2609375 0.6953125 0.09375 0.06484375
1 0.25703125 0.75859375 0.06328125 0.0765625
1 0.21796875 0.775 0.0390625 0.0796875
1 0.22890625 0.86171875 0.14609375 0.03515625
1 0.34921875 0.7953125 0.12578125 0.05234375
1 0.34609375 0.7234375 0.0796875 0.0703125
1 0.41796875 0.73515625 0.1015625 0.025
1 0.4 0.77578125 0.10859375 0.04296875
1 0.41328125 0.85 0.12890625 0.03828125
1 0.5546875 0.8546875 0.13828125 0.0453125
1 0.665625 0.8296875 0.11328125 0.05625
1 0.565625 0.72421875 0.1171875 0.03515625
1 0.59375 0.6875 0.0484375 0.071875
1 0.66875 0.68671875 0.0765625 0.0484375
1 0.64609375 0.66796875 0.04140625 0.0734375
1 0.70703125 0.6703125 0.05234375 0.0921875
1 0.7390625 0.65234375 0.07890625 0.065625
1 0.7515625 0.63203125 0.0828125 0.0515625
1 0.753125 0.6390625 0.078125 0.0421875
1 0.7765625 0.7046875 0.06171875 0.08984375
1 0.825 0.6953125 0.0453125 0.08828125
1 0.70234375 0.746875 0.06640625 0.0671875
