1 0.46171875 0.81640625 0.0984375 0.10625
1 0.4578125 0.7046875 0.090625 0.09375
1 0.55234375 0.71796875 0.0890625 0.0859375
1 0.68671875 0.7109375 0.1234375 0.065625
1 0.85234375 0.671875 0.0859375 0.078125
1 0.72578125 0.6234375 0.0546875 0.125
1 0.53359375 0.58046875 0.1265625 0.0671875
1 0.76484375 0.509375 0.0546875 0.1
1 0.621875 0.47265625 0.1375 0.0515625
1 0.4171875 0.5296875 0.1140625 0.05625
1 0.30625 0.5390625 0.0859375 0.090625
1 0.1046875 0.60390625 0.1484375 0.0390625
1 0.3234375 0.4375 0.046875 0.109375
1 0.17109375 0.43671875 0.0984375 0.0765625
1 0.12734375 0.3328125 0.0875 0.06875
1 0.18046875 0.30703125 0.0953125 0.0703125
1 0.3015625 0.28125 0.121875 0.0484375
1 0.4125 0.24375 0.0609375 0.078125
1 0.484375 0.15546875 0.0390625 0.10625
1 0.65546875 0.296875 0.090625 0.0875
1 0.56875 0.384375 0.053125 0.0546875
1 0.70234375 0.4265625 0.10625 0.078125
1 0.91875 0.403125 0.1125 0.0859375
1 0.70625 0.38671875 0.0375 0.0984375
1 0.8796875 0.34453125 0.1375 0.0265625
1 0.81484375 0.2734375 0.1359375 0.0625
