1 0.321875 0.1703125 0.046875 0.0671875
1 0.36171875 0.2 0.0640625 0.0765625
1 0.39140625 0.16015625 0.0734375 0.0609375
1 0.42890625 0.14375 0.0859375 0.0375
1 0.478125 0.18984375 0.1078125 0.0484375
1 0.42421875 0.2515625 0.096875 0.025
1 0.29609375 0.24296875 0.0453125 0.078125
1 0.28671875 0.3 0.0703125 0.0578125
1 0.315625 0.33828125 0.0390625 0.071875
1 0.40234375 0.3375 0.0390625 0.0703125
1 0.50390625 0.33125 0.0875 0.0375
1 0.5578125 0.2859375 0.0609375 0.075
1 0.553125 0.3015625 0.1046875 0.0234375
1 0.565625 0.2421875 0.1140625 0.025
1 0.60078125 0.221875 0.0703125 0.0234375
1 0.421875 0.30078125 0.0296875 0.0734375
1 0.65703125 0.24765625 0.0890625 0.0390625
1 0.69296875 0.2390625 0.0890625 0.05
1 0.703125 0.19609375 0.08125 0.0609375
1 0.6828125 0.2984375 0.0671875 0.0546875
1 0.7546875 0.35625 0.0859375 0.0265625
1 0.72421875 0.33671875 0.034375 0.0734375
1 0.809375 0.315625 0.0625 0.09375
1 0.84296875 0.2859375 0.1203125 0.0296875
1 0.90234375 0.3578125 0.11875 0.0328125
1 0.8765625 0.3203125 0.121875 0.025
1 0.940625 0.38359375 0.0828125 0.0140625
1 0.8640625 0.396875 0.071875 0.06875
1 0.7890625 0.415625 0.0484375 0.0515625
1 0.640625 0.3828125 0.0796875 0.0546875
1 0.8921875 0.43984375 0.1140625 0.04375
1 0.96875 0.4703125 0.0625 0.0625
1 0.78515625 0.459375 0.115625 0.025
1 0.93125 0.5515625 0.109375 0.028125
1 0.96953125 0.52421875 0.0609375 0.0234375
1 0.9203125 0.6234375 0.0484375 0.0796875
1 0.93828125 0.6171875 0.103125 0.021875
1 0.76875 0.5390625 0.046875 0.090625
1 0.66953125 0.53515625 0.078125 0.0546875
1 0.6890625 0.49921875 0.0515625 0.04375
1 0.5671875 0.4859375 0.075 0.05
1 0.57265625 0.53984375 0.0671875 0.046875
1 0.5765625 0.58671875 0.075 0.0421875
1 0.60546875 0.59140625 0.075 0.028125
1 0.65390625 0.62109375 0.078125 0.0453125
1 0.678125 0.61171875 0.0578125 0.0515625
1 0.76875 0.6859375 0.0546875 0.0921875
1 0.765625 0.62734375 0.0234375 0.065625
1 0.82578125 0.64609375 0.0390625 0.075
1 0.7109375 0.7234375 0.071875 0.0515625
1 0.82890625 0.76640625 0.1234375 0.034375
1 0.85625 0.7328125 0.0765625 0.0359375
1 0.90390625 0.740625 0.028125 0.090625
1 0.74375 0.8234375 0.0546875 0.0890625
1 0.68203125 0.80234375 0.034375 0.1
1 0.66484375 0.853125 0.0984375 0.0546875
1 0.50078125 0.90390625 0.0375 0.0734375
1 0.53984375 0.8890625 0.0625 0.0640625
1 0.48125 0.85703125 0.075 0.0296875
1 0.62109375 0.76171875 0.071875 0.0515625
1 0.5765625 0.7171875 0.0671875 0.0671875
1 0.490625 0.646875 0.05625 0.0578125
1 0.578125 0.678125 0.059375 0.0734375
1 0.44921875 0.72265625 0.065625 0.05625
1 0.5015625 0.76953125 0.096875 0.0234375
1 0.5125 0.80390625 0.0421875 0.0734375
1 0.4296875 0.82734375 0.0765625 0.05
1 0.34765625 0.8453125 0.084375 0.0734375
1 0.18515625 0.2703125 0.0765625 0.0390625
1 0.10234375 0.3203125 0.1203125 0.03125
1 0.20703125 0.35078125 0.0359375 0.084375
1 0.171875 0.4015625 0.0359375 0.065625
1 0.2609375 0.4671875 0.0421875 0.0828125
1 0.27734375 0.45703125 0.0515625 0.06875
1 0.3703125 0.415625 0.0421875 0.084375
1 0.45390625 0.4703125 0.090625 0.053125
1 0.45234375 0.53515625 0.046875 0.06875
1 0.37109375 0.5578125 0.05625 0.065625
1 0.4 0.64609375 0.028125 0.0828125
1 0.3328125 0.66640625 0.0609375 0.0640625
1 0.29765625 0.62734375 0.0859375 0.065625
1 0.30234375 0.73203125 0.0765625 0.04375
1 0.2609375 0.7796875 0.096875 0.05
1 0.18359375 0.76796875 0.0375 0.0953125
1 0.1234375 0.74765625 0.0515625 0.0984375
1 0.0828125 0.71328125 0.0359375 0.09375
1 0.20703125 0.625 0.05625 0.075
1 0.228125 0.5296875 0.09375 0.0390625
1 0.1421875 0.59609375 0.040625 0.08125
1 0.1765625 0.5 0.040625 0.0890625
1 0.121875 0.5109375 0.08125 0.028125
1 0.059375 0.53359375 0.034375 0.075
1 0.071875 0.4421875 0.0859375 0.0859375
1 0.05546875 0.40703125 0.0703125 0.053125
