1 0.46171875 0.18359375 0.0984375 0.10625
1 0.4578125 0.2953125 0.090625 0.09375
1 0.55234375 0.28203125 0.0890625 0.0859375
1 0.68671875 0.2890625 0.1234375 0.065625
1 0.85234375 0.328125 0.0859375 0.078125
1 0.72578125 0.3765625 0.0546875 0.125
1 0.53359375 0.41953125 0.1265625 0.06875
1 0.76484375 0.490625 0.0546875 0.1
1 0.621875 0.52734375 0.1375 0.0515625
1 0.4171875 0.4703125 0.1140625 0.05625
1 0.30625 0.4609375 0.0859375 0.090625
1 0.1046875 0.39609375 0.1484375 0.0390625
1 0.3234375 0.5625 0.046875 0.109375
1 0.17109375 0.56328125 0.0984375 0.075
1 0.12734375 0.6671875 0.0875 0.06875
1 0.18046875 0.69296875 0.0953125 0.071875
1 0.3015625 0.71875 0.121875 0.0484375
1 0.4125 0.75625 0.0609375 0.078125
1 0.484375 0.84453125 0.0390625 0.10625
1 0.65546875 0.703125 0.090625 0.0875
1 0.56875 0.615625 0.053125 0.0546875
1 0.70234375 0.5734375 0.10625 0.078125
1 0.91875 0.596875 0.1125 0.0859375
1 0.70625 0.61328125 0.0375 0.0984375
1 0.8796875 0.65546875 0.1375 0.0265625
1 0.81484375 0.7265625 0.1359375 0.0625
