1 0.58515625 0.1453125 0.12421875 0.0953125
1 0.46953125 0.15234375 0.14453125 0.03515625
1 0.40625 0.18828125 0.07421875 0.09765625
1 0.34453125 0.20390625 0.04765625 0.07890625
1 0.64609375 0.2140625 0.05234375 0.11640625
1 0.6609375 0.2046875 0.1171875 0.071875
1 0.58984375 0.25546875 0.13828125 0.075
1 0.571875 0.2265625 0.09375 0.06875
1 0.57421875 0.20859375 0.09609375 0.078125
1 0.44140625 0.30703125 0.1125 0.06015625
1 0.43359375 0.26640625 0.09296875 0.07734375
1 0.24765625 0.28515625 0.09296875 0.0953125
1 0.3109375 0.30078125 0.121875 0.06796875
1 0.4421875 0.36640625 0.1140625 0.03828125
1 0.09140625 0.38984375 0.0703125 0.11484375
1 0.1234375 0.3609375 0.05625 0.0890625
1 0.159375 0.35234375 0.065625 0.08203125
1 0.1453125 0.52109375 0.09921875 0.06171875
1 0.15625 0.47109375 0.09765625 0.05859375
1 0.16171875 0.44140625 0.134375 0.04765625
1 0.16171875 0.4125 0.11953125 0.05234375
1 0.21796875 0.41328125 0.08046875 0.08828125
1 0.23671875 0.4859375 0.11015625 0.05234375
1 0.0984375 0.51875 0.05703125 0.103125
1 0.240625 0.54921875 0.13125 0.0640625
1 0.20546875 0.5796875 0.0671875 0.0953125
1 0.10078125 0.634375 0.11796875 0.06875
1 0.08203125 0.58828125 0.06953125 0.06875
1 0.28203125 0.62734375 0.1421875 0.040625
1 0.3125 0.665625 0.10546875 0.0359375
1 0.24140625 0.68671875 0.15234375 0.04140625
1 0.1734375 0.69296875 0.14296875 0.04375
1 0.28203125 0.7390625 0.10390625 0.03515625
1 0.33359375 0.73359375 0.1109375 0.071875
1 0.38046875 0.71328125 0.09765625 0.065625
1 0.45625 0.6765625 0.13984375 0.05859375
1 0.51953125 0.70234375 0.1265625 0.0515625
1 0.5375 0.69921875 0.0703125 0.0875
1 0.45859375 0.77265625 0.146875 0.0453125
1 0.4625 0.7375 0.0578125 0.07421875
1 0.6109375 0.79375 0.1109375 0.06796875
1 0.38515625 0.43203125 0.06484375 0.10546875
1 0.56484375 0.4578125 0.04296875 0.0890625
1 0.53359375 0.5546875 0.05546875 0.0875
1 0.5953125 0.58515625 0.11953125 0.0375
1 0.63984375 0.55390625 0.07578125 0.07421875
1 0.6828125 0.6203125 0.0875 0.05390625
1 0.7578125 0.52890625 0.05390625 0.10078125
1 0.6890625 0.41328125 0.03359375 0.109375
1 0.76171875 0.27890625 0.0546875 0.1
1 0.759375 0.35546875 0.05078125 0.0984375
1 0.834375 0.3671875 0.04140625 0.0984375
1 0.9 0.38125 0.059375 0.0890625
1 0.915625 0.4671875 0.1046875 0.0875
1 0.878125 0.52265625 0.12265625 0.0640625
