1 0.31328125 0.240625 0.0625 0.0328125
1 0.29296875 0.3 0.0953125 0.0234375
1 0.49140625 0.21875 0.0671875 0.04375
1 0.5953125 0.26328125 0.046875 0.0578125
1 0.671875 0.246875 0.0921875 0.04375
1 0.4046875 0.3296875 0.090625 0.0390625
1 0.47890625 0.29296875 0.071875 0.03125
1 0.60546875 0.3578125 0.1078125 0.03125
1 0.48125 0.40625 0.096875 0.01875
1 0.44375 0.44765625 0.096875 0.025
1 0.2921875 0.4046875 0.0359375 0.0828125
1 0.22734375 0.4421875 0.05625 0.053125
1 0.1984375 0.365625 0.1203125 0.028125
1 0.15546875 0.3484375 0.10625 0.0328125
1 0.134375 0.45390625 0.09375 0.08125
1 0.06875 0.52109375 0.065625 0.059375
1 0.3234375 0.490625 0.1078125 0.025
1 0.28359375 0.525 0.0859375 0.059375
1 0.2953125 0.56328125 0.0953125 0.0203125
1 0.30078125 0.5984375 0.0671875 0.0625
1 0.26015625 0.6359375 0.0734375 0.05625
1 0.1671875 0.65546875 0.0546875 0.0734375
1 0.278125 0.690625 0.0890625 0.0625
1 0.28515625 0.76015625 0.0421875 0.0796875
1 0.346875 0.80703125 0.0734375 0.0859375
1 0.38125 0.78671875 0.0671875 0.0453125
1 0.5015625 0.8234375 0.1203125 0.04375
1 0.48046875 0.8078125 0.1078125 0.0328125
1 0.3921875 0.71484375 0.0453125 0.0671875
1 0.36796875 0.68984375 0.121875 0.046875
1 0.340625 0.7328125 0.059375 0.071875
1 0.44609375 0.775 0.1140625 0.0359375
1 0.6015625 0.75859375 0.05 0.0828125
1 0.52734375 0.703125 0.1078125 0.0171875
1 0.46484375 0.63984375 0.0328125 0.0890625
1 0.36796875 0.56484375 0.0453125 0.0640625
1 0.4234375 0.61640625 0.046875 0.078125
1 0.4640625 0.54609375 0.071875 0.059375
1 0.52578125 0.60234375 0.04375 0.0828125
1 0.5875 0.59296875 0.0953125 0.03125
1 0.63203125 0.66796875 0.075 0.0734375
1 0.70390625 0.77421875 0.1140625 0.05
1 0.8 0.74453125 0.1015625 0.05
1 0.89140625 0.6515625 0.1234375 0.04375
1 0.86640625 0.55078125 0.06875 0.078125
1 0.89921875 0.46171875 0.0953125 0.0734375
1 0.81875 0.47109375 0.0640625 0.0640625
1 0.76484375 0.47734375 0.078125 0.0421875
1 0.7578125 0.309375 0.1046875 0.0578125
1 0.72265625 0.4328125 0.1046875 0.0375
1 0.71484375 0.3859375 0.0890625 0.0265625
1 0.6328125 0.49296875 0.0984375 0.0484375
