1 0.253125 0.2203125 0.0984375 0.053125
1 0.44609375 0.153125 0.09375 0.0375
1 0.41015625 0.20390625 0.0546875 0.0796875
1 0.44296875 0.17734375 0.090625 0.021875
1 0.28671875 0.23125 0.0625 0.071875
1 0.36484375 0.22109375 0.0921875 0.0234375
1 0.5296875 0.1609375 0.0828125 0.05625
1 0.5296875 0.1828125 0.1109375 0.0359375
1 0.4890625 0.225 0.10625 0.0359375
1 0.6171875 0.20703125 0.084375 0.05
1 0.5703125 0.27109375 0.1015625 0.0296875
1 0.48125 0.28671875 0.096875 0.028125
1 0.58984375 0.29765625 0.0734375 0.01875
1 0.340625 0.29453125 0.0859375 0.0484375
1 0.3171875 0.3203125 0.0453125 0.078125
1 0.27421875 0.29921875 0.0953125 0.05
1 0.20625 0.271875 0.0796875 0.053125
1 0.24921875 0.2984375 0.05625 0.0453125
1 0.1421875 0.3375 0.046875 0.0625
1 0.20625 0.34296875 0.0796875 0.0390625
1 0.13984375 0.3796875 0.06875 0.05
1 0.20234375 0.3859375 0.065625 0.05625
1 0.1515625 0.42265625 0.0359375 0.0609375
1 0.30625 0.3859375 0.0734375 0.0640625
1 0.4296875 0.3609375 0.071875 0.046875
1 0.1859375 0.4546875 0.0875 0.0578125
1 0.26796875 0.48359375 0.09375 0.034375
1 0.31171875 0.4640625 0.0921875 0.0359375
1 0.31875 0.50078125 0.0546875 0.071875
1 0.178125 0.515625 0.053125 0.0671875
1 0.2328125 0.509375 0.0765625 0.040625
1 0.28046875 0.55546875 0.078125 0.0671875
1 0.2359375 0.5734375 0.0984375 0.0359375
1 0.20546875 0.6125 0.0875 0.034375
1 0.25703125 0.65078125 0.09375 0.05
1 0.36171875 0.584375 0.090625 0.0359375
1 0.41953125 0.53671875 0.040625 0.0578125
1 0.40078125 0.634375 0.0953125 0.0328125
1 0.43125 0.67734375 0.0953125 0.028125
1 0.43359375 0.7328125 0.0921875 0.04375
1 0.4265625 0.68828125 0.096875 0.0234375
1 0.50546875 0.74921875 0.1125 0.0359375
1 0.52578125 0.67421875 0.08125 0.040625
1 0.59296875 0.6484375 0.028125 0.0671875
1 0.49921875 0.6140625 0.0703125 0.03125
1 0.49453125 0.58515625 0.0390625 0.05
1 0.525 0.53203125 0.0796875 0.05
1 0.5046875 0.47109375 0.0734375 0.065625
1 0.56796875 0.44921875 0.0625 0.0375
1 0.5796875 0.571875 0.0671875 0.05625
1 0.76875 0.22890625 0.04375 0.09375
1 0.8015625 0.28046875 0.090625 0.0578125
1 0.7296875 0.3078125 0.0421875 0.075
1 0.66640625 0.2734375 0.059375 0.0859375
1 0.65 0.33359375 0.11875 0.03125
1 0.81953125 0.34375 0.0625 0.05
1 0.871875 0.37578125 0.0328125 0.078125
1 0.82109375 0.39140625 0.078125 0.0671875
1 0.7328125 0.45078125 0.0375 0.0640625
1 0.66484375 0.41953125 0.034375 0.075
1 0.82109375 0.4296875 0.0796875 0.0421875
1 0.76015625 0.49375 0.0421875 0.0734375
1 0.8515625 0.53046875 0.09375 0.071875
1 0.91796875 0.51875 0.0890625 0.0609375
1 0.8765625 0.5875 0.0796875 0.053125
1 0.72421875 0.56171875 0.078125 0.046875
1 0.83203125 0.61328125 0.090625 0.040625
1 0.72421875 0.6078125 0.0859375 0.0359375
1 0.63671875 0.6140625 0.059375 0.05
1 0.671875 0.63984375 0.1 0.0328125
1 0.7484375 0.6625 0.05625 0.0578125
1 0.76796875 0.66171875 0.0671875 0.0453125
1 0.8265625 0.66171875 0.0671875 0.0640625
