1 0.5125 0.75859375 0.115625 0.04375
1 0.39921875 0.74140625 0.109375 0.0265625
1 0.49453125 0.71953125 0.0515625 0.0640625
1 0.46484375 0.69296875 0.0265625 0.0859375
1 0.56171875 0.734375 0.0921875 0.0296875
1 0.53828125 0.6671875 0.046875 0.065625
1 0.546875 0.6109375 0.0328125 0.0703125
1 0.50546875 0.625 0.028125 0.065625
1 0.3921875 0.7015625 0.0765625 0.059375
1 0.2859375 0.71171875 0.10625 0.05
1 0.65859375 0.69921875 0.1078125 0.021875
1 0.65859375 0.6328125 0.0953125 0.04375
1 0.7421875 0.6484375 0.0765625 0.053125
1 0.759375 0.6171875 0.1015625 0.0203125
1 0.790625 0.621875 0.1015625 0.028125
1 0.73828125 0.5921875 0.0828125 0.0671875
1 0.67109375 0.58515625 0.0984375 0.046875
1 0.8328125 0.53828125 0.109375 0.0390625
1 0.83515625 0.54375 0.0625 0.0546875
1 0.7953125 0.53046875 0.04375 0.0625
1 0.8296875 0.5015625 0.028125 0.06875
1 0.8546875 0.47890625 0.03125 0.0859375
1 0.80078125 0.48515625 0.053125 0.0546875
1 0.8046875 0.43671875 0.0890625 0.059375
1 0.80546875 0.44609375 0.04375 0.0671875
1 0.78515625 0.39609375 0.03125 0.06875
1 0.8296875 0.38203125 0.0421875 0.06875
1 0.75234375 0.409375 0.071875 0.0609375
1 0.7953125 0.34296875 0.0734375 0.06875
1 0.74453125 0.5 0.0625 0.06875
1 0.6875 0.50078125 0.0578125 0.0703125
1 0.66484375 0.54609375 0.0703125 0.059375
1 0.61484375 0.51484375 0.0953125 0.0265625
1 0.59453125 0.54765625 0.0890625 0.04375
1 0.46796875 0.5734375 0.084375 0.0203125
1 0.41484375 0.6171875 0.0890625 0.03125
1 0.49765625 0.51015625 0.040625 0.0734375
1 0.5734375 0.490625 0.0546875 0.071875
1 0.60546875 0.44375 0.0859375 0.05625
1 0.5390625 0.43125 0.096875 0.0234375
1 0.6046875 0.4125 0.0578125 0.0546875
1 0.62265625 0.38984375 0.103125 0.0375
1 0.66796875 0.3953125 0.0515625 0.065625
1 0.71171875 0.40546875 0.0390625 0.0828125
1 0.7078125 0.35 0.078125 0.0546875
1 0.74921875 0.3078125 0.0765625 0.0515625
1 0.67890625 0.3359375 0.040625 0.0609375
1 0.61484375 0.35546875 0.0609375 0.0703125
1 0.60703125 0.35234375 0.071875 0.03125
1 0.675 0.28671875 0.0859375 0.0265625
1 0.7296875 0.253125 0.04375 0.08125
1 0.6578125 0.24453125 0.090625 0.0671875
1 0.5578125 0.290625 0.0890625 0.059375
1 0.49375 0.28515625 0.103125 0.025
1 0.51796875 0.2390625 0.0765625 0.0640625
1 0.57109375 0.22890625 0.0453125 0.0765625
1 0.61015625 0.18984375 0.0609375 0.0546875
1 0.58125 0.19140625 0.071875 0.0203125
1 0.53828125 0.2265625 0.0734375 0.0359375
1 0.51328125 0.37578125 0.0296875 0.059375
1 0.48515625 0.41015625 0.0859375 0.0296875
1 0.47734375 0.39609375 0.0265625 0.0640625
1 0.43203125 0.40625 0.06875 0.0625
1 0.43359375 0.3609375 0.09375 0.0234375
1 0.434375 0.3625 0.08125 0.0375
1 0.4671875 0.31875 0.075 0.0703125
1 0.37890625 0.303125 0.0953125 0.0640625
1 0.35625 0.33359375 0.028125 0.08125
1 0.328125 0.278125 0.090625 0.05
1 0.33046875 0.20703125 0.0578125 0.078125
1 0.28671875 0.22734375 0.034375 0.0875
1 0.24765625 0.31640625 0.03125 0.06875
1 0.30546875 0.36171875 0.0265625 0.071875
1 0.34921875 0.3796875 0.0796875 0.053125
1 0.259375 0.38671875 0.0609375 0.0453125
1 0.33203125 0.43828125 0.0875 0.0390625
1 0.38359375 0.4421875 0.090625 0.0375
1 0.5203125 0.45703125 0.109375 0.0296875
1 0.42578125 0.525 0.0359375 0.06875
1 0.39296875 0.49921875 0.0328125 0.084375
1 0.3296875 0.528125 0.109375 0.021875
1 0.36015625 0.55078125 0.09375 0.0265625
1 0.271875 0.575 0.0640625 0.0578125
1 0.23203125 0.6578125 0.0921875 0.0234375
1 0.1953125 0.575 0.0296875 0.0703125
1 0.1203125 0.534375 0.0453125 0.0921875
1 0.16328125 0.50078125 0.0609375 0.0671875
1 0.2109375 0.51875 0.08125 0.0515625
1 0.16640625 0.44296875 0.075 0.0484375
1 0.22265625 0.43671875 0.053125 0.0765625
1 0.1375 0.40390625 0.096875 0.046875
1 0.20625 0.3734375 0.0453125 0.075
1 0.12890625 0.3453125 0.03125 0.075
1 0.196875 0.3203125 0.059375 0.046875
1 0.16484375 0.32734375 0.04375 0.0703125
