1 0.4609375 0.20859375 0.1078125 0.021875
1 0.42578125 0.23984375 0.0671875 0.0671875
1 0.4578125 0.22890625 0.078125 0.0296875
1 0.5171875 0.2265625 0.059375 0.028125
1 0.55859375 0.21640625 0.05625 0.0609375
1 0.55625 0.17265625 0.0796875 0.040625
1 0.5359375 0.25859375 0.078125 0.0234375
1 0.5171875 0.27109375 0.103125 0.0203125
1 0.4296875 0.2859375 0.078125 0.0390625
1 0.45625 0.31171875 0.0703125 0.05
1 0.41328125 0.31171875 0.03125 0.0625
1 0.35234375 0.23828125 0.075 0.0421875
1 0.3203125 0.23984375 0.09375 0.0203125
1 0.31875 0.27734375 0.06875 0.0765625
1 0.275 0.26953125 0.0546875 0.084375
1 0.2859375 0.27421875 0.0625 0.0359375
1 0.30078125 0.290625 0.0625 0.04375
1 0.25390625 0.30546875 0.034375 0.065625
1 0.29375 0.3375 0.0796875 0.0296875
1 0.278125 0.3421875 0.0671875 0.05
1 0.28671875 0.3578125 0.06875 0.0171875
1 0.3515625 0.3359375 0.05 0.0390625
1 0.36953125 0.34609375 0.075 0.0359375
1 0.41953125 0.35546875 0.10625 0.0390625
1 0.5078125 0.3453125 0.0765625 0.0265625
1 0.45703125 0.3921875 0.0578125 0.078125
1 0.46796875 0.39453125 0.0734375 0.01875
1 0.38984375 0.4234375 0.025 0.0828125
1 0.2953125 0.3796875 0.0953125 0.046875
1 0.32265625 0.4109375 0.053125 0.059375
1 0.234375 0.3828125 0.0828125 0.0359375
1 0.19296875 0.38828125 0.0609375 0.0703125
1 0.15859375 0.36328125 0.0578125 0.0734375
1 0.26015625 0.43046875 0.0359375 0.0578125
1 0.30234375 0.440625 0.0640625 0.0453125
1 0.23046875 0.46484375 0.0234375 0.0671875
1 0.23046875 0.46015625 0.0953125 0.03125
1 0.26796875 0.490625 0.0765625 0.0359375
1 0.284375 0.4859375 0.0359375 0.0609375
1 0.3265625 0.4671875 0.1015625 0.0375
1 0.34921875 0.48125 0.0765625 0.021875
1 0.11015625 0.45625 0.0265625 0.0765625
1 0.15390625 0.475 0.040625 0.0671875
1 0.16484375 0.5015625 0.0359375 0.0671875
1 0.11796875 0.5640625 0.0265625 0.0796875
1 0.14140625 0.54453125 0.0625 0.053125
1 0.1734375 0.565625 0.0671875 0.0625
1 0.14921875 0.6125 0.08125 0.0203125
1 0.215625 0.55 0.0671875 0.015625
1 0.25390625 0.51953125 0.078125 0.0140625
1 0.315625 0.54140625 0.0421875 0.0484375
1 0.31328125 0.54375 0.0859375 0.021875
1 0.38203125 0.53515625 0.053125 0.0390625
1 0.3890625 0.50234375 0.0875 0.0171875
1 0.44453125 0.5015625 0.0296875 0.0515625
1 0.26953125 0.575 0.06875 0.028125
1 0.24765625 0.57421875 0.0765625 0.0421875
1 0.23359375 0.63515625 0.06875 0.065625
1 0.26484375 0.62421875 0.04375 0.0515625
1 0.3484375 0.59140625 0.0515625 0.0578125
1 0.3578125 0.60390625 0.021875 0.040625
1 0.365625 0.628125 0.05625 0.0546875
1 0.38046875 0.57734375 0.0625 0.021875
1 0.43125 0.57890625 0.0609375 0.0359375
1 0.29453125 0.66171875 0.0671875 0.0375
1 0.24453125 0.69296875 0.0890625 0.0234375
1 0.32578125 0.67734375 0.0640625 0.059375
1 0.2984375 0.7171875 0.084375 0.0359375
1 0.384375 0.65859375 0.1046875 0.0203125
1 0.42890625 0.64921875 0.0375 0.04375
1 0.45859375 0.61015625 0.0921875 0.0125
1 0.4796875 0.64140625 0.034375 0.046875
1 0.50390625 0.62578125 0.0625 0.0234375
1 0.51328125 0.5875 0.0765625 0.0234375
1 0.55625 0.59609375 0.059375 0.0453125
1 0.46796875 0.7046875 0.10625 0.0265625
1 0.52578125 0.7046875 0.0703125 0.025
1 0.48046875 0.70078125 0.0734375 0.0265625
1 0.475 0.6765625 0.0734375 0.015625
1 0.525 0.6453125 0.075 0.0234375
1 0.57890625 0.7046875 0.0671875 0.0515625
1 0.5546875 0.67265625 0.065625 0.0234375
1 0.565625 0.6796875 0.04375 0.0484375
1 0.51640625 0.66015625 0.08125 0.021875
1 0.53125 0.66953125 0.0578125 0.028125
1 0.53359375 0.75078125 0.0640625 0.0390625
1 0.59921875 0.74140625 0.0265625 0.0734375
1 0.66328125 0.7375 0.075 0.0375
1 0.665625 0.69453125 0.078125 0.034375
1 0.6296875 0.665625 0.1015625 0.0203125
1 0.67421875 0.61328125 0.059375 0.0546875
1 0.68125 0.6421875 0.0203125 0.0484375
1 0.64296875 0.65078125 0.08125 0.025
1 0.625 0.6390625 0.0671875 0.028125
1 0.615625 0.59140625 0.090625 0.0390625
1 0.68671875 0.53203125 0.034375 0.0546875
1 0.596875 0.54140625 0.028125 0.0578125
1 0.59609375 0.48828125 0.0390625 0.0625
1 0.60234375 0.51015625 0.03125 0.053125
1 0.5625 0.52890625 0.040625 0.0671875
1 0.55234375 0.5140625 0.028125 0.0546875
1 0.5234375 0.5421875 0.0359375 0.059375
1 0.525 0.48046875 0.0390625 0.065625
1 0.4859375 0.54453125 0.0875 0.0359375
1 0.46171875 0.46875 0.0734375 0.040625
1 0.47421875 0.4453125 0.0734375 0.028125
1 0.49140625 0.43359375 0.0328125 0.0671875
1 0.5359375 0.3875 0.028125 0.0625
1 0.5234375 0.40859375 0.028125 0.0484375
1 0.58203125 0.35546875 0.0734375 0.0671875
1 0.58359375 0.42578125 0.01875 0.0671875
1 0.55859375 0.43671875 0.0234375 0.0734375
1 0.6484375 0.43984375 0.021875 0.065625
1 0.62734375 0.4359375 0.0359375 0.05
1 0.63125 0.4875 0.0203125 0.0625
1 0.625 0.26796875 0.0984375 0.025
1 0.6375 0.3328125 0.075 0.08125
1 0.64921875 0.3453125 0.0734375 0.040625
1 0.6875 0.31640625 0.1015625 0.028125
1 0.6671875 0.30234375 0.0828125 0.03125
1 0.6890625 0.26796875 0.0328125 0.0734375
1 0.61875 0.20078125 0.075 0.05625
1 0.7234375 0.20859375 0.0703125 0.0734375
1 0.7125 0.2296875 0.0890625 0.0671875
1 0.75234375 0.321875 0.04375 0.0515625
1 0.79140625 0.25625 0.1015625 0.0375
1 0.76953125 0.28984375 0.0515625 0.0703125
1 0.746875 0.28203125 0.084375 0.03125
1 0.778125 0.3375 0.059375 0.046875
1 0.71484375 0.37109375 0.0390625 0.0578125
1 0.759375 0.42421875 0.0625 0.0234375
1 0.77109375 0.44296875 0.0515625 0.0578125
1 0.7015625 0.48828125 0.0703125 0.0328125
1 0.7671875 0.48203125 0.075 0.0484375
1 0.74375 0.5109375 0.04375 0.0578125
1 0.7234375 0.51875 0.025 0.078125
1 0.77578125 0.5421875 0.06875 0.0390625
1 0.72890625 0.575 0.01875 0.059375
1 0.75625 0.57421875 0.0546875 0.025
1 0.8125 0.56171875 0.0515625 0.0515625
1 0.76875 0.62109375 0.075 0.0359375
1 0.82890625 0.66015625 0.0453125 0.053125
1 0.86953125 0.609375 0.05625 0.065625
1 0.87890625 0.55078125 0.0546875 0.0640625
1 0.87421875 0.49140625 0.0265625 0.0796875
1 0.9109375 0.45859375 0.04375 0.06875
1 0.85234375 0.39375 0.06875 0.0625
1 0.846875 0.34765625 0.059375 0.059375
1 0.93671875 0.3546875 0.0984375 0.05
1 0.91171875 0.32421875 0.034375 0.078125
1 0.76953125 0.53828125 0.028125 0.03125
