1 0.63828125 0.7109375 0.1140625 0.0296875
1 0.5203125 0.72421875 0.0625 0.090625
1 0.33828125 0.721875 0.0796875 0.028125
1 0.23515625 0.696875 0.1328125 0.0234375
1 0.3203125 0.66328125 0.034375 0.0734375
1 0.22890625 0.6390625 0.103125 0.025
1 0.48671875 0.62578125 0.084375 0.0734375
1 0.39296875 0.59921875 0.0296875 0.078125
1 0.45625 0.559375 0.0625 0.078125
1 0.54765625 0.55 0.0484375 0.0546875
1 0.4921875 0.49921875 0.0734375 0.065625
1 0.66171875 0.5640625 0.0921875 0.065625
1 0.771875 0.559375 0.075 0.0671875
1 0.79296875 0.48671875 0.06875 0.05625
1 0.70546875 0.4765625 0.0640625 0.0765625
1 0.6390625 0.421875 0.0328125 0.0875
1 0.78125 0.3703125 0.0828125 0.053125
1 0.5234375 0.41015625 0.0421875 0.084375
1 0.42578125 0.4078125 0.059375 0.0703125
1 0.32734375 0.41640625 0.0734375 0.071875
1 0.26171875 0.40546875 0.034375 0.06875
1 0.203125 0.4640625 0.0625 0.0640625
1 0.2953125 0.31328125 0.0859375 0.065625
1 0.1921875 0.3609375 0.0421875 0.0875
1 0.1421875 0.540625 0.0359375 0.090625
1 0.12421875 0.4234375 0.0859375 0.0671875
