1 0.5484375 0.20078125 0.0828125 0.059375
1 0.55078125 0.15859375 0.071875 0.0609375
1 0.47734375 0.19375 0.0609375 0.071875
1 0.51015625 0.31640625 0.0390625 0.071875
1 0.56171875 0.24765625 0.0859375 0.0328125
1 0.38515625 0.2546875 0.078125 0.0515625
1 0.3921875 0.215625 0.0609375 0.053125
1 0.22734375 0.23125 0.0265625 0.084375
1 0.29375 0.22421875 0.0640625 0.0734375
1 0.28984375 0.2296875 0.0390625 0.0765625
1 0.271875 0.325 0.0984375 0.0453125
1 0.4859375 0.36875 0.0546875 0.071875
1 0.46796875 0.33828125 0.0296875 0.0734375
1 0.575 0.32890625 0.078125 0.028125
1 0.621875 0.34140625 0.0828125 0.0375
1 0.625 0.29453125 0.028125 0.065625
1 0.66796875 0.2796875 0.128125 0.0265625
1 0.66640625 0.225 0.0359375 0.075
1 0.71171875 0.19609375 0.0828125 0.0203125
1 0.75 0.2125 0.06875 0.034375
1 0.79140625 0.25625 0.071875 0.0265625
1 0.8359375 0.3125 0.06875 0.0453125
1 0.8625 0.30859375 0.1046875 0.0234375
1 0.8359375 0.28828125 0.034375 0.0515625
1 0.29453125 0.409375 0.075 0.0609375
1 0.36953125 0.43671875 0.0546875 0.0484375
1 0.23359375 0.45625 0.0703125 0.04375
1 0.390625 0.48046875 0.03125 0.0734375
1 0.48203125 0.46875 0.0359375 0.06875
1 0.53203125 0.5578125 0.109375 0.034375
1 0.534375 0.5125 0.0484375 0.0625
1 0.53828125 0.45859375 0.09375 0.0375
1 0.59375 0.40859375 0.0765625 0.0453125
1 0.72734375 0.3921875 0.090625 0.03125
1 0.7046875 0.37109375 0.0296875 0.0515625
1 0.6828125 0.6 0.0609375 0.04375
1 0.6953125 0.55390625 0.0859375 0.0375
1 0.7453125 0.52265625 0.0546875 0.05
1 0.66875 0.528125 0.040625 0.046875
1 0.665625 0.51328125 0.0265625 0.0578125
1 0.734375 0.5046875 0.034375 0.059375
1 0.7453125 0.48046875 0.0390625 0.0578125
1 0.80625 0.453125 0.0421875 0.0640625
1 0.81875 0.41171875 0.0890625 0.04375
1 0.7953125 0.57578125 0.0765625 0.021875
1 0.8296875 0.56328125 0.059375 0.0625
1 0.79375 0.53671875 0.0375 0.059375
1 0.83984375 0.53125 0.0328125 0.06875
1 0.87578125 0.5609375 0.0265625 0.071875
1 0.8890625 0.51796875 0.0484375 0.059375
1 0.9484375 0.53984375 0.090625 0.028125
1 0.9375 0.5015625 0.1125 0.040625
1 0.903125 0.4671875 0.0546875 0.0703125
1 0.91328125 0.4109375 0.1 0.0265625
1 0.9015625 0.35859375 0.090625 0.0265625
1 0.9453125 0.6 0.0828125 0.0390625
1 0.60703125 0.47265625 0.05625 0.0484375
1 0.6484375 0.4515625 0.04375 0.0640625
1 0.58046875 0.578125 0.0390625 0.0765625
1 0.096875 0.3875 0.1109375 0.03125
1 0.08828125 0.49375 0.040625 0.0828125
1 0.140625 0.45390625 0.090625 0.040625
1 0.2546875 0.59296875 0.08125 0.034375
1 0.28203125 0.56640625 0.06875 0.05
1 0.325 0.57578125 0.0703125 0.0640625
1 0.35 0.55390625 0.0734375 0.03125
1 0.11640625 0.5390625 0.0328125 0.075
1 0.13515625 0.5125 0.0546875 0.05
1 0.0609375 0.51796875 0.071875 0.0390625
1 0.0640625 0.525 0.0359375 0.09375
1 0.03984375 0.5671875 0.0390625 0.0578125
1 0.078125 0.56796875 0.0796875 0.0640625
1 0.03671875 0.6078125 0.0453125 0.053125
1 0.1078125 0.5984375 0.0765625 0.046875
1 0.0546875 0.63125 0.0625 0.034375
1 0.065625 0.67421875 0.0578125 0.0546875
1 0.10625 0.67265625 0.0390625 0.0796875
1 0.15546875 0.66640625 0.0296875 0.071875
1 0.2078125 0.6703125 0.0578125 0.059375
1 0.10390625 0.7265625 0.0890625 0.040625
1 0.36015625 0.65078125 0.028125 0.0859375
1 0.40078125 0.68359375 0.0375 0.06875
1 0.43984375 0.67890625 0.0203125 0.065625
1 0.4703125 0.6234375 0.0546875 0.034375
1 0.5046875 0.6546875 0.078125 0.0484375
1 0.1703125 0.8078125 0.0359375 0.084375
1 0.21796875 0.83984375 0.0328125 0.0796875
1 0.2046875 0.8140625 0.0171875 0.06875
1 0.2625 0.85703125 0.0421875 0.0640625
1 0.21640625 0.8015625 0.028125 0.075
1 0.2984375 0.78984375 0.03125 0.06875
1 0.33203125 0.7875 0.065625 0.046875
1 0.35703125 0.90546875 0.09375 0.071875
1 0.39453125 0.8453125 0.0609375 0.0875
1 0.3640625 0.78671875 0.0703125 0.034375
1 0.4390625 0.91171875 0.1078125 0.0390625
1 0.49375 0.86953125 0.078125 0.075
1 0.46015625 0.8703125 0.0265625 0.09375
1 0.54453125 0.8515625 0.0546875 0.0515625
1 0.5640625 0.89453125 0.1046875 0.0421875
1 0.6046875 0.81015625 0.0703125 0.0515625
1 0.6171875 0.85390625 0.0859375 0.0390625
1 0.65 0.78671875 0.0390625 0.059375
1 0.678125 0.8171875 0.0578125 0.075
1 0.68203125 0.8734375 0.0515625 0.06875
1 0.7421875 0.8421875 0.0296875 0.1015625
1 0.70078125 0.76953125 0.0359375 0.0921875
1 0.5265625 0.74765625 0.084375 0.05
1 0.48359375 0.73828125 0.065625 0.0765625
1 0.55078125 0.690625 0.040625 0.078125
1 0.63203125 0.65859375 0.0515625 0.0859375
1 0.63515625 0.7015625 0.0375 0.071875
1 0.7109375 0.653125 0.040625 0.0671875
1 0.74140625 0.70859375 0.103125 0.0265625
1 0.784375 0.634375 0.025 0.0734375
1 0.8953125 0.69453125 0.1140625 0.0515625
1 0.915625 0.65859375 0.1015625 0.05
1 0.878125 0.73671875 0.065625 0.0875
1 0.8484375 0.76484375 0.1109375 0.0234375
1 0.80859375 0.74921875 0.1125 0.028125
1 0.74296875 0.7890625 0.084375 0.06875
1 0.81953125 0.80625 0.1046875 0.046875
