1 0.19140625 0.78125 0.0359375 0.09375
1 0.3125 0.7078125 0.0546875 0.0703125
1 0.33203125 0.771875 0.0640625 0.096875
1 0.3828125 0.85859375 0.1578125 0.0578125
1 0.509375 0.88671875 0.13125 0.028125
1 0.5859375 0.825 0.1046875 0.0625
1 0.52265625 0.78828125 0.053125 0.1046875
1 0.6890625 0.78984375 0.109375 0.0359375
1 0.81328125 0.709375 0.0828125 0.071875
1 0.71875 0.71328125 0.096875 0.028125
1 0.496875 0.68125 0.04375 0.090625
1 0.5828125 0.62421875 0.06875 0.065625
1 0.678125 0.5875 0.1125 0.04375
1 0.77265625 0.515625 0.0609375 0.0765625
1 0.60390625 0.52734375 0.1171875 0.0296875
1 0.46328125 0.56875 0.059375 0.0875
1 0.38828125 0.571875 0.078125 0.0640625
1 0.35 0.5265625 0.065625 0.065625
1 0.41796875 0.4796875 0.0875 0.0640625
1 0.42890625 0.42109375 0.06875 0.0625
1 0.59609375 0.39765625 0.0359375 0.078125
1 0.53125 0.35390625 0.065625 0.0546875
1 0.609375 0.33203125 0.10625 0.040625
1 0.1859375 0.49921875 0.071875 0.071875
1 0.27734375 0.42421875 0.1140625 0.0296875
1 0.16484375 0.3921875 0.0984375 0.0640625
