1 0.60546875 0.296875 0.205078125 0.05078125
1 0.4501953125 0.345703125 0.177734375 0.02734375
1 0.4150390625 0.3212890625 0.1630859375 0.04296875
1 0.345703125 0.3056640625 0.20703125 0.0703125
1 0.376953125 0.375 0.169921875 0.08203125
1 0.5849609375 0.3759765625 0.2041015625 0.0439453125
1 0.6708984375 0.36328125 0.2197265625 0.078125
1 0.5966796875 0.4501953125 0.130859375 0.0859375
1 0.890625 0.52734375 0.0703125 0.1201171875
1 0.7724609375 0.5927734375 0.1708984375 0.080078125
1 0.51953125 0.533203125 0.0859375 0.1162109375
1 0.5908203125 0.62890625 0.16015625 0.0927734375
1 0.318359375 0.5234375 0.1552734375 0.08984375
1 0.158203125 0.416015625 0.2236328125 0.0458984375
1 0.1552734375 0.462890625 0.134765625 0.091796875
1 0.162109375 0.6259765625 0.16796875 0.0625
1 0.169921875 0.56640625 0.12890625 0.0908203125
1 0.349609375 0.6416015625 0.2109375 0.0546875
1 0.3056640625 0.6865234375 0.201171875 0.048828125
1 0.423828125 0.7060546875 0.1865234375 0.078125
