0 0.65625 0.4365234375 0.103515625 0.1552734375
0 0.4931640625 0.552734375 0.2138671875 0.1259765625
0 0.4521484375 0.599609375 0.2998046875 0.0849609375
0 0.4970703125 0.751953125 0.166015625 0.0947265625
0 0.5732421875 0.6953125 0.1435546875 0.166015625
0 0.326171875 0.6689453125 0.1865234375 0.142578125
0 0.4248046875 0.3583984375 0.2900390625 0.0517578125
0 0.4248046875 0.380859375 0.296875 0.03515625
0 0.357421875 0.4033203125 0.3291015625 0.0498046875
0 0.255859375 0.5185546875 0.26171875 0.0673828125
0 0.26171875 0.6201171875 0.19140625 0.130859375
0 0.2080078125 0.5966796875 0.2138671875 0.138671875
0 0.1796875 0.6513671875 0.134765625 0.091796875
0 0.1767578125 0.5263671875 0.1279296875 0.1611328125
0 0.1142578125 0.6474609375 0.1640625 0.140625
0 0.083984375 0.595703125 0.130859375 0.1796875
0 0.1337890625 0.5 0.12890625 0.12109375
0 0.251953125 0.443359375 0.1298828125 0.09375
0 0.1962890625 0.412109375 0.2021484375 0.1279296875
