0 0.43359375 0.689453125 0.2333984375 0.1884765625
0 0.3203125 0.6767578125 0.302734375 0.076171875
0 0.146484375 0.677734375 0.17578125 0.1669921875
0 0.1630859375 0.626953125 0.1630859375 0.1953125
0 0.1552734375 0.5146484375 0.20703125 0.1650390625
0 0.876953125 0.5673828125 0.095703125 0.173828125
0 0.4306640625 0.548828125 0.2353515625 0.146484375
0 0.7802734375 0.49609375 0.1455078125 0.1611328125
0 0.7412109375 0.4501953125 0.1982421875 0.150390625
0 0.2939453125 0.3984375 0.2763671875 0.1005859375
0 0.328125 0.4228515625 0.2177734375 0.12109375
0 0.375 0.46875 0.08984375 0.1787109375
0 0.5927734375 0.4033203125 0.26953125 0.1064453125
0 0.5224609375 0.4130859375 0.1708984375 0.138671875
0 0.5107421875 0.4150390625 0.1787109375 0.1201171875
