1 0.373046875 0.5947265625 0.1748046875 0.0556640625
1 0.251953125 0.6064453125 0.1416015625 0.10546875
1 0.337890625 0.4970703125 0.138671875 0.0859375
1 0.4921875 0.548828125 0.2099609375 0.0400390625
1 0.5927734375 0.5048828125 0.1953125 0.0419921875
1 0.6552734375 0.4609375 0.189453125 0.044921875
1 0.765625 0.435546875 0.11328125 0.11328125
1 0.193359375 0.5107421875 0.1171875 0.1044921875
1 0.232421875 0.4326171875 0.0673828125 0.0751953125
1 0.216796875 0.396484375 0.2216796875 0.0458984375
1 0.5537109375 0.3642578125 0.205078125 0.041015625
1 0.462890625 0.330078125 0.1884765625 0.0634765625
1 0.541015625 0.3017578125 0.10546875 0.08203125
1 0.36328125 0.3203125 0.1865234375 0.076171875
1 0.271484375 0.3095703125 0.111328125 0.115234375
