0 0.7705078125 0.5078125 0.1171875 0.1630859375
0 0.783203125 0.5224609375 0.166015625 0.181640625
0 0.7431640625 0.654296875 0.0966796875 0.2080078125
0 0.5869140625 0.419921875 0.216796875 0.1220703125
0 0.4306640625 0.349609375 0.2841796875 0.0556640625
0 0.4794921875 0.3837890625 0.3505859375 0.03515625
0 0.419921875 0.4462890625 0.2734375 0.1083984375
0 0.5341796875 0.546875 0.2744140625 0.125
0 0.4990234375 0.6875 0.3505859375 0.083984375
0 0.3447265625 0.734375 0.2998046875 0.0849609375
0 0.3291015625 0.6552734375 0.169921875 0.1826171875
0 0.451171875 0.6875 0.20703125 0.1884765625
0 0.24609375 0.400390625 0.1142578125 0.09375
0 0.1630859375 0.505859375 0.181640625 0.1494140625
0 0.1611328125 0.5556640625 0.169921875 0.1796875
