1 0.7119140625 0.3935546875 0.1171875 0.0947265625
1 0.5322265625 0.466796875 0.0859375 0.12109375
1 0.5693359375 0.5400390625 0.2021484375 0.0732421875
1 0.7373046875 0.505859375 0.126953125 0.08203125
1 0.8251953125 0.5048828125 0.1201171875 0.123046875
1 0.7470703125 0.5849609375 0.06640625 0.1279296875
1 0.40234375 0.2998046875 0.1103515625 0.068359375
1 0.421875 0.36328125 0.1240234375 0.087890625
1 0.2939453125 0.326171875 0.2099609375 0.048828125
1 0.3154296875 0.3388671875 0.0986328125 0.10546875
1 0.1552734375 0.4423828125 0.1337890625 0.08203125
1 0.1748046875 0.5576171875 0.1669921875 0.044921875
1 0.3271484375 0.544921875 0.158203125 0.0556640625
1 0.283203125 0.623046875 0.09375 0.1142578125
1 0.4375 0.6171875 0.2138671875 0.068359375
