1 0.626953125 0.32421875 0.0693359375 0.0654296875
1 0.80078125 0.373046875 0.1171875 0.0810546875
1 0.826171875 0.4326171875 0.1396484375 0.0791015625
1 0.900390625 0.4794921875 0.1806640625 0.052734375
1 0.8984375 0.595703125 0.16796875 0.064453125
1 0.8203125 0.533203125 0.20703125 0.041015625
1 0.7177734375 0.5673828125 0.1484375 0.111328125
1 0.6181640625 0.5087890625 0.12109375 0.103515625
1 0.677734375 0.39453125 0.0849609375 0.1357421875
1 0.5673828125 0.435546875 0.0888671875 0.10546875
1 0.498046875 0.3828125 0.103515625 0.1162109375
1 0.453125 0.314453125 0.1220703125 0.1064453125
1 0.5654296875 0.3076171875 0.1201171875 0.1044921875
1 0.2255859375 0.3115234375 0.1240234375 0.04296875
1 0.3203125 0.3271484375 0.205078125 0.04296875
1 0.3720703125 0.337890625 0.078125 0.095703125
1 0.3740234375 0.4228515625 0.2236328125 0.0556640625
1 0.3720703125 0.484375 0.10546875 0.1171875
1 0.576171875 0.642578125 0.138671875 0.1279296875
1 0.7001953125 0.701171875 0.333984375 0.150390625
1 0.4814453125 0.5947265625 0.087890625 0.1025390625
1 0.3896484375 0.58203125 0.166015625 0.0810546875
1 0.283203125 0.6240234375 0.1181640625 0.138671875
1 0.1669921875 0.61328125 0.2314453125 0.1513671875
1 0.09375 0.478515625 0.1875 0.1328125
1 0.1572265625 0.4013671875 0.2353515625 0.0673828125
