1 0.484375 0.56640625 0.1494140625 0.0771484375
1 0.3876953125 0.6142578125 0.1669921875 0.0654296875
1 0.25 0.609375 0.1142578125 0.1201171875
1 0.349609375 0.5224609375 0.0615234375 0.109375
1 0.197265625 0.5078125 0.083984375 0.1064453125
1 0.5478515625 0.521484375 0.181640625 0.0693359375
1 0.6748046875 0.4892578125 0.1826171875 0.0546875
1 0.775390625 0.4580078125 0.1845703125 0.0986328125
1 0.544921875 0.392578125 0.1455078125 0.08203125
1 0.5830078125 0.31640625 0.09375 0.087890625
1 0.2587890625 0.4501953125 0.087890625 0.087890625
1 0.259765625 0.39453125 0.134765625 0.087890625
1 0.3095703125 0.314453125 0.115234375 0.09765625
1 0.435546875 0.341796875 0.177734375 0.03125
1 0.4326171875 0.3017578125 0.1650390625 0.0576171875
