1 0.802734375 0.470703125 0.142578125 0.0751953125
1 0.7021484375 0.50390625 0.0654296875 0.1103515625
1 0.556640625 0.6005859375 0.19921875 0.07421875
1 0.5283203125 0.5556640625 0.1923828125 0.044921875
1 0.5146484375 0.5185546875 0.19140625 0.0439453125
1 0.5546875 0.474609375 0.19140625 0.0517578125
1 0.6376953125 0.3642578125 0.20703125 0.05078125
1 0.5869140625 0.318359375 0.25390625 0.0390625
1 0.4775390625 0.4326171875 0.1796875 0.052734375
1 0.4404296875 0.30859375 0.1669921875 0.064453125
1 0.373046875 0.357421875 0.1943359375 0.052734375
1 0.3193359375 0.392578125 0.1416015625 0.0634765625
1 0.4462890625 0.3916015625 0.1943359375 0.044921875
1 0.373046875 0.4345703125 0.1318359375 0.0849609375
1 0.2880859375 0.4892578125 0.18359375 0.07421875
1 0.1591796875 0.4462890625 0.1240234375 0.0947265625
1 0.1416015625 0.5595703125 0.0908203125 0.109375
1 0.193359375 0.5654296875 0.1748046875 0.04296875
1 0.2763671875 0.6171875 0.2412109375 0.046875
1 0.3447265625 0.5654296875 0.1943359375 0.0771484375
