0 0.6435546875 0.7568359375 0.09375 0.1201171875
0 0.751953125 0.71484375 0.1953125 0.083984375
0 0.7138671875 0.5556640625 0.1416015625 0.0908203125
0 0.6708984375 0.4853515625 0.1591796875 0.0830078125
0 0.8701171875 0.4736328125 0.0888671875 0.08203125
0 0.80078125 0.4306640625 0.0693359375 0.091796875
0 0.7099609375 0.4267578125 0.1943359375 0.048828125
0 0.7216796875 0.3818359375 0.146484375 0.078125
0 0.5830078125 0.4169921875 0.14453125 0.0673828125
0 0.6025390625 0.373046875 0.1650390625 0.025390625
0 0.501953125 0.4267578125 0.1005859375 0.0771484375
0 0.4970703125 0.390625 0.185546875 0.0517578125
0 0.583984375 0.34765625 0.11328125 0.03515625
0 0.4384765625 0.3798828125 0.111328125 0.0361328125
0 0.4384765625 0.3603515625 0.1767578125 0.0400390625
0 0.2392578125 0.439453125 0.119140625 0.0576171875
0 0.294921875 0.39453125 0.1220703125 0.0634765625
0 0.31640625 0.4912109375 0.1640625 0.068359375
0 0.2373046875 0.466796875 0.11328125 0.0888671875
0 0.1416015625 0.55078125 0.1083984375 0.09765625
0 0.1787109375 0.5546875 0.125 0.1005859375
