0 0.4365234375 0.4697265625 0.2373046875 0.1201171875
0 0.2412109375 0.4462890625 0.314453125 0.0654296875
0 0.2255859375 0.4267578125 0.1083984375 0.1591796875
0 0.1015625 0.5126953125 0.0791015625 0.1884765625
0 0.158203125 0.5810546875 0.244140625 0.099609375
0 0.1396484375 0.62109375 0.1611328125 0.0732421875
0 0.3212890625 0.5693359375 0.2861328125 0.095703125
0 0.7646484375 0.5556640625 0.0830078125 0.181640625
0 0.26171875 0.7216796875 0.1552734375 0.109375
0 0.376953125 0.7392578125 0.33984375 0.05078125
0 0.453125 0.662109375 0.326171875 0.078125
0 0.4609375 0.662109375 0.3056640625 0.1259765625
0 0.6806640625 0.69140625 0.1748046875 0.1337890625
0 0.7294921875 0.6728515625 0.15625 0.125
0 0.640625 0.6513671875 0.0849609375 0.109375
0 0.75 0.6064453125 0.1669921875 0.080078125
0 0.53515625 0.6982421875 0.236328125 0.0859375
