0 0.3984375 0.3740234375 0.32421875 0.0576171875
0 0.6142578125 0.3603515625 0.2724609375 0.1025390625
0 0.779296875 0.4521484375 0.1240234375 0.16796875
0 0.126953125 0.607421875 0.1484375 0.17578125
0 0.224609375 0.677734375 0.2470703125 0.076171875
0 0.4091796875 0.720703125 0.2978515625 0.1025390625
0 0.46875 0.66796875 0.2724609375 0.06640625
0 0.8115234375 0.5771484375 0.09375 0.0361328125
0 0.7177734375 0.6640625 0.0595703125 0.0947265625
0 0.7392578125 0.611328125 0.0634765625 0.103515625
0 0.7783203125 0.630859375 0.0576171875 0.04296875
0 0.712890625 0.5634765625 0.2529296875 0.123046875
0 0.712890625 0.537109375 0.1201171875 0.0634765625
0 0.6728515625 0.5810546875 0.13671875 0.1708984375
0 0.498046875 0.7509765625 0.056640625 0.03125
0 0.5625 0.7197265625 0.091796875 0.07421875
0 0.580078125 0.681640625 0.2783203125 0.041015625
0 0.482421875 0.736328125 0.134765625 0.0576171875
