0 0.4619140625 0.333984375 0.26953125 0.06640625
0 0.4208984375 0.529296875 0.1591796875 0.1484375
0 0.244140625 0.5146484375 0.236328125 0.04296875
0 0.3212890625 0.6083984375 0.080078125 0.1083984375
0 0.216796875 0.666015625 0.2177734375 0.1533203125
0 0.1806640625 0.642578125 0.1552734375 0.076171875
0 0.171875 0.6904296875 0.126953125 0.10546875
0 0.2841796875 0.7373046875 0.099609375 0.0849609375
0 0.373046875 0.7138671875 0.0966796875 0.0927734375
0 0.4443359375 0.7578125 0.0927734375 0.09375
0 0.56640625 0.76171875 0.1328125 0.0546875
0 0.5791015625 0.6884765625 0.2060546875 0.1162109375
0 0.7109375 0.6923828125 0.2783203125 0.1123046875
0 0.80859375 0.5107421875 0.1572265625 0.15625
0 0.7998046875 0.611328125 0.1748046875 0.076171875
0 0.7734375 0.59765625 0.0986328125 0.1494140625
0 0.685546875 0.5380859375 0.2412109375 0.119140625
0 0.69140625 0.5810546875 0.1142578125 0.158203125
0 0.701171875 0.67578125 0.0693359375 0.0517578125
