0 0.673828125 0.619140625 0.083984375 0.1845703125
0 0.8017578125 0.4990234375 0.1796875 0.162109375
0 0.6474609375 0.421875 0.1435546875 0.142578125
0 0.3837890625 0.546875 0.09765625 0.1630859375
0 0.3330078125 0.701171875 0.1533203125 0.1591796875
0 0.3564453125 0.7548828125 0.3134765625 0.083984375
0 0.208984375 0.69140625 0.2265625 0.1171875
0 0.275390625 0.6875 0.19921875 0.123046875
0 0.373046875 0.390625 0.27734375 0.025390625
0 0.408203125 0.361328125 0.267578125 0.046875
0 0.3876953125 0.421875 0.1455078125 0.060546875
0 0.439453125 0.42578125 0.126953125 0.14453125
0 0.2802734375 0.4189453125 0.0888671875 0.078125
0 0.2431640625 0.474609375 0.2763671875 0.1181640625
0 0.2041015625 0.505859375 0.1591796875 0.1357421875
0 0.2578125 0.5419921875 0.1708984375 0.1376953125
0 0.12109375 0.560546875 0.078125 0.1455078125
0 0.1201171875 0.5546875 0.11328125 0.1494140625
0 0.2099609375 0.4990234375 0.1552734375 0.095703125
