0 0.611328125 0.439453125 0.3359375 0.0458984375
0 0.2568359375 0.453125 0.3154296875 0.0517578125
0 0.3154296875 0.5654296875 0.3046875 0.099609375
0 0.2421875 0.6005859375 0.255859375 0.0712890625
0 0.080078125 0.5673828125 0.083984375 0.064453125
0 0.1474609375 0.6533203125 0.1494140625 0.0673828125
0 0.140625 0.6396484375 0.1083984375 0.1220703125
0 0.236328125 0.6962890625 0.1328125 0.0634765625
0 0.3515625 0.681640625 0.208984375 0.08984375
0 0.2890625 0.728515625 0.23828125 0.0859375
0 0.3857421875 0.72265625 0.2392578125 0.0986328125
0 0.515625 0.7099609375 0.21484375 0.0888671875
0 0.5634765625 0.7138671875 0.197265625 0.1064453125
0 0.4873046875 0.6474609375 0.2685546875 0.07421875
0 0.62109375 0.7197265625 0.23828125 0.111328125
0 0.6845703125 0.6318359375 0.23046875 0.068359375
0 0.728515625 0.6240234375 0.1494140625 0.11328125
0 0.7724609375 0.5400390625 0.0869140625 0.15234375
