1 0.640625 0.3369140625 0.0703125 0.0693359375
1 0.810546875 0.375 0.1259765625 0.07421875
1 0.8798828125 0.4541015625 0.0830078125 0.0869140625
1 0.8291015625 0.443359375 0.09765625 0.0693359375
1 0.88671875 0.599609375 0.1201171875 0.103515625
1 0.8173828125 0.537109375 0.220703125 0.0712890625
1 0.701171875 0.4365234375 0.1376953125 0.12109375
1 0.6533203125 0.5419921875 0.1298828125 0.0888671875
1 0.7158203125 0.580078125 0.1142578125 0.091796875
1 0.7587890625 0.6982421875 0.2724609375 0.1328125
1 0.5947265625 0.69140625 0.0908203125 0.1396484375
1 0.5087890625 0.6240234375 0.0849609375 0.09765625
1 0.5908203125 0.42578125 0.0732421875 0.107421875
1 0.583984375 0.3173828125 0.1025390625 0.099609375
1 0.478515625 0.3056640625 0.123046875 0.0830078125
1 0.4970703125 0.3408203125 0.1953125 0.052734375
1 0.5087890625 0.40625 0.08203125 0.1259765625
1 0.3818359375 0.3447265625 0.0693359375 0.103515625
1 0.2275390625 0.349609375 0.1484375 0.064453125
1 0.3525390625 0.4150390625 0.1650390625 0.080078125
1 0.4013671875 0.5087890625 0.1123046875 0.1376953125
1 0.4150390625 0.6162109375 0.1533203125 0.0849609375
1 0.2890625 0.609375 0.1591796875 0.1220703125
1 0.166015625 0.4169921875 0.1884765625 0.0966796875
1 0.109375 0.4990234375 0.1845703125 0.1494140625
1 0.173828125 0.6279296875 0.2275390625 0.17578125
