1 0.330078125 0.267578125 0.193359375 0.0634765625
1 0.43359375 0.28125 0.2314453125 0.05078125
1 0.8173828125 0.45703125 0.193359375 0.0458984375
1 0.6689453125 0.3603515625 0.1337890625 0.1103515625
1 0.5185546875 0.3857421875 0.208984375 0.0546875
1 0.353515625 0.3642578125 0.212890625 0.0517578125
1 0.49609375 0.322265625 0.111328125 0.0400390625
1 0.3564453125 0.32421875 0.1953125 0.0439453125
1 0.2216796875 0.33203125 0.1650390625 0.0595703125
1 0.6611328125 0.48828125 0.1748046875 0.078125
1 0.501953125 0.4892578125 0.146484375 0.0927734375
1 0.5654296875 0.55078125 0.1884765625 0.060546875
1 0.5625 0.6455078125 0.17578125 0.083984375
1 0.46484375 0.572265625 0.158203125 0.060546875
1 0.4697265625 0.64453125 0.10546875 0.13671875
1 0.3896484375 0.6025390625 0.138671875 0.115234375
1 0.314453125 0.63671875 0.1513671875 0.1025390625
1 0.2158203125 0.603515625 0.10546875 0.1259765625
1 0.3017578125 0.51171875 0.162109375 0.0673828125
1 0.1484375 0.4814453125 0.2041015625 0.052734375
