0 0.369140625 0.716796875 0.294921875 0.068359375
0 0.3388671875 0.7509765625 0.283203125 0.07421875
0 0.5009765625 0.7607421875 0.337890625 0.078125
0 0.5048828125 0.732421875 0.150390625 0.1376953125
0 0.640625 0.4970703125 0.125 0.1591796875
0 0.5673828125 0.5576171875 0.09375 0.1845703125
0 0.5078125 0.55859375 0.3115234375 0.068359375
0 0.384765625 0.625 0.2421875 0.1435546875
0 0.1767578125 0.59375 0.2705078125 0.076171875
0 0.1396484375 0.5791015625 0.0927734375 0.15625
0 0.1005859375 0.564453125 0.111328125 0.1728515625
0 0.5859375 0.375 0.203125 0.0556640625
0 0.388671875 0.4931640625 0.255859375 0.0791015625
0 0.447265625 0.42578125 0.109375 0.16015625
0 0.3603515625 0.427734375 0.17578125 0.1435546875
0 0.2373046875 0.45703125 0.306640625 0.083984375
0 0.220703125 0.4423828125 0.1240234375 0.1396484375
0 0.201171875 0.4052734375 0.2373046875 0.1259765625
0 0.298828125 0.384765625 0.220703125 0.0869140625
0 0.3388671875 0.384765625 0.318359375 0.0732421875
