0 0.2998046875 0.4990234375 0.1396484375 0.0234375
0 0.2724609375 0.4580078125 0.064453125 0.068359375
0 0.19921875 0.6767578125 0.107421875 0.0693359375
0 0.345703125 0.7392578125 0.126953125 0.0576171875
0 0.72265625 0.69921875 0.0869140625 0.06640625
0 0.55078125 0.7353515625 0.146484375 0.0244140625
0 0.630859375 0.6953125 0.173828125 0.0439453125
0 0.62890625 0.7333984375 0.1279296875 0.052734375
0 0.51953125 0.7666015625 0.1337890625 0.037109375
0 0.4658203125 0.775390625 0.15625 0.025390625
