0 0.5087890625 0.3759765625 0.123046875 0.12890625
0 0.6884765625 0.5888671875 0.10546875 0.0537109375
0 0.6572265625 0.5205078125 0.1572265625 0.1552734375
0 0.498046875 0.4736328125 0.076171875 0.16796875
0 0.3583984375 0.4375 0.28515625 0.1005859375
0 0.111328125 0.46875 0.2001953125 0.04296875
0 0.1806640625 0.4677734375 0.12109375 0.16796875
0 0.1513671875 0.5322265625 0.1015625 0.0703125
0 0.1484375 0.59765625 0.1259765625 0.19140625
0 0.2470703125 0.6171875 0.1357421875 0.1591796875
0 0.19140625 0.640625 0.16015625 0.1044921875
0 0.3056640625 0.716796875 0.2607421875 0.0712890625
0 0.3388671875 0.7197265625 0.15234375 0.11328125
0 0.421875 0.7578125 0.1181640625 0.1005859375
0 0.52734375 0.744140625 0.228515625 0.0625
0 0.6318359375 0.7080078125 0.134765625 0.1044921875
0 0.6767578125 0.6982421875 0.16796875 0.0771484375
0 0.7265625 0.6630859375 0.279296875 0.1220703125
0 0.8076171875 0.623046875 0.1689453125 0.1533203125
