1 0.3974609375 0.291015625 0.2119140625 0.0400390625
1 0.2314453125 0.3212890625 0.1669921875 0.0322265625
1 0.19921875 0.349609375 0.1787109375 0.0537109375
1 0.2568359375 0.380859375 0.166015625 0.08984375
1 0.4951171875 0.337890625 0.2021484375 0.0439453125
1 0.6005859375 0.296875 0.1416015625 0.0693359375
1 0.701171875 0.4091796875 0.123046875 0.1103515625
1 0.3818359375 0.46875 0.1826171875 0.072265625
1 0.62890625 0.5 0.1005859375 0.0810546875
1 0.537109375 0.4091796875 0.1494140625 0.0986328125
