1 0.7783203125 0.43359375 0.1376953125 0.0849609375
1 0.8115234375 0.5517578125 0.1103515625 0.095703125
1 0.59765625 0.6943359375 0.14453125 0.1259765625
1 0.5107421875 0.6064453125 0.1513671875 0.1083984375
1 0.52734375 0.4833984375 0.1494140625 0.095703125
1 0.490234375 0.4111328125 0.2158203125 0.033203125
1 0.416015625 0.3798828125 0.1787109375 0.0380859375
1 0.48828125 0.35546875 0.15234375 0.046875
1 0.3681640625 0.345703125 0.154296875 0.068359375
1 0.6201171875 0.31640625 0.169921875 0.056640625
1 0.4931640625 0.3056640625 0.2265625 0.0517578125
1 0.4091796875 0.48046875 0.083984375 0.0986328125
1 0.328125 0.4287109375 0.1396484375 0.0888671875
1 0.234375 0.462890625 0.1123046875 0.111328125
1 0.30078125 0.515625 0.1875 0.056640625
1 0.15234375 0.4521484375 0.13671875 0.095703125
1 0.2333984375 0.5517578125 0.2265625 0.0458984375
1 0.1435546875 0.625 0.076171875 0.1044921875
1 0.251953125 0.634765625 0.1328125 0.1083984375
1 0.3955078125 0.677734375 0.2021484375 0.11328125
