1 0.5673828125 0.4423828125 0.169921875 0.0830078125
1 0.7001953125 0.318359375 0.1826171875 0.03515625
1 0.5908203125 0.2607421875 0.23046875 0.046875
1 0.5537109375 0.28515625 0.220703125 0.046875
1 0.4052734375 0.30078125 0.1953125 0.0390625
1 0.3408203125 0.3505859375 0.18359375 0.0810546875
1 0.7646484375 0.3828125 0.1376953125 0.1083984375
1 0.7578125 0.47265625 0.07421875 0.109375
1 0.7607421875 0.580078125 0.0966796875 0.1103515625
1 0.6357421875 0.548828125 0.1650390625 0.0947265625
1 0.666015625 0.662109375 0.2109375 0.037109375
1 0.53125 0.6025390625 0.123046875 0.1181640625
1 0.33203125 0.6884765625 0.208984375 0.0673828125
1 0.2041015625 0.60546875 0.0810546875 0.1279296875
1 0.3115234375 0.5078125 0.1533203125 0.0771484375
1 0.3701171875 0.5849609375 0.1259765625 0.1025390625
1 0.431640625 0.5517578125 0.0673828125 0.1142578125
1 0.08984375 0.4892578125 0.080078125 0.107421875
1 0.146484375 0.505859375 0.072265625 0.119140625
1 0.2001953125 0.4140625 0.1328125 0.1015625
