1 0.5986328125 0.578125 0.1396484375 0.1064453125
1 0.7119140625 0.4716796875 0.23046875 0.052734375
1 0.583984375 0.4169921875 0.103515625 0.103515625
1 0.2216796875 0.357421875 0.16796875 0.056640625
1 0.3134765625 0.392578125 0.203125 0.0537109375
1 0.1572265625 0.4462890625 0.06640625 0.09375
1 0.3671875 0.5078125 0.1806640625 0.06640625
1 0.30859375 0.5595703125 0.1337890625 0.07421875
1 0.3193359375 0.6298828125 0.173828125 0.1142578125
1 0.2353515625 0.4892578125 0.1640625 0.1142578125
1 0.3525390625 0.294921875 0.255859375 0.0576171875
1 0.5322265625 0.322265625 0.173828125 0.0556640625
1 0.6630859375 0.3525390625 0.1806640625 0.0380859375
1 0.697265625 0.3388671875 0.1455078125 0.0966796875
1 0.609375 0.2900390625 0.2021484375 0.0673828125
