1 0.7236328125 0.4208984375 0.185546875 0.056640625
1 0.6044921875 0.5546875 0.0927734375 0.1083984375
1 0.478515625 0.52734375 0.0869140625 0.115234375
1 0.3974609375 0.5361328125 0.0908203125 0.1162109375
1 0.30859375 0.533203125 0.1962890625 0.0673828125
1 0.2216796875 0.5400390625 0.1435546875 0.09765625
1 0.43359375 0.3779296875 0.1396484375 0.05859375
1 0.4072265625 0.2919921875 0.1923828125 0.044921875
1 0.3447265625 0.341796875 0.0673828125 0.064453125
1 0.4873046875 0.341796875 0.185546875 0.0751953125
