0 0.8583984375 0.4609375 0.1806640625 0.12890625
0 0.5068359375 0.7294921875 0.3212890625 0.0478515625
0 0.3837890625 0.685546875 0.294921875 0.052734375
0 0.3486328125 0.6455078125 0.171875 0.072265625
0 0.5205078125 0.3564453125 0.2080078125 0.1005859375
0 0.2138671875 0.505859375 0.09765625 0.1806640625
0 0.3115234375 0.4189453125 0.20703125 0.1435546875
0 0.337890625 0.4404296875 0.173828125 0.1591796875
0 0.3544921875 0.357421875 0.2626953125 0.12890625
0 0.455078125 0.5654296875 0.1611328125 0.1640625
