0 0.5029296875 0.7578125 0.166015625 0.0400390625
0 0.171875 0.5634765625 0.0859375 0.076171875
0 0.3564453125 0.43359375 0.123046875 0.0654296875
0 0.6806640625 0.458984375 0.0830078125 0.0517578125
0 0.69140625 0.490234375 0.1123046875 0.0556640625
0 0.494140625 0.5 0.0849609375 0.0654296875
0 0.4287109375 0.5263671875 0.1318359375 0.04296875
0 0.1767578125 0.6533203125 0.1201171875 0.0263671875
0 0.193359375 0.6337890625 0.1162109375 0.0380859375
0 0.1650390625 0.6376953125 0.0947265625 0.08984375
