1 0.416015625 0.2958984375 0.24609375 0.0498046875
1 0.68359375 0.421875 0.1435546875 0.0703125
1 0.6162109375 0.34765625 0.1123046875 0.0703125
1 0.5458984375 0.4033203125 0.146484375 0.0771484375
1 0.3466796875 0.369140625 0.2294921875 0.0458984375
1 0.3896484375 0.4326171875 0.15234375 0.087890625
1 0.19921875 0.416015625 0.1591796875 0.072265625
1 0.3173828125 0.5029296875 0.2119140625 0.060546875
1 0.3310546875 0.5712890625 0.228515625 0.0625
1 0.505859375 0.544921875 0.099609375 0.1201171875
