1 0.8310546875 0.455078125 0.2021484375 0.0302734375
1 0.697265625 0.392578125 0.150390625 0.09765625
1 0.5458984375 0.3974609375 0.1728515625 0.0654296875
1 0.4658203125 0.3603515625 0.197265625 0.046875
1 0.5087890625 0.326171875 0.13671875 0.03125
1 0.365234375 0.337890625 0.1767578125 0.0478515625
1 0.26953125 0.326171875 0.1611328125 0.0419921875
1 0.359375 0.2744140625 0.1943359375 0.072265625
1 0.44921875 0.283203125 0.2158203125 0.048828125
1 0.6708984375 0.4833984375 0.21484375 0.0634765625
1 0.486328125 0.4990234375 0.1943359375 0.05859375
1 0.6005859375 0.55078125 0.1572265625 0.0751953125
1 0.5625 0.658203125 0.193359375 0.0439453125
1 0.478515625 0.6318359375 0.1005859375 0.12890625
1 0.3740234375 0.56640625 0.177734375 0.0439453125
1 0.3740234375 0.5947265625 0.1953125 0.08984375
1 0.3603515625 0.6806640625 0.162109375 0.0927734375
1 0.3017578125 0.5146484375 0.16015625 0.0703125
1 0.126953125 0.466796875 0.123046875 0.0888671875
1 0.15625 0.5546875 0.2060546875 0.0986328125
