1 0.8544921875 0.4560546875 0.16015625 0.0673828125
1 0.6943359375 0.404296875 0.1572265625 0.095703125
1 0.5068359375 0.3291015625 0.1650390625 0.0400390625
1 0.6171875 0.3310546875 0.2021484375 0.0380859375
1 0.4716796875 0.2919921875 0.18359375 0.0712890625
1 0.5478515625 0.392578125 0.1611328125 0.06640625
1 0.6611328125 0.478515625 0.2236328125 0.056640625
1 0.611328125 0.572265625 0.1064453125 0.1181640625
1 0.5498046875 0.6689453125 0.2216796875 0.0595703125
1 0.5380859375 0.6767578125 0.140625 0.08984375
1 0.4990234375 0.5673828125 0.1513671875 0.11328125
1 0.44140625 0.4921875 0.181640625 0.0751953125
1 0.2978515625 0.5146484375 0.1552734375 0.076171875
1 0.2724609375 0.5703125 0.2255859375 0.0615234375
1 0.19921875 0.6181640625 0.193359375 0.0537109375
1 0.0791015625 0.4716796875 0.125 0.123046875
1 0.1455078125 0.3564453125 0.1162109375 0.1083984375
1 0.36328125 0.3623046875 0.193359375 0.0439453125
1 0.2724609375 0.3359375 0.1689453125 0.064453125
1 0.3212890625 0.3046875 0.193359375 0.064453125
