0 0.849609375 0.638671875 0.130859375 0.08203125
0 0.77734375 0.6904296875 0.173828125 0.0634765625
0 0.734375 0.3662109375 0.1025390625 0.0986328125
0 0.6416015625 0.384765625 0.1748046875 0.052734375
0 0.517578125 0.3310546875 0.18359375 0.0400390625
0 0.4072265625 0.35546875 0.1533203125 0.0625
0 0.4609375 0.4560546875 0.1025390625 0.08984375
0 0.359375 0.439453125 0.1240234375 0.0869140625
0 0.3193359375 0.408203125 0.08984375 0.1123046875
0 0.263671875 0.40625 0.0830078125 0.0810546875
0 0.2119140625 0.4287109375 0.0654296875 0.0771484375
0 0.1875 0.48046875 0.07421875 0.095703125
0 0.2373046875 0.53515625 0.1240234375 0.10546875
0 0.251953125 0.6328125 0.1806640625 0.0517578125
0 0.2578125 0.6611328125 0.107421875 0.0869140625
