0 0.775390625 0.4814453125 0.3193359375 0.0498046875
0 0.7705078125 0.6640625 0.1494140625 0.1513671875
0 0.7041015625 0.7138671875 0.2998046875 0.0986328125
0 0.2998046875 0.6787109375 0.25390625 0.1123046875
0 0.3564453125 0.6025390625 0.1279296875 0.1669921875
0 0.2783203125 0.484375 0.2900390625 0.09375
0 0.37890625 0.4541015625 0.158203125 0.1357421875
0 0.537109375 0.326171875 0.3232421875 0.029296875
0 0.533203125 0.3720703125 0.234375 0.076171875
0 0.44140625 0.392578125 0.28125 0.1181640625
