1 0.8818359375 0.4501953125 0.0625 0.0888671875
1 0.8271484375 0.42578125 0.0849609375 0.1025390625
1 0.79296875 0.482421875 0.1630859375 0.0751953125
1 0.7119140625 0.44140625 0.1767578125 0.0859375
1 0.6357421875 0.337890625 0.0556640625 0.0654296875
1 0.7119140625 0.3564453125 0.154296875 0.0908203125
1 0.5986328125 0.330078125 0.0791015625 0.1005859375
1 0.5322265625 0.3369140625 0.0693359375 0.111328125
1 0.51171875 0.2841796875 0.193359375 0.068359375
1 0.6826171875 0.5546875 0.126953125 0.0908203125
1 0.77734375 0.5439453125 0.24609375 0.0576171875
1 0.6796875 0.6416015625 0.1025390625 0.1064453125
1 0.7763671875 0.6630859375 0.1630859375 0.2080078125
1 0.5283203125 0.6259765625 0.09765625 0.1015625
1 0.59765625 0.71484375 0.0830078125 0.111328125
1 0.513671875 0.7041015625 0.0634765625 0.12890625
1 0.4306640625 0.53515625 0.310546875 0.0693359375
1 0.509765625 0.4775390625 0.17578125 0.0947265625
1 0.4501953125 0.4111328125 0.2255859375 0.046875
1 0.400390625 0.3349609375 0.1103515625 0.0859375
1 0.380859375 0.35546875 0.1865234375 0.07421875
1 0.2509765625 0.3837890625 0.123046875 0.056640625
1 0.23828125 0.4228515625 0.20703125 0.0673828125
1 0.310546875 0.470703125 0.0810546875 0.0556640625
1 0.19140625 0.6337890625 0.201171875 0.103515625
1 0.119140625 0.4814453125 0.1845703125 0.1328125
