1 0.8779296875 0.4140625 0.1044921875 0.0869140625
1 0.767578125 0.375 0.2109375 0.052734375
1 0.5810546875 0.314453125 0.16796875 0.0732421875
1 0.53515625 0.3642578125 0.140625 0.046875
1 0.7099609375 0.4560546875 0.232421875 0.16796875
1 0.65625 0.5107421875 0.193359375 0.0830078125
1 0.53125 0.4482421875 0.103515625 0.1318359375
1 0.447265625 0.33203125 0.1591796875 0.0546875
1 0.3369140625 0.30859375 0.2255859375 0.0439453125
1 0.333984375 0.3505859375 0.138671875 0.0390625
1 0.33984375 0.3955078125 0.2060546875 0.052734375
1 0.943359375 0.5478515625 0.0927734375 0.109375
1 0.8759765625 0.6328125 0.0615234375 0.107421875
1 0.80078125 0.734375 0.1435546875 0.076171875
1 0.767578125 0.685546875 0.1240234375 0.103515625
1 0.6083984375 0.6943359375 0.171875 0.083984375
1 0.5576171875 0.7685546875 0.1533203125 0.0625
1 0.4326171875 0.65625 0.09375 0.1240234375
1 0.43359375 0.759765625 0.08984375 0.087890625
1 0.3193359375 0.7236328125 0.119140625 0.140625
1 0.208984375 0.6484375 0.1396484375 0.07421875
1 0.203125 0.5791015625 0.2099609375 0.056640625
1 0.05859375 0.564453125 0.1171875 0.09375
1 0.1181640625 0.4697265625 0.0732421875 0.0986328125
1 0.2373046875 0.4404296875 0.0791015625 0.04296875
1 0.2578125 0.49609375 0.0849609375 0.068359375
