0 0.6328125 0.5478515625 0.109375 0.109375
0 0.6591796875 0.6396484375 0.1455078125 0.07421875
0 0.900390625 0.53515625 0.0693359375 0.0888671875
0 0.3017578125 0.6083984375 0.1796875 0.0703125
0 0.2626953125 0.662109375 0.103515625 0.0986328125
0 0.7158203125 0.3544921875 0.1484375 0.0625
0 0.6826171875 0.3916015625 0.1552734375 0.0546875
0 0.56640625 0.3447265625 0.1572265625 0.0390625
0 0.4951171875 0.3408203125 0.115234375 0.072265625
0 0.2841796875 0.51953125 0.1142578125 0.0810546875
0 0.3017578125 0.41796875 0.0546875 0.1181640625
0 0.255859375 0.427734375 0.068359375 0.0751953125
0 0.2744140625 0.4736328125 0.1201171875 0.0537109375
0 0.2080078125 0.4443359375 0.078125 0.087890625
0 0.568359375 0.3955078125 0.080078125 0.0859375
