0 0.818359375 0.44140625 0.212890625 0.107421875
0 0.7314453125 0.3779296875 0.2275390625 0.1083984375
0 0.6767578125 0.3544921875 0.302734375 0.0859375
0 0.4814453125 0.3564453125 0.2646484375 0.0830078125
0 0.3642578125 0.48828125 0.2333984375 0.162109375
0 0.2158203125 0.60546875 0.107421875 0.1298828125
0 0.66015625 0.69921875 0.2890625 0.0869140625
0 0.4130859375 0.5947265625 0.2236328125 0.134765625
0 0.443359375 0.66015625 0.2158203125 0.09375
0 0.3681640625 0.703125 0.2861328125 0.0771484375
