1 0.38671875 0.462890625 0.19140625 0.068359375
1 0.5244140625 0.4208984375 0.107421875 0.1005859375
1 0.6201171875 0.4990234375 0.109375 0.0830078125
1 0.734375 0.458984375 0.126953125 0.11328125
1 0.634765625 0.31640625 0.1416015625 0.078125
1 0.4794921875 0.3173828125 0.150390625 0.0771484375
1 0.3935546875 0.330078125 0.162109375 0.037109375
1 0.3271484375 0.3232421875 0.134765625 0.08203125
1 0.2255859375 0.3115234375 0.171875 0.0478515625
1 0.208984375 0.3447265625 0.16015625 0.0576171875
