1 0.5 0.2802734375 0.2001953125 0.0546875
1 0.5791015625 0.3251953125 0.16015625 0.0390625
1 0.7158203125 0.3564453125 0.07421875 0.099609375
1 0.6845703125 0.404296875 0.13671875 0.095703125
1 0.5810546875 0.3720703125 0.2021484375 0.033203125
1 0.453125 0.3916015625 0.0751953125 0.107421875
1 0.39453125 0.328125 0.1220703125 0.0576171875
1 0.3671875 0.3203125 0.2177734375 0.044921875
1 0.2548828125 0.376953125 0.1416015625 0.06640625
1 0.3505859375 0.4208984375 0.13671875 0.072265625
1 0.43359375 0.478515625 0.0771484375 0.099609375
1 0.2138671875 0.46875 0.076171875 0.1025390625
1 0.09375 0.5244140625 0.103515625 0.109375
1 0.4345703125 0.55078125 0.193359375 0.0712890625
1 0.2509765625 0.603515625 0.150390625 0.0927734375
1 0.5751953125 0.5712890625 0.1953125 0.0859375
1 0.736328125 0.5205078125 0.0927734375 0.123046875
1 0.673828125 0.611328125 0.1162109375 0.1005859375
1 0.5947265625 0.658203125 0.0849609375 0.107421875
1 0.513671875 0.6552734375 0.15234375 0.0546875
