1 0.8095703125 0.3681640625 0.1240234375 0.0888671875
1 0.7763671875 0.3935546875 0.13671875 0.107421875
1 0.609375 0.318359375 0.0830078125 0.033203125
1 0.6650390625 0.3251953125 0.234375 0.076171875
1 0.6923828125 0.4111328125 0.111328125 0.0966796875
1 0.767578125 0.4765625 0.0791015625 0.109375
1 0.88671875 0.5244140625 0.140625 0.1259765625
1 0.7900390625 0.5810546875 0.1865234375 0.1064453125
1 0.7001953125 0.703125 0.326171875 0.1318359375
1 0.5546875 0.583984375 0.130859375 0.1083984375
1 0.6171875 0.48828125 0.15625 0.0966796875
1 0.556640625 0.40234375 0.1669921875 0.0693359375
1 0.517578125 0.28515625 0.146484375 0.09375
1 0.4443359375 0.3154296875 0.158203125 0.0947265625
1 0.3466796875 0.3154296875 0.1806640625 0.068359375
1 0.4609375 0.4326171875 0.1142578125 0.1220703125
1 0.416015625 0.4697265625 0.119140625 0.083984375
1 0.3271484375 0.4482421875 0.0771484375 0.091796875
1 0.263671875 0.4130859375 0.0859375 0.130859375
1 0.443359375 0.5439453125 0.2373046875 0.0439453125
1 0.2841796875 0.525390625 0.1240234375 0.119140625
1 0.4013671875 0.646484375 0.130859375 0.1171875
1 0.39453125 0.73828125 0.2548828125 0.080078125
1 0.26953125 0.5869140625 0.1748046875 0.0849609375
1 0.1162109375 0.453125 0.2255859375 0.15625
1 0.16796875 0.609375 0.2548828125 0.1455078125
