1 0.416015625 0.287109375 0.2412109375 0.0693359375
1 0.4736328125 0.3369140625 0.181640625 0.0712890625
1 0.2607421875 0.373046875 0.150390625 0.0908203125
1 0.384765625 0.427734375 0.1328125 0.1083984375
1 0.3232421875 0.5087890625 0.2529296875 0.048828125
1 0.3017578125 0.5771484375 0.220703125 0.060546875
1 0.458984375 0.5634765625 0.1435546875 0.1064453125
1 0.626953125 0.3466796875 0.1103515625 0.078125
1 0.5576171875 0.4111328125 0.12109375 0.0947265625
1 0.6953125 0.423828125 0.1689453125 0.072265625
