0 0.703125 0.716796875 0.1650390625 0.060546875
0 0.568359375 0.5703125 0.177734375 0.0361328125
0 0.400390625 0.630859375 0.173828125 0.0634765625
0 0.3212890625 0.568359375 0.1650390625 0.041015625
0 0.259765625 0.65234375 0.11328125 0.08984375
0 0.3359375 0.47265625 0.201171875 0.0458984375
0 0.1796875 0.484375 0.0791015625 0.09765625
0 0.2138671875 0.5546875 0.0830078125 0.0859375
0 0.32421875 0.4111328125 0.0732421875 0.1171875
0 0.4765625 0.3857421875 0.1435546875 0.0546875
0 0.7890625 0.408203125 0.0634765625 0.0947265625
0 0.7041015625 0.4033203125 0.083984375 0.0869140625
0 0.5830078125 0.3466796875 0.0966796875 0.0771484375
0 0.6494140625 0.3583984375 0.1435546875 0.05859375
0 0.6826171875 0.3662109375 0.1572265625 0.0537109375
