1 0.5361328125 0.3173828125 0.177734375 0.03125
1 0.498046875 0.2724609375 0.15625 0.056640625
1 0.400390625 0.2724609375 0.1162109375 0.0615234375
1 0.341796875 0.330078125 0.16015625 0.0751953125
1 0.3779296875 0.3740234375 0.138671875 0.0703125
1 0.2685546875 0.3955078125 0.169921875 0.048828125
1 0.435546875 0.455078125 0.07421875 0.0986328125
1 0.689453125 0.400390625 0.162109375 0.099609375
1 0.7783203125 0.4365234375 0.0673828125 0.0908203125
1 0.7919921875 0.478515625 0.0810546875 0.0888671875
1 0.6064453125 0.4697265625 0.2109375 0.041015625
1 0.7490234375 0.544921875 0.09765625 0.103515625
1 0.7255859375 0.6005859375 0.1123046875 0.068359375
1 0.537109375 0.5390625 0.060546875 0.10546875
1 0.5224609375 0.5615234375 0.1171875 0.080078125
1 0.54296875 0.6728515625 0.2119140625 0.0517578125
1 0.396484375 0.634765625 0.0908203125 0.134765625
1 0.3154296875 0.5361328125 0.134765625 0.095703125
1 0.173828125 0.4619140625 0.1748046875 0.0751953125
1 0.203125 0.560546875 0.20703125 0.0693359375
