1 0.5693359375 0.298828125 0.1875 0.044921875
1 0.7646484375 0.548828125 0.12890625 0.08203125
1 0.900390625 0.5859375 0.0927734375 0.10546875
1 0.62109375 0.5908203125 0.080078125 0.1015625
1 0.7421875 0.6494140625 0.0947265625 0.0947265625
1 0.5869140625 0.6806640625 0.158203125 0.1025390625
1 0.6201171875 0.7197265625 0.1416015625 0.1064453125
1 0.41015625 0.5869140625 0.173828125 0.095703125
1 0.322265625 0.490234375 0.130859375 0.04296875
1 0.474609375 0.4755859375 0.1689453125 0.0947265625
1 0.68359375 0.4833984375 0.22265625 0.06640625
1 0.5048828125 0.3505859375 0.1669921875 0.0751953125
1 0.669921875 0.38671875 0.111328125 0.095703125
1 0.748046875 0.384765625 0.2041015625 0.1533203125
1 0.609375 0.4248046875 0.31640625 0.0732421875
1 0.3408203125 0.361328125 0.181640625 0.04296875
1 0.3017578125 0.3291015625 0.2412109375 0.0537109375
1 0.296875 0.4423828125 0.166015625 0.0556640625
1 0.26171875 0.3994140625 0.216796875 0.04296875
1 0.09765625 0.404296875 0.16796875 0.0947265625
1 0.1201171875 0.478515625 0.166015625 0.1650390625
1 0.2080078125 0.55859375 0.125 0.0986328125
1 0.203125 0.6328125 0.0947265625 0.0625
1 0.3603515625 0.7197265625 0.203125 0.0498046875
1 0.271484375 0.6826171875 0.1640625 0.10546875
1 0.126953125 0.6708984375 0.1357421875 0.1337890625
