1 0.5078125 0.330078125 0.15625 0.0478515625
1 0.5068359375 0.283203125 0.1630859375 0.0537109375
1 0.3701171875 0.3720703125 0.1943359375 0.037109375
1 0.3623046875 0.28515625 0.1689453125 0.0634765625
1 0.3447265625 0.31640625 0.107421875 0.05859375
1 0.2197265625 0.3515625 0.1728515625 0.048828125
1 0.1640625 0.44921875 0.1689453125 0.0869140625
1 0.6962890625 0.6064453125 0.1337890625 0.091796875
1 0.5400390625 0.666015625 0.216796875 0.05078125
1 0.2705078125 0.6298828125 0.177734375 0.080078125
1 0.296875 0.517578125 0.15234375 0.0712890625
1 0.2255859375 0.5615234375 0.22265625 0.0556640625
1 0.60546875 0.5712890625 0.15234375 0.0537109375
1 0.486328125 0.5390625 0.1806640625 0.06640625
1 0.7666015625 0.47265625 0.08984375 0.0751953125
1 0.64453125 0.4765625 0.181640625 0.04296875
1 0.611328125 0.4140625 0.201171875 0.078125
1 0.73828125 0.4150390625 0.203125 0.052734375
1 0.7265625 0.3798828125 0.1787109375 0.078125
1 0.4296875 0.4697265625 0.119140625 0.091796875
