0 0.880859375 0.5068359375 0.08203125 0.0908203125
0 0.69140625 0.3798828125 0.16796875 0.0595703125
0 0.6611328125 0.40625 0.1845703125 0.0400390625
0 0.7001953125 0.4326171875 0.1103515625 0.091796875
0 0.4599609375 0.3544921875 0.05859375 0.103515625
0 0.3017578125 0.6142578125 0.080078125 0.115234375
0 0.369140625 0.6787109375 0.1748046875 0.0400390625
0 0.337890625 0.6884765625 0.0908203125 0.0966796875
0 0.2177734375 0.509765625 0.0673828125 0.0869140625
0 0.1728515625 0.5556640625 0.1015625 0.0576171875
0 0.2119140625 0.4482421875 0.08203125 0.0849609375
0 0.2529296875 0.40234375 0.15234375 0.0380859375
0 0.33203125 0.4189453125 0.1201171875 0.0966796875
0 0.396484375 0.36328125 0.166015625 0.0458984375
0 0.3125 0.3603515625 0.1630859375 0.0546875
