1 0.734375 0.5556640625 0.1474609375 0.0869140625
1 0.6767578125 0.6416015625 0.13671875 0.0732421875
1 0.5537109375 0.68359375 0.197265625 0.0400390625
1 0.42578125 0.6748046875 0.1513671875 0.1201171875
1 0.3876953125 0.576171875 0.21875 0.0712890625
1 0.1337890625 0.5322265625 0.12890625 0.10546875
1 0.2626953125 0.484375 0.189453125 0.0576171875
1 0.1611328125 0.3828125 0.1201171875 0.1259765625
1 0.2431640625 0.4248046875 0.1474609375 0.0703125
1 0.380859375 0.396484375 0.1181640625 0.0751953125
1 0.4404296875 0.47265625 0.0693359375 0.10546875
1 0.5517578125 0.3251953125 0.181640625 0.033203125
1 0.5068359375 0.2685546875 0.16796875 0.037109375
1 0.380859375 0.30859375 0.181640625 0.0625
1 0.3642578125 0.3369140625 0.130859375 0.076171875
1 0.5068359375 0.482421875 0.0908203125 0.10546875
1 0.5498046875 0.4755859375 0.18359375 0.056640625
1 0.69140625 0.4013671875 0.1337890625 0.10546875
1 0.724609375 0.4482421875 0.1005859375 0.09765625
1 0.791015625 0.4462890625 0.087890625 0.1044921875
