0 0.7548828125 0.4423828125 0.169921875 0.14453125
0 0.8740234375 0.4453125 0.1796875 0.1630859375
0 0.8876953125 0.5361328125 0.12109375 0.20703125
0 0.3310546875 0.611328125 0.1796875 0.1767578125
0 0.19921875 0.52734375 0.115234375 0.1845703125
0 0.2626953125 0.396484375 0.255859375 0.1298828125
0 0.380859375 0.353515625 0.255859375 0.07421875
0 0.53515625 0.3544921875 0.2939453125 0.0361328125
0 0.53515625 0.31640625 0.23828125 0.044921875
0 0.646484375 0.3486328125 0.1533203125 0.1201171875
