0 0.9287109375 0.52734375 0.11328125 0.0693359375
0 0.7900390625 0.5400390625 0.1767578125 0.07421875
0 0.724609375 0.35546875 0.08984375 0.08984375
0 0.6416015625 0.3779296875 0.173828125 0.0478515625
0 0.3916015625 0.349609375 0.083984375 0.08203125
0 0.375 0.5654296875 0.1962890625 0.048828125
0 0.3232421875 0.4638671875 0.173828125 0.0439453125
0 0.3115234375 0.5009765625 0.140625 0.0703125
0 0.2529296875 0.4091796875 0.1171875 0.08203125
0 0.3125 0.41015625 0.099609375 0.1025390625
0 0.1826171875 0.48828125 0.083984375 0.111328125
0 0.453125 0.6689453125 0.125 0.10546875
0 0.6474609375 0.712890625 0.1640625 0.064453125
0 0.1806640625 0.5869140625 0.0908203125 0.0859375
0 0.2470703125 0.6533203125 0.169921875 0.083984375
