1 0.4990234375 0.28125 0.2265625 0.0498046875
1 0.607421875 0.3291015625 0.1474609375 0.0400390625
1 0.7109375 0.353515625 0.06640625 0.0966796875
1 0.609375 0.375 0.2099609375 0.03515625
1 0.6494140625 0.4345703125 0.1923828125 0.07421875
1 0.4384765625 0.37109375 0.0693359375 0.099609375
1 0.3857421875 0.3359375 0.1513671875 0.0654296875
1 0.4404296875 0.3359375 0.2109375 0.0458984375
1 0.291015625 0.35546875 0.1005859375 0.0927734375
1 0.3544921875 0.4267578125 0.1494140625 0.072265625
1 0.4287109375 0.4833984375 0.091796875 0.09765625
1 0.2099609375 0.470703125 0.0654296875 0.091796875
1 0.083984375 0.4658203125 0.095703125 0.126953125
1 0.1640625 0.552734375 0.1455078125 0.095703125
1 0.3662109375 0.56640625 0.232421875 0.052734375
1 0.498046875 0.6298828125 0.1572265625 0.0751953125
1 0.5732421875 0.611328125 0.109375 0.1357421875
1 0.6484375 0.544921875 0.1865234375 0.05859375
1 0.76953125 0.5712890625 0.0830078125 0.12109375
1 0.671875 0.62890625 0.1259765625 0.1044921875
