0 0.6376953125 0.705078125 0.080078125 0.0986328125
0 0.6474609375 0.66015625 0.146484375 0.08203125
0 0.3583984375 0.708984375 0.1083984375 0.087890625
0 0.2587890625 0.669921875 0.119140625 0.0869140625
0 0.1845703125 0.625 0.12109375 0.08984375
0 0.2763671875 0.40625 0.1494140625 0.0673828125
0 0.53125 0.3828125 0.1005859375 0.0966796875
0 0.73046875 0.4482421875 0.109375 0.091796875
0 0.6669921875 0.4248046875 0.1787109375 0.041015625
0 0.697265625 0.3935546875 0.1787109375 0.046875
0 0.6845703125 0.361328125 0.150390625 0.046875
0 0.453125 0.392578125 0.072265625 0.0947265625
0 0.3740234375 0.3515625 0.15625 0.037109375
0 0.369140625 0.376953125 0.171875 0.0439453125
0 0.345703125 0.419921875 0.1796875 0.05859375
