1 0.767578125 0.453125 0.1826171875 0.10546875
1 0.751953125 0.568359375 0.12109375 0.0986328125
1 0.5986328125 0.626953125 0.205078125 0.046875
1 0.478515625 0.5869140625 0.1904296875 0.0458984375
1 0.5009765625 0.4853515625 0.1669921875 0.083984375
1 0.5517578125 0.3056640625 0.1728515625 0.0576171875
1 0.453125 0.2919921875 0.1416015625 0.0546875
1 0.310546875 0.33984375 0.162109375 0.072265625
1 0.177734375 0.376953125 0.080078125 0.10546875
1 0.310546875 0.4423828125 0.134765625 0.1123046875
1 0.3076171875 0.533203125 0.1513671875 0.1005859375
1 0.2841796875 0.6064453125 0.1953125 0.064453125
1 0.2060546875 0.5302734375 0.0595703125 0.0947265625
1 0.15234375 0.5224609375 0.1484375 0.078125
1 0.0673828125 0.494140625 0.099609375 0.0986328125
