1 0.537109375 0.3193359375 0.1796875 0.0380859375
1 0.5 0.2763671875 0.1357421875 0.0576171875
1 0.404296875 0.279296875 0.123046875 0.0625
1 0.3447265625 0.3310546875 0.1455078125 0.0703125
1 0.3828125 0.3828125 0.0556640625 0.09375
1 0.2587890625 0.40625 0.166015625 0.0517578125
1 0.43359375 0.4619140625 0.0673828125 0.09765625
1 0.1328125 0.4404296875 0.1142578125 0.1171875
1 0.5673828125 0.466796875 0.189453125 0.03515625
1 0.5341796875 0.53125 0.0859375 0.107421875
1 0.6923828125 0.3994140625 0.134765625 0.1044921875
1 0.7822265625 0.443359375 0.0595703125 0.0888671875
1 0.70703125 0.4912109375 0.0771484375 0.1181640625
1 0.7724609375 0.5283203125 0.0908203125 0.0849609375
1 0.669921875 0.6259765625 0.173828125 0.0673828125
1 0.541015625 0.6748046875 0.1982421875 0.048828125
1 0.412109375 0.6630859375 0.083984375 0.1357421875
1 0.3251953125 0.5546875 0.1689453125 0.0927734375
1 0.412109375 0.51953125 0.18359375 0.044921875
1 0.1953125 0.5498046875 0.1845703125 0.0712890625
