0 0.6171875 0.4384765625 0.13671875 0.1328125
0 0.5234375 0.4462890625 0.2861328125 0.05859375
0 0.349609375 0.759765625 0.326171875 0.07421875
0 0.4150390625 0.671875 0.2392578125 0.0947265625
0 0.26953125 0.6806640625 0.1513671875 0.0869140625
0 0.1494140625 0.6611328125 0.1884765625 0.0810546875
0 0.1884765625 0.6337890625 0.171875 0.0908203125
0 0.2568359375 0.5576171875 0.271484375 0.1005859375
0 0.0888671875 0.587890625 0.1025390625 0.158203125
0 0.12890625 0.5556640625 0.1396484375 0.0859375
0 0.1298828125 0.5693359375 0.146484375 0.1435546875
0 0.134765625 0.5078125 0.0849609375 0.12890625
0 0.20703125 0.474609375 0.1552734375 0.08203125
0 0.5283203125 0.3798828125 0.2421875 0.0498046875
0 0.4375 0.412109375 0.09375 0.150390625
0 0.3369140625 0.38671875 0.224609375 0.06640625
0 0.3447265625 0.416015625 0.14453125 0.072265625
0 0.1923828125 0.4306640625 0.2001953125 0.0927734375
