0 0.7578125 0.689453125 0.119140625 0.1376953125
0 0.7216796875 0.64453125 0.1298828125 0.166015625
0 0.8037109375 0.5576171875 0.2861328125 0.091796875
0 0.8291015625 0.537109375 0.1474609375 0.17578125
0 0.48828125 0.4267578125 0.32421875 0.083984375
0 0.494140625 0.37109375 0.173828125 0.1015625
0 0.5087890625 0.4091796875 0.220703125 0.1669921875
0 0.2431640625 0.595703125 0.2353515625 0.0947265625
0 0.138671875 0.5576171875 0.06640625 0.1650390625
0 0.1123046875 0.51953125 0.0849609375 0.1728515625
0 0.3681640625 0.3486328125 0.236328125 0.076171875
0 0.2685546875 0.474609375 0.1337890625 0.1220703125
0 0.2900390625 0.3662109375 0.236328125 0.087890625
0 0.2705078125 0.4482421875 0.1611328125 0.1474609375
0 0.173828125 0.484375 0.0712890625 0.1728515625
