0 0.767578125 0.70703125 0.119140625 0.0615234375
0 0.4345703125 0.6689453125 0.08984375 0.1015625
0 0.2587890625 0.65234375 0.130859375 0.083984375
0 0.2783203125 0.5751953125 0.1435546875 0.0751953125
0 0.48046875 0.4833984375 0.134765625 0.0791015625
0 0.42578125 0.40625 0.130859375 0.03515625
0 0.8671875 0.5498046875 0.060546875 0.083984375
0 0.9091796875 0.5390625 0.09765625 0.0859375
0 0.732421875 0.37109375 0.1484375 0.0458984375
0 0.57421875 0.3564453125 0.171875 0.0341796875
0 0.474609375 0.359375 0.1552734375 0.0400390625
0 0.375 0.3984375 0.060546875 0.1025390625
0 0.3115234375 0.42578125 0.064453125 0.1142578125
0 0.2314453125 0.4365234375 0.115234375 0.0751953125
0 0.2724609375 0.4599609375 0.1591796875 0.052734375
