0 0.361328125 0.4013671875 0.28515625 0.1015625
0 0.697265625 0.49609375 0.076171875 0.1787109375
0 0.4580078125 0.5986328125 0.3671875 0.0791015625
0 0.134765625 0.6083984375 0.1689453125 0.18359375
0 0.4931640625 0.6513671875 0.2802734375 0.060546875
0 0.205078125 0.6669921875 0.1572265625 0.04296875
0 0.373046875 0.7177734375 0.1689453125 0.11328125
0 0.240234375 0.7197265625 0.0908203125 0.0478515625
0 0.3017578125 0.6826171875 0.076171875 0.0556640625
0 0.51171875 0.68359375 0.2314453125 0.0498046875
0 0.740234375 0.4765625 0.1025390625 0.1689453125
0 0.76953125 0.5322265625 0.1640625 0.11328125
0 0.6669921875 0.6376953125 0.12890625 0.14453125
0 0.7373046875 0.5908203125 0.146484375 0.1064453125
0 0.796875 0.595703125 0.09375 0.052734375
0 0.68359375 0.6845703125 0.2548828125 0.1474609375
0 0.4794921875 0.7177734375 0.2392578125 0.025390625
0 0.44140625 0.7373046875 0.1884765625 0.025390625
0 0.392578125 0.75 0.107421875 0.029296875
