0 0.82421875 0.419921875 0.103515625 0.0703125
0 0.7001953125 0.3955078125 0.1533203125 0.0517578125
0 0.6708984375 0.4228515625 0.099609375 0.048828125
0 0.724609375 0.451171875 0.126953125 0.0888671875
0 0.466796875 0.3515625 0.1591796875 0.0439453125
0 0.5458984375 0.3603515625 0.1025390625 0.072265625
0 0.4892578125 0.3935546875 0.1650390625 0.0390625
0 0.353515625 0.4208984375 0.1787109375 0.0556640625
0 0.26953125 0.4140625 0.1435546875 0.0869140625
0 0.4072265625 0.4814453125 0.2138671875 0.0478515625
0 0.17578125 0.5634765625 0.0771484375 0.1044921875
0 0.421875 0.63671875 0.1767578125 0.060546875
0 0.357421875 0.70703125 0.107421875 0.08203125
0 0.275390625 0.669921875 0.1142578125 0.0947265625
0 0.6240234375 0.6708984375 0.0927734375 0.119140625
