1 0.701171875 0.5712890625 0.126953125 0.083984375
1 0.6865234375 0.5947265625 0.1064453125 0.1181640625
1 0.5888671875 0.6943359375 0.080078125 0.123046875
1 0.74609375 0.689453125 0.3095703125 0.140625
1 0.525390625 0.623046875 0.05859375 0.0830078125
1 0.4375 0.625 0.140625 0.087890625
1 0.474609375 0.50390625 0.125 0.1318359375
1 0.2919921875 0.5556640625 0.2470703125 0.134765625
1 0.1455078125 0.5595703125 0.169921875 0.111328125
1 0.2900390625 0.4443359375 0.078125 0.0859375
1 0.203125 0.388671875 0.10546875 0.119140625
1 0.119140625 0.498046875 0.1689453125 0.115234375
1 0.31640625 0.3759765625 0.0908203125 0.119140625
1 0.4541015625 0.40234375 0.2138671875 0.0458984375
1 0.38671875 0.33984375 0.0732421875 0.0966796875
1 0.8076171875 0.369140625 0.1162109375 0.0849609375
1 0.8798828125 0.4462890625 0.06640625 0.0859375
1 0.830078125 0.4423828125 0.068359375 0.068359375
1 0.86328125 0.5126953125 0.1455078125 0.080078125
1 0.7626953125 0.486328125 0.1513671875 0.12890625
1 0.6240234375 0.3349609375 0.05078125 0.0654296875
1 0.712890625 0.3662109375 0.150390625 0.095703125
1 0.5908203125 0.3125 0.115234375 0.09375
1 0.583984375 0.3681640625 0.1025390625 0.0908203125
1 0.505859375 0.3427734375 0.083984375 0.099609375
1 0.46875 0.310546875 0.1416015625 0.107421875
