1 0.6279296875 0.32421875 0.1181640625 0.0537109375
1 0.5400390625 0.2939453125 0.1689453125 0.11328125
1 0.703125 0.3310546875 0.205078125 0.099609375
1 0.8173828125 0.3671875 0.1494140625 0.08984375
1 0.7890625 0.3994140625 0.142578125 0.07421875
1 0.7333984375 0.4130859375 0.1591796875 0.0810546875
1 0.794921875 0.4951171875 0.0751953125 0.087890625
1 0.8974609375 0.52734375 0.1103515625 0.1240234375
1 0.794921875 0.5849609375 0.1171875 0.103515625
1 0.564453125 0.6005859375 0.091796875 0.14453125
1 0.7001953125 0.705078125 0.349609375 0.140625
1 0.5849609375 0.4111328125 0.1259765625 0.1044921875
1 0.5947265625 0.482421875 0.1708984375 0.0498046875
1 0.458984375 0.4130859375 0.12109375 0.1171875
1 0.4833984375 0.5048828125 0.0869140625 0.0712890625
1 0.423828125 0.4931640625 0.0810546875 0.107421875
1 0.365234375 0.5087890625 0.15625 0.095703125
1 0.3076171875 0.5439453125 0.15234375 0.0966796875
1 0.451171875 0.3056640625 0.1806640625 0.08203125
1 0.37109375 0.3203125 0.115234375 0.076171875
1 0.3310546875 0.3564453125 0.0908203125 0.0556640625
1 0.27734375 0.353515625 0.0712890625 0.1220703125
1 0.3427734375 0.7021484375 0.1337890625 0.146484375
1 0.19921875 0.482421875 0.0830078125 0.14453125
1 0.1005859375 0.45703125 0.201171875 0.15234375
1 0.162109375 0.6103515625 0.2578125 0.15625
