1 0.7685546875 0.4609375 0.0966796875 0.123046875
1 0.669921875 0.458984375 0.177734375 0.080078125
1 0.6650390625 0.3955078125 0.1083984375 0.080078125
1 0.5849609375 0.3388671875 0.166015625 0.0537109375
1 0.5517578125 0.2861328125 0.0888671875 0.068359375
1 0.5458984375 0.419921875 0.0986328125 0.1025390625
1 0.4775390625 0.3701171875 0.1259765625 0.1005859375
1 0.4462890625 0.3037109375 0.095703125 0.11328125
1 0.365234375 0.373046875 0.07421875 0.1064453125
1 0.30078125 0.3662109375 0.08984375 0.1142578125
1 0.2705078125 0.3046875 0.1123046875 0.1240234375
1 0.193359375 0.38671875 0.1044921875 0.0966796875
1 0.2431640625 0.4951171875 0.2001953125 0.0791015625
1 0.3515625 0.58203125 0.13671875 0.0712890625
1 0.275390625 0.6103515625 0.1533203125 0.091796875
