0 0.359375 0.4716796875 0.19921875 0.1337890625
0 0.1953125 0.4716796875 0.1318359375 0.1103515625
0 0.28515625 0.5712890625 0.111328125 0.0947265625
0 0.751953125 0.431640625 0.130859375 0.0849609375
0 0.75 0.5234375 0.0888671875 0.0810546875
0 0.8291015625 0.4990234375 0.162109375 0.0732421875
0 0.7978515625 0.5908203125 0.0791015625 0.1748046875
0 0.5810546875 0.6220703125 0.2841796875 0.0517578125
0 0.369140625 0.7177734375 0.28125 0.0654296875
0 0.365234375 0.658203125 0.2587890625 0.078125
0 0.431640625 0.673828125 0.1572265625 0.08984375
0 0.5009765625 0.7333984375 0.3095703125 0.064453125
0 0.60546875 0.685546875 0.1787109375 0.1298828125
0 0.703125 0.70703125 0.1767578125 0.09375
0 0.6826171875 0.7021484375 0.1826171875 0.0400390625
0 0.6357421875 0.6748046875 0.2607421875 0.0703125
