0 0.134765625 0.607421875 0.1787109375 0.1103515625
0 0.4833984375 0.5634765625 0.2666015625 0.1025390625
0 0.6455078125 0.560546875 0.1796875 0.12109375
0 0.70703125 0.505859375 0.2763671875 0.046875
0 0.7529296875 0.505859375 0.251953125 0.046875
0 0.8046875 0.5712890625 0.076171875 0.1884765625
0 0.37890625 0.5107421875 0.150390625 0.1728515625
0 0.353515625 0.4208984375 0.2099609375 0.0439453125
0 0.5263671875 0.4892578125 0.30859375 0.0693359375
0 0.400390625 0.3994140625 0.224609375 0.0439453125
0 0.689453125 0.4326171875 0.1552734375 0.0966796875
0 0.5869140625 0.40625 0.25390625 0.0703125
0 0.564453125 0.4287109375 0.12109375 0.0537109375
