1 0.34375 0.515625 0.07421875 0.107421875
1 0.2607421875 0.6083984375 0.09375 0.111328125
1 0.3837890625 0.6005859375 0.173828125 0.0595703125
1 0.482421875 0.5595703125 0.177734375 0.068359375
1 0.5830078125 0.5185546875 0.197265625 0.044921875
1 0.6630859375 0.4775390625 0.203125 0.0576171875
1 0.76953125 0.45703125 0.0947265625 0.1181640625
1 0.1962890625 0.51171875 0.107421875 0.115234375
1 0.25390625 0.44140625 0.0693359375 0.0859375
1 0.25390625 0.388671875 0.1591796875 0.0732421875
1 0.294921875 0.3076171875 0.1064453125 0.0966796875
1 0.5556640625 0.3779296875 0.181640625 0.0654296875
1 0.4453125 0.3408203125 0.1875 0.0341796875
1 0.4365234375 0.3076171875 0.1708984375 0.041015625
1 0.5771484375 0.3046875 0.087890625 0.076171875
