0 0.5361328125 0.33984375 0.3408203125 0.0625
0 0.3388671875 0.5107421875 0.140625 0.1484375
0 0.125 0.46484375 0.0859375 0.12109375
0 0.2138671875 0.5595703125 0.177734375 0.1259765625
0 0.216796875 0.60546875 0.1904296875 0.1552734375
0 0.296875 0.642578125 0.267578125 0.1044921875
0 0.7080078125 0.5380859375 0.08203125 0.15234375
0 0.4658203125 0.65234375 0.322265625 0.03515625
0 0.3896484375 0.673828125 0.1728515625 0.04296875
0 0.349609375 0.7333984375 0.189453125 0.0693359375
0 0.552734375 0.72265625 0.2607421875 0.0390625
0 0.5146484375 0.720703125 0.251953125 0.12890625
0 0.51171875 0.748046875 0.1533203125 0.0283203125
0 0.6767578125 0.6884765625 0.1943359375 0.046875
0 0.7412109375 0.654296875 0.1337890625 0.0361328125
0 0.73828125 0.6259765625 0.1943359375 0.087890625
0 0.7978515625 0.61328125 0.095703125 0.142578125
0 0.6962890625 0.5986328125 0.1435546875 0.1123046875
