0 0.6826171875 0.646484375 0.3828125 0.052734375
0 0.81640625 0.533203125 0.1708984375 0.103515625
0 0.765625 0.5107421875 0.08203125 0.171875
0 0.5947265625 0.75390625 0.30859375 0.107421875
0 0.1025390625 0.55078125 0.087890625 0.17578125
0 0.1806640625 0.54296875 0.16015625 0.1650390625
0 0.7568359375 0.41796875 0.255859375 0.1337890625
0 0.7763671875 0.431640625 0.2470703125 0.09765625
0 0.4208984375 0.439453125 0.251953125 0.0986328125
0 0.5556640625 0.392578125 0.1513671875 0.12890625
0 0.4453125 0.375 0.208984375 0.044921875
0 0.3642578125 0.375 0.279296875 0.087890625
0 0.3212890625 0.396484375 0.2353515625 0.140625
0 0.5693359375 0.357421875 0.294921875 0.0693359375
0 0.525390625 0.3876953125 0.2587890625 0.076171875
