0 0.8740234375 0.583984375 0.1171875 0.119140625
0 0.646484375 0.50390625 0.2265625 0.0595703125
0 0.845703125 0.44921875 0.1962890625 0.0478515625
0 0.73046875 0.40625 0.1611328125 0.0595703125
0 0.8681640625 0.384765625 0.1396484375 0.0654296875
0 0.7744140625 0.3681640625 0.08984375 0.103515625
0 0.275390625 0.51171875 0.232421875 0.0546875
0 0.341796875 0.44140625 0.181640625 0.0615234375
0 0.2490234375 0.4228515625 0.1455078125 0.0947265625
0 0.529296875 0.40234375 0.2001953125 0.0439453125
0 0.5341796875 0.3671875 0.1865234375 0.046875
0 0.541015625 0.3515625 0.1572265625 0.052734375
0 0.56640625 0.3271484375 0.1611328125 0.0498046875
0 0.6298828125 0.34375 0.0830078125 0.07421875
0 0.6865234375 0.3291015625 0.1015625 0.078125
0 0.6865234375 0.3310546875 0.134765625 0.068359375
0 0.3779296875 0.357421875 0.1279296875 0.0458984375
0 0.38671875 0.328125 0.1328125 0.0595703125
0 0.4140625 0.3134765625 0.1318359375 0.0458984375
0 0.2568359375 0.3662109375 0.099609375 0.0673828125
0 0.25390625 0.3876953125 0.1220703125 0.0703125
