1 0.921875 0.5263671875 0.1015625 0.0947265625
1 0.7607421875 0.5458984375 0.1728515625 0.0810546875
1 0.7470703125 0.6435546875 0.1123046875 0.0830078125
1 0.6845703125 0.6298828125 0.1298828125 0.0703125
1 0.62109375 0.578125 0.0927734375 0.1162109375
1 0.6123046875 0.71484375 0.1357421875 0.09765625
1 0.5068359375 0.6279296875 0.1923828125 0.0859375
1 0.435546875 0.7099609375 0.2138671875 0.0625
1 0.732421875 0.4736328125 0.203125 0.068359375
1 0.7333984375 0.3955078125 0.1796875 0.07421875
1 0.640625 0.3359375 0.3154296875 0.0712890625
1 0.4599609375 0.376953125 0.1806640625 0.0478515625
1 0.38671875 0.333984375 0.1923828125 0.037109375
1 0.3447265625 0.3671875 0.1708984375 0.0498046875
1 0.2177734375 0.3408203125 0.189453125 0.0634765625
1 0.2353515625 0.3935546875 0.1943359375 0.0537109375
1 0.23046875 0.46484375 0.1572265625 0.05078125
1 0.076171875 0.431640625 0.142578125 0.1015625
1 0.1181640625 0.4833984375 0.1689453125 0.1435546875
1 0.3388671875 0.505859375 0.0634765625 0.076171875
1 0.5 0.4765625 0.19921875 0.0654296875
1 0.4873046875 0.44921875 0.31640625 0.0947265625
1 0.21484375 0.5751953125 0.1083984375 0.111328125
1 0.16015625 0.62890625 0.1025390625 0.048828125
1 0.1875 0.65625 0.216796875 0.041015625
1 0.259765625 0.7021484375 0.1220703125 0.1103515625
