0 0.4208984375 0.4072265625 0.24609375 0.0546875
0 0.20703125 0.5947265625 0.1220703125 0.1396484375
0 0.810546875 0.4638671875 0.1962890625 0.1416015625
0 0.6298828125 0.6328125 0.220703125 0.109375
0 0.8623046875 0.52734375 0.13671875 0.15234375
0 0.814453125 0.5673828125 0.2568359375 0.1162109375
0 0.830078125 0.6611328125 0.173828125 0.1416015625
0 0.3408203125 0.3515625 0.279296875 0.103515625
0 0.4716796875 0.3486328125 0.2763671875 0.0673828125
0 0.5498046875 0.3388671875 0.234375 0.0849609375
