0 0.646484375 0.55859375 0.1982421875 0.1455078125
0 0.6455078125 0.431640625 0.142578125 0.087890625
0 0.5830078125 0.4150390625 0.31640625 0.0693359375
0 0.388671875 0.5263671875 0.30078125 0.07421875
0 0.3779296875 0.7294921875 0.3349609375 0.0595703125
0 0.23046875 0.5888671875 0.169921875 0.1025390625
0 0.208984375 0.6572265625 0.283203125 0.060546875
0 0.2724609375 0.6396484375 0.1748046875 0.0693359375
0 0.091796875 0.6611328125 0.1591796875 0.169921875
0 0.1162109375 0.59765625 0.072265625 0.171875
0 0.13671875 0.5146484375 0.2177734375 0.1162109375
0 0.32421875 0.4453125 0.23046875 0.068359375
0 0.5068359375 0.36328125 0.244140625 0.041015625
0 0.369140625 0.3837890625 0.140625 0.0654296875
0 0.4482421875 0.40234375 0.169921875 0.052734375
0 0.142578125 0.44921875 0.18359375 0.125
0 0.193359375 0.4384765625 0.2197265625 0.091796875
0 0.2216796875 0.4169921875 0.1904296875 0.12890625
