0 0.44921875 0.732421875 0.208984375 0.0654296875
0 0.9072265625 0.5078125 0.09765625 0.1279296875
0 0.6494140625 0.50390625 0.2373046875 0.0537109375
0 0.2705078125 0.5087890625 0.2314453125 0.0400390625
0 0.806640625 0.3603515625 0.162109375 0.0732421875
0 0.708984375 0.4072265625 0.2021484375 0.037109375
0 0.64453125 0.38671875 0.1650390625 0.0810546875
0 0.541015625 0.3896484375 0.1435546875 0.0498046875
0 0.548828125 0.34765625 0.1796875 0.0341796875
0 0.6474609375 0.3212890625 0.173828125 0.041015625
0 0.552734375 0.3232421875 0.1787109375 0.0419921875
0 0.419921875 0.3544921875 0.1484375 0.056640625
0 0.4091796875 0.3154296875 0.1171875 0.041015625
0 0.3603515625 0.3408203125 0.1162109375 0.025390625
0 0.259765625 0.3505859375 0.12109375 0.0595703125
0 0.306640625 0.408203125 0.0556640625 0.0888671875
0 0.302734375 0.455078125 0.126953125 0.0625
0 0.2578125 0.421875 0.095703125 0.1025390625
0 0.2548828125 0.4013671875 0.0908203125 0.041015625
0 0.208984375 0.416015625 0.123046875 0.068359375
0 0.25 0.373046875 0.080078125 0.0341796875
