0 0.92578125 0.5009765625 0.044921875 0.1083984375
0 0.8837890625 0.482421875 0.0546875 0.11328125
0 0.736328125 0.525390625 0.142578125 0.08984375
0 0.705078125 0.4521484375 0.1611328125 0.0849609375
0 0.2490234375 0.517578125 0.212890625 0.0458984375
0 0.3330078125 0.45703125 0.1845703125 0.0693359375
0 0.2509765625 0.431640625 0.125 0.09765625
0 0.20703125 0.41015625 0.1005859375 0.083984375
0 0.255859375 0.39453125 0.107421875 0.076171875
0 0.3798828125 0.3359375 0.1611328125 0.0625
0 0.7333984375 0.400390625 0.17578125 0.0546875
0 0.87109375 0.416015625 0.1484375 0.0732421875
0 0.7392578125 0.349609375 0.1201171875 0.0869140625
0 0.6171875 0.314453125 0.0830078125 0.02734375
0 0.525390625 0.3154296875 0.1240234375 0.0244140625
0 0.4921875 0.3330078125 0.150390625 0.0673828125
0 0.537109375 0.3837890625 0.119140625 0.048828125
0 0.634765625 0.384765625 0.115234375 0.080078125
0 0.6279296875 0.33203125 0.1201171875 0.0283203125
0 0.5185546875 0.3447265625 0.158203125 0.041015625
0 0.5439453125 0.361328125 0.189453125 0.03515625
