0 0.5107421875 0.7548828125 0.2568359375 0.123046875
0 0.26171875 0.63671875 0.3076171875 0.1015625
0 0.341796875 0.498046875 0.1328125 0.2041015625
0 0.1630859375 0.5146484375 0.2041015625 0.1455078125
0 0.369140625 0.365234375 0.28125 0.0576171875
0 0.4384765625 0.4111328125 0.19140625 0.15625
0 0.564453125 0.6044921875 0.2265625 0.10546875
0 0.6728515625 0.57421875 0.169921875 0.1923828125
0 0.8486328125 0.529296875 0.107421875 0.162109375
0 0.7744140625 0.5263671875 0.134765625 0.115234375
0 0.7060546875 0.4619140625 0.1796875 0.0888671875
0 0.76171875 0.4423828125 0.2998046875 0.1044921875
0 0.6953125 0.380859375 0.3017578125 0.0859375
0 0.634765625 0.380859375 0.1640625 0.046875
0 0.6298828125 0.3427734375 0.2880859375 0.06640625
