0 0.705078125 0.4072265625 0.296875 0.07421875
0 0.4677734375 0.41015625 0.1845703125 0.154296875
0 0.28125 0.4150390625 0.123046875 0.072265625
0 0.1748046875 0.5048828125 0.0712890625 0.1748046875
0 0.8349609375 0.5283203125 0.1259765625 0.17578125
0 0.7412109375 0.568359375 0.1748046875 0.162109375
0 0.5966796875 0.6943359375 0.36328125 0.0732421875
0 0.638671875 0.6533203125 0.2666015625 0.046875
0 0.6220703125 0.6318359375 0.1474609375 0.1298828125
0 0.5703125 0.65234375 0.328125 0.0546875
