0 0.2548828125 0.486328125 0.248046875 0.0791015625
0 0.2978515625 0.5908203125 0.115234375 0.044921875
0 0.19140625 0.63671875 0.1826171875 0.115234375
0 0.34765625 0.7177734375 0.1728515625 0.109375
0 0.4462890625 0.7001953125 0.28515625 0.0439453125
0 0.390625 0.69140625 0.0966796875 0.1533203125
0 0.4365234375 0.6640625 0.216796875 0.1435546875
0 0.470703125 0.7294921875 0.115234375 0.0546875
0 0.6201171875 0.4765625 0.1376953125 0.1337890625
0 0.619140625 0.4189453125 0.1767578125 0.1357421875
0 0.7939453125 0.4892578125 0.1162109375 0.0908203125
0 0.7548828125 0.5654296875 0.1376953125 0.1171875
0 0.6650390625 0.720703125 0.166015625 0.0595703125
0 0.720703125 0.7001953125 0.2431640625 0.1279296875
0 0.6572265625 0.6708984375 0.1376953125 0.04296875
0 0.701171875 0.666015625 0.0849609375 0.0390625
0 0.7265625 0.6318359375 0.275390625 0.0712890625
0 0.78125 0.5869140625 0.107421875 0.0634765625
0 0.8330078125 0.5693359375 0.06640625 0.0615234375
