0 0.3203125 0.7412109375 0.1669921875 0.07421875
0 0.3369140625 0.6953125 0.220703125 0.1640625
0 0.5146484375 0.77734375 0.3515625 0.0927734375
0 0.6923828125 0.767578125 0.2978515625 0.1181640625
0 0.798828125 0.67578125 0.244140625 0.1416015625
0 0.8115234375 0.615234375 0.1689453125 0.1787109375
0 0.779296875 0.53515625 0.119140625 0.1904296875
0 0.759765625 0.44921875 0.24609375 0.1484375
0 0.484375 0.412109375 0.14453125 0.1533203125
0 0.4921875 0.39453125 0.2880859375 0.09765625
0 0.154296875 0.607421875 0.09765625 0.2119140625
0 0.216796875 0.5546875 0.302734375 0.109375
0 0.169921875 0.517578125 0.1357421875 0.166015625
0 0.224609375 0.4755859375 0.0927734375 0.1630859375
0 0.2724609375 0.49609375 0.080078125 0.2021484375
