0 0.4306640625 0.6796875 0.24609375 0.0908203125
0 0.7158203125 0.4873046875 0.125 0.15625
0 0.7470703125 0.4619140625 0.142578125 0.1474609375
0 0.396484375 0.51953125 0.1181640625 0.1572265625
0 0.1416015625 0.6513671875 0.201171875 0.1630859375
0 0.2041015625 0.6728515625 0.1787109375 0.0810546875
0 0.1064453125 0.6201171875 0.12890625 0.1240234375
0 0.2216796875 0.6083984375 0.16796875 0.1513671875
0 0.1826171875 0.5751953125 0.3330078125 0.09375
0 0.072265625 0.5107421875 0.134765625 0.15625
0 0.201171875 0.5126953125 0.283203125 0.0546875
0 0.40625 0.43359375 0.296875 0.0419921875
0 0.1767578125 0.4345703125 0.1357421875 0.138671875
0 0.20703125 0.42578125 0.05859375 0.076171875
0 0.4921875 0.4052734375 0.1787109375 0.126953125
0 0.5771484375 0.3974609375 0.119140625 0.0634765625
0 0.390625 0.3779296875 0.2578125 0.0458984375
0 0.4072265625 0.3603515625 0.2763671875 0.04296875
0 0.27734375 0.44140625 0.1982421875 0.08984375
