0 0.8291015625 0.6611328125 0.1494140625 0.087890625
0 0.6064453125 0.669921875 0.09375 0.125
0 0.4091796875 0.7470703125 0.15234375 0.0595703125
0 0.3388671875 0.7119140625 0.1171875 0.0888671875
0 0.267578125 0.6728515625 0.06640625 0.1142578125
0 0.208984375 0.517578125 0.1982421875 0.0458984375
0 0.2041015625 0.47265625 0.11328125 0.0693359375
0 0.2685546875 0.404296875 0.126953125 0.0654296875
0 0.349609375 0.4091796875 0.1767578125 0.06640625
0 0.4990234375 0.3515625 0.1328125 0.052734375
0 0.5224609375 0.3720703125 0.12109375 0.0888671875
0 0.55859375 0.388671875 0.16796875 0.046875
0 0.693359375 0.4013671875 0.1865234375 0.048828125
0 0.67578125 0.423828125 0.078125 0.0947265625
0 0.73046875 0.4658203125 0.095703125 0.1064453125
