1 0.1025390625 0.373046875 0.0625 0.109375
1 0.4560546875 0.4111328125 0.1181640625 0.1201171875
1 0.7451171875 0.3349609375 0.185546875 0.041015625
1 0.7177734375 0.287109375 0.2265625 0.0390625
1 0.53125 0.2734375 0.193359375 0.052734375
1 0.412109375 0.2939453125 0.1826171875 0.0400390625
1 0.3603515625 0.3359375 0.2001953125 0.0458984375
1 0.24609375 0.3427734375 0.12890625 0.1142578125
1 0.5283203125 0.6572265625 0.1875 0.0869140625
1 0.603515625 0.61328125 0.203125 0.0693359375
1 0.75390625 0.5712890625 0.0869140625 0.119140625
1 0.8515625 0.5068359375 0.0888671875 0.125
1 0.7421875 0.484375 0.09765625 0.0927734375
1 0.6669921875 0.498046875 0.0849609375 0.111328125
1 0.5849609375 0.4287109375 0.1220703125 0.08984375
1 0.3134765625 0.5 0.1494140625 0.0810546875
1 0.330078125 0.6328125 0.1083984375 0.1279296875
1 0.2060546875 0.6123046875 0.2099609375 0.0478515625
1 0.2392578125 0.54296875 0.1943359375 0.0390625
1 0.146484375 0.529296875 0.1162109375 0.1181640625
