1 0.4638671875 0.294921875 0.150390625 0.04296875
1 0.466796875 0.353515625 0.0869140625 0.1005859375
1 0.3173828125 0.3505859375 0.1689453125 0.09375
1 0.30859375 0.4384765625 0.095703125 0.115234375
1 0.1767578125 0.3779296875 0.10546875 0.099609375
1 0.5048828125 0.48828125 0.15234375 0.07421875
1 0.7568359375 0.4658203125 0.142578125 0.1181640625
1 0.7373046875 0.568359375 0.142578125 0.099609375
1 0.44140625 0.5830078125 0.1826171875 0.056640625
1 0.494140625 0.6279296875 0.232421875 0.0556640625
1 0.2890625 0.61328125 0.18359375 0.068359375
1 0.140625 0.5537109375 0.181640625 0.052734375
1 0.2236328125 0.5517578125 0.201171875 0.064453125
1 0.197265625 0.5107421875 0.08984375 0.07421875
1 0.2255859375 0.4833984375 0.1845703125 0.0869140625
