0 0.619140625 0.7470703125 0.3798828125 0.0634765625
0 0.8544921875 0.5537109375 0.078125 0.2236328125
0 0.798828125 0.638671875 0.1572265625 0.1494140625
0 0.59375 0.658203125 0.2001953125 0.119140625
0 0.2880859375 0.6826171875 0.23828125 0.138671875
0 0.1748046875 0.5048828125 0.1435546875 0.177734375
0 0.6376953125 0.380859375 0.1904296875 0.1142578125
0 0.658203125 0.3857421875 0.296875 0.064453125
0 0.6748046875 0.4248046875 0.1826171875 0.125
0 0.578125 0.4453125 0.259765625 0.0986328125
0 0.48828125 0.388671875 0.2705078125 0.0966796875
0 0.41015625 0.3623046875 0.16796875 0.0625
0 0.392578125 0.34375 0.296875 0.048828125
0 0.396484375 0.392578125 0.3076171875 0.0810546875
0 0.1875 0.439453125 0.205078125 0.1337890625
