1 0.703125 0.392578125 0.1689453125 0.060546875
1 0.5322265625 0.4658203125 0.08203125 0.1181640625
1 0.623046875 0.4912109375 0.109375 0.1171875
1 0.7041015625 0.51953125 0.14453125 0.08203125
1 0.80859375 0.5107421875 0.1015625 0.1220703125
1 0.7294921875 0.607421875 0.1005859375 0.0927734375
1 0.4228515625 0.6044921875 0.15625 0.087890625
1 0.2939453125 0.6181640625 0.1416015625 0.1162109375
1 0.1806640625 0.5498046875 0.1494140625 0.0458984375
1 0.3212890625 0.5419921875 0.1474609375 0.0498046875
1 0.16796875 0.4404296875 0.1357421875 0.0732421875
1 0.455078125 0.3291015625 0.083984375 0.103515625
1 0.4033203125 0.3134765625 0.095703125 0.0576171875
1 0.32421875 0.3251953125 0.0927734375 0.115234375
1 0.2822265625 0.3310546875 0.2158203125 0.0556640625
