1 0.775390625 0.455078125 0.0791015625 0.12109375
1 0.6640625 0.44921875 0.2060546875 0.0625
1 0.68359375 0.41796875 0.1162109375 0.087890625
1 0.5986328125 0.3515625 0.2001953125 0.046875
1 0.5537109375 0.2880859375 0.091796875 0.08203125
1 0.4462890625 0.3134765625 0.119140625 0.1083984375
1 0.3212890625 0.3427734375 0.072265625 0.1181640625
1 0.267578125 0.3056640625 0.1025390625 0.111328125
1 0.19921875 0.3828125 0.0947265625 0.09765625
1 0.42578125 0.392578125 0.2138671875 0.05078125
1 0.4462890625 0.4462890625 0.1328125 0.0908203125
1 0.51953125 0.431640625 0.162109375 0.064453125
1 0.244140625 0.4892578125 0.1953125 0.0859375
1 0.3720703125 0.5830078125 0.1806640625 0.041015625
1 0.271484375 0.6025390625 0.1728515625 0.1162109375
