0 0.8896484375 0.6923828125 0.11328125 0.0849609375
0 0.888671875 0.630859375 0.1357421875 0.1005859375
0 0.736328125 0.54296875 0.1484375 0.0927734375
0 0.697265625 0.4716796875 0.1572265625 0.091796875
0 0.865234375 0.43359375 0.1513671875 0.0751953125
0 0.7294921875 0.4228515625 0.18359375 0.0537109375
0 0.736328125 0.3671875 0.1259765625 0.0888671875
0 0.6181640625 0.400390625 0.14453125 0.072265625
0 0.6201171875 0.3330078125 0.11328125 0.0322265625
0 0.623046875 0.3564453125 0.169921875 0.0283203125
0 0.5322265625 0.4140625 0.09375 0.0712890625
0 0.5224609375 0.3740234375 0.20703125 0.03515625
0 0.54296875 0.3486328125 0.13671875 0.0302734375
0 0.4794921875 0.34765625 0.16796875 0.060546875
0 0.3759765625 0.3876953125 0.142578125 0.0654296875
0 0.345703125 0.36328125 0.0810546875 0.0390625
0 0.3388671875 0.46875 0.166015625 0.0615234375
0 0.2529296875 0.4462890625 0.115234375 0.078125
0 0.26953125 0.4150390625 0.119140625 0.0546875
0 0.1572265625 0.529296875 0.119140625 0.0859375
0 0.2001953125 0.533203125 0.1337890625 0.0927734375
