0 0.404296875 0.3193359375 0.126953125 0.0908203125
0 0.5166015625 0.4033203125 0.314453125 0.0869140625
0 0.7333984375 0.4482421875 0.0869140625 0.1806640625
0 0.251953125 0.5048828125 0.2412109375 0.0419921875
0 0.8662109375 0.5224609375 0.1318359375 0.0703125
0 0.8310546875 0.5966796875 0.1572265625 0.0595703125
0 0.7685546875 0.63671875 0.1435546875 0.169921875
0 0.7216796875 0.640625 0.2041015625 0.13671875
0 0.66796875 0.611328125 0.126953125 0.146484375
0 0.5791015625 0.62890625 0.2216796875 0.1591796875
0 0.4833984375 0.59375 0.1025390625 0.1708984375
0 0.31640625 0.595703125 0.1103515625 0.0908203125
0 0.2880859375 0.6337890625 0.2587890625 0.0673828125
0 0.3447265625 0.6943359375 0.185546875 0.1064453125
0 0.18359375 0.6943359375 0.1474609375 0.1015625
0 0.189453125 0.66796875 0.1328125 0.072265625
0 0.3798828125 0.7353515625 0.07421875 0.0888671875
0 0.5478515625 0.7431640625 0.271484375 0.037109375
0 0.4853515625 0.7392578125 0.1474609375 0.1142578125
