1 0.6484375 0.4755859375 0.1240234375 0.111328125
1 0.6171875 0.3740234375 0.095703125 0.087890625
1 0.62890625 0.3232421875 0.103515625 0.087890625
1 0.4375 0.35546875 0.1005859375 0.0947265625
1 0.392578125 0.3017578125 0.2060546875 0.056640625
1 0.2958984375 0.4033203125 0.19921875 0.0751953125
1 0.4580078125 0.5244140625 0.1484375 0.083984375
1 0.2060546875 0.451171875 0.134765625 0.1064453125
1 0.3408203125 0.486328125 0.16796875 0.080078125
1 0.279296875 0.5263671875 0.13671875 0.0830078125
