1 0.552734375 0.294921875 0.154296875 0.09765625
1 0.453125 0.3115234375 0.138671875 0.068359375
1 0.310546875 0.3388671875 0.205078125 0.0751953125
1 0.181640625 0.3984375 0.0888671875 0.0966796875
1 0.3125 0.4375 0.1435546875 0.1171875
1 0.08203125 0.408203125 0.08984375 0.10546875
1 0.1005859375 0.4765625 0.083984375 0.1259765625
1 0.5185546875 0.4833984375 0.1474609375 0.087890625
1 0.7373046875 0.423828125 0.224609375 0.0732421875
1 0.7666015625 0.568359375 0.1240234375 0.1015625
1 0.6474609375 0.6328125 0.208984375 0.048828125
1 0.5205078125 0.5888671875 0.197265625 0.0595703125
1 0.3798828125 0.5859375 0.1669921875 0.0849609375
1 0.28515625 0.6123046875 0.181640625 0.0791015625
1 0.208984375 0.54296875 0.109375 0.0908203125
