0 0.7353515625 0.458984375 0.0712890625 0.095703125
0 0.697265625 0.4013671875 0.197265625 0.0517578125
0 0.6767578125 0.5185546875 0.0927734375 0.0966796875
0 0.6435546875 0.6123046875 0.13671875 0.0908203125
0 0.607421875 0.748046875 0.1591796875 0.0732421875
0 0.5615234375 0.7255859375 0.1171875 0.1015625
0 0.3427734375 0.7275390625 0.1162109375 0.078125
0 0.2626953125 0.669921875 0.0625 0.0986328125
0 0.1923828125 0.5205078125 0.205078125 0.0517578125
0 0.232421875 0.419921875 0.1669921875 0.052734375
0 0.263671875 0.40234375 0.115234375 0.080078125
0 0.451171875 0.4267578125 0.1474609375 0.06640625
0 0.423828125 0.3974609375 0.1171875 0.0947265625
0 0.51953125 0.3505859375 0.087890625 0.0712890625
0 0.5283203125 0.37109375 0.1298828125 0.0771484375
