0 0.9306640625 0.50390625 0.048828125 0.11328125
0 0.888671875 0.48828125 0.048828125 0.1123046875
0 0.8720703125 0.4208984375 0.150390625 0.0712890625
0 0.7001953125 0.4580078125 0.1494140625 0.080078125
0 0.7373046875 0.529296875 0.1435546875 0.0947265625
0 0.7373046875 0.408203125 0.1767578125 0.0458984375
0 0.744140625 0.35546875 0.12109375 0.0859375
0 0.33984375 0.4560546875 0.1728515625 0.0576171875
0 0.1708984375 0.4912109375 0.0380859375 0.09375
0 0.2197265625 0.5205078125 0.1044921875 0.0693359375
0 0.2548828125 0.4296875 0.1259765625 0.080078125
0 0.2265625 0.4091796875 0.1298828125 0.0703125
0 0.373046875 0.3447265625 0.166015625 0.064453125
0 0.4501953125 0.3583984375 0.1650390625 0.0419921875
0 0.6279296875 0.38671875 0.1357421875 0.06640625
0 0.5322265625 0.4013671875 0.087890625 0.0634765625
0 0.5244140625 0.3603515625 0.2060546875 0.0322265625
0 0.630859375 0.3447265625 0.169921875 0.021484375
0 0.587890625 0.31640625 0.1728515625 0.0302734375
0 0.5439453125 0.3232421875 0.1337890625 0.0205078125
0 0.4833984375 0.3310546875 0.1796875 0.044921875
