0 0.4306640625 0.7197265625 0.2431640625 0.0390625
0 0.2998046875 0.5439453125 0.0859375 0.1220703125
0 0.90625 0.509765625 0.076171875 0.12109375
0 0.6552734375 0.5 0.228515625 0.0478515625
0 0.1884765625 0.5986328125 0.119140625 0.0908203125
0 0.1982421875 0.4287109375 0.1171875 0.083984375
0 0.2392578125 0.4375 0.1162109375 0.0947265625
0 0.1982421875 0.4951171875 0.1796875 0.083984375
0 0.8037109375 0.3642578125 0.1640625 0.0693359375
0 0.7236328125 0.423828125 0.1650390625 0.0830078125
0 0.59765625 0.3857421875 0.140625 0.064453125
0 0.677734375 0.369140625 0.0849609375 0.109375
0 0.486328125 0.40234375 0.1123046875 0.083984375
0 0.6494140625 0.3212890625 0.177734375 0.0400390625
0 0.5439453125 0.353515625 0.1767578125 0.025390625
0 0.548828125 0.328125 0.177734375 0.03125
0 0.447265625 0.34375 0.1865234375 0.0771484375
0 0.4111328125 0.3125 0.1533203125 0.037109375
0 0.384765625 0.3291015625 0.162109375 0.033203125
0 0.3603515625 0.357421875 0.1328125 0.05078125
0 0.2958984375 0.35546875 0.142578125 0.0791015625
