1 0.6083984375 0.3154296875 0.060546875 0.0703125
1 0.5537109375 0.298828125 0.1728515625 0.107421875
1 0.80078125 0.37109375 0.109375 0.083984375
1 0.822265625 0.43359375 0.107421875 0.072265625
1 0.9091796875 0.4716796875 0.181640625 0.041015625
1 0.859375 0.533203125 0.1611328125 0.0517578125
1 0.89453125 0.5830078125 0.1572265625 0.046875
1 0.7353515625 0.5849609375 0.1240234375 0.1240234375
1 0.693359375 0.689453125 0.306640625 0.146484375
1 0.57421875 0.6298828125 0.1328125 0.1083984375
1 0.619140625 0.4990234375 0.095703125 0.1064453125
1 0.6669921875 0.3837890625 0.08984375 0.134765625
1 0.564453125 0.4423828125 0.11328125 0.10546875
1 0.466796875 0.40625 0.0908203125 0.125
1 0.439453125 0.3037109375 0.095703125 0.095703125
1 0.3056640625 0.326171875 0.2255859375 0.0419921875
1 0.228515625 0.314453125 0.12109375 0.0498046875
1 0.3740234375 0.3349609375 0.0673828125 0.1044921875
1 0.365234375 0.4169921875 0.201171875 0.064453125
1 0.35546875 0.4736328125 0.1220703125 0.12109375
1 0.4853515625 0.556640625 0.080078125 0.1171875
1 0.3759765625 0.5693359375 0.162109375 0.0810546875
1 0.2890625 0.6318359375 0.0927734375 0.1416015625
1 0.1484375 0.39453125 0.2138671875 0.0712890625
1 0.09375 0.46484375 0.1875 0.1357421875
1 0.158203125 0.607421875 0.2255859375 0.16796875
