0 0.265625 0.7255859375 0.1259765625 0.0439453125
0 0.294921875 0.7314453125 0.1044921875 0.064453125
0 0.3564453125 0.708984375 0.076171875 0.1044921875
0 0.1923828125 0.6689453125 0.072265625 0.06640625
0 0.173828125 0.529296875 0.068359375 0.0712890625
0 0.267578125 0.482421875 0.06640625 0.0751953125
0 0.412109375 0.451171875 0.1513671875 0.02734375
0 0.7607421875 0.626953125 0.0380859375 0.0751953125
0 0.6259765625 0.72265625 0.1494140625 0.068359375
0 0.7275390625 0.5498046875 0.1484375 0.0341796875
