0 0.8759765625 0.6298828125 0.146484375 0.0869140625
0 0.6845703125 0.46484375 0.0673828125 0.103515625
0 0.2578125 0.6611328125 0.1376953125 0.1015625
0 0.3134765625 0.4130859375 0.0693359375 0.123046875
0 0.751953125 0.3642578125 0.1279296875 0.0625
0 0.5576171875 0.3896484375 0.0908203125 0.0712890625
0 0.5087890625 0.3291015625 0.1591796875 0.048828125
0 0.6171875 0.33984375 0.1142578125 0.03515625
0 0.6259765625 0.369140625 0.1259765625 0.078125
0 0.4912109375 0.603515625 0.1875 0.037109375
0 0.4130859375 0.6044921875 0.150390625 0.0556640625
0 0.287109375 0.4892578125 0.134765625 0.044921875
0 0.2763671875 0.5439453125 0.095703125 0.0673828125
0 0.2041015625 0.521484375 0.0830078125 0.09375
0 0.1708984375 0.48828125 0.08984375 0.1015625
