0 0.431640625 0.408203125 0.3466796875 0.0634765625
0 0.5888671875 0.58984375 0.1640625 0.1669921875
0 0.517578125 0.814453125 0.3515625 0.08203125
0 0.12109375 0.5908203125 0.08203125 0.1748046875
0 0.7509765625 0.51171875 0.13671875 0.17578125
0 0.818359375 0.689453125 0.16015625 0.119140625
0 0.73828125 0.7294921875 0.1533203125 0.1171875
0 0.763671875 0.5 0.244140625 0.0771484375
0 0.7666015625 0.6240234375 0.1044921875 0.16015625
0 0.837890625 0.646484375 0.0625 0.109375
0 0.8330078125 0.5927734375 0.115234375 0.19921875
0 0.181640625 0.494140625 0.2724609375 0.119140625
0 0.234375 0.484375 0.263671875 0.0791015625
0 0.1943359375 0.4892578125 0.16796875 0.0771484375
