1 0.5634765625 0.3564453125 0.212890625 0.0419921875
1 0.5546875 0.296875 0.1044921875 0.08984375
1 0.443359375 0.3291015625 0.1728515625 0.0634765625
1 0.35546875 0.3232421875 0.1552734375 0.0908203125
1 0.267578125 0.3076171875 0.1044921875 0.1162109375
1 0.3662109375 0.3974609375 0.2158203125 0.04296875
1 0.2294921875 0.4189453125 0.0927734375 0.091796875
1 0.4453125 0.458984375 0.1748046875 0.0693359375
1 0.220703125 0.5126953125 0.1591796875 0.0927734375
1 0.380859375 0.5859375 0.16796875 0.0478515625
1 0.26953125 0.609375 0.1181640625 0.1044921875
1 0.5244140625 0.5400390625 0.119140625 0.10546875
1 0.6669921875 0.4912109375 0.154296875 0.056640625
1 0.66015625 0.451171875 0.203125 0.0537109375
1 0.7646484375 0.43359375 0.1435546875 0.111328125
