0 0.17578125 0.41796875 0.146484375 0.087890625
0 0.294921875 0.4697265625 0.3251953125 0.0693359375
0 0.7236328125 0.4833984375 0.177734375 0.0751953125
0 0.7607421875 0.5283203125 0.15234375 0.09765625
0 0.826171875 0.5498046875 0.111328125 0.109375
0 0.71875 0.59765625 0.154296875 0.064453125
0 0.32421875 0.642578125 0.1015625 0.1103515625
0 0.2998046875 0.6650390625 0.37890625 0.0673828125
0 0.2314453125 0.6416015625 0.1494140625 0.1328125
0 0.154296875 0.625 0.1767578125 0.1728515625
0 0.625 0.638671875 0.09765625 0.115234375
0 0.6318359375 0.712890625 0.2353515625 0.0517578125
0 0.6484375 0.7080078125 0.2275390625 0.1259765625
0 0.603515625 0.671875 0.158203125 0.1181640625
0 0.435546875 0.7353515625 0.1298828125 0.11328125
0 0.3798828125 0.7412109375 0.28125 0.0986328125
0 0.296875 0.732421875 0.24609375 0.0478515625
0 0.1708984375 0.650390625 0.25390625 0.08984375
0 0.4755859375 0.71875 0.142578125 0.06640625
