0 0.767578125 0.640625 0.0654296875 0.0830078125
0 0.3388671875 0.43359375 0.1318359375 0.0283203125
0 0.4052734375 0.4345703125 0.060546875 0.060546875
0 0.1845703125 0.6416015625 0.0849609375 0.060546875
0 0.3369140625 0.7451171875 0.0810546875 0.05078125
0 0.3662109375 0.7529296875 0.1396484375 0.0537109375
0 0.427734375 0.7666015625 0.1181640625 0.03515625
0 0.537109375 0.728515625 0.1533203125 0.0576171875
0 0.638671875 0.7177734375 0.091796875 0.048828125
0 0.6162109375 0.7431640625 0.1513671875 0.052734375
