0 0.8837890625 0.51171875 0.078125 0.1181640625
0 0.634765625 0.505859375 0.216796875 0.04296875
0 0.787109375 0.3681640625 0.16015625 0.0703125
0 0.7021484375 0.4306640625 0.1669921875 0.083984375
0 0.6640625 0.3701171875 0.0654296875 0.111328125
0 0.572265625 0.3974609375 0.1328125 0.0576171875
0 0.396484375 0.400390625 0.1796875 0.0439453125
0 0.349609375 0.740234375 0.0849609375 0.0595703125
0 0.3701171875 0.7197265625 0.125 0.0888671875
0 0.2470703125 0.5458984375 0.1328125 0.0927734375
0 0.1611328125 0.5126953125 0.169921875 0.06640625
0 0.25390625 0.46484375 0.119140625 0.0947265625
0 0.2080078125 0.443359375 0.095703125 0.0986328125
0 0.1728515625 0.4404296875 0.13671875 0.0869140625
0 0.5107421875 0.3349609375 0.1318359375 0.0302734375
0 0.62890625 0.330078125 0.18359375 0.0283203125
0 0.56640625 0.3515625 0.138671875 0.05078125
0 0.5380859375 0.302734375 0.1826171875 0.03125
0 0.390625 0.333984375 0.1015625 0.048828125
0 0.3427734375 0.3525390625 0.15234375 0.0390625
0 0.4169921875 0.3544921875 0.19140625 0.076171875
