1 0.390625 0.5849609375 0.189453125 0.0595703125
1 0.267578125 0.6005859375 0.15625 0.1025390625
1 0.2451171875 0.4990234375 0.2109375 0.08203125
1 0.5341796875 0.517578125 0.0927734375 0.1025390625
1 0.5029296875 0.439453125 0.2080078125 0.044921875
1 0.4453125 0.396484375 0.224609375 0.0478515625
1 0.2099609375 0.384765625 0.08203125 0.1044921875
1 0.2666015625 0.296875 0.1103515625 0.1005859375
1 0.3310546875 0.333984375 0.1279296875 0.11328125
1 0.4345703125 0.33203125 0.169921875 0.087890625
1 0.556640625 0.2919921875 0.0830078125 0.0927734375
1 0.58984375 0.34765625 0.1962890625 0.0517578125
1 0.6640625 0.443359375 0.1689453125 0.0634765625
1 0.6953125 0.48828125 0.115234375 0.076171875
1 0.78515625 0.4541015625 0.1064453125 0.1279296875
