1 0.4052734375 0.2998046875 0.220703125 0.0634765625
1 0.490234375 0.388671875 0.16015625 0.078125
1 0.6298828125 0.3251953125 0.0654296875 0.0908203125
1 0.6630859375 0.41015625 0.0810546875 0.091796875
1 0.5947265625 0.51953125 0.181640625 0.0732421875
1 0.3935546875 0.5654296875 0.205078125 0.0615234375
1 0.2021484375 0.501953125 0.16796875 0.0576171875
1 0.2119140625 0.439453125 0.111328125 0.1005859375
1 0.3427734375 0.421875 0.197265625 0.0546875
1 0.3447265625 0.4853515625 0.0986328125 0.103515625
