0 0.830078125 0.5478515625 0.12109375 0.115234375
0 0.6826171875 0.517578125 0.1875 0.0791015625
0 0.8017578125 0.4521484375 0.1728515625 0.0537109375
0 0.275390625 0.5185546875 0.2333984375 0.05859375
0 0.341796875 0.453125 0.1748046875 0.0751953125
0 0.25390625 0.4326171875 0.1328125 0.1083984375
0 0.3837890625 0.3369140625 0.13671875 0.064453125
0 0.251953125 0.39453125 0.1220703125 0.0712890625
0 0.2353515625 0.384765625 0.138671875 0.091796875
0 0.50390625 0.2998046875 0.1640625 0.0546875
0 0.505859375 0.3291015625 0.1298828125 0.0390625
0 0.55078125 0.3525390625 0.1328125 0.041015625
0 0.5029296875 0.3427734375 0.0693359375 0.0888671875
0 0.5654296875 0.345703125 0.12109375 0.0810546875
0 0.6396484375 0.37109375 0.1015625 0.08984375
0 0.892578125 0.41796875 0.1328125 0.056640625
0 0.6962890625 0.3974609375 0.0625 0.0732421875
0 0.76171875 0.3994140625 0.10546875 0.0283203125
0 0.8349609375 0.4052734375 0.1533203125 0.0625
0 0.7802734375 0.349609375 0.0703125 0.052734375
0 0.70703125 0.369140625 0.193359375 0.0517578125
