0 0.3388671875 0.3916015625 0.2080078125 0.119140625
0 0.197265625 0.4873046875 0.11328125 0.16015625
0 0.708984375 0.41796875 0.322265625 0.046875
0 0.638671875 0.482421875 0.1962890625 0.1318359375
0 0.8203125 0.533203125 0.2470703125 0.083984375
0 0.8330078125 0.4931640625 0.1845703125 0.14453125
0 0.806640625 0.6513671875 0.169921875 0.1552734375
0 0.705078125 0.6748046875 0.2099609375 0.1318359375
0 0.6025390625 0.703125 0.3076171875 0.08984375
0 0.296875 0.6943359375 0.2412109375 0.138671875
