0 0.6572265625 0.421875 0.1923828125 0.1455078125
0 0.2314453125 0.478515625 0.1943359375 0.0986328125
0 0.2978515625 0.578125 0.1240234375 0.060546875
0 0.2666015625 0.6982421875 0.2880859375 0.1494140625
0 0.6513671875 0.5556640625 0.11328125 0.1259765625
0 0.4208984375 0.7294921875 0.234375 0.048828125
0 0.361328125 0.6484375 0.1083984375 0.09765625
0 0.408203125 0.6708984375 0.171875 0.1630859375
0 0.537109375 0.6357421875 0.1171875 0.1640625
0 0.4814453125 0.6943359375 0.154296875 0.0810546875
0 0.5830078125 0.6826171875 0.22265625 0.142578125
0 0.650390625 0.6982421875 0.2236328125 0.154296875
0 0.7021484375 0.673828125 0.2236328125 0.0712890625
0 0.7412109375 0.5712890625 0.1044921875 0.126953125
0 0.794921875 0.625 0.0888671875 0.166015625
0 0.8310546875 0.541015625 0.140625 0.11328125
0 0.802734375 0.61328125 0.1220703125 0.05078125
