0 0.6474609375 0.7587890625 0.0966796875 0.1171875
0 0.76171875 0.716796875 0.2041015625 0.08203125
0 0.716796875 0.5576171875 0.1494140625 0.0908203125
0 0.666015625 0.4892578125 0.15625 0.08203125
0 0.779296875 0.505859375 0.0712890625 0.0908203125
0 0.794921875 0.478515625 0.1982421875 0.0576171875
0 0.7158203125 0.43359375 0.1865234375 0.044921875
0 0.7314453125 0.3837890625 0.1611328125 0.08984375
0 0.3193359375 0.490234375 0.166015625 0.064453125
0 0.1884765625 0.5576171875 0.1328125 0.1025390625
0 0.140625 0.5517578125 0.1220703125 0.0927734375
0 0.236328125 0.4716796875 0.1328125 0.0830078125
0 0.248046875 0.4375 0.1044921875 0.0625
0 0.296875 0.3955078125 0.1181640625 0.0615234375
0 0.5703125 0.41796875 0.142578125 0.0595703125
0 0.5068359375 0.4228515625 0.091796875 0.0595703125
0 0.482421875 0.390625 0.205078125 0.0439453125
0 0.6005859375 0.375 0.181640625 0.0302734375
0 0.4560546875 0.380859375 0.0927734375 0.0322265625
0 0.443359375 0.3603515625 0.181640625 0.041015625
0 0.5693359375 0.349609375 0.1357421875 0.0322265625
