0 0.521484375 0.5126953125 0.1220703125 0.1162109375
0 0.578125 0.43359375 0.232421875 0.099609375
0 0.5390625 0.3828125 0.298828125 0.072265625
0 0.466796875 0.4287109375 0.1611328125 0.142578125
0 0.3818359375 0.3740234375 0.197265625 0.07421875
0 0.3583984375 0.41015625 0.2734375 0.0791015625
0 0.2275390625 0.4453125 0.2265625 0.078125
0 0.185546875 0.4755859375 0.1396484375 0.1044921875
0 0.28515625 0.51953125 0.271484375 0.0693359375
0 0.2060546875 0.55859375 0.2060546875 0.1298828125
0 0.1865234375 0.59375 0.1171875 0.115234375
0 0.1142578125 0.53125 0.0595703125 0.1572265625
0 0.10546875 0.599609375 0.1337890625 0.1298828125
0 0.1708984375 0.6435546875 0.12109375 0.140625
0 0.3486328125 0.75390625 0.2197265625 0.0712890625
0 0.193359375 0.7138671875 0.1630859375 0.09765625
0 0.2568359375 0.74609375 0.1884765625 0.0849609375
0 0.1435546875 0.6337890625 0.1552734375 0.1533203125
