0 0.7421875 0.6015625 0.0634765625 0.0927734375
0 0.6923828125 0.5693359375 0.087890625 0.1015625
0 0.1669921875 0.5419921875 0.0478515625 0.0830078125
0 0.16796875 0.607421875 0.0576171875 0.0849609375
0 0.357421875 0.751953125 0.142578125 0.0546875
0 0.294921875 0.7421875 0.1279296875 0.0732421875
0 0.5419921875 0.7421875 0.07421875 0.0791015625
0 0.68359375 0.712890625 0.05859375 0.068359375
0 0.6484375 0.7275390625 0.0634765625 0.068359375
0 0.681640625 0.7294921875 0.1064453125 0.0478515625
