1 0.6416015625 0.3203125 0.09375 0.044921875
1 0.5703125 0.302734375 0.171875 0.1083984375
1 0.7041015625 0.369140625 0.109375 0.1376953125
1 0.8232421875 0.375 0.1357421875 0.1015625
1 0.8232421875 0.4130859375 0.14453125 0.1005859375
1 0.896484375 0.4677734375 0.2060546875 0.044921875
1 0.9072265625 0.5341796875 0.140625 0.0615234375
1 0.8876953125 0.57421875 0.1611328125 0.0654296875
1 0.763671875 0.57421875 0.08984375 0.123046875
1 0.7177734375 0.6943359375 0.3271484375 0.1376953125
1 0.580078125 0.6298828125 0.115234375 0.095703125
1 0.48828125 0.53515625 0.087890625 0.1005859375
1 0.6318359375 0.462890625 0.076171875 0.1240234375
1 0.5654296875 0.4453125 0.1025390625 0.103515625
1 0.470703125 0.412109375 0.123046875 0.125
1 0.44921875 0.302734375 0.130859375 0.1064453125
1 0.3740234375 0.326171875 0.0869140625 0.091796875
1 0.298828125 0.3388671875 0.1337890625 0.0537109375
1 0.2978515625 0.3349609375 0.16015625 0.083984375
1 0.390625 0.427734375 0.146484375 0.0888671875
1 0.3515625 0.484375 0.1494140625 0.1103515625
1 0.3828125 0.5625 0.189453125 0.0771484375
1 0.302734375 0.6435546875 0.095703125 0.146484375
1 0.166015625 0.6123046875 0.2314453125 0.154296875
1 0.205078125 0.4375 0.087890625 0.1357421875
1 0.08984375 0.4619140625 0.1796875 0.142578125
