1 0.8388671875 0.4541015625 0.1982421875 0.0244140625
1 0.7041015625 0.40234375 0.1474609375 0.0888671875
1 0.673828125 0.48046875 0.2041015625 0.0615234375
1 0.546875 0.3974609375 0.1591796875 0.0673828125
1 0.5634765625 0.3369140625 0.205078125 0.05859375
1 0.4853515625 0.328125 0.1630859375 0.02734375
1 0.359375 0.3515625 0.19921875 0.0302734375
1 0.314453125 0.294921875 0.20703125 0.056640625
1 0.2783203125 0.333984375 0.15234375 0.041015625
1 0.1171875 0.4169921875 0.09375 0.109375
1 0.59765625 0.5546875 0.0859375 0.107421875
1 0.46484375 0.4970703125 0.1953125 0.0380859375
1 0.509765625 0.59765625 0.0556640625 0.109375
1 0.5576171875 0.6650390625 0.203125 0.0458984375
1 0.4306640625 0.6826171875 0.154296875 0.0869140625
1 0.3310546875 0.583984375 0.1884765625 0.0712890625
1 0.3056640625 0.5146484375 0.1484375 0.072265625
1 0.2685546875 0.6025390625 0.1953125 0.048828125
1 0.09765625 0.5068359375 0.140625 0.1123046875
1 0.4609375 0.2900390625 0.193359375 0.0634765625
