0 0.583984375 0.51953125 0.115234375 0.193359375
0 0.3115234375 0.552734375 0.212890625 0.146484375
0 0.6533203125 0.3642578125 0.3505859375 0.0458984375
0 0.61328125 0.4248046875 0.216796875 0.1318359375
0 0.5947265625 0.3251953125 0.3203125 0.041015625
0 0.37109375 0.3984375 0.251953125 0.1142578125
0 0.388671875 0.43359375 0.2568359375 0.080078125
0 0.478515625 0.345703125 0.2431640625 0.060546875
0 0.3994140625 0.400390625 0.1279296875 0.162109375
0 0.2880859375 0.412109375 0.1240234375 0.1494140625
