0 0.90625 0.509765625 0.09765625 0.1044921875
0 0.7734375 0.3671875 0.158203125 0.0693359375
0 0.78515625 0.703125 0.154296875 0.099609375
0 0.6142578125 0.734375 0.0947265625 0.1123046875
0 0.6162109375 0.501953125 0.228515625 0.044921875
0 0.6376953125 0.38671875 0.083984375 0.0546875
0 0.6044921875 0.388671875 0.080078125 0.091796875
0 0.65625 0.41796875 0.16015625 0.0625
0 0.6923828125 0.423828125 0.1513671875 0.0693359375
0 0.6650390625 0.3544921875 0.109375 0.0966796875
0 0.6162109375 0.32421875 0.1796875 0.0322265625
0 0.525390625 0.3017578125 0.181640625 0.021484375
0 0.517578125 0.3369140625 0.1796875 0.03125
0 0.37890625 0.3291015625 0.10546875 0.037109375
0 0.3154296875 0.353515625 0.1171875 0.0283203125
0 0.4130859375 0.3515625 0.1845703125 0.072265625
0 0.3115234375 0.41015625 0.1630859375 0.0595703125
0 0.234375 0.5458984375 0.1357421875 0.08984375
0 0.169921875 0.4990234375 0.181640625 0.0625
0 0.19140625 0.44140625 0.08203125 0.0986328125
0 0.16796875 0.439453125 0.1123046875 0.08203125
