1 0.619140625 0.283203125 0.220703125 0.0576171875
1 0.6298828125 0.3388671875 0.06640625 0.0673828125
1 0.60546875 0.3330078125 0.11328125 0.119140625
1 0.5361328125 0.3330078125 0.0712890625 0.119140625
1 0.7138671875 0.3662109375 0.1640625 0.0966796875
1 0.8857421875 0.4443359375 0.0693359375 0.09375
1 0.8212890625 0.423828125 0.09375 0.103515625
1 0.806640625 0.4794921875 0.154296875 0.076171875
1 0.685546875 0.4404296875 0.1650390625 0.078125
1 0.533203125 0.46484375 0.17578125 0.1123046875
1 0.7138671875 0.513671875 0.2431640625 0.052734375
1 0.720703125 0.572265625 0.07421875 0.1025390625
1 0.6787109375 0.650390625 0.10546875 0.0947265625
1 0.80859375 0.634765625 0.201171875 0.2041015625
1 0.5615234375 0.640625 0.1103515625 0.0888671875
1 0.4658203125 0.544921875 0.3583984375 0.0771484375
1 0.6220703125 0.7138671875 0.111328125 0.0771484375
1 0.513671875 0.7216796875 0.0791015625 0.134765625
1 0.2392578125 0.658203125 0.2451171875 0.0888671875
1 0.4560546875 0.4248046875 0.1845703125 0.0693359375
1 0.404296875 0.3427734375 0.146484375 0.078125
1 0.32421875 0.375 0.1845703125 0.060546875
1 0.3212890625 0.4931640625 0.0869140625 0.0595703125
1 0.279296875 0.4306640625 0.2001953125 0.076171875
1 0.224609375 0.4345703125 0.1005859375 0.1162109375
1 0.1142578125 0.4853515625 0.1865234375 0.16796875
