0 0.263671875 0.4931640625 0.265625 0.041015625
0 0.2958984375 0.599609375 0.115234375 0.0478515625
0 0.5458984375 0.3798828125 0.076171875 0.1337890625
0 0.6064453125 0.4287109375 0.0908203125 0.11328125
0 0.6865234375 0.40234375 0.251953125 0.1298828125
0 0.7841796875 0.474609375 0.125 0.1044921875
0 0.70703125 0.544921875 0.076171875 0.1669921875
0 0.22265625 0.6923828125 0.2626953125 0.1259765625
0 0.291015625 0.6904296875 0.0849609375 0.15234375
0 0.8291015625 0.5400390625 0.13671875 0.087890625
0 0.8056640625 0.6171875 0.193359375 0.078125
0 0.7978515625 0.623046875 0.138671875 0.138671875
0 0.6787109375 0.646484375 0.189453125 0.1611328125
0 0.4501953125 0.75 0.244140625 0.064453125
0 0.427734375 0.666015625 0.2236328125 0.130859375
0 0.5849609375 0.6904296875 0.173828125 0.1083984375
0 0.6484375 0.693359375 0.197265625 0.05078125
0 0.4521484375 0.72265625 0.298828125 0.0849609375
0 0.439453125 0.6865234375 0.236328125 0.0634765625
