0 0.77734375 0.3642578125 0.154296875 0.0693359375
0 0.6279296875 0.5 0.20703125 0.03515625
0 0.759765625 0.689453125 0.1083984375 0.083984375
0 0.67578125 0.6904296875 0.119140625 0.123046875
0 0.533203125 0.76171875 0.158203125 0.0615234375
0 0.4287109375 0.4462890625 0.1123046875 0.11328125
0 0.3115234375 0.4111328125 0.1708984375 0.052734375
0 0.6416015625 0.375 0.1259765625 0.064453125
0 0.6025390625 0.3876953125 0.076171875 0.0908203125
0 0.6982421875 0.4228515625 0.154296875 0.0751953125
0 0.6748046875 0.349609375 0.1171875 0.099609375
0 0.6240234375 0.3251953125 0.181640625 0.033203125
0 0.52734375 0.2998046875 0.1845703125 0.03125
0 0.5205078125 0.333984375 0.17578125 0.037109375
0 0.3818359375 0.328125 0.1005859375 0.0390625
0 0.4169921875 0.3505859375 0.1796875 0.076171875
0 0.3232421875 0.353515625 0.119140625 0.0283203125
0 0.234375 0.5439453125 0.140625 0.08984375
0 0.1728515625 0.4990234375 0.1796875 0.06640625
0 0.1943359375 0.4404296875 0.080078125 0.1005859375
0 0.169921875 0.439453125 0.111328125 0.0810546875
