1 0.6630859375 0.34765625 0.1123046875 0.1181640625
1 0.7783203125 0.44921875 0.17578125 0.0654296875
1 0.5107421875 0.373046875 0.17578125 0.0751953125
1 0.5556640625 0.455078125 0.126953125 0.091796875
1 0.6787109375 0.498046875 0.1748046875 0.0927734375
1 0.6162109375 0.5576171875 0.1865234375 0.0556640625
1 0.576171875 0.646484375 0.15234375 0.099609375
1 0.4912109375 0.5771484375 0.1533203125 0.041015625
1 0.3916015625 0.595703125 0.0966796875 0.1005859375
1 0.4873046875 0.6845703125 0.1884765625 0.08203125
1 0.3056640625 0.5205078125 0.1689453125 0.078125
1 0.1982421875 0.4765625 0.2080078125 0.0400390625
1 0.2314453125 0.6103515625 0.2001953125 0.07421875
1 0.2587890625 0.658203125 0.1533203125 0.10546875
1 0.201171875 0.3505859375 0.12890625 0.078125
1 0.30859375 0.2822265625 0.1162109375 0.0927734375
1 0.4384765625 0.279296875 0.2275390625 0.0498046875
1 0.419921875 0.3125 0.1650390625 0.044921875
1 0.369140625 0.328125 0.177734375 0.0439453125
1 0.3330078125 0.3671875 0.1796875 0.072265625
