0 0.794921875 0.498046875 0.107421875 0.1640625
0 0.6796875 0.70703125 0.1943359375 0.1787109375
0 0.482421875 0.6640625 0.3310546875 0.103515625
0 0.30078125 0.5771484375 0.125 0.171875
0 0.2255859375 0.65625 0.2216796875 0.15625
0 0.111328125 0.541015625 0.1376953125 0.1953125
0 0.25 0.423828125 0.26953125 0.0615234375
0 0.623046875 0.4228515625 0.279296875 0.0908203125
0 0.318359375 0.3642578125 0.2861328125 0.068359375
0 0.4599609375 0.3759765625 0.2978515625 0.0693359375
0 0.474609375 0.3681640625 0.1083984375 0.091796875
0 0.58203125 0.3544921875 0.271484375 0.0654296875
0 0.591796875 0.3994140625 0.2880859375 0.0634765625
0 0.34375 0.4580078125 0.19140625 0.134765625
0 0.3359375 0.4501953125 0.1396484375 0.15625
