1 0.71875 0.4375 0.1494140625 0.1064453125
1 0.451171875 0.59375 0.125 0.083984375
1 0.384765625 0.638671875 0.169921875 0.0517578125
1 0.3251953125 0.5791015625 0.095703125 0.09765625
1 0.3408203125 0.5078125 0.19140625 0.0390625
1 0.185546875 0.5380859375 0.1875 0.052734375
1 0.2236328125 0.625 0.0859375 0.1181640625
1 0.259765625 0.4140625 0.1171875 0.111328125
1 0.39453125 0.4580078125 0.1181640625 0.068359375
1 0.4736328125 0.447265625 0.1201171875 0.099609375
1 0.5947265625 0.3515625 0.111328125 0.0439453125
1 0.5908203125 0.41796875 0.1103515625 0.0810546875
1 0.36328125 0.341796875 0.111328125 0.09375
1 0.4404296875 0.3720703125 0.189453125 0.041015625
1 0.474609375 0.3408203125 0.0986328125 0.099609375
