0 0.6181640625 0.455078125 0.283203125 0.072265625
0 0.8671875 0.478515625 0.158203125 0.1767578125
0 0.8642578125 0.5556640625 0.0712890625 0.150390625
0 0.8271484375 0.6015625 0.115234375 0.1552734375
0 0.6787109375 0.6025390625 0.2724609375 0.140625
0 0.4296875 0.6416015625 0.3251953125 0.0625
0 0.5419921875 0.693359375 0.279296875 0.1201171875
0 0.4501953125 0.3876953125 0.1416015625 0.0927734375
0 0.5771484375 0.3701171875 0.1806640625 0.1474609375
0 0.521484375 0.3349609375 0.3173828125 0.0390625
