1 0.623046875 0.326171875 0.0908203125 0.0322265625
1 0.646484375 0.3349609375 0.232421875 0.07421875
1 0.5087890625 0.2958984375 0.173828125 0.0869140625
1 0.4306640625 0.32421875 0.1552734375 0.095703125
1 0.345703125 0.3193359375 0.1845703125 0.0517578125
1 0.7998046875 0.3671875 0.15625 0.087890625
1 0.7724609375 0.4013671875 0.162109375 0.08984375
1 0.7412109375 0.4326171875 0.0869140625 0.107421875
1 0.681640625 0.4208984375 0.115234375 0.109375
1 0.8623046875 0.513671875 0.18359375 0.12109375
1 0.7880859375 0.5869140625 0.1708984375 0.11328125
1 0.5478515625 0.4013671875 0.1669921875 0.0634765625
1 0.466796875 0.4482421875 0.087890625 0.1279296875
1 0.6044921875 0.4814453125 0.1162109375 0.111328125
1 0.5673828125 0.5849609375 0.1435546875 0.1201171875
1 0.4072265625 0.478515625 0.1083984375 0.0791015625
1 0.32421875 0.4638671875 0.0517578125 0.0966796875
1 0.4365234375 0.5498046875 0.25 0.0400390625
1 0.708984375 0.708984375 0.3076171875 0.123046875
1 0.5 0.7392578125 0.2490234375 0.064453125
1 0.43359375 0.67578125 0.203125 0.080078125
1 0.3603515625 0.6083984375 0.2646484375 0.05078125
1 0.265625 0.544921875 0.095703125 0.0927734375
1 0.255859375 0.44140625 0.099609375 0.1337890625
1 0.1201171875 0.45703125 0.2109375 0.1572265625
1 0.162109375 0.619140625 0.271484375 0.1494140625
