1 0.810546875 0.462890625 0.0732421875 0.099609375
1 0.7890625 0.5703125 0.16015625 0.1044921875
1 0.5625 0.6201171875 0.1962890625 0.1083984375
1 0.5185546875 0.70703125 0.23046875 0.0458984375
1 0.392578125 0.6748046875 0.2060546875 0.083984375
1 0.2861328125 0.642578125 0.1103515625 0.099609375
1 0.1875 0.640625 0.0732421875 0.109375
1 0.4970703125 0.482421875 0.0830078125 0.1103515625
1 0.31640625 0.5126953125 0.15234375 0.0771484375
1 0.193359375 0.55078125 0.2080078125 0.0556640625
1 0.4091796875 0.4423828125 0.0751953125 0.0927734375
1 0.51953125 0.4140625 0.1904296875 0.0419921875
1 0.162109375 0.4541015625 0.1220703125 0.0849609375
1 0.2861328125 0.4228515625 0.171875 0.06640625
1 0.27734375 0.412109375 0.08984375 0.123046875
1 0.3828125 0.369140625 0.1494140625 0.0595703125
1 0.3876953125 0.33203125 0.1240234375 0.0419921875
1 0.48046875 0.3466796875 0.173828125 0.0302734375
1 0.5341796875 0.3154296875 0.203125 0.0556640625
1 0.6162109375 0.302734375 0.203125 0.0537109375
