0 0.78125 0.7060546875 0.1962890625 0.1318359375
0 0.2646484375 0.6708984375 0.25390625 0.130859375
0 0.2744140625 0.576171875 0.3408203125 0.0888671875
0 0.2109375 0.4990234375 0.189453125 0.103515625
0 0.2119140625 0.4970703125 0.3095703125 0.0654296875
0 0.296875 0.4609375 0.1533203125 0.146484375
0 0.673828125 0.525390625 0.10546875 0.12109375
0 0.62109375 0.5029296875 0.0966796875 0.08203125
0 0.76953125 0.5673828125 0.08203125 0.1669921875
0 0.4716796875 0.4111328125 0.2109375 0.0703125
0 0.6484375 0.4775390625 0.232421875 0.0849609375
0 0.587890625 0.416015625 0.2919921875 0.044921875
0 0.5712890625 0.4208984375 0.1962890625 0.033203125
0 0.8125 0.4853515625 0.1865234375 0.1474609375
0 0.8359375 0.52734375 0.0576171875 0.1259765625
