1 0.6376953125 0.2841796875 0.158203125 0.0869140625
1 0.67578125 0.3662109375 0.1337890625 0.080078125
1 0.7529296875 0.5 0.0732421875 0.099609375
1 0.6865234375 0.5234375 0.1455078125 0.0986328125
1 0.587890625 0.4296875 0.109375 0.0810546875
1 0.482421875 0.3583984375 0.1630859375 0.0830078125
1 0.48046875 0.271484375 0.2216796875 0.03515625
1 0.416015625 0.2939453125 0.17578125 0.03125
1 0.3779296875 0.3251953125 0.2099609375 0.0244140625
1 0.271484375 0.3193359375 0.125 0.11328125
1 0.1630859375 0.353515625 0.1416015625 0.0771484375
1 0.3095703125 0.5087890625 0.1484375 0.0771484375
1 0.51953125 0.5771484375 0.1806640625 0.04296875
1 0.603515625 0.623046875 0.203125 0.0615234375
1 0.65234375 0.6611328125 0.21484375 0.083984375
1 0.3857421875 0.6806640625 0.2431640625 0.0439453125
1 0.3681640625 0.61328125 0.087890625 0.12109375
1 0.265625 0.6044921875 0.072265625 0.12109375
1 0.1806640625 0.4921875 0.0810546875 0.103515625
1 0.1689453125 0.58203125 0.0947265625 0.0908203125
