0 0.7529296875 0.419921875 0.1357421875 0.0361328125
0 0.6123046875 0.4384765625 0.216796875 0.1416015625
0 0.6640625 0.4326171875 0.1015625 0.1513671875
0 0.55078125 0.3818359375 0.1513671875 0.08984375
0 0.5302734375 0.458984375 0.3515625 0.0693359375
0 0.0849609375 0.498046875 0.1572265625 0.0439453125
0 0.5341796875 0.5927734375 0.1015625 0.197265625
0 0.72265625 0.6015625 0.287109375 0.08203125
0 0.63671875 0.6279296875 0.0986328125 0.1630859375
0 0.7998046875 0.646484375 0.107421875 0.1494140625
0 0.7470703125 0.646484375 0.126953125 0.1455078125
0 0.5087890625 0.6904296875 0.21484375 0.076171875
0 0.59375 0.7265625 0.349609375 0.041015625
0 0.5517578125 0.7666015625 0.3056640625 0.0654296875
0 0.26171875 0.7265625 0.224609375 0.099609375
0 0.3583984375 0.732421875 0.1650390625 0.08203125
0 0.2060546875 0.6435546875 0.2119140625 0.126953125
0 0.17578125 0.6611328125 0.1015625 0.0546875
