0 0.919921875 0.525390625 0.0576171875 0.0751953125
0 0.869140625 0.48828125 0.140625 0.078125
0 0.7314453125 0.3671875 0.15234375 0.0458984375
0 0.5439453125 0.416015625 0.0751953125 0.08984375
0 0.572265625 0.3583984375 0.1669921875 0.0322265625
0 0.443359375 0.3681640625 0.146484375 0.0341796875
0 0.3603515625 0.416015625 0.1015625 0.0712890625
0 0.3515625 0.3896484375 0.072265625 0.0771484375
0 0.310546875 0.4228515625 0.0546875 0.11328125
0 0.2734375 0.4052734375 0.1513671875 0.0419921875
0 0.2666015625 0.4658203125 0.15234375 0.041015625
0 0.2763671875 0.572265625 0.140625 0.0869140625
0 0.28125 0.6689453125 0.1171875 0.091796875
0 0.494140625 0.748046875 0.140625 0.0576171875
0 0.671875 0.7021484375 0.1845703125 0.095703125
