0 0.8076171875 0.59375 0.1337890625 0.072265625
0 0.8857421875 0.6259765625 0.1201171875 0.080078125
0 0.369140625 0.703125 0.140625 0.0546875
0 0.2373046875 0.6494140625 0.1455078125 0.0634765625
0 0.470703125 0.5302734375 0.080078125 0.1123046875
0 0.3662109375 0.5048828125 0.076171875 0.0927734375
0 0.322265625 0.46875 0.1396484375 0.060546875
0 0.2265625 0.4931640625 0.0576171875 0.0966796875
0 0.1748046875 0.4716796875 0.0712890625 0.109375
0 0.6396484375 0.3798828125 0.173828125 0.037109375
0 0.7353515625 0.361328125 0.1123046875 0.0908203125
0 0.41015625 0.376953125 0.09375 0.0810546875
0 0.4423828125 0.3623046875 0.083984375 0.0927734375
0 0.251953125 0.4072265625 0.1171875 0.0771484375
0 0.3173828125 0.41015625 0.103515625 0.115234375
