1 0.8916015625 0.4580078125 0.06640625 0.111328125
1 0.8095703125 0.3779296875 0.111328125 0.07421875
1 0.83203125 0.447265625 0.0927734375 0.0771484375
1 0.875 0.5947265625 0.1416015625 0.0869140625
1 0.8671875 0.5341796875 0.181640625 0.12109375
1 0.71484375 0.462890625 0.1337890625 0.111328125
1 0.73046875 0.5791015625 0.1279296875 0.11328125
1 0.6865234375 0.5693359375 0.1650390625 0.0947265625
1 0.751953125 0.701171875 0.267578125 0.1435546875
1 0.5986328125 0.6875 0.1005859375 0.1171875
1 0.525390625 0.6123046875 0.1005859375 0.1025390625
1 0.4189453125 0.61328125 0.1796875 0.0908203125
1 0.4267578125 0.5087890625 0.0947265625 0.1259765625
1 0.6533203125 0.3408203125 0.078125 0.068359375
1 0.6015625 0.4013671875 0.078125 0.109375
1 0.591796875 0.3173828125 0.0927734375 0.1064453125
1 0.501953125 0.3515625 0.17578125 0.0595703125
1 0.484375 0.3095703125 0.1357421875 0.103515625
1 0.505859375 0.4189453125 0.0986328125 0.1162109375
1 0.3935546875 0.34765625 0.078125 0.1064453125
1 0.33203125 0.3935546875 0.0927734375 0.11328125
1 0.279296875 0.423828125 0.0888671875 0.0830078125
1 0.19921875 0.4013671875 0.1484375 0.107421875
1 0.2568359375 0.560546875 0.1416015625 0.1201171875
1 0.1044921875 0.5107421875 0.1826171875 0.115234375
1 0.1943359375 0.6337890625 0.203125 0.169921875
