1 0.4140625 0.2744140625 0.208984375 0.060546875
1 0.40625 0.3203125 0.1630859375 0.048828125
1 0.5615234375 0.3291015625 0.181640625 0.029296875
1 0.59375 0.29296875 0.2099609375 0.0341796875
1 0.6884765625 0.3603515625 0.2294921875 0.02734375
1 0.6650390625 0.4013671875 0.1845703125 0.06640625
1 0.5849609375 0.455078125 0.1640625 0.0869140625
1 0.361328125 0.37109375 0.162109375 0.0751953125
1 0.318359375 0.51953125 0.1552734375 0.076171875
1 0.1728515625 0.4521484375 0.115234375 0.1044921875
1 0.126953125 0.435546875 0.1357421875 0.0908203125
1 0.0966796875 0.5361328125 0.0712890625 0.0869140625
1 0.1767578125 0.5869140625 0.115234375 0.103515625
1 0.8369140625 0.609375 0.115234375 0.087890625
1 0.7900390625 0.5849609375 0.1748046875 0.07421875
1 0.5341796875 0.5576171875 0.087890625 0.119140625
1 0.5986328125 0.6162109375 0.2041015625 0.0673828125
1 0.51171875 0.677734375 0.19921875 0.0693359375
1 0.37890625 0.6376953125 0.1845703125 0.06640625
1 0.3134765625 0.6923828125 0.2177734375 0.0458984375
