1 0.6630859375 0.38671875 0.22265625 0.080078125
1 0.6484375 0.4765625 0.1162109375 0.1015625
1 0.6513671875 0.5380859375 0.1611328125 0.0927734375
1 0.8173828125 0.513671875 0.154296875 0.109375
1 0.734375 0.5859375 0.1142578125 0.1552734375
1 0.51171875 0.4765625 0.1376953125 0.109375
1 0.447265625 0.3115234375 0.1025390625 0.0791015625
1 0.38671875 0.3046875 0.11328125 0.0693359375
1 0.3125 0.3212890625 0.1181640625 0.1005859375
1 0.2841796875 0.3310546875 0.181640625 0.0595703125
1 0.16796875 0.4462890625 0.158203125 0.078125
1 0.1875 0.55078125 0.1435546875 0.080078125
1 0.2939453125 0.5322265625 0.1416015625 0.10546875
1 0.4287109375 0.6025390625 0.154296875 0.1123046875
1 0.283203125 0.630859375 0.1845703125 0.0751953125
