0 0.390625 0.3818359375 0.3408203125 0.0771484375
0 0.2119140625 0.6787109375 0.2099609375 0.0615234375
0 0.1162109375 0.5810546875 0.140625 0.1298828125
0 0.529296875 0.6533203125 0.193359375 0.048828125
0 0.3681640625 0.712890625 0.2060546875 0.1376953125
0 0.751953125 0.455078125 0.064453125 0.0966796875
0 0.8095703125 0.494140625 0.0537109375 0.1318359375
0 0.734375 0.54296875 0.2021484375 0.1123046875
0 0.701171875 0.525390625 0.076171875 0.08984375
0 0.783203125 0.591796875 0.107421875 0.0849609375
0 0.697265625 0.5888671875 0.23828125 0.09765625
0 0.439453125 0.73828125 0.1015625 0.0439453125
0 0.408203125 0.7353515625 0.09375 0.0595703125
0 0.533203125 0.6962890625 0.1533203125 0.115234375
0 0.6708984375 0.689453125 0.05859375 0.04296875
0 0.6083984375 0.6728515625 0.302734375 0.080078125
