0 0.9296875 0.6005859375 0.0673828125 0.1162109375
0 0.89453125 0.5302734375 0.05859375 0.1201171875
0 0.73828125 0.5361328125 0.1494140625 0.0927734375
0 0.70703125 0.4677734375 0.1669921875 0.0927734375
0 0.8701171875 0.42578125 0.1552734375 0.08203125
0 0.7392578125 0.4189453125 0.1845703125 0.0556640625
0 0.7451171875 0.3603515625 0.126953125 0.0859375
0 0.625 0.39453125 0.1513671875 0.0712890625
0 0.3408203125 0.462890625 0.171875 0.0693359375
0 0.220703125 0.4306640625 0.1552734375 0.0556640625
0 0.2568359375 0.439453125 0.1298828125 0.0869140625
0 0.2041015625 0.529296875 0.1318359375 0.103515625
0 0.15625 0.5224609375 0.1298828125 0.099609375
0 0.380859375 0.380859375 0.1669921875 0.0615234375
0 0.36328125 0.353515625 0.189453125 0.0595703125
0 0.5380859375 0.4052734375 0.087890625 0.0703125
0 0.5263671875 0.3681640625 0.208984375 0.0361328125
0 0.6240234375 0.349609375 0.1748046875 0.029296875
0 0.6171875 0.3232421875 0.0947265625 0.029296875
0 0.525390625 0.3330078125 0.1259765625 0.0224609375
0 0.48828125 0.337890625 0.1669921875 0.0595703125
