1 0.7294921875 0.33203125 0.1728515625 0.037109375
1 0.7216796875 0.287109375 0.1953125 0.037109375
1 0.5439453125 0.2734375 0.212890625 0.044921875
1 0.4072265625 0.296875 0.189453125 0.0263671875
1 0.337890625 0.34375 0.185546875 0.080078125
1 0.22265625 0.3701171875 0.119140625 0.1123046875
1 0.09765625 0.4013671875 0.0869140625 0.1103515625
1 0.814453125 0.443359375 0.08984375 0.12890625
1 0.7431640625 0.486328125 0.1162109375 0.0927734375
1 0.7568359375 0.580078125 0.10546875 0.10546875
1 0.6728515625 0.5185546875 0.0732421875 0.12109375
1 0.576171875 0.431640625 0.16796875 0.08203125
1 0.44921875 0.4775390625 0.12890625 0.1083984375
1 0.1435546875 0.5126953125 0.0751953125 0.11328125
1 0.30078125 0.5029296875 0.162109375 0.072265625
1 0.37109375 0.560546875 0.1513671875 0.087890625
1 0.3330078125 0.658203125 0.1328125 0.1064453125
1 0.2255859375 0.611328125 0.1044921875 0.1171875
1 0.6484375 0.6357421875 0.1904296875 0.0380859375
1 0.55078125 0.6279296875 0.07421875 0.1328125
