0 0.775390625 0.6416015625 0.2001953125 0.0439453125
0 0.328125 0.705078125 0.060546875 0.0849609375
0 0.294921875 0.677734375 0.1396484375 0.0673828125
0 0.169921875 0.6328125 0.1103515625 0.05078125
0 0.2080078125 0.5947265625 0.1943359375 0.0341796875
0 0.3251953125 0.537109375 0.146484375 0.0830078125
0 0.46875 0.349609375 0.1396484375 0.0517578125
0 0.69140625 0.380859375 0.1728515625 0.0673828125
0 0.658203125 0.4169921875 0.1796875 0.044921875
0 0.7099609375 0.4375 0.11328125 0.087890625
0 0.3984375 0.369140625 0.1005859375 0.0205078125
0 0.3583984375 0.361328125 0.1650390625 0.029296875
0 0.2880859375 0.390625 0.150390625 0.0419921875
0 0.2568359375 0.416015625 0.1171875 0.0537109375
0 0.337890625 0.4228515625 0.1240234375 0.0966796875
