1 0.4609375 0.3037109375 0.205078125 0.052734375
1 0.578125 0.314453125 0.2080078125 0.0419921875
1 0.71875 0.3759765625 0.1884765625 0.052734375
1 0.8388671875 0.5 0.15234375 0.0888671875
1 0.6826171875 0.6201171875 0.138671875 0.1171875
1 0.4384765625 0.6630859375 0.2314453125 0.0810546875
1 0.2607421875 0.6220703125 0.2421875 0.0478515625
1 0.533203125 0.4755859375 0.1845703125 0.0556640625
1 0.47265625 0.43359375 0.1904296875 0.060546875
1 0.44921875 0.353515625 0.212890625 0.0341796875
1 0.4365234375 0.3857421875 0.1845703125 0.0322265625
1 0.32421875 0.390625 0.1162109375 0.087890625
1 0.35546875 0.4375 0.1259765625 0.0927734375
1 0.431640625 0.505859375 0.1298828125 0.08203125
1 0.435546875 0.5458984375 0.220703125 0.0400390625
1 0.4111328125 0.5859375 0.1962890625 0.0732421875
1 0.1640625 0.58203125 0.1787109375 0.052734375
1 0.27734375 0.4951171875 0.1669921875 0.0693359375
1 0.154296875 0.447265625 0.1455078125 0.107421875
1 0.1796875 0.5322265625 0.1435546875 0.0849609375
