1 0.8310546875 0.37109375 0.19921875 0.0537109375
1 0.630859375 0.3203125 0.1396484375 0.087890625
1 0.6220703125 0.3125 0.2060546875 0.0595703125
1 0.5205078125 0.3017578125 0.1611328125 0.0849609375
1 0.3095703125 0.3017578125 0.1201171875 0.0302734375
1 0.359375 0.337890625 0.1845703125 0.0380859375
1 0.6513671875 0.375 0.1640625 0.0556640625
1 0.8447265625 0.43359375 0.173828125 0.08203125
1 0.841796875 0.5185546875 0.2099609375 0.146484375
1 0.7412109375 0.599609375 0.341796875 0.0546875
1 0.93359375 0.6455078125 0.0986328125 0.0810546875
1 0.79296875 0.708984375 0.1865234375 0.072265625
1 0.69140625 0.7568359375 0.0849609375 0.08203125
1 0.5693359375 0.693359375 0.18359375 0.0732421875
1 0.544921875 0.7626953125 0.109375 0.08984375
1 0.439453125 0.7490234375 0.1064453125 0.1201171875
1 0.40625 0.607421875 0.0810546875 0.1201171875
1 0.3193359375 0.6748046875 0.1435546875 0.0966796875
1 0.234375 0.65234375 0.1494140625 0.0546875
1 0.216796875 0.5751953125 0.1533203125 0.1064453125
1 0.134765625 0.4384765625 0.205078125 0.0439453125
1 0.09765625 0.529296875 0.169921875 0.154296875
1 0.310546875 0.39453125 0.2060546875 0.0390625
1 0.380859375 0.359375 0.2041015625 0.03125
1 0.5576171875 0.4404296875 0.072265625 0.126953125
1 0.6279296875 0.505859375 0.087890625 0.12109375
