0 0.4130859375 0.7421875 0.1796875 0.0654296875
0 0.3095703125 0.6533203125 0.111328125 0.0869140625
0 0.275390625 0.681640625 0.0849609375 0.0947265625
0 0.546875 0.6171875 0.1083984375 0.1083984375
0 0.65625 0.611328125 0.0966796875 0.1005859375
0 0.6865234375 0.537109375 0.0966796875 0.1103515625
0 0.7490234375 0.4677734375 0.0869140625 0.10546875
0 0.703125 0.4033203125 0.19921875 0.0478515625
0 0.345703125 0.478515625 0.1826171875 0.0419921875
0 0.2021484375 0.5263671875 0.185546875 0.0478515625
0 0.328125 0.3984375 0.12890625 0.068359375
0 0.263671875 0.40625 0.1298828125 0.0791015625
0 0.4150390625 0.3935546875 0.13671875 0.0986328125
0 0.5517578125 0.349609375 0.158203125 0.0634765625
0 0.5439453125 0.3857421875 0.140625 0.0615234375
