0 0.5771484375 0.373046875 0.189453125 0.10546875
0 0.53125 0.4140625 0.1572265625 0.0869140625
0 0.6728515625 0.47265625 0.30859375 0.03515625
0 0.85546875 0.53125 0.1025390625 0.1826171875
0 0.4287109375 0.4951171875 0.150390625 0.1796875
0 0.7998046875 0.6474609375 0.119140625 0.1708984375
0 0.5 0.6279296875 0.3115234375 0.08203125
0 0.5078125 0.6640625 0.0654296875 0.1845703125
0 0.5888671875 0.666015625 0.32421875 0.0458984375
0 0.580078125 0.7744140625 0.0830078125 0.0458984375
0 0.6181640625 0.7109375 0.1435546875 0.1455078125
0 0.3486328125 0.7265625 0.1962890625 0.1259765625
0 0.40625 0.7607421875 0.19140625 0.078125
0 0.25 0.7216796875 0.16796875 0.1064453125
0 0.26171875 0.6826171875 0.2431640625 0.080078125
0 0.212890625 0.6318359375 0.1728515625 0.0771484375
0 0.2451171875 0.5322265625 0.140625 0.158203125
0 0.1279296875 0.5966796875 0.1064453125 0.1015625
0 0.10546875 0.4833984375 0.1220703125 0.046875
