1 0.541015625 0.4638671875 0.0888671875 0.12109375
1 0.7275390625 0.41015625 0.0810546875 0.1220703125
1 0.845703125 0.4267578125 0.1005859375 0.12109375
1 0.79296875 0.47265625 0.064453125 0.111328125
1 0.751953125 0.52734375 0.072265625 0.1171875
1 0.5419921875 0.5556640625 0.2216796875 0.0546875
1 0.5 0.634765625 0.201171875 0.1005859375
1 0.3076171875 0.634765625 0.1396484375 0.109375
1 0.2919921875 0.54296875 0.2041015625 0.0546875
1 0.1611328125 0.5390625 0.162109375 0.0771484375
1 0.333984375 0.443359375 0.1640625 0.0869140625
1 0.423828125 0.3115234375 0.087890625 0.072265625
1 0.3115234375 0.31640625 0.2080078125 0.0419921875
1 0.2626953125 0.380859375 0.0888671875 0.1064453125
1 0.140625 0.4091796875 0.1396484375 0.103515625
