0 0.150390625 0.6611328125 0.2353515625 0.10546875
0 0.275390625 0.6240234375 0.1796875 0.1953125
0 0.4609375 0.6015625 0.271484375 0.1064453125
0 0.458984375 0.5556640625 0.15234375 0.15625
0 0.6220703125 0.4970703125 0.1357421875 0.1728515625
0 0.6923828125 0.419921875 0.1845703125 0.080078125
0 0.5185546875 0.369140625 0.2392578125 0.0537109375
0 0.1474609375 0.49609375 0.1484375 0.166015625
0 0.271484375 0.443359375 0.1591796875 0.07421875
0 0.478515625 0.4462890625 0.0908203125 0.1025390625
0 0.4560546875 0.412109375 0.154296875 0.1025390625
0 0.326171875 0.4111328125 0.16796875 0.1083984375
0 0.3388671875 0.41015625 0.1552734375 0.0927734375
