1 0.599609375 0.462890625 0.0927734375 0.1103515625
1 0.69140625 0.419921875 0.1337890625 0.072265625
1 0.5830078125 0.361328125 0.1572265625 0.0615234375
1 0.5322265625 0.32421875 0.1962890625 0.044921875
1 0.423828125 0.2890625 0.205078125 0.0634765625
1 0.3203125 0.34375 0.1826171875 0.048828125
1 0.396484375 0.4345703125 0.1328125 0.099609375
1 0.3271484375 0.5126953125 0.2177734375 0.0458984375
1 0.2685546875 0.578125 0.1533203125 0.0791015625
1 0.4658203125 0.5625 0.1279296875 0.1142578125
