0 0.7607421875 0.5859375 0.3388671875 0.0810546875
0 0.8212890625 0.48046875 0.09765625 0.1748046875
0 0.822265625 0.4208984375 0.2158203125 0.08984375
0 0.2998046875 0.4765625 0.3154296875 0.046875
0 0.3994140625 0.6083984375 0.1298828125 0.177734375
0 0.4970703125 0.5791015625 0.2763671875 0.1484375
0 0.2880859375 0.6259765625 0.146484375 0.181640625
0 0.193359375 0.564453125 0.1103515625 0.17578125
0 0.7255859375 0.359375 0.29296875 0.083984375
0 0.6083984375 0.3310546875 0.3173828125 0.052734375
