0 0.896484375 0.5126953125 0.0771484375 0.1259765625
0 0.642578125 0.5 0.21484375 0.0419921875
0 0.79296875 0.36328125 0.162109375 0.068359375
0 0.71484375 0.423828125 0.1591796875 0.08203125
0 0.6669921875 0.36328125 0.0732421875 0.1123046875
0 0.6376953125 0.322265625 0.18359375 0.0361328125
0 0.537109375 0.294921875 0.189453125 0.0322265625
0 0.5927734375 0.388671875 0.1357421875 0.056640625
0 0.5615234375 0.3515625 0.1044921875 0.02734375
0 0.5400390625 0.328125 0.177734375 0.0341796875
0 0.5 0.3740234375 0.0693359375 0.0869140625
0 0.3525390625 0.3505859375 0.11328125 0.03125
0 0.3828125 0.330078125 0.140625 0.0419921875
0 0.4345703125 0.3486328125 0.185546875 0.072265625
0 0.2646484375 0.37890625 0.0859375 0.076171875
0 0.1884765625 0.4951171875 0.1806640625 0.0673828125
0 0.2138671875 0.4482421875 0.083984375 0.0712890625
0 0.181640625 0.4423828125 0.09375 0.0654296875
0 0.2802734375 0.5634765625 0.1748046875 0.056640625
0 0.1953125 0.6552734375 0.142578125 0.0771484375
0 0.3828125 0.7314453125 0.1962890625 0.052734375
