1 0.7705078125 0.3544921875 0.1875 0.0751953125
1 0.6142578125 0.328125 0.0810546875 0.0283203125
1 0.560546875 0.3564453125 0.2578125 0.0390625
1 0.650390625 0.4052734375 0.1396484375 0.0888671875
1 0.7802734375 0.40234375 0.1484375 0.09375
1 0.7333984375 0.4306640625 0.0693359375 0.10546875
1 0.5048828125 0.3017578125 0.193359375 0.0712890625
1 0.431640625 0.3310546875 0.1513671875 0.0859375
1 0.3486328125 0.322265625 0.18359375 0.0517578125
1 0.8681640625 0.5205078125 0.1767578125 0.1201171875
1 0.7900390625 0.59375 0.1806640625 0.1103515625
1 0.6298828125 0.4814453125 0.0791015625 0.1103515625
1 0.5283203125 0.4072265625 0.2158203125 0.0517578125
1 0.466796875 0.455078125 0.09375 0.125
1 0.400390625 0.48046875 0.1318359375 0.087890625
1 0.3212890625 0.484375 0.072265625 0.091796875
1 0.259765625 0.4365234375 0.0751953125 0.0966796875
1 0.259765625 0.546875 0.103515625 0.1181640625
1 0.447265625 0.55859375 0.2529296875 0.0517578125
1 0.5771484375 0.59375 0.142578125 0.1142578125
1 0.716796875 0.705078125 0.2607421875 0.10546875
1 0.587890625 0.6943359375 0.162109375 0.1064453125
1 0.4541015625 0.6904296875 0.21484375 0.0556640625
1 0.3603515625 0.62109375 0.265625 0.0439453125
1 0.185546875 0.6240234375 0.2578125 0.1474609375
1 0.125 0.466796875 0.2021484375 0.1552734375
