0 0.154296875 0.607421875 0.1552734375 0.2021484375
0 0.451171875 0.71484375 0.2451171875 0.181640625
0 0.498046875 0.396484375 0.2890625 0.0517578125
0 0.4853515625 0.3505859375 0.3017578125 0.04296875
0 0.3974609375 0.35546875 0.220703125 0.0703125
0 0.2646484375 0.4228515625 0.0986328125 0.1669921875
0 0.2353515625 0.40234375 0.1552734375 0.0751953125
0 0.701171875 0.578125 0.07421875 0.1640625
0 0.8037109375 0.6396484375 0.212890625 0.1103515625
0 0.6591796875 0.69140625 0.115234375 0.1826171875
0 0.7236328125 0.677734375 0.255859375 0.109375
0 0.6240234375 0.6337890625 0.11328125 0.158203125
0 0.603515625 0.603515625 0.2705078125 0.111328125
0 0.72265625 0.56640625 0.20703125 0.1171875
0 0.8203125 0.6005859375 0.1650390625 0.15234375
