0 0.5791015625 0.7099609375 0.10546875 0.115234375
0 0.6962890625 0.3798828125 0.1748046875 0.0712890625
0 0.6611328125 0.4189453125 0.17578125 0.048828125
0 0.716796875 0.4423828125 0.1171875 0.0927734375
0 0.51953125 0.3603515625 0.14453125 0.0546875
0 0.265625 0.384765625 0.111328125 0.08203125
0 0.4404296875 0.35546875 0.1220703125 0.078125
0 0.326171875 0.3876953125 0.0517578125 0.060546875
0 0.3515625 0.3701171875 0.0859375 0.087890625
0 0.3828125 0.455078125 0.0869140625 0.0947265625
0 0.33203125 0.4248046875 0.11328125 0.099609375
0 0.220703125 0.5966796875 0.1962890625 0.03125
0 0.2099609375 0.640625 0.1171875 0.064453125
0 0.3349609375 0.6796875 0.12890625 0.0810546875
0 0.357421875 0.705078125 0.09765625 0.0947265625
