1 0.2578125 0.306640625 0.158203125 0.04296875
1 0.287109375 0.337890625 0.2001953125 0.0615234375
1 0.423828125 0.318359375 0.126953125 0.0498046875
1 0.390625 0.2744140625 0.1416015625 0.0517578125
1 0.564453125 0.357421875 0.154296875 0.0986328125
1 0.66796875 0.4521484375 0.1328125 0.1103515625
1 0.8193359375 0.5205078125 0.1259765625 0.119140625
1 0.70703125 0.5927734375 0.12890625 0.1435546875
1 0.6005859375 0.5654296875 0.1318359375 0.10546875
1 0.5166015625 0.4794921875 0.1484375 0.0830078125
1 0.171875 0.4345703125 0.1748046875 0.0615234375
1 0.33203125 0.5009765625 0.10546875 0.1240234375
1 0.19921875 0.54296875 0.142578125 0.0830078125
1 0.296875 0.619140625 0.2197265625 0.052734375
1 0.4306640625 0.609375 0.1572265625 0.1064453125
