0 0.6220703125 0.67578125 0.1279296875 0.166015625
0 0.611328125 0.73828125 0.345703125 0.0556640625
0 0.8447265625 0.6513671875 0.2041015625 0.189453125
0 0.658203125 0.423828125 0.2294921875 0.1044921875
0 0.58984375 0.392578125 0.2216796875 0.125
0 0.716796875 0.3984375 0.337890625 0.1240234375
0 0.470703125 0.3310546875 0.3017578125 0.0498046875
0 0.353515625 0.458984375 0.130859375 0.1513671875
0 0.3349609375 0.37109375 0.2451171875 0.0849609375
0 0.2666015625 0.44140625 0.271484375 0.1064453125
0 0.2626953125 0.462890625 0.1904296875 0.16015625
0 0.4765625 0.416015625 0.2080078125 0.1513671875
0 0.2080078125 0.4150390625 0.2451171875 0.1533203125
0 0.13671875 0.5341796875 0.13671875 0.1884765625
0 0.125 0.5849609375 0.11328125 0.18359375
