1 0.6318359375 0.32421875 0.0908203125 0.0458984375
1 0.671875 0.32421875 0.2333984375 0.080078125
1 0.8134765625 0.3662109375 0.1337890625 0.111328125
1 0.771484375 0.384765625 0.142578125 0.091796875
1 0.7001953125 0.4091796875 0.158203125 0.0986328125
1 0.5712890625 0.4052734375 0.16796875 0.083984375
1 0.78125 0.4853515625 0.08984375 0.1044921875
1 0.9033203125 0.5322265625 0.111328125 0.130859375
1 0.79296875 0.58203125 0.126953125 0.1044921875
1 0.7109375 0.70703125 0.3310546875 0.1396484375
1 0.5595703125 0.5830078125 0.1259765625 0.1337890625
1 0.6005859375 0.4873046875 0.185546875 0.0556640625
1 0.470703125 0.427734375 0.1220703125 0.1162109375
1 0.4130859375 0.462890625 0.14453125 0.0830078125
1 0.552734375 0.291015625 0.1494140625 0.1025390625
1 0.4482421875 0.3115234375 0.1630859375 0.0966796875
1 0.357421875 0.3134765625 0.166015625 0.0712890625
1 0.326171875 0.3798828125 0.06640625 0.087890625
1 0.2607421875 0.4013671875 0.078125 0.1240234375
1 0.38671875 0.5146484375 0.1279296875 0.0673828125
1 0.4365234375 0.5849609375 0.099609375 0.126953125
1 0.2958984375 0.53125 0.1474609375 0.1015625
1 0.220703125 0.5390625 0.13671875 0.1337890625
1 0.1103515625 0.453125 0.201171875 0.1484375
1 0.1630859375 0.60546875 0.2529296875 0.1513671875
1 0.3828125 0.7392578125 0.2841796875 0.076171875
