1 0.703125 0.3046875 0.1904296875 0.0791015625
1 0.6357421875 0.345703125 0.048828125 0.0673828125
1 0.611328125 0.3349609375 0.095703125 0.1201171875
1 0.7158203125 0.3681640625 0.1494140625 0.0869140625
1 0.837890625 0.4345703125 0.123046875 0.111328125
1 0.783203125 0.4638671875 0.1318359375 0.0771484375
1 0.7412109375 0.603515625 0.05859375 0.1103515625
1 0.833984375 0.5966796875 0.1396484375 0.18359375
1 0.6591796875 0.494140625 0.2255859375 0.0498046875
1 0.6689453125 0.447265625 0.197265625 0.0380859375
1 0.5458984375 0.4501953125 0.177734375 0.1103515625
1 0.4638671875 0.4365234375 0.1796875 0.0712890625
1 0.5224609375 0.3388671875 0.072265625 0.1181640625
1 0.3974609375 0.34375 0.16796875 0.0732421875
1 0.306640625 0.384765625 0.2060546875 0.0537109375
1 0.337890625 0.47265625 0.150390625 0.1015625
1 0.513671875 0.5732421875 0.318359375 0.1025390625
1 0.685546875 0.6796875 0.0654296875 0.11328125
1 0.5888671875 0.6640625 0.0830078125 0.0888671875
1 0.61328125 0.7138671875 0.1298828125 0.099609375
1 0.5107421875 0.728515625 0.064453125 0.125
1 0.2958984375 0.68359375 0.220703125 0.0888671875
1 0.251953125 0.5625 0.08984375 0.0869140625
1 0.2197265625 0.4794921875 0.091796875 0.1201171875
1 0.119140625 0.4970703125 0.1572265625 0.173828125
1 0.849609375 0.42578125 0.0947265625 0.0615234375
