1 0.51953125 0.2978515625 0.1181640625 0.10546875
1 0.4365234375 0.3134765625 0.189453125 0.056640625
1 0.3173828125 0.3017578125 0.1748046875 0.072265625
1 0.24609375 0.39453125 0.19140625 0.048828125
1 0.3095703125 0.4677734375 0.158203125 0.0947265625
1 0.701171875 0.3740234375 0.1611328125 0.06640625
1 0.654296875 0.3251953125 0.13671875 0.07421875
1 0.55078125 0.46484375 0.080078125 0.119140625
1 0.6376953125 0.5302734375 0.0673828125 0.09765625
1 0.763671875 0.4716796875 0.091796875 0.1142578125
