0 0.7294921875 0.3662109375 0.1728515625 0.0546875
0 0.5224609375 0.337890625 0.173828125 0.0322265625
0 0.4736328125 0.3603515625 0.17578125 0.0322265625
0 0.814453125 0.5380859375 0.1962890625 0.0458984375
0 0.8759765625 0.6552734375 0.0927734375 0.0927734375
0 0.689453125 0.7138671875 0.2021484375 0.0400390625
0 0.197265625 0.5927734375 0.068359375 0.0986328125
0 0.3251953125 0.564453125 0.1650390625 0.0693359375
0 0.435546875 0.564453125 0.078125 0.0869140625
0 0.3935546875 0.498046875 0.1376953125 0.05078125
0 0.498046875 0.494140625 0.0732421875 0.08984375
0 0.3671875 0.435546875 0.052734375 0.10546875
0 0.2802734375 0.4609375 0.1611328125 0.0615234375
0 0.240234375 0.435546875 0.107421875 0.078125
0 0.3134765625 0.421875 0.0732421875 0.1201171875
