0 0.685546875 0.6962890625 0.0908203125 0.0908203125
0 0.4765625 0.7705078125 0.1884765625 0.033203125
0 0.1455078125 0.61328125 0.078125 0.0849609375
0 0.126953125 0.5625 0.0556640625 0.0791015625
0 0.67578125 0.4833984375 0.091796875 0.08203125
0 0.611328125 0.4443359375 0.060546875 0.0673828125
0 0.4033203125 0.421875 0.134765625 0.0361328125
0 0.3798828125 0.427734375 0.087890625 0.0654296875
0 0.1689453125 0.505859375 0.037109375 0.05078125
0 0.2255859375 0.5205078125 0.1318359375 0.048828125
