0 0.658203125 0.3408203125 0.1513671875 0.041015625
0 0.6279296875 0.3876953125 0.1630859375 0.0419921875
0 0.73828125 0.375 0.1025390625 0.06640625
0 0.7060546875 0.7021484375 0.1787109375 0.0478515625
0 0.634765625 0.7265625 0.1845703125 0.052734375
0 0.3056640625 0.62109375 0.091796875 0.1142578125
0 0.47265625 0.3857421875 0.1640625 0.037109375
0 0.4287109375 0.4453125 0.0966796875 0.0986328125
0 0.4033203125 0.3603515625 0.15234375 0.052734375
0 0.3154296875 0.359375 0.1572265625 0.0595703125
0 0.3251953125 0.4130859375 0.1201171875 0.109375
0 0.2421875 0.40234375 0.15234375 0.05859375
0 0.1845703125 0.474609375 0.1005859375 0.083984375
0 0.2451171875 0.5361328125 0.1171875 0.0849609375
0 0.1865234375 0.5947265625 0.087890625 0.0947265625
