1 0.5615234375 0.4384765625 0.12890625 0.1005859375
1 0.4072265625 0.525390625 0.1630859375 0.076171875
1 0.5751953125 0.59765625 0.123046875 0.12109375
1 0.318359375 0.6318359375 0.1533203125 0.0986328125
1 0.2919921875 0.5390625 0.13671875 0.072265625
1 0.1533203125 0.4580078125 0.087890625 0.087890625
1 0.2177734375 0.5068359375 0.142578125 0.109375
1 0.2041015625 0.3623046875 0.15625 0.060546875
1 0.3037109375 0.3984375 0.1826171875 0.0693359375
1 0.3486328125 0.298828125 0.197265625 0.0498046875
1 0.50390625 0.3251953125 0.162109375 0.0439453125
1 0.6943359375 0.3193359375 0.2119140625 0.048828125
1 0.69921875 0.3603515625 0.1884765625 0.046875
1 0.7275390625 0.3896484375 0.1416015625 0.1083984375
1 0.7265625 0.482421875 0.2021484375 0.080078125
