0 0.6865234375 0.689453125 0.1982421875 0.1376953125
0 0.3671875 0.6962890625 0.2763671875 0.142578125
0 0.3076171875 0.4345703125 0.2109375 0.0830078125
0 0.208984375 0.45703125 0.18359375 0.1513671875
0 0.8427734375 0.5791015625 0.1787109375 0.17578125
0 0.80078125 0.4404296875 0.2587890625 0.1201171875
0 0.56640625 0.4296875 0.2666015625 0.0595703125
0 0.6552734375 0.3779296875 0.2392578125 0.0625
0 0.4599609375 0.357421875 0.2666015625 0.0791015625
0 0.5517578125 0.3876953125 0.2744140625 0.1318359375
