1 0.666015625 0.279296875 0.1982421875 0.05078125
1 0.7109375 0.3388671875 0.107421875 0.080078125
1 0.5205078125 0.2734375 0.2099609375 0.0400390625
1 0.4130859375 0.2890625 0.169921875 0.0302734375
1 0.37890625 0.32421875 0.22265625 0.02734375
1 0.451171875 0.3896484375 0.1220703125 0.109375
1 0.587890625 0.42578125 0.109375 0.0810546875
1 0.67578125 0.50390625 0.0869140625 0.1171875
1 0.736328125 0.4892578125 0.0849609375 0.08203125
1 0.5244140625 0.5810546875 0.1826171875 0.04296875
1 0.6865234375 0.5986328125 0.1962890625 0.0771484375
1 0.802734375 0.5693359375 0.138671875 0.09375
1 0.453125 0.67578125 0.2333984375 0.0498046875
1 0.3408203125 0.6201171875 0.08203125 0.1298828125
1 0.2197265625 0.6142578125 0.2255859375 0.0439453125
1 0.30078125 0.5009765625 0.1474609375 0.07421875
1 0.2001953125 0.53515625 0.205078125 0.03515625
1 0.1494140625 0.5517578125 0.072265625 0.10546875
1 0.1279296875 0.345703125 0.060546875 0.10546875
1 0.2529296875 0.3173828125 0.138671875 0.1103515625
