0 0.8173828125 0.5322265625 0.0908203125 0.1953125
0 0.6865234375 0.6005859375 0.1435546875 0.0546875
0 0.708984375 0.5966796875 0.2275390625 0.10546875
0 0.6025390625 0.64453125 0.12109375 0.1748046875
0 0.7275390625 0.7041015625 0.1123046875 0.068359375
0 0.5830078125 0.7294921875 0.197265625 0.1103515625
0 0.478515625 0.6982421875 0.236328125 0.16015625
0 0.197265625 0.654296875 0.2265625 0.123046875
0 0.3671875 0.7392578125 0.1923828125 0.068359375
0 0.2880859375 0.7255859375 0.2421875 0.1181640625
0 0.185546875 0.572265625 0.1064453125 0.1416015625
0 0.177734375 0.5234375 0.2216796875 0.068359375
0 0.2841796875 0.478515625 0.2744140625 0.0361328125
0 0.3359375 0.4111328125 0.0556640625 0.1806640625
0 0.3291015625 0.4423828125 0.33984375 0.1064453125
0 0.4443359375 0.4140625 0.107421875 0.0400390625
0 0.4970703125 0.3759765625 0.15234375 0.0517578125
0 0.4833984375 0.7216796875 0.1376953125 0.0595703125
