1 0.6259765625 0.337890625 0.0537109375 0.0244140625
1 0.689453125 0.35546875 0.154296875 0.033203125
1 0.55859375 0.359375 0.173828125 0.048828125
1 0.48046875 0.3125 0.154296875 0.052734375
1 0.427734375 0.3505859375 0.1845703125 0.0947265625
1 0.310546875 0.3515625 0.185546875 0.0302734375
1 0.3388671875 0.3955078125 0.203125 0.0791015625
1 0.4580078125 0.4619140625 0.0771484375 0.1357421875
1 0.5263671875 0.4150390625 0.181640625 0.0673828125
1 0.619140625 0.4365234375 0.1689453125 0.0751953125
1 0.724609375 0.4150390625 0.1318359375 0.09375
1 0.802734375 0.419921875 0.1513671875 0.0947265625
1 0.859375 0.505859375 0.189453125 0.115234375
1 0.802734375 0.6025390625 0.201171875 0.0791015625
1 0.6796875 0.55859375 0.1767578125 0.09375
1 0.572265625 0.6044921875 0.123046875 0.1279296875
1 0.4814453125 0.5693359375 0.259765625 0.046875
1 0.3583984375 0.4697265625 0.0654296875 0.0830078125
1 0.259765625 0.51953125 0.15234375 0.0361328125
1 0.2578125 0.556640625 0.1845703125 0.0537109375
1 0.2666015625 0.4697265625 0.0791015625 0.083984375
1 0.14453125 0.490234375 0.1796875 0.1611328125
1 0.203125 0.6533203125 0.2490234375 0.1513671875
1 0.4111328125 0.6416015625 0.2236328125 0.0869140625
1 0.5068359375 0.7119140625 0.2216796875 0.076171875
1 0.6689453125 0.736328125 0.359375 0.1220703125
1 0.5498046875 0.3330078125 0.0322265625 0.0087890625
