0 0.228515625 0.7138671875 0.2880859375 0.1376953125
0 0.544921875 0.634765625 0.1455078125 0.1787109375
0 0.712890625 0.63671875 0.1962890625 0.1611328125
0 0.744140625 0.6904296875 0.267578125 0.0830078125
0 0.759765625 0.7021484375 0.16015625 0.1650390625
0 0.8310546875 0.5859375 0.1455078125 0.1875
0 0.859375 0.548828125 0.11328125 0.1982421875
0 0.6796875 0.421875 0.2841796875 0.091796875
0 0.671875 0.3984375 0.2958984375 0.1181640625
0 0.556640625 0.4033203125 0.2509765625 0.1025390625
0 0.30859375 0.4541015625 0.29296875 0.1005859375
0 0.2197265625 0.421875 0.25 0.1318359375
0 0.33984375 0.4287109375 0.19921875 0.0908203125
0 0.408203125 0.4111328125 0.1796875 0.1162109375
0 0.4287109375 0.3935546875 0.2900390625 0.091796875
