1 0.49609375 0.2529296875 0.234375 0.046875
1 0.5478515625 0.2939453125 0.2177734375 0.0400390625
1 0.4013671875 0.3115234375 0.1728515625 0.0400390625
1 0.640625 0.3173828125 0.1875 0.0322265625
1 0.3544921875 0.3671875 0.1416015625 0.0859375
1 0.7216796875 0.373046875 0.1865234375 0.083984375
1 0.7470703125 0.4453125 0.1328125 0.103515625
1 0.568359375 0.451171875 0.17578125 0.0869140625
1 0.76953125 0.5751953125 0.1748046875 0.0830078125
1 0.619140625 0.5751953125 0.1611328125 0.0966796875
1 0.5244140625 0.5673828125 0.0966796875 0.1279296875
1 0.7119140625 0.6552734375 0.1875 0.0673828125
1 0.4404296875 0.6396484375 0.1357421875 0.0927734375
1 0.375 0.62890625 0.1220703125 0.1044921875
1 0.3037109375 0.6865234375 0.2431640625 0.0458984375
1 0.169921875 0.6044921875 0.123046875 0.10546875
1 0.3046875 0.5146484375 0.15625 0.078125
1 0.087890625 0.521484375 0.0791015625 0.1005859375
1 0.1357421875 0.4775390625 0.109375 0.109375
1 0.1826171875 0.431640625 0.150390625 0.0986328125
