0 0.796875 0.703125 0.1689453125 0.1083984375
0 0.16796875 0.66015625 0.140625 0.0986328125
0 0.609375 0.5009765625 0.1923828125 0.0419921875
0 0.85546875 0.4365234375 0.083984375 0.1005859375
0 0.23828125 0.546875 0.1396484375 0.091796875
0 0.1669921875 0.5029296875 0.1943359375 0.0751953125
0 0.197265625 0.4404296875 0.083984375 0.09765625
0 0.1630859375 0.4453125 0.12109375 0.087890625
0 0.7490234375 0.361328125 0.125 0.0830078125
0 0.66796875 0.40234375 0.0712890625 0.1015625
0 0.4873046875 0.4072265625 0.1142578125 0.072265625
0 0.638671875 0.349609375 0.0703125 0.08984375
0 0.615234375 0.3359375 0.1923828125 0.048828125
0 0.548828125 0.3037109375 0.1611328125 0.025390625
0 0.4248046875 0.3916015625 0.1865234375 0.04296875
0 0.4375 0.361328125 0.171875 0.056640625
0 0.396484375 0.318359375 0.15625 0.044921875
0 0.330078125 0.3486328125 0.1640625 0.02734375
0 0.3134765625 0.4140625 0.1630859375 0.05859375
0 0.3388671875 0.369140625 0.2021484375 0.044921875
0 0.6064453125 0.3427734375 0.15625 0.0224609375
