0 0.85546875 0.4951171875 0.166015625 0.0576171875
0 0.650390625 0.4306640625 0.0869140625 0.0927734375
0 0.724609375 0.599609375 0.13671875 0.09375
0 0.388671875 0.576171875 0.1630859375 0.0556640625
0 0.455078125 0.7265625 0.1806640625 0.046875
0 0.3388671875 0.646484375 0.0771484375 0.1015625
0 0.25 0.650390625 0.103515625 0.0966796875
0 0.3359375 0.466796875 0.1884765625 0.0419921875
0 0.1796875 0.4921875 0.072265625 0.091796875
0 0.189453125 0.4609375 0.09375 0.0888671875
0 0.3232421875 0.408203125 0.0693359375 0.115234375
0 0.4462890625 0.34765625 0.17578125 0.0419921875
0 0.7646484375 0.3740234375 0.1259765625 0.048828125
0 0.64453125 0.3505859375 0.158203125 0.044921875
0 0.69921875 0.3466796875 0.10546875 0.0673828125
