0 0.2060546875 0.515625 0.0634765625 0.0869140625
0 0.517578125 0.4345703125 0.162109375 0.04296875
0 0.6201171875 0.47265625 0.173828125 0.04296875
0 0.7451171875 0.5322265625 0.1044921875 0.068359375
0 0.6123046875 0.5908203125 0.1865234375 0.0556640625
0 0.7529296875 0.6728515625 0.0595703125 0.080078125
0 0.6728515625 0.7314453125 0.1142578125 0.0625
0 0.3427734375 0.716796875 0.111328125 0.0546875
0 0.2265625 0.7255859375 0.091796875 0.0595703125
0 0.2802734375 0.7236328125 0.0966796875 0.076171875
