0 0.220703125 0.6298828125 0.123046875 0.232421875
0 0.263671875 0.6279296875 0.1904296875 0.146484375
0 0.3544921875 0.6923828125 0.2919921875 0.103515625
0 0.2880859375 0.71875 0.1982421875 0.13671875
0 0.1845703125 0.646484375 0.1494140625 0.19140625
0 0.3173828125 0.5439453125 0.244140625 0.1171875
0 0.3447265625 0.53125 0.197265625 0.126953125
0 0.3623046875 0.4521484375 0.1279296875 0.0703125
0 0.228515625 0.4345703125 0.1669921875 0.1396484375
0 0.3017578125 0.3984375 0.166015625 0.072265625
0 0.4248046875 0.4267578125 0.30078125 0.0771484375
0 0.2470703125 0.4521484375 0.1005859375 0.0615234375
0 0.49609375 0.373046875 0.2880859375 0.0595703125
0 0.568359375 0.373046875 0.2216796875 0.048828125
0 0.6953125 0.4267578125 0.134765625 0.125
0 0.7763671875 0.4912109375 0.11328125 0.14453125
0 0.7822265625 0.421875 0.2041015625 0.078125
0 0.7763671875 0.3955078125 0.12890625 0.046875
0 0.853515625 0.498046875 0.083984375 0.1005859375
