0 0.7109375 0.5927734375 0.091796875 0.0693359375
0 0.7998046875 0.4765625 0.140625 0.0751953125
0 0.822265625 0.5302734375 0.166015625 0.0595703125
0 0.681640625 0.4833984375 0.24609375 0.1103515625
0 0.296875 0.4716796875 0.1826171875 0.08984375
0 0.189453125 0.421875 0.228515625 0.07421875
0 0.134765625 0.5234375 0.08984375 0.1455078125
0 0.5048828125 0.5830078125 0.0859375 0.169921875
0 0.328125 0.650390625 0.1787109375 0.0634765625
0 0.2353515625 0.65625 0.1875 0.162109375
0 0.2294921875 0.662109375 0.2041015625 0.1123046875
0 0.1826171875 0.64453125 0.2548828125 0.1201171875
0 0.3193359375 0.7080078125 0.271484375 0.0546875
0 0.3837890625 0.759765625 0.2607421875 0.0712890625
0 0.509765625 0.7021484375 0.19140625 0.154296875
0 0.560546875 0.6904296875 0.3369140625 0.05859375
0 0.5380859375 0.712890625 0.2744140625 0.0888671875
0 0.57421875 0.724609375 0.14453125 0.0361328125
0 0.6640625 0.7119140625 0.2685546875 0.1025390625
