0 0.5791015625 0.67578125 0.158203125 0.15234375
0 0.4375 0.734375 0.2841796875 0.0908203125
0 0.318359375 0.7041015625 0.2197265625 0.0712890625
0 0.2724609375 0.7392578125 0.2783203125 0.0576171875
0 0.142578125 0.5390625 0.166015625 0.1337890625
0 0.236328125 0.572265625 0.2841796875 0.1005859375
0 0.7353515625 0.5146484375 0.185546875 0.1103515625
0 0.7666015625 0.4921875 0.185546875 0.123046875
0 0.7666015625 0.5087890625 0.171875 0.1806640625
0 0.24609375 0.6728515625 0.169921875 0.1123046875
0 0.1845703125 0.701171875 0.236328125 0.1142578125
0 0.150390625 0.6513671875 0.0966796875 0.1123046875
0 0.5859375 0.42578125 0.32421875 0.0556640625
0 0.3466796875 0.4345703125 0.154296875 0.111328125
0 0.4462890625 0.37890625 0.310546875 0.056640625
0 0.4189453125 0.3828125 0.1904296875 0.11328125
0 0.4375 0.3369140625 0.0859375 0.0283203125
0 0.228515625 0.40234375 0.1416015625 0.0859375
0 0.1689453125 0.4052734375 0.1328125 0.0654296875
0 0.1533203125 0.4423828125 0.2236328125 0.109375
