0 0.5419921875 0.3359375 0.26171875 0.0634765625
0 0.5458984375 0.419921875 0.2509765625 0.111328125
0 0.73046875 0.408203125 0.1650390625 0.1455078125
0 0.7744140625 0.525390625 0.1884765625 0.1435546875
0 0.85546875 0.583984375 0.123046875 0.193359375
0 0.673828125 0.6650390625 0.24609375 0.103515625
0 0.603515625 0.6943359375 0.318359375 0.064453125
0 0.4677734375 0.7275390625 0.3408203125 0.0615234375
0 0.359375 0.6982421875 0.2802734375 0.109375
0 0.224609375 0.6015625 0.166015625 0.1396484375
