0 0.7587890625 0.7021484375 0.2021484375 0.0771484375
0 0.6767578125 0.7666015625 0.2138671875 0.048828125
0 0.716796875 0.55078125 0.14453125 0.0869140625
0 0.67578125 0.4814453125 0.1552734375 0.087890625
0 0.7177734375 0.4287109375 0.201171875 0.05078125
0 0.8486328125 0.4365234375 0.1494140625 0.0771484375
0 0.7275390625 0.3701171875 0.1416015625 0.08203125
0 0.59765625 0.408203125 0.1494140625 0.064453125
0 0.3212890625 0.478515625 0.1689453125 0.0625
0 0.1865234375 0.541015625 0.1298828125 0.09375
0 0.12890625 0.5390625 0.1455078125 0.095703125
0 0.2421875 0.4541015625 0.1201171875 0.0791015625
0 0.3359375 0.3740234375 0.0771484375 0.0556640625
0 0.46484375 0.37109375 0.0927734375 0.0361328125
0 0.447265625 0.349609375 0.16796875 0.0439453125
0 0.521484375 0.4208984375 0.0908203125 0.0771484375
0 0.5009765625 0.3818359375 0.1904296875 0.0458984375
0 0.611328125 0.36328125 0.1708984375 0.0205078125
0 0.6171875 0.345703125 0.162109375 0.017578125
0 0.5859375 0.33203125 0.1279296875 0.021484375
0 0.2412109375 0.4306640625 0.1240234375 0.0537109375
