1 0.75390625 0.4296875 0.197265625 0.060546875
1 0.5263671875 0.3720703125 0.1181640625 0.0966796875
1 0.4638671875 0.3037109375 0.279296875 0.05078125
1 0.3486328125 0.3701171875 0.0947265625 0.078125
1 0.34765625 0.455078125 0.0908203125 0.0791015625
1 0.5234375 0.4921875 0.1845703125 0.080078125
1 0.291015625 0.501953125 0.1923828125 0.0654296875
1 0.4423828125 0.5380859375 0.251953125 0.0458984375
1 0.4541015625 0.587890625 0.22265625 0.0654296875
1 0.5068359375 0.646484375 0.2060546875 0.056640625
