1 0.7216796875 0.5107421875 0.2080078125 0.0732421875
1 0.673828125 0.4609375 0.24609375 0.0322265625
1 0.6484375 0.3642578125 0.125 0.1064453125
1 0.5517578125 0.3662109375 0.1552734375 0.0732421875
1 0.5791015625 0.291015625 0.1015625 0.0634765625
1 0.470703125 0.2666015625 0.1982421875 0.0595703125
1 0.47265625 0.31640625 0.1953125 0.0654296875
1 0.2705078125 0.30078125 0.158203125 0.0986328125
1 0.333984375 0.3369140625 0.1708984375 0.0595703125
1 0.4033203125 0.392578125 0.2080078125 0.05078125
1 0.1728515625 0.375 0.1875 0.0576171875
1 0.2646484375 0.4365234375 0.1669921875 0.099609375
1 0.2666015625 0.50390625 0.2109375 0.044921875
1 0.3466796875 0.58203125 0.1259765625 0.0947265625
1 0.2822265625 0.611328125 0.205078125 0.1064453125
