1 0.3291015625 0.494140625 0.1328125 0.041015625
1 0.3505859375 0.56640625 0.1826171875 0.0927734375
1 0.626953125 0.6123046875 0.080078125 0.1220703125
1 0.923828125 0.6123046875 0.0634765625 0.09375
1 0.767578125 0.56640625 0.1376953125 0.08984375
1 0.7421875 0.6591796875 0.1103515625 0.1005859375
1 0.6328125 0.7255859375 0.1298828125 0.0947265625
1 0.505859375 0.7275390625 0.197265625 0.0908203125
1 0.84375 0.447265625 0.1748046875 0.1611328125
1 0.673828125 0.2978515625 0.103515625 0.0859375
1 0.708984375 0.384765625 0.064453125 0.099609375
1 0.556640625 0.3427734375 0.1494140625 0.0927734375
1 0.6328125 0.4267578125 0.3251953125 0.091796875
1 0.6572265625 0.4951171875 0.2060546875 0.0400390625
1 0.5029296875 0.4794921875 0.1298828125 0.1201171875
1 0.3251953125 0.3662109375 0.14453125 0.0361328125
1 0.3671875 0.3359375 0.212890625 0.0546875
1 0.3740234375 0.4169921875 0.138671875 0.0595703125
1 0.2822265625 0.4072265625 0.2001953125 0.056640625
1 0.15625 0.3818359375 0.1748046875 0.091796875
1 0.1396484375 0.4833984375 0.09765625 0.10546875
1 0.091796875 0.501953125 0.1240234375 0.1689453125
1 0.1162109375 0.6083984375 0.107421875 0.1201171875
1 0.2119140625 0.6396484375 0.1015625 0.0908203125
1 0.31640625 0.6845703125 0.24609375 0.041015625
1 0.3115234375 0.740234375 0.10546875 0.080078125
