0 0.173828125 0.4697265625 0.1845703125 0.15234375
0 0.1796875 0.466796875 0.1015625 0.1201171875
0 0.283203125 0.5576171875 0.1376953125 0.103515625
0 0.3017578125 0.6640625 0.134765625 0.12890625
0 0.8154296875 0.455078125 0.1494140625 0.1328125
0 0.8037109375 0.5234375 0.189453125 0.1201171875
0 0.79296875 0.5869140625 0.0712890625 0.154296875
0 0.826171875 0.5810546875 0.0810546875 0.150390625
0 0.7880859375 0.6318359375 0.138671875 0.08203125
0 0.6396484375 0.6064453125 0.109375 0.16015625
0 0.736328125 0.6767578125 0.1083984375 0.1181640625
0 0.6865234375 0.6875 0.208984375 0.1376953125
0 0.640625 0.697265625 0.2412109375 0.052734375
0 0.474609375 0.662109375 0.2685546875 0.0791015625
0 0.38671875 0.681640625 0.3076171875 0.0576171875
0 0.4169921875 0.759765625 0.26953125 0.060546875
0 0.4423828125 0.6962890625 0.22265625 0.10546875
0 0.4560546875 0.7119140625 0.2236328125 0.1142578125
