1 0.8095703125 0.3740234375 0.11328125 0.078125
1 0.8798828125 0.447265625 0.048828125 0.08984375
1 0.833984375 0.4306640625 0.08984375 0.0849609375
1 0.810546875 0.45703125 0.1181640625 0.0966796875
1 0.84375 0.54296875 0.0634765625 0.0869140625
1 0.7333984375 0.4638671875 0.083984375 0.1357421875
1 0.7041015625 0.5673828125 0.138671875 0.076171875
1 0.6923828125 0.5849609375 0.0947265625 0.107421875
1 0.748046875 0.69140625 0.2734375 0.1318359375
1 0.5830078125 0.69921875 0.0869140625 0.1240234375
1 0.5244140625 0.623046875 0.083984375 0.0869140625
1 0.4228515625 0.619140625 0.1904296875 0.080078125
1 0.43359375 0.501953125 0.1005859375 0.1337890625
1 0.6357421875 0.3330078125 0.05859375 0.0576171875
1 0.6025390625 0.314453125 0.130859375 0.0927734375
1 0.6044921875 0.3857421875 0.09375 0.1083984375
1 0.505859375 0.3486328125 0.1123046875 0.08984375
1 0.4716796875 0.3095703125 0.1318359375 0.1142578125
1 0.390625 0.34375 0.0654296875 0.0986328125
1 0.490234375 0.412109375 0.1904296875 0.0927734375
1 0.3203125 0.3740234375 0.1103515625 0.115234375
1 0.2890625 0.4375 0.103515625 0.0849609375
1 0.1845703125 0.3935546875 0.134765625 0.1181640625
1 0.1123046875 0.4912109375 0.146484375 0.111328125
1 0.185546875 0.5419921875 0.1689453125 0.1162109375
1 0.232421875 0.59375 0.2021484375 0.1689453125
