1 0.62109375 0.3310546875 0.0634765625 0.076171875
1 0.5625 0.3154296875 0.1142578125 0.1103515625
1 0.3544921875 0.33203125 0.2392578125 0.041015625
1 0.47265625 0.2919921875 0.1142578125 0.0712890625
1 0.37109375 0.3427734375 0.064453125 0.107421875
1 0.228515625 0.3271484375 0.1484375 0.044921875
1 0.56640625 0.4326171875 0.08203125 0.1025390625
1 0.5009765625 0.3818359375 0.10546875 0.1240234375
1 0.67578125 0.404296875 0.1103515625 0.12109375
1 0.7890625 0.3671875 0.13671875 0.0830078125
1 0.828125 0.44140625 0.1015625 0.0693359375
1 0.890625 0.4794921875 0.09375 0.1259765625
1 0.87109375 0.611328125 0.1689453125 0.0654296875
1 0.7509765625 0.5224609375 0.2001953125 0.080078125
1 0.7080078125 0.5703125 0.1533203125 0.125
1 0.615234375 0.5126953125 0.0966796875 0.12890625
1 0.734375 0.6875 0.2587890625 0.1201171875
1 0.58203125 0.66796875 0.1162109375 0.1611328125
1 0.498046875 0.6220703125 0.06640625 0.1123046875
1 0.40234375 0.5966796875 0.1611328125 0.080078125
1 0.3798828125 0.49609375 0.0966796875 0.1220703125
1 0.361328125 0.4267578125 0.205078125 0.060546875
1 0.158203125 0.404296875 0.2470703125 0.09765625
1 0.1015625 0.4951171875 0.203125 0.1357421875
1 0.2783203125 0.6103515625 0.1572265625 0.1220703125
1 0.171875 0.6171875 0.2294921875 0.1591796875
