1 0.5751953125 0.3193359375 0.1611328125 0.033203125
1 0.4912109375 0.2802734375 0.189453125 0.052734375
1 0.3798828125 0.3359375 0.1455078125 0.06640625
1 0.2919921875 0.3203125 0.212890625 0.056640625
1 0.185546875 0.3935546875 0.1611328125 0.060546875
1 0.5625 0.357421875 0.19921875 0.0478515625
1 0.732421875 0.3828125 0.0595703125 0.103515625
1 0.677734375 0.400390625 0.14453125 0.091796875
1 0.7529296875 0.4716796875 0.0810546875 0.1171875
1 0.357421875 0.416015625 0.1298828125 0.0625
1 0.4580078125 0.42578125 0.09375 0.0966796875
1 0.4287109375 0.47265625 0.064453125 0.09375
1 0.49609375 0.5263671875 0.1513671875 0.1044921875
1 0.2236328125 0.4658203125 0.0830078125 0.0947265625
1 0.1064453125 0.525390625 0.13671875 0.1064453125
1 0.3564453125 0.6484375 0.2041015625 0.064453125
1 0.4619140625 0.5966796875 0.2451171875 0.048828125
1 0.6611328125 0.5986328125 0.158203125 0.087890625
1 0.5849609375 0.66796875 0.185546875 0.0400390625
1 0.5615234375 0.68359375 0.1572265625 0.0986328125
