1 0.8759765625 0.5234375 0.181640625 0.1162109375
1 0.80078125 0.6025390625 0.1796875 0.1044921875
1 0.677734375 0.728515625 0.34765625 0.1201171875
1 0.49609375 0.703125 0.2099609375 0.06640625
1 0.56640625 0.6123046875 0.123046875 0.1123046875
1 0.65234375 0.599609375 0.08984375 0.1376953125
1 0.6376953125 0.4755859375 0.076171875 0.115234375
1 0.7939453125 0.4169921875 0.1259765625 0.0849609375
1 0.755859375 0.4345703125 0.07421875 0.08984375
1 0.65625 0.40234375 0.1943359375 0.0771484375
1 0.6103515625 0.3349609375 0.078125 0.025390625
1 0.6640625 0.35546875 0.2421875 0.03515625
1 0.501953125 0.31640625 0.1728515625 0.07421875
1 0.41796875 0.333984375 0.1630859375 0.0703125
1 0.3251953125 0.3359375 0.1708984375 0.0498046875
1 0.4375 0.3779296875 0.2548828125 0.0400390625
1 0.458984375 0.4619140625 0.0888671875 0.1376953125
1 0.556640625 0.42578125 0.1650390625 0.0615234375
1 0.466796875 0.5693359375 0.23828125 0.0537109375
1 0.412109375 0.6337890625 0.2548828125 0.0908203125
1 0.3720703125 0.46484375 0.1025390625 0.1015625
1 0.31640625 0.5166015625 0.0703125 0.0908203125
1 0.259765625 0.4580078125 0.09375 0.107421875
1 0.2578125 0.54296875 0.06640625 0.12109375
1 0.1494140625 0.4755859375 0.203125 0.1669921875
1 0.1923828125 0.646484375 0.2626953125 0.15234375
