1 0.65234375 0.4326171875 0.1943359375 0.0703125
1 0.439453125 0.5029296875 0.2548828125 0.0673828125
1 0.2568359375 0.49609375 0.111328125 0.1259765625
1 0.390625 0.62109375 0.19921875 0.060546875
1 0.298828125 0.3935546875 0.234375 0.0517578125
1 0.3974609375 0.2978515625 0.19921875 0.060546875
1 0.404296875 0.3515625 0.2021484375 0.0458984375
1 0.6513671875 0.33203125 0.0673828125 0.087890625
1 0.5712890625 0.326171875 0.06640625 0.0947265625
1 0.5966796875 0.345703125 0.166015625 0.087890625
