1 0.83203125 0.5244140625 0.0908203125 0.091796875
1 0.734375 0.392578125 0.134765625 0.0771484375
1 0.6171875 0.3134765625 0.1435546875 0.044921875
1 0.4931640625 0.3056640625 0.2041015625 0.05078125
1 0.4931640625 0.3544921875 0.1591796875 0.0302734375
1 0.37109375 0.3525390625 0.08984375 0.0625
1 0.4306640625 0.3828125 0.1845703125 0.03125
1 0.474609375 0.4248046875 0.1650390625 0.0576171875
1 0.521484375 0.48046875 0.1669921875 0.0625
1 0.412109375 0.494140625 0.1044921875 0.0927734375
1 0.341796875 0.4384765625 0.0791015625 0.1044921875
1 0.15625 0.4521484375 0.1240234375 0.1005859375
1 0.2802734375 0.5068359375 0.203125 0.0458984375
1 0.619140625 0.6943359375 0.1474609375 0.1142578125
1 0.4541015625 0.59375 0.1923828125 0.0830078125
1 0.310546875 0.5380859375 0.20703125 0.0390625
1 0.1962890625 0.5107421875 0.138671875 0.1064453125
1 0.1396484375 0.5947265625 0.1337890625 0.080078125
1 0.25 0.630859375 0.2451171875 0.0576171875
1 0.3955078125 0.6787109375 0.205078125 0.0908203125
