0 0.818359375 0.705078125 0.1884765625 0.2001953125
0 0.7802734375 0.6513671875 0.2763671875 0.103515625
0 0.2001953125 0.6064453125 0.171875 0.1015625
0 0.2353515625 0.515625 0.1220703125 0.1181640625
0 0.6708984375 0.47265625 0.27734375 0.05859375
0 0.78515625 0.5283203125 0.07421875 0.1298828125
0 0.544921875 0.4443359375 0.2490234375 0.0751953125
0 0.521484375 0.4013671875 0.2900390625 0.0595703125
0 0.48828125 0.400390625 0.158203125 0.037109375
0 0.1513671875 0.5283203125 0.134765625 0.115234375
0 0.369140625 0.4775390625 0.1474609375 0.1328125
0 0.2861328125 0.4248046875 0.2509765625 0.0986328125
0 0.7626953125 0.4599609375 0.1513671875 0.0927734375
0 0.7421875 0.4482421875 0.228515625 0.0947265625
