0 0.8486328125 0.4404296875 0.158203125 0.169921875
0 0.7412109375 0.3623046875 0.2802734375 0.1005859375
0 0.5556640625 0.36328125 0.2236328125 0.1484375
0 0.6767578125 0.673828125 0.1796875 0.1796875
0 0.705078125 0.6494140625 0.271484375 0.1103515625
0 0.404296875 0.3671875 0.29296875 0.0419921875
0 0.3125 0.4931640625 0.2119140625 0.13671875
0 0.310546875 0.4580078125 0.1484375 0.1318359375
0 0.4052734375 0.4248046875 0.2587890625 0.103515625
0 0.3056640625 0.392578125 0.2490234375 0.146484375
