0 0.7734375 0.50390625 0.1962890625 0.0966796875
0 0.8427734375 0.4951171875 0.2060546875 0.189453125
0 0.6005859375 0.462890625 0.1474609375 0.1591796875
0 0.5830078125 0.396484375 0.1474609375 0.0908203125
0 0.580078125 0.6884765625 0.1865234375 0.15625
0 0.47265625 0.7578125 0.1806640625 0.1123046875
0 0.4130859375 0.732421875 0.150390625 0.14453125
0 0.3369140625 0.720703125 0.205078125 0.0908203125
0 0.38671875 0.6328125 0.0703125 0.201171875
0 0.26953125 0.6259765625 0.1005859375 0.1611328125
0 0.41015625 0.4228515625 0.2587890625 0.064453125
0 0.484375 0.3642578125 0.2666015625 0.0458984375
0 0.2001953125 0.5751953125 0.16796875 0.177734375
0 0.1416015625 0.5859375 0.12109375 0.162109375
0 0.16015625 0.5419921875 0.15625 0.140625
0 0.1533203125 0.5009765625 0.111328125 0.12890625
0 0.3486328125 0.43359375 0.2666015625 0.0771484375
0 0.3310546875 0.3896484375 0.251953125 0.08984375
