0 0.771484375 0.68359375 0.115234375 0.09375
0 0.560546875 0.5107421875 0.2314453125 0.05859375
0 0.7470703125 0.3916015625 0.1826171875 0.0419921875
0 0.7021484375 0.32421875 0.1767578125 0.060546875
0 0.6884765625 0.359375 0.1943359375 0.0302734375
0 0.6357421875 0.4033203125 0.0693359375 0.10546875
0 0.591796875 0.32421875 0.1435546875 0.0400390625
0 0.5185546875 0.3310546875 0.14453125 0.0400390625
0 0.404296875 0.33984375 0.091796875 0.029296875
0 0.39453125 0.3203125 0.193359375 0.03125
0 0.408203125 0.3642578125 0.1435546875 0.041015625
0 0.419921875 0.392578125 0.19140625 0.0341796875
0 0.3056640625 0.4296875 0.150390625 0.0361328125
0 0.2900390625 0.40625 0.15625 0.021484375
0 0.2880859375 0.3740234375 0.154296875 0.0595703125
0 0.2041015625 0.3740234375 0.1328125 0.0703125
0 0.2275390625 0.546875 0.134765625 0.0927734375
0 0.1103515625 0.533203125 0.08203125 0.1015625
0 0.162109375 0.5009765625 0.185546875 0.05859375
0 0.185546875 0.453125 0.0810546875 0.078125
0 0.1572265625 0.4482421875 0.103515625 0.07421875
