0 0.423828125 0.3623046875 0.3271484375 0.044921875
0 0.6142578125 0.318359375 0.107421875 0.083984375
0 0.5791015625 0.388671875 0.3173828125 0.0712890625
0 0.138671875 0.61328125 0.158203125 0.1806640625
0 0.248046875 0.68359375 0.2890625 0.09375
0 0.7822265625 0.474609375 0.125 0.1103515625
0 0.6806640625 0.5673828125 0.15625 0.1376953125
0 0.7216796875 0.5732421875 0.263671875 0.083984375
0 0.82421875 0.5966796875 0.09765625 0.056640625
0 0.7236328125 0.59375 0.1591796875 0.1572265625
0 0.736328125 0.662109375 0.072265625 0.1201171875
0 0.5166015625 0.60546875 0.23046875 0.169921875
0 0.5966796875 0.6796875 0.341796875 0.0400390625
0 0.607421875 0.6953125 0.17578125 0.1357421875
0 0.6787109375 0.6708984375 0.1162109375 0.1025390625
0 0.509765625 0.7041015625 0.36328125 0.15625
0 0.4638671875 0.67578125 0.341796875 0.080078125
