0 0.724609375 0.421875 0.150390625 0.1025390625
0 0.677734375 0.359375 0.2744140625 0.0810546875
0 0.7919921875 0.427734375 0.208984375 0.1181640625
0 0.7587890625 0.568359375 0.15234375 0.1865234375
0 0.8310546875 0.6318359375 0.1865234375 0.1640625
0 0.666015625 0.697265625 0.31640625 0.0751953125
0 0.62109375 0.6396484375 0.2099609375 0.1337890625
0 0.490234375 0.6083984375 0.2734375 0.1416015625
0 0.1953125 0.4443359375 0.169921875 0.1552734375
0 0.208984375 0.4638671875 0.2080078125 0.15234375
