0 0.8671875 0.44140625 0.185546875 0.193359375
0 0.310546875 0.5908203125 0.2021484375 0.1630859375
0 0.5498046875 0.5166015625 0.3134765625 0.0703125
0 0.591796875 0.3193359375 0.1962890625 0.03515625
0 0.4853515625 0.369140625 0.1513671875 0.0478515625
0 0.5 0.3740234375 0.1435546875 0.0908203125
0 0.3671875 0.44921875 0.1259765625 0.080078125
0 0.3271484375 0.3974609375 0.1123046875 0.068359375
0 0.30078125 0.3955078125 0.126953125 0.1416015625
0 0.365234375 0.345703125 0.2783203125 0.08984375
