0 0.59375 0.732421875 0.150390625 0.0654296875
0 0.5966796875 0.6337890625 0.0791015625 0.1064453125
0 0.2802734375 0.6611328125 0.125 0.095703125
0 0.275390625 0.5693359375 0.099609375 0.0771484375
0 0.869140625 0.484375 0.1337890625 0.068359375
0 0.8525390625 0.4375 0.1025390625 0.09375
0 0.3310546875 0.46484375 0.0537109375 0.0966796875
0 0.263671875 0.462890625 0.1787109375 0.0537109375
0 0.7353515625 0.361328125 0.150390625 0.041015625
0 0.5703125 0.3955078125 0.08203125 0.083984375
0 0.583984375 0.34765625 0.158203125 0.0244140625
0 0.4462890625 0.3779296875 0.1298828125 0.0673828125
0 0.390625 0.35546875 0.103515625 0.06640625
0 0.310546875 0.4169921875 0.0546875 0.1123046875
0 0.353515625 0.3916015625 0.1611328125 0.041015625
