1 0.5283203125 0.3212890625 0.173828125 0.041015625
1 0.5029296875 0.27734375 0.166015625 0.0517578125
1 0.40234375 0.279296875 0.1142578125 0.06640625
1 0.3408203125 0.3193359375 0.1435546875 0.0595703125
1 0.2314453125 0.3671875 0.185546875 0.0419921875
1 0.3857421875 0.3701171875 0.17578125 0.044921875
1 0.173828125 0.451171875 0.1484375 0.10546875
1 0.4375 0.4638671875 0.0810546875 0.109375
1 0.302734375 0.52734375 0.1337890625 0.078125
1 0.2177734375 0.5615234375 0.212890625 0.0625
1 0.462890625 0.5419921875 0.205078125 0.0517578125
1 0.5615234375 0.5810546875 0.173828125 0.037109375
1 0.4267578125 0.642578125 0.1318359375 0.0927734375
1 0.55078125 0.6708984375 0.2109375 0.052734375
1 0.7412109375 0.580078125 0.20703125 0.068359375
1 0.732421875 0.5107421875 0.09765625 0.0927734375
1 0.6474609375 0.4755859375 0.220703125 0.0439453125
1 0.6318359375 0.4189453125 0.2001953125 0.0712890625
1 0.7802734375 0.4169921875 0.09765625 0.1044921875
1 0.7548828125 0.4287109375 0.208984375 0.0732421875
