0 0.8095703125 0.4716796875 0.1513671875 0.087890625
0 0.8212890625 0.5126953125 0.142578125 0.1611328125
0 0.6748046875 0.4130859375 0.1689453125 0.1630859375
0 0.5048828125 0.3662109375 0.197265625 0.0703125
0 0.373046875 0.7314453125 0.255859375 0.095703125
0 0.2021484375 0.6962890625 0.1904296875 0.1240234375
0 0.171875 0.658203125 0.1083984375 0.14453125
0 0.2158203125 0.58984375 0.111328125 0.1611328125
0 0.2841796875 0.595703125 0.154296875 0.12890625
0 0.2783203125 0.544921875 0.169921875 0.1337890625
0 0.4111328125 0.5732421875 0.1875 0.169921875
0 0.140625 0.580078125 0.099609375 0.119140625
0 0.3056640625 0.4892578125 0.2373046875 0.130859375
0 0.2236328125 0.4814453125 0.23046875 0.107421875
0 0.232421875 0.458984375 0.22265625 0.080078125
0 0.302734375 0.4296875 0.29296875 0.04296875
0 0.3076171875 0.3779296875 0.0947265625 0.0576171875
0 0.3359375 0.3759765625 0.212890625 0.0732421875
0 0.3916015625 0.3955078125 0.1103515625 0.09375
