0 0.6533203125 0.6904296875 0.310546875 0.060546875
0 0.40625 0.76171875 0.1572265625 0.0771484375
0 0.576171875 0.5703125 0.255859375 0.078125
0 0.56640625 0.5400390625 0.2880859375 0.1005859375
0 0.478515625 0.5380859375 0.2958984375 0.1259765625
0 0.2919921875 0.6728515625 0.1259765625 0.1220703125
0 0.234375 0.666015625 0.1640625 0.1357421875
0 0.193359375 0.68359375 0.2607421875 0.1416015625
0 0.107421875 0.6044921875 0.197265625 0.13671875
0 0.70703125 0.4384765625 0.19921875 0.1376953125
0 0.6171875 0.4052734375 0.234375 0.1337890625
0 0.408203125 0.3857421875 0.24609375 0.0556640625
0 0.3916015625 0.3623046875 0.23828125 0.0439453125
0 0.1923828125 0.568359375 0.27734375 0.076171875
0 0.130859375 0.4931640625 0.2197265625 0.1240234375
0 0.1435546875 0.51953125 0.1474609375 0.134765625
0 0.16796875 0.4794921875 0.123046875 0.1552734375
0 0.251953125 0.384765625 0.26953125 0.09375
0 0.1494140625 0.44140625 0.1748046875 0.1572265625
0 0.1455078125 0.51953125 0.1181640625 0.1435546875
