0 0.6826171875 0.66796875 0.09375 0.1767578125
0 0.4677734375 0.61328125 0.283203125 0.087890625
0 0.310546875 0.751953125 0.3369140625 0.0830078125
0 0.7724609375 0.4453125 0.1416015625 0.1826171875
0 0.759765625 0.419921875 0.27734375 0.11328125
0 0.560546875 0.4423828125 0.193359375 0.1103515625
0 0.53515625 0.419921875 0.3203125 0.056640625
0 0.203125 0.568359375 0.140625 0.1328125
0 0.431640625 0.4033203125 0.173828125 0.185546875
0 0.4326171875 0.3720703125 0.2080078125 0.1015625
0 0.3271484375 0.4052734375 0.2666015625 0.0830078125
0 0.232421875 0.46875 0.24609375 0.0771484375
0 0.1103515625 0.498046875 0.0986328125 0.15625
0 0.1865234375 0.435546875 0.19921875 0.056640625
0 0.263671875 0.4091796875 0.1875 0.1474609375
