0 0.6865234375 0.4482421875 0.173828125 0.162109375
0 0.54296875 0.4091796875 0.2099609375 0.1337890625
0 0.36328125 0.4072265625 0.25390625 0.12890625
0 0.15234375 0.5400390625 0.0927734375 0.1826171875
0 0.091796875 0.58984375 0.078125 0.1669921875
0 0.115234375 0.6083984375 0.076171875 0.189453125
0 0.2353515625 0.736328125 0.205078125 0.1708984375
0 0.3447265625 0.7275390625 0.2099609375 0.1865234375
0 0.4560546875 0.708984375 0.244140625 0.1376953125
0 0.3935546875 0.6318359375 0.1240234375 0.17578125
0 0.8125 0.5615234375 0.2236328125 0.109375
0 0.80859375 0.681640625 0.1162109375 0.1513671875
0 0.7626953125 0.7255859375 0.2578125 0.169921875
0 0.6396484375 0.6708984375 0.2392578125 0.1806640625
0 0.607421875 0.671875 0.298828125 0.115234375
